-4.00000000	0.00047338	0.00027711	0.00047702	0.00005381	0.00047465	0.00010796
-3.99299299	0.00048366	0.00028269	0.00048704	0.00005530	0.00048359	0.00011054
-3.98598599	0.00049415	0.00028838	0.00049726	0.00005683	0.00049270	0.00011317
-3.97897898	0.00050487	0.00029419	0.00050769	0.00005841	0.00050198	0.00011587
-3.97197197	0.00051581	0.00030010	0.00051833	0.00006003	0.00051142	0.00011863
-3.96496496	0.00052698	0.00030613	0.00052918	0.00006169	0.00052104	0.00012145
-3.95795796	0.00053838	0.00031228	0.00054025	0.00006339	0.00053084	0.00012434
-3.95095095	0.00055002	0.00031856	0.00055155	0.00006514	0.00054082	0.00012730
-3.94394394	0.00056191	0.00032495	0.00056308	0.00006694	0.00055098	0.00013032
-3.93693694	0.00057404	0.00033147	0.00057483	0.00006879	0.00056133	0.00013342
-3.92992993	0.00058642	0.00033812	0.00058683	0.00007069	0.00057187	0.00013658
-3.92292292	0.00059906	0.00034489	0.00059906	0.00007264	0.00058260	0.00013983
-3.91591592	0.00061196	0.00035180	0.00061155	0.00007464	0.00059353	0.00014314
-3.90890891	0.00062513	0.00035885	0.00062428	0.00007669	0.00060466	0.00014653
-3.90190190	0.00063858	0.00036603	0.00063727	0.00007880	0.00061599	0.00015001
-3.89489489	0.00065230	0.00037335	0.00065052	0.00008097	0.00062753	0.00015356
-3.88788789	0.00066630	0.00038082	0.00066403	0.00008319	0.00063929	0.00015719
-3.88088088	0.00068060	0.00038843	0.00067782	0.00008548	0.00065125	0.00016091
-3.87387387	0.00069519	0.00039619	0.00069188	0.00008782	0.00066344	0.00016471
-3.86686687	0.00071008	0.00040410	0.00070623	0.00009023	0.00067585	0.00016860
-3.85985986	0.00072528	0.00041217	0.00072086	0.00009270	0.00068849	0.00017258
-3.85285285	0.00074080	0.00042039	0.00073578	0.00009524	0.00070135	0.00017666
-3.84584585	0.00075663	0.00042877	0.00075100	0.00009785	0.00071446	0.00018082
-3.83883884	0.00077279	0.00043732	0.00076653	0.00010053	0.00072780	0.00018509
-3.83183183	0.00078928	0.00044603	0.00078236	0.00010327	0.00074138	0.00018945
-3.82482482	0.00080610	0.00045491	0.00079851	0.00010610	0.00075522	0.00019391
-3.81781782	0.00082328	0.00046396	0.00081498	0.00010899	0.00076930	0.00019847
-3.81081081	0.00084080	0.00047319	0.00083178	0.00011197	0.00078365	0.00020314
-3.80380380	0.00085869	0.00048260	0.00084891	0.00011502	0.00079825	0.00020792
-3.79679680	0.00087694	0.00049219	0.00086638	0.00011815	0.00081312	0.00021280
-3.78978979	0.00089556	0.00050196	0.00088420	0.00012137	0.00082826	0.00021780
-3.78278278	0.00091457	0.00051193	0.00090237	0.00012468	0.00084367	0.00022291
-3.77577578	0.00093396	0.00052208	0.00092090	0.00012807	0.00085937	0.00022814
-3.76876877	0.00095375	0.00053244	0.00093979	0.00013155	0.00087535	0.00023349
-3.76176176	0.00097394	0.00054299	0.00095906	0.00013512	0.00089162	0.00023896
-3.75475475	0.00099454	0.00055375	0.00097871	0.00013879	0.00090819	0.00024456
-3.74774775	0.00101556	0.00056471	0.00099875	0.00014255	0.00092506	0.00025028
-3.74074074	0.00103700	0.00057589	0.00101918	0.00014642	0.00094223	0.00025614
-3.73373373	0.00105888	0.00058728	0.00104002	0.00015038	0.00095971	0.00026213
-3.72672673	0.00108121	0.00059890	0.00106126	0.00015445	0.00097752	0.00026825
-3.71971972	0.00110399	0.00061073	0.00108292	0.00015863	0.00099564	0.00027452
-3.71271271	0.00112723	0.00062280	0.00110501	0.00016292	0.00101409	0.00028093
-3.70570571	0.00115093	0.00063509	0.00112753	0.00016732	0.00103288	0.00028748
-3.69869870	0.00117512	0.00064762	0.00115049	0.00017184	0.00105200	0.00029418
-3.69169169	0.00119979	0.00066040	0.00117390	0.00017648	0.00107147	0.00030104
-3.68468468	0.00122497	0.00067342	0.00119777	0.00018124	0.00109130	0.00030805
-3.67767768	0.00125064	0.00068668	0.00122211	0.00018612	0.00111148	0.00031522
-3.67067067	0.00127684	0.00070021	0.00124692	0.00019113	0.00113202	0.00032255
-3.66366366	0.00130356	0.00071399	0.00127222	0.00019628	0.00115294	0.00033005
-3.65665666	0.00133082	0.00072804	0.00129801	0.00020155	0.00117423	0.00033772
-3.64964965	0.00135863	0.00074235	0.00132430	0.00020697	0.00119591	0.00034556
-3.64264264	0.00138699	0.00075694	0.00135110	0.00021253	0.00121798	0.00035358
-3.63563564	0.00141592	0.00077181	0.00137843	0.00021823	0.00124044	0.00036178
-3.62862863	0.00144543	0.00078696	0.00140628	0.00022408	0.00126331	0.00037017
-3.62162162	0.00147552	0.00080240	0.00143468	0.00023009	0.00128659	0.00037874
-3.61461461	0.00150622	0.00081814	0.00146363	0.00023625	0.00131029	0.00038751
-3.60760761	0.00153754	0.00083418	0.00149314	0.00024257	0.00133442	0.00039648
-3.60060060	0.00156947	0.00085052	0.00152322	0.00024906	0.00135897	0.00040565
-3.59359359	0.00160204	0.00086718	0.00155388	0.00025572	0.00138397	0.00041503
-3.58658659	0.00163526	0.00088415	0.00158513	0.00026255	0.00140942	0.00042462
-3.57957958	0.00166914	0.00090144	0.00161699	0.00026955	0.00143532	0.00043442
-3.57257257	0.00170369	0.00091907	0.00164946	0.00027674	0.00146169	0.00044444
-3.56556557	0.00173892	0.00093703	0.00168256	0.00028412	0.00148853	0.00045469
-3.55855856	0.00177486	0.00095533	0.00171629	0.00029168	0.00151585	0.00046517
-3.55155155	0.00181150	0.00097398	0.00175068	0.00029945	0.00154366	0.00047588
-3.54454454	0.00184887	0.00099298	0.00178572	0.00030741	0.00157197	0.00048684
-3.53753754	0.00188698	0.00101235	0.00182144	0.00031558	0.00160079	0.00049804
-3.53053053	0.00192584	0.00103208	0.00185784	0.00032396	0.00163011	0.00050949
-3.52352352	0.00196546	0.00105218	0.00189494	0.00033256	0.00165997	0.00052119
-3.51651652	0.00200586	0.00107267	0.00193275	0.00034138	0.00169035	0.00053316
-3.50950951	0.00204706	0.00109354	0.00197128	0.00035042	0.00172128	0.00054540
-3.50250250	0.00208907	0.00111481	0.00201055	0.00035970	0.00175276	0.00055791
-3.49549550	0.00213190	0.00113648	0.00205057	0.00036922	0.00178480	0.00057070
-3.48848849	0.00217557	0.00115856	0.00209136	0.00037898	0.00181741	0.00058377
-3.48148148	0.00222010	0.00118105	0.00213292	0.00038900	0.00185060	0.00059713
-3.47447447	0.00226550	0.00120398	0.00217527	0.00039927	0.00188439	0.00061080
-3.46746747	0.00231178	0.00122733	0.00221843	0.00040980	0.00191877	0.00062476
-3.46046046	0.00235897	0.00125112	0.00226240	0.00042061	0.00195376	0.00063904
-3.45345345	0.00240708	0.00127537	0.00230722	0.00043169	0.00198938	0.00065364
-3.44644645	0.00245613	0.00130006	0.00235288	0.00044306	0.00202563	0.00066855
-3.43943944	0.00250613	0.00132523	0.00239941	0.00045471	0.00206252	0.00068380
-3.43243243	0.00255711	0.00135086	0.00244681	0.00046667	0.00210007	0.00069939
-3.42542543	0.00260907	0.00137698	0.00249512	0.00047892	0.00213828	0.00071533
-3.41841842	0.00266204	0.00140359	0.00254434	0.00049150	0.00217717	0.00073161
-3.41141141	0.00271604	0.00143070	0.00259448	0.00050439	0.00221675	0.00074826
-3.40440440	0.00277109	0.00145832	0.00264557	0.00051761	0.00225703	0.00076527
-3.39739740	0.00282720	0.00148645	0.00269763	0.00053117	0.00229802	0.00078266
-3.39039039	0.00288439	0.00151511	0.00275066	0.00054507	0.00233974	0.00080044
-3.38338338	0.00294269	0.00154431	0.00280470	0.00055932	0.00238220	0.00081861
-3.37637638	0.00300211	0.00157405	0.00285974	0.00057394	0.00242540	0.00083717
-3.36936937	0.00306267	0.00160436	0.00291582	0.00058893	0.00246937	0.00085615
-3.36236236	0.00312440	0.00163522	0.00297295	0.00060429	0.00251411	0.00087554
-3.35535536	0.00318732	0.00166667	0.00303115	0.00062005	0.00255965	0.00089537
-3.34834835	0.00325144	0.00169870	0.00309044	0.00063620	0.00260598	0.00091562
-3.34134134	0.00331680	0.00173133	0.00315084	0.00065277	0.00265313	0.00093633
-3.33433433	0.00338340	0.00176456	0.00321237	0.00066975	0.00270112	0.00095748
-3.32732733	0.00345128	0.00179842	0.00327504	0.00068716	0.00274994	0.00097910
-3.32032032	0.00352046	0.00183291	0.00333888	0.00070501	0.00279963	0.00100120
-3.31331331	0.00359096	0.00186803	0.00340391	0.00072330	0.00285019	0.00102378
-3.30630631	0.00366280	0.00190382	0.00347015	0.00074206	0.00290164	0.00104685
-3.29929930	0.00373601	0.00194026	0.00353762	0.00076129	0.00295399	0.00107043
-3.29229229	0.00381062	0.00197739	0.00360635	0.00078100	0.00300726	0.00109452
-3.28528529	0.00388664	0.00201520	0.00367634	0.00080121	0.00306147	0.00111914
-3.27827828	0.00396410	0.00205372	0.00374764	0.00082193	0.00311662	0.00114430
-3.27127127	0.00404304	0.00209294	0.00382025	0.00084316	0.00317274	0.00117000
-3.26426426	0.00412347	0.00213290	0.00389421	0.00086492	0.00322985	0.00119627
-3.25725726	0.00420542	0.00217360	0.00396953	0.00088723	0.00328796	0.00122311
-3.25025025	0.00428892	0.00221504	0.00404624	0.00091010	0.00334708	0.00125053
-3.24324324	0.00437400	0.00225726	0.00412437	0.00093353	0.00340723	0.00127855
-3.23623624	0.00446069	0.00230026	0.00420393	0.00095756	0.00346844	0.00130718
-3.22922923	0.00454900	0.00234405	0.00428496	0.00098217	0.00353072	0.00133643
-3.22222222	0.00463898	0.00238864	0.00436748	0.00100741	0.00359408	0.00136631
-3.21521522	0.00473065	0.00243407	0.00445151	0.00103327	0.00365855	0.00139684
-3.20820821	0.00482404	0.00248032	0.00453708	0.00105977	0.00372415	0.00142803
-3.20120120	0.00491918	0.00252744	0.00462422	0.00108693	0.00379089	0.00145990
-3.19419419	0.00501610	0.00257541	0.00471295	0.00111476	0.00385879	0.00149246
-3.18718719	0.00511484	0.00262428	0.00480331	0.00114329	0.00392787	0.00152572
-3.18018018	0.00521542	0.00267404	0.00489532	0.00117252	0.00399816	0.00155970
-3.17317317	0.00531788	0.00272471	0.00498900	0.00120247	0.00406966	0.00159441
-3.16616617	0.00542225	0.00277632	0.00508439	0.00123316	0.00414241	0.00162987
-3.15915916	0.00552856	0.00282887	0.00518152	0.00126461	0.00421643	0.00166610
-3.15215215	0.00563685	0.00288239	0.00528042	0.00129684	0.00429173	0.00170310
-3.14514515	0.00574716	0.00293689	0.00538111	0.00132986	0.00436834	0.00174090
-3.13813814	0.00585951	0.00299239	0.00548363	0.00136369	0.00444627	0.00177951
-3.13113113	0.00597394	0.00304890	0.00558801	0.00139836	0.00452556	0.00181896
-3.12412412	0.00609049	0.00310645	0.00569428	0.00143387	0.00460622	0.00185925
-3.11711712	0.00620920	0.00316505	0.00580247	0.00147026	0.00468828	0.00190040
-3.11011011	0.00633010	0.00322472	0.00591261	0.00150754	0.00477176	0.00194243
-3.10310310	0.00645323	0.00328548	0.00602475	0.00154573	0.00485668	0.00198537
-3.09609610	0.00657863	0.00334735	0.00613890	0.00158486	0.00494307	0.00202922
-3.08908909	0.00670633	0.00341035	0.00625512	0.00162495	0.00503096	0.00207401
-3.08208208	0.00683639	0.00347450	0.00637342	0.00166601	0.00512036	0.00211976
-3.07507508	0.00696883	0.00353982	0.00649385	0.00170808	0.00521130	0.00216649
-3.06806807	0.00710370	0.00360632	0.00661645	0.00175117	0.00530382	0.00221421
-3.06106106	0.00724105	0.00367404	0.00674124	0.00179531	0.00539792	0.00226294
-3.05405405	0.00738090	0.00374299	0.00686827	0.00184052	0.00549366	0.00231272
-3.04704705	0.00752331	0.00381319	0.00699757	0.00188684	0.00559103	0.00236355
-3.04004004	0.00766832	0.00388467	0.00712918	0.00193428	0.00569009	0.00241547
-3.03303303	0.00781598	0.00395744	0.00726315	0.00198287	0.00579085	0.00246849
-3.02602603	0.00796632	0.00403154	0.00739951	0.00203263	0.00589334	0.00252263
-3.01901902	0.00811939	0.00410698	0.00753829	0.00208360	0.00599760	0.00257792
-3.01201201	0.00827525	0.00418378	0.00767955	0.00213581	0.00610364	0.00263438
-3.00500501	0.00843393	0.00426198	0.00782332	0.00218927	0.00621151	0.00269204
-2.99799800	0.00859549	0.00434159	0.00796964	0.00224403	0.00632123	0.00275092
-2.99099099	0.00875997	0.00442264	0.00811856	0.00230010	0.00643282	0.00281104
-2.98398398	0.00892743	0.00450516	0.00827012	0.00235753	0.00654633	0.00287243
-2.97697698	0.00909790	0.00458917	0.00842436	0.00241634	0.00666179	0.00293512
-2.96996997	0.00927146	0.00467469	0.00858133	0.00247656	0.00677922	0.00299913
-2.96296296	0.00944813	0.00476176	0.00874108	0.00253823	0.00689866	0.00306448
-2.95595596	0.00962798	0.00485040	0.00890364	0.00260138	0.00702015	0.00313122
-2.94894895	0.00981107	0.00494063	0.00906907	0.00266604	0.00714371	0.00319935
-2.94194194	0.00999744	0.00503249	0.00923742	0.00273224	0.00726938	0.00326892
-2.93493493	0.01018714	0.00512600	0.00940872	0.00280003	0.00739720	0.00333995
-2.92792793	0.01038025	0.00522120	0.00958304	0.00286944	0.00752719	0.00341247
-2.92092092	0.01057680	0.00531811	0.00976041	0.00294051	0.00765941	0.00348651
-2.91391391	0.01077686	0.00541675	0.00994090	0.00301327	0.00779388	0.00356210
-2.90690691	0.01098049	0.00551717	0.01012454	0.00308776	0.00793064	0.00363927
-2.89989990	0.01118774	0.00561940	0.01031140	0.00316403	0.00806973	0.00371806
-2.89289289	0.01139868	0.00572345	0.01050153	0.00324210	0.00821119	0.00379849
-2.88588589	0.01161336	0.00582937	0.01069497	0.00332203	0.00835505	0.00388060
-2.87887888	0.01183185	0.00593719	0.01089179	0.00340386	0.00850136	0.00396442
-2.87187187	0.01205421	0.00604693	0.01109204	0.00348762	0.00865015	0.00404999
-2.86486486	0.01228051	0.00615864	0.01129577	0.00357337	0.00880147	0.00413734
-2.85785786	0.01251080	0.00627235	0.01150304	0.00366114	0.00895536	0.00422651
-2.85085085	0.01274516	0.00638809	0.01171390	0.00375098	0.00911186	0.00431753
-2.84384384	0.01298364	0.00650590	0.01192843	0.00384294	0.00927102	0.00441044
-2.83683684	0.01322633	0.00662581	0.01214667	0.00393707	0.00943287	0.00450528
-2.82982983	0.01347327	0.00674786	0.01236869	0.00403341	0.00959746	0.00460209
-2.82282282	0.01372456	0.00687209	0.01259454	0.00413201	0.00976484	0.00470090
-2.81581582	0.01398025	0.00699853	0.01282430	0.00423293	0.00993506	0.00480175
-2.80880881	0.01424041	0.00712722	0.01305801	0.00433622	0.01010815	0.00490470
-2.80180180	0.01450513	0.00725821	0.01329576	0.00444192	0.01028416	0.00500976
-2.79479479	0.01477446	0.00739152	0.01353759	0.00455010	0.01046315	0.00511700
-2.78778779	0.01504849	0.00752720	0.01378358	0.00466081	0.01064516	0.00522645
-2.78078078	0.01532730	0.00766530	0.01403379	0.00477410	0.01083025	0.00533815
-2.77377377	0.01561096	0.00780584	0.01428830	0.00489004	0.01101845	0.00545216
-2.76676677	0.01589954	0.00794889	0.01454716	0.00500867	0.01120983	0.00556851
-2.75975976	0.01619312	0.00809446	0.01481045	0.00513006	0.01140443	0.00568725
-2.75275275	0.01649180	0.00824263	0.01507825	0.00525428	0.01160231	0.00580842
-2.74574575	0.01679564	0.00839341	0.01535061	0.00538137	0.01180352	0.00593209
-2.73873874	0.01710473	0.00854687	0.01562762	0.00551142	0.01200812	0.00605829
-2.73173173	0.01741916	0.00870304	0.01590935	0.00564447	0.01221616	0.00618707
-2.72472472	0.01773900	0.00886198	0.01619587	0.00578061	0.01242769	0.00631849
-2.71771772	0.01806434	0.00902373	0.01648726	0.00591988	0.01264278	0.00645260
-2.71071071	0.01839528	0.00918833	0.01678360	0.00606238	0.01286147	0.00658945
-2.70370370	0.01873190	0.00935585	0.01708497	0.00620815	0.01308384	0.00672908
-2.69669670	0.01907429	0.00952632	0.01739144	0.00635728	0.01330994	0.00687157
-2.68968969	0.01942253	0.00969980	0.01770310	0.00650984	0.01353983	0.00701696
-2.68268268	0.01977673	0.00987634	0.01802002	0.00666591	0.01377357	0.00716531
-2.67567568	0.02013698	0.01005599	0.01834229	0.00682555	0.01401123	0.00731667
-2.66866867	0.02050336	0.01023881	0.01867000	0.00698885	0.01425286	0.00747111
-2.66166166	0.02087599	0.01042484	0.01900323	0.00715589	0.01449854	0.00762869
-2.65465465	0.02125494	0.01061416	0.01934207	0.00732675	0.01474833	0.00778946
-2.64764765	0.02164034	0.01080680	0.01968660	0.00750151	0.01500229	0.00795349
-2.64064064	0.02203226	0.01100283	0.02003692	0.00768025	0.01526050	0.00812084
-2.63363363	0.02243082	0.01120230	0.02039311	0.00786306	0.01552302	0.00829158
-2.62662663	0.02283612	0.01140529	0.02075527	0.00805003	0.01578992	0.00846577
-2.61961962	0.02324827	0.01161183	0.02112349	0.00824125	0.01606127	0.00864348
-2.61261261	0.02366736	0.01182200	0.02149786	0.00843680	0.01633715	0.00882477
-2.60560561	0.02409351	0.01203586	0.02187849	0.00863679	0.01661763	0.00900971
-2.59859860	0.02452682	0.01225347	0.02226546	0.00884131	0.01690278	0.00919838
-2.59159159	0.02496741	0.01247489	0.02265888	0.00905044	0.01719268	0.00939085
-2.58458458	0.02541539	0.01270019	0.02305884	0.00926430	0.01748741	0.00958718
-2.57757758	0.02587087	0.01292944	0.02346545	0.00948298	0.01778704	0.00978746
-2.57057057	0.02633396	0.01316270	0.02387882	0.00970658	0.01809166	0.00999176
-2.56356356	0.02680479	0.01340005	0.02429904	0.00993522	0.01840134	0.01020015
-2.55655656	0.02728347	0.01364154	0.02472622	0.01016898	0.01871616	0.01041272
-2.54954955	0.02777012	0.01388726	0.02516048	0.01040800	0.01903622	0.01062955
-2.54254254	0.02826487	0.01413727	0.02560191	0.01065236	0.01936159	0.01085070
-2.53553554	0.02876782	0.01439166	0.02605063	0.01090220	0.01969236	0.01107628
-2.52852853	0.02927912	0.01465048	0.02650675	0.01115761	0.02002861	0.01130636
-2.52152152	0.02979889	0.01491382	0.02697038	0.01141873	0.02037045	0.01154103
-2.51451451	0.03032725	0.01518176	0.02744165	0.01168567	0.02071795	0.01178038
-2.50750751	0.03086433	0.01545437	0.02792067	0.01195855	0.02107120	0.01202449
-2.50050050	0.03141027	0.01573173	0.02840755	0.01223750	0.02143031	0.01227345
-2.49349349	0.03196520	0.01601393	0.02890242	0.01252263	0.02179536	0.01252737
-2.48648649	0.03252926	0.01630105	0.02940540	0.01281409	0.02216646	0.01278632
-2.47947948	0.03310257	0.01659317	0.02991661	0.01311201	0.02254369	0.01305041
-2.47247247	0.03368529	0.01689037	0.03043618	0.01341651	0.02292716	0.01331974
-2.46546547	0.03427755	0.01719275	0.03096424	0.01372774	0.02331697	0.01359440
-2.45845846	0.03487949	0.01750040	0.03150091	0.01404582	0.02371323	0.01387449
-2.45145145	0.03549125	0.01781339	0.03204633	0.01437092	0.02411602	0.01416012
-2.44444444	0.03611300	0.01813183	0.03260063	0.01470317	0.02452547	0.01445139
-2.43743744	0.03674486	0.01845581	0.03316395	0.01504271	0.02494168	0.01474841
-2.43043043	0.03738700	0.01878541	0.03373642	0.01538970	0.02536475	0.01505129
-2.42342342	0.03803956	0.01912075	0.03431818	0.01574429	0.02579480	0.01536013
-2.41641642	0.03870270	0.01946191	0.03490937	0.01610664	0.02623195	0.01567505
-2.40940941	0.03937658	0.01980900	0.03551013	0.01647690	0.02667629	0.01599616
-2.40240240	0.04006134	0.02016211	0.03612062	0.01685524	0.02712797	0.01632358
-2.39539540	0.04075717	0.02052136	0.03674097	0.01724182	0.02758708	0.01665743
-2.38838839	0.04146420	0.02088684	0.03737133	0.01763681	0.02805375	0.01699783
-2.38138138	0.04218262	0.02125867	0.03801187	0.01804039	0.02852810	0.01734490
-2.37437437	0.04291259	0.02163694	0.03866272	0.01845271	0.02901026	0.01769876
-2.36736737	0.04365427	0.02202178	0.03932404	0.01887397	0.02950035	0.01805954
-2.36036036	0.04440783	0.02241329	0.03999600	0.01930434	0.02999850	0.01842738
-2.35335335	0.04517346	0.02281159	0.04067875	0.01974401	0.03050485	0.01880240
-2.34634635	0.04595132	0.02321680	0.04137246	0.02019317	0.03101951	0.01918474
-2.33933934	0.04674159	0.02362903	0.04207728	0.02065199	0.03154264	0.01957453
-2.33233233	0.04754446	0.02404840	0.04279339	0.02112069	0.03207435	0.01997191
-2.32532533	0.04836010	0.02447505	0.04352095	0.02159945	0.03261481	0.02037703
-2.31831832	0.04918870	0.02490909	0.04426014	0.02208848	0.03316413	0.02079002
-2.31131131	0.05003045	0.02535065	0.04501113	0.02258799	0.03372247	0.02121104
-2.30430430	0.05088553	0.02579986	0.04577409	0.02309818	0.03428998	0.02164024
-2.29729730	0.05175414	0.02625685	0.04654921	0.02361926	0.03486680	0.02207776
-2.29029029	0.05263647	0.02672176	0.04733666	0.02415145	0.03545308	0.02252375
-2.28328328	0.05353272	0.02719472	0.04813664	0.02469498	0.03604898	0.02297839
-2.27627628	0.05444309	0.02767587	0.04894932	0.02525005	0.03665465	0.02344182
-2.26926927	0.05536778	0.02816536	0.04977489	0.02581692	0.03727025	0.02391421
-2.26226226	0.05630699	0.02866333	0.05061356	0.02639580	0.03789594	0.02439573
-2.25525526	0.05726092	0.02916992	0.05146550	0.02698693	0.03853188	0.02488654
-2.24824825	0.05822980	0.02968529	0.05233093	0.02759056	0.03917824	0.02538682
-2.24124124	0.05921383	0.03020958	0.05321004	0.02820692	0.03983520	0.02589674
-2.23423423	0.06021323	0.03074296	0.05410302	0.02883627	0.04050291	0.02641648
-2.22722723	0.06122820	0.03128557	0.05501010	0.02947886	0.04118156	0.02694622
-2.22022022	0.06225899	0.03183759	0.05593147	0.03013495	0.04187132	0.02748614
-2.21321321	0.06330579	0.03239917	0.05686736	0.03080481	0.04257238	0.02803643
-2.20620621	0.06436885	0.03297048	0.05781796	0.03148869	0.04328491	0.02859729
-2.19919920	0.06544839	0.03355169	0.05878351	0.03218687	0.04400911	0.02916891
-2.19219219	0.06654464	0.03414297	0.05976422	0.03289963	0.04474516	0.02975148
-2.18518519	0.06765783	0.03474451	0.06076031	0.03362725	0.04549325	0.03034520
-2.17817818	0.06878820	0.03535647	0.06177202	0.03437002	0.04625359	0.03095029
-2.17117117	0.06993600	0.03597904	0.06279957	0.03512822	0.04702637	0.03156695
-2.16416416	0.07110146	0.03661241	0.06384319	0.03590215	0.04781179	0.03219540
-2.15715716	0.07228483	0.03725677	0.06490313	0.03669212	0.04861007	0.03283584
-2.15015015	0.07348636	0.03791231	0.06597963	0.03749843	0.04942140	0.03348850
-2.14314314	0.07470630	0.03857922	0.06707292	0.03832139	0.05024601	0.03415361
-2.13613614	0.07594490	0.03925771	0.06818325	0.03916133	0.05108411	0.03483139
-2.12912913	0.07720243	0.03994798	0.06931089	0.04001855	0.05193592	0.03552207
-2.12212212	0.07847914	0.04065023	0.07045606	0.04089339	0.05280166	0.03622589
-2.11511512	0.07977530	0.04136469	0.07161905	0.04178619	0.05368156	0.03694309
-2.10810811	0.08109117	0.04209156	0.07280011	0.04269728	0.05457586	0.03767392
-2.10110110	0.08242704	0.04283107	0.07399949	0.04362701	0.05548479	0.03841863
-2.09409409	0.08378316	0.04358345	0.07521748	0.04457572	0.05640859	0.03917746
-2.08708709	0.08515982	0.04434890	0.07645435	0.04554378	0.05734751	0.03995068
-2.08008008	0.08655729	0.04512768	0.07771036	0.04653155	0.05830179	0.04073856
-2.07307307	0.08797587	0.04592002	0.07898581	0.04753939	0.05927168	0.04154135
-2.06606607	0.08941584	0.04672616	0.08028097	0.04856768	0.06025744	0.04235933
-2.05905906	0.09087749	0.04754635	0.08159614	0.04961680	0.06125934	0.04319278
-2.05205205	0.09236111	0.04838084	0.08293160	0.05068714	0.06227763	0.04404198
-2.04504505	0.09386700	0.04922988	0.08428766	0.05177909	0.06331260	0.04490722
-2.03803804	0.09539546	0.05009373	0.08566461	0.05289305	0.06436451	0.04578879
-2.03103103	0.09694680	0.05097267	0.08706276	0.05402943	0.06543364	0.04668700
-2.02402402	0.09852133	0.05186696	0.08848242	0.05518863	0.06652028	0.04760213
-2.01701702	0.10011935	0.05277689	0.08992390	0.05637109	0.06762472	0.04853451
-2.01001001	0.10174119	0.05370272	0.09138752	0.05757722	0.06874725	0.04948445
-2.00300300	0.10338715	0.05464476	0.09287360	0.05880747	0.06988817	0.05045227
-1.99599600	0.10505757	0.05560329	0.09438248	0.06006226	0.07104779	0.05143828
-1.98898899	0.10675277	0.05657861	0.09591448	0.06134205	0.07222642	0.05244284
-1.98198198	0.10847309	0.05757103	0.09746994	0.06264729	0.07342437	0.05346627
-1.97497497	0.11021884	0.05858086	0.09904919	0.06397844	0.07464197	0.05450892
-1.96796797	0.11199038	0.05960842	0.10065260	0.06533598	0.07587954	0.05557115
-1.96096096	0.11378805	0.06065403	0.10228050	0.06672038	0.07713742	0.05665330
-1.95395395	0.11561218	0.06171802	0.10393326	0.06813211	0.07841594	0.05775574
-1.94694695	0.11746314	0.06280072	0.10561123	0.06957169	0.07971546	0.05887884
-1.93993994	0.11934127	0.06390250	0.10731478	0.07103960	0.08103631	0.06002298
-1.93293293	0.12124693	0.06502368	0.10904429	0.07253635	0.08237886	0.06118855
-1.92592593	0.12318048	0.06616464	0.11080012	0.07406246	0.08374347	0.06237593
-1.91891892	0.12514229	0.06732573	0.11258267	0.07561844	0.08513051	0.06358552
-1.91191191	0.12713273	0.06850733	0.11439231	0.07720484	0.08654036	0.06481773
-1.90490490	0.12915217	0.06970982	0.11622945	0.07882219	0.08797341	0.06607298
-1.89789790	0.13120100	0.07093359	0.11809447	0.08047104	0.08943003	0.06735168
-1.89089089	0.13327958	0.07217904	0.11998779	0.08215195	0.09091064	0.06865426
-1.88388388	0.13538831	0.07344656	0.12190980	0.08386547	0.09241563	0.06998116
-1.87687688	0.13752758	0.07473657	0.12386094	0.08561219	0.09394542	0.07133282
-1.86986987	0.13969778	0.07604950	0.12584161	0.08739268	0.09550042	0.07270971
-1.86286286	0.14189931	0.07738577	0.12785225	0.08920754	0.09708107	0.07411227
-1.85585586	0.14413258	0.07874582	0.12989329	0.09105736	0.09868780	0.07554098
-1.84884885	0.14639799	0.08013010	0.13196517	0.09294276	0.10032105	0.07699632
-1.84184184	0.14869596	0.08153906	0.13406832	0.09486435	0.10198127	0.07847878
-1.83483483	0.15102689	0.08297318	0.13620321	0.09682276	0.10366892	0.07998885
-1.82782783	0.15339122	0.08443293	0.13837029	0.09881863	0.10538447	0.08152705
-1.82082082	0.15578936	0.08591880	0.14057002	0.10085260	0.10712840	0.08309388
-1.81381381	0.15822175	0.08743129	0.14280287	0.10292532	0.10890119	0.08468987
-1.80680681	0.16068882	0.08897090	0.14506933	0.10503747	0.11070333	0.08631556
-1.79979980	0.16319100	0.09053815	0.14736986	0.10718971	0.11253534	0.08797150
-1.79279279	0.16572874	0.09213358	0.14970497	0.10938273	0.11439771	0.08965824
-1.78578579	0.16830248	0.09375772	0.15207515	0.11161723	0.11629097	0.09137635
-1.77877878	0.17091269	0.09541113	0.15448090	0.11389391	0.11821566	0.09312640
-1.77177177	0.17355980	0.09709437	0.15692273	0.11621348	0.12017231	0.09490899
-1.76476476	0.17624429	0.09880801	0.15940116	0.11857667	0.12216148	0.09672471
-1.75775776	0.17896662	0.10055266	0.16191671	0.12098421	0.12418373	0.09857418
-1.75075075	0.18172725	0.10232891	0.16446992	0.12343685	0.12623962	0.10045801
-1.74374374	0.18452666	0.10413737	0.16706131	0.12593535	0.12832976	0.10237685
-1.73673674	0.18736533	0.10597867	0.16969144	0.12848046	0.13045472	0.10433134
-1.72972973	0.19024375	0.10785347	0.17236086	0.13107297	0.13261511	0.10632214
-1.72272272	0.19316238	0.10976240	0.17507012	0.13371367	0.13481155	0.10834993
-1.71571572	0.19612174	0.11170615	0.17781980	0.13640336	0.13704468	0.11041538
-1.70870871	0.19912231	0.11368540	0.18061047	0.13914284	0.13931512	0.11251920
-1.70170170	0.20216459	0.11570084	0.18344270	0.14193293	0.14162353	0.11466209
-1.69469469	0.20524910	0.11775321	0.18631709	0.14477447	0.14397057	0.11684479
-1.68768769	0.20837632	0.11984322	0.18923424	0.14766830	0.14635693	0.11906803
-1.68068068	0.21154679	0.12197162	0.19219475	0.15061528	0.14878328	0.12133257
-1.67367367	0.21476101	0.12413919	0.19519923	0.15361627	0.15125034	0.12363918
-1.66666667	0.21801951	0.12634670	0.19824830	0.15667214	0.15375883	0.12598864
-1.65965966	0.22132282	0.12859495	0.20134260	0.15978380	0.15630946	0.12838174
-1.65265265	0.22467145	0.13088475	0.20448274	0.16295213	0.15890298	0.13081931
-1.64564565	0.22806595	0.13321695	0.20766939	0.16617805	0.16154016	0.13330217
-1.63863864	0.23150685	0.13559239	0.21090318	0.16946249	0.16422177	0.13583117
-1.63163163	0.23499470	0.13801195	0.21418478	0.17280637	0.16694858	0.13840718
-1.62462462	0.23853003	0.14047653	0.21751485	0.17621066	0.16972141	0.14103107
-1.61761762	0.24211340	0.14298702	0.22089408	0.17967630	0.17254107	0.14370373
-1.61061061	0.24574536	0.14554437	0.22432313	0.18320427	0.17540840	0.14642610
-1.60360360	0.24942647	0.14814954	0.22780271	0.18679556	0.17832424	0.14919909
-1.59659660	0.25315728	0.15080348	0.23133351	0.19045115	0.18128945	0.15202367
-1.58958959	0.25693836	0.15350721	0.23491623	0.19417206	0.18430493	0.15490079
-1.58258258	0.26077027	0.15626175	0.23855160	0.19795931	0.18737157	0.15783145
-1.57557558	0.26465358	0.15906813	0.24224033	0.20181393	0.19049029	0.16081666
-1.56856857	0.26858887	0.16192742	0.24598315	0.20573696	0.19366201	0.16385745
-1.56156156	0.27257671	0.16484071	0.24978081	0.20972947	0.19688769	0.16695485
-1.55455455	0.27661767	0.16780913	0.25363404	0.21379251	0.20016831	0.17010996
-1.54754755	0.28071234	0.17083380	0.25754360	0.21792718	0.20350484	0.17332384
-1.54054054	0.28486129	0.17391590	0.26151026	0.22213456	0.20689830	0.17659762
-1.53353353	0.28906512	0.17705662	0.26553477	0.22641576	0.21034972	0.17993243
-1.52652653	0.29332440	0.18025718	0.26961792	0.23077190	0.21386013	0.18332943
-1.51951952	0.29763974	0.18351883	0.27376050	0.23520411	0.21743060	0.18678978
-1.51251251	0.30201170	0.18684285	0.27796328	0.23971353	0.22106223	0.19031471
-1.50550551	0.30644089	0.19023053	0.28222707	0.24430131	0.22475611	0.19390543
-1.49849850	0.31092790	0.19368322	0.28655267	0.24896862	0.22851338	0.19756318
-1.49149149	0.31547332	0.19720228	0.29094089	0.25371664	0.23233519	0.20128926
-1.48448448	0.32007774	0.20078912	0.29539256	0.25854655	0.23622271	0.20508495
-1.47747748	0.32474175	0.20444514	0.29990850	0.26345956	0.24017713	0.20895158
-1.47047047	0.32946595	0.20817183	0.30448954	0.26845689	0.24419966	0.21289051
-1.46346346	0.33425093	0.21197067	0.30913651	0.27353974	0.24829156	0.21690310
-1.45645646	0.33909728	0.21584318	0.31385026	0.27870937	0.25245407	0.22099077
-1.44944945	0.34400560	0.21979094	0.31863164	0.28396701	0.25668849	0.22515494
-1.44244244	0.34897646	0.22381554	0.32348150	0.28931392	0.26099613	0.22939708
-1.43543544	0.35401045	0.22791861	0.32840071	0.29475137	0.26537833	0.23371867
-1.42842843	0.35910817	0.23210183	0.33339012	0.30028064	0.26983644	0.23812123
-1.42142142	0.36427019	0.23636690	0.33845060	0.30590301	0.27437185	0.24260631
-1.41441441	0.36949708	0.24071556	0.34358302	0.31161978	0.27898597	0.24717549
-1.40740741	0.37478943	0.24514962	0.34878827	0.31743227	0.28368024	0.25183036
-1.40040040	0.38014780	0.24967088	0.35406721	0.32334177	0.28845613	0.25657257
-1.39339339	0.38557276	0.25428122	0.35942074	0.32934962	0.29331512	0.26140379
-1.38638639	0.39106486	0.25898255	0.36484972	0.33545716	0.29825873	0.26632571
-1.37937938	0.39662466	0.26377682	0.37035506	0.34166571	0.30328851	0.27134007
-1.37237237	0.40225271	0.26866601	0.37593763	0.34797664	0.30840604	0.27644864
-1.36536537	0.40794954	0.27365218	0.38159833	0.35439129	0.31361291	0.28165321
-1.35835836	0.41371569	0.27873739	0.38733803	0.36091103	0.31891075	0.28695561
-1.35135135	0.41955167	0.28392378	0.39315763	0.36753722	0.32430123	0.29235772
-1.34434434	0.42545801	0.28921352	0.39905801	0.37427123	0.32978604	0.29786143
-1.33733734	0.43143519	0.29460884	0.40504005	0.38111445	0.33536689	0.30346867
-1.33033033	0.43748372	0.30011199	0.41110463	0.38806825	0.34104553	0.30918142
-1.32332332	0.44360407	0.30572531	0.41725262	0.39513402	0.34682374	0.31500169
-1.31631632	0.44979671	0.31145115	0.42348491	0.40231313	0.35270333	0.32093151
-1.30930931	0.45606209	0.31729194	0.42980234	0.40960699	0.35868614	0.32697297
-1.30230230	0.46240064	0.32325014	0.43620579	0.41701696	0.36477404	0.33312818
-1.29529530	0.46881279	0.32932827	0.44269609	0.42454445	0.37096894	0.33939929
-1.28828829	0.47529894	0.33552890	0.44927410	0.43219084	0.37727276	0.34578849
-1.28128128	0.48185948	0.34185465	0.45594064	0.43995749	0.38368747	0.35229801
-1.27427427	0.48849476	0.34830821	0.46269654	0.44784581	0.39021507	0.35893011
-1.26726727	0.49520515	0.35489231	0.46954260	0.45585714	0.39685758	0.36568710
-1.26026026	0.50199096	0.36160973	0.47647962	0.46399287	0.40361706	0.37257131
-1.25325325	0.50885248	0.36846331	0.48350837	0.47225435	0.41049561	0.37958513
-1.24624625	0.51579000	0.37545595	0.49062961	0.48064292	0.41749534	0.38673096
-1.23923924	0.52280377	0.38259060	0.49784410	0.48915992	0.42461840	0.39401126
-1.23223223	0.52989400	0.38987027	0.50515255	0.49780668	0.43186700	0.40142852
-1.22522523	0.53706089	0.39729802	0.51255566	0.50658450	0.43924332	0.40898526
-1.21821822	0.54430460	0.40487698	0.52005412	0.51549467	0.44674964	0.41668406
-1.21121121	0.55162525	0.41261032	0.52764856	0.52453846	0.45438821	0.42452751
-1.20420420	0.55902294	0.42050128	0.53533962	0.53371713	0.46216135	0.43251826
-1.19719720	0.56649772	0.42855313	0.54312790	0.54303191	0.47007139	0.44065897
-1.19019019	0.57404961	0.43676925	0.55101394	0.55248398	0.47812070	0.44895235
-1.18318318	0.58167859	0.44515301	0.55899828	0.56207453	0.48631167	0.45740115
-1.17617618	0.58938459	0.45370788	0.56708140	0.57180470	0.49464671	0.46600814
-1.16916917	0.59716750	0.46243738	0.57526376	0.58167559	0.50312828	0.47477613
-1.16216216	0.60502717	0.47134506	0.58354577	0.59168827	0.51175885	0.48370796
-1.15515516	0.61296337	0.48043454	0.59192778	0.60184377	0.52054091	0.49280650
-1.14814815	0.62097586	0.48970951	0.60041011	0.61214308	0.52947698	0.50207465
-1.14114114	0.62906432	0.49917366	0.60899302	0.62258713	0.53856960	0.51151533
-1.13413413	0.63722836	0.50883078	0.61767672	0.63317681	0.54782133	0.52113149
-1.12712713	0.64546756	0.51868468	0.62646135	0.64391295	0.55723476	0.53092611
-1.12012012	0.65378141	0.52873922	0.63534701	0.65479631	0.56681247	0.54090217
-1.11311311	0.66216936	0.53899831	0.64433371	0.66582760	0.57655708	0.55106270
-1.10610611	0.67063076	0.54946588	0.65342140	0.67700746	0.58647120	0.56141071
-1.09909910	0.67916490	0.56014592	0.66260997	0.68833644	0.59655748	0.57194925
-1.09209209	0.68777100	0.57104244	0.67189921	0.69981503	0.60681855	0.58268137
-1.08508509	0.69644818	0.58215949	0.68128883	0.71144361	0.61725705	0.59361012
-1.07807808	0.70519551	0.59350113	0.69077848	0.72322249	0.62787563	0.60473855
-1.07107107	0.71401192	0.60507147	0.70036767	0.73515188	0.63867692	0.61606973
-1.06406406	0.72289630	0.61687460	0.71005586	0.74723186	0.64966357	0.62760669
-1.05705706	0.73184741	0.62891466	0.71984238	0.75946244	0.66083820	0.63935248
-1.05005005	0.74086391	0.64119576	0.72972644	0.77184346	0.67220341	0.65131011
-1.04304304	0.74994437	0.65372203	0.73970718	0.78437468	0.68376180	0.66348258
-1.03603604	0.75908724	0.66649759	0.74978356	0.79705568	0.69551593	0.67587284
-1.02902903	0.76829085	0.67952655	0.75995447	0.80988594	0.70746834	0.68848384
-1.02202202	0.77755341	0.69281297	0.77021863	0.82286474	0.71962152	0.70131844
-1.01501502	0.78687300	0.70636091	0.78057462	0.83599123	0.73197793	0.71437949
-1.00800801	0.79624759	0.72017436	0.79102089	0.84926436	0.74453997	0.72766975
-1.00100100	0.80567497	0.73425729	0.80155572	0.86268292	0.75731000	0.74119193
-0.99399399	0.81515283	0.74861355	0.81217723	0.87624547	0.77029028	0.75494864
-0.98698699	0.82467866	0.76324697	0.82288336	0.88995038	0.78348302	0.76894241
-0.97997998	0.83424985	0.77816126	0.83367187	0.90379579	0.79689035	0.78317568
-0.97297297	0.84386357	0.79336001	0.84454035	0.91777960	0.81051430	0.79765074
-0.96596597	0.85351685	0.80884673	0.85548616	0.93189947	0.82435677	0.81236978
-0.95895896	0.86320652	0.82462473	0.86650646	0.94615277	0.83841959	0.82733483
-0.95195195	0.87292925	0.84069723	0.87759820	0.96053659	0.85270441	0.84254778
-0.94494494	0.88268147	0.85706721	0.88875808	0.97504772	0.86721278	0.85801033
-0.93793794	0.89245946	0.87373748	0.89998258	0.98968263	0.88194606	0.87372399
-0.93093093	0.90225923	0.89071064	0.91126789	1.00443745	0.89690545	0.88969003
-0.92392392	0.91207660	0.90798900	0.92260997	1.01930794	0.91209195	0.90590954
-0.91691692	0.92190715	0.92557463	0.93400446	1.03428947	0.92750636	0.92238331
-0.90990991	0.93174621	0.94346928	0.94544675	1.04937700	0.94314925	0.93911185
-0.90290290	0.94158886	0.96167437	0.95693187	1.06456508	0.95902093	0.95609539
-0.89589590	0.95142991	0.98019093	0.96845457	1.07984775	0.97512144	0.97333380
-0.88888889	0.96126389	0.99901961	0.98000924	1.09521860	0.99145053	0.99082660
-0.88188188	0.97108505	1.01816060	0.99158989	1.11067069	1.00800762	1.00857291
-0.87487487	0.98088731	1.03761359	1.00319020	1.12619650	1.02479178	1.02657142
-0.86786787	0.99066431	1.05737776	1.01480343	1.14178795	1.04180168	1.04482034
-0.86086086	1.00040932	1.07745170	1.02642243	1.15743631	1.05903559	1.06331740
-0.85385385	1.01011528	1.09783335	1.03803961	1.17313219	1.07649134	1.08205975
-0.84684685	1.01977477	1.11851997	1.04964695	1.18886551	1.09416623	1.10104397
-0.83983984	1.02937998	1.13950808	1.06123591	1.20462539	1.11205707	1.12026598
-0.83283283	1.03892270	1.16079335	1.07279750	1.22040017	1.13016005	1.13972100
-0.82582583	1.04839431	1.18237058	1.08432216	1.23617734	1.14847078	1.15940353
-0.81881882	1.05778574	1.20423361	1.09579979	1.25194345	1.16698415	1.17930720
-0.81181181	1.06708747	1.22637523	1.10721972	1.26768408	1.18569432	1.19942480
-0.80480480	1.07628949	1.24878706	1.11857065	1.28338377	1.20459468	1.21974814
-0.79779780	1.08538129	1.27145953	1.12984063	1.29902592	1.22367770	1.24026802
-0.79079079	1.09435182	1.29438170	1.14101705	1.31459277	1.24293495	1.26097412
-0.78378378	1.10318947	1.31754118	1.15208657	1.33006523	1.26235696	1.28185491
-0.77677678	1.11188205	1.34092403	1.16303509	1.34542288	1.28193315	1.30289754
-0.76976977	1.12041674	1.36451455	1.17384771	1.36064378	1.30165171	1.32408779
-0.76276276	1.12878005	1.38829521	1.18450869	1.37570443	1.32149954	1.34540987
-0.75575576	1.13695783	1.41224647	1.19500140	1.39057961	1.34146209	1.36684637
-0.74874875	1.14493516	1.43634657	1.20530823	1.40524224	1.36152325	1.38837806
-0.74174174	1.15269638	1.46057137	1.21541060	1.41966325	1.38166517	1.40998380
-0.73473473	1.16022497	1.48489413	1.22528883	1.43381140	1.40186816	1.43164032
-0.72772773	1.16750357	1.50928526	1.23492213	1.44765311	1.42211046	1.45332205
-0.72072072	1.17451387	1.53371207	1.24428847	1.46115224	1.44236807	1.47500093
-0.71371371	1.18123658	1.55813850	1.25336451	1.47426986	1.46261449	1.49664620
-0.70670671	1.18765134	1.58252475	1.26212556	1.48696398	1.48282050	1.51822411
-0.69969970	1.19373667	1.60682693	1.27054539	1.49918929	1.50295385	1.53969768
-0.69269269	1.19946988	1.63099667	1.27859620	1.51089676	1.52297893	1.56102637
-0.68568569	1.20482695	1.65498062	1.28624843	1.52203331	1.54285642	1.58216576
-0.67867868	1.20978247	1.67871994	1.29347066	1.53254135	1.56254283	1.60306709
-0.67167167	1.21430951	1.70214966	1.30022942	1.54235824	1.58198999	1.62367691
-0.66466466	1.21837950	1.72519799	1.30648904	1.55141572	1.60114451	1.64393649
-0.65765766	1.22196205	1.74778549	1.31221143	1.55963918	1.61994705	1.66378128
-0.65065065	1.22502483	1.76982408	1.31735583	1.56694686	1.63833153	1.68314021
-0.64364364	1.22753335	1.79121592	1.32187856	1.57324882	1.65622417	1.70193493
-0.63663664	1.22945079	1.81185203	1.32573269	1.57844576	1.67354233	1.72007888
-0.62962963	1.23073769	1.83161065	1.32886772	1.58242758	1.69019309	1.73747620
-0.62262262	1.23135172	1.85035521	1.33122910	1.58507160	1.70607157	1.75402046
-0.61561562	1.23124730	1.86793191	1.33275776	1.58624036	1.72105877	1.76959310
-0.60860861	1.23037525	1.88416661	1.33338953	1.58577885	1.73501891	1.78406155
-0.60160160	1.22868231	1.89886098	1.33305442	1.58351104	1.74779609	1.79727697
-0.59459459	1.22611059	1.91178754	1.33167575	1.57923533	1.75920988	1.80907135
-0.58758759	1.22259694	1.92268322	1.32916917	1.57271870	1.76904967	1.81925399
-0.58058058	1.21807210	1.93124088	1.32544135	1.56368875	1.77706706	1.82760691
-0.57357357	1.21245981	1.93709773	1.32038843	1.55182308	1.78296557	1.83387902
-0.56656657	1.20567558	1.93981955	1.31389407	1.53673429	1.78638621	1.83777839
-0.55955956	1.19762525	1.93887816	1.30582696	1.51794867	1.78688699	1.83896189
-0.55255255	1.18820311	1.93361860	1.29603763	1.49487468	1.78391260	1.83702107
-0.54554555	1.17728962	1.92320953	1.28435430	1.46675461	1.77674797	1.83146230
-0.53853854	1.16474832	1.90656497	1.27057738	1.43258719	1.76444399	1.82167811
-0.53153153	1.15042197	1.88221431	1.25447202	1.39099633	1.74569178	1.80690440
-0.52452452	1.13412720	1.84807179	1.23575786	1.33999237	1.71859473	1.78615399
-0.51751752	1.11564749	1.80099204	1.21409449	1.27649499	1.68021559	1.75810820
-0.51051051	1.09472318	1.73580813	1.18906028	1.19524735	1.62555559	1.72092904
-0.50350350	1.07103750	1.64287088	1.16012053	1.08580397	1.54477740	1.67190769
-0.49649650	1.04419582	1.49976248	1.12657732	0.92066947	1.41276805	1.60673425
-0.48948949	1.01369434	1.22057156	1.08748676	0.51957475	1.09915738	1.51773947
-0.48248248	0.97887021	0.00000000	1.04151326	0.00000000	0.00000000	1.38855358
-0.47547548	0.93881814	0.00000000	0.98665085	0.00000000	0.00000000	1.16870793
-0.46846847	0.89224104	0.00000000	0.91962696	0.00000000	0.00000000	0.00000000
-0.46146146	0.83715780	0.00000000	0.83439923	0.00000000	0.00000000	0.00000000
-0.45445445	0.77025740	0.00000000	0.71719495	0.00000000	0.00000000	0.00000000
-0.44744745	0.68518448	0.00000000	0.51711861	0.00000000	0.00000000	0.00000000
-0.44044044	0.56631121	0.00000000	0.00000000	0.00000000	0.00000000	0.00000000
-0.43343343	0.33785588	0.00000000	0.00000000	0.00000000	0.00000000	0.00000000
-0.42642643	0.00000000	0.00000000	0.00000000	0.00000000	0.00000000	0.00000000
-0.41941942	0.00000000	0.00000000	0.00000000	0.00000000	0.00000000	0.00000000
-0.41241241	0.00000000	0.00000000	0.00000000	0.00000000	0.00000000	0.00000000
-0.40540541	0.00000000	0.00000000	0.00000000	0.00000000	0.00000000	0.00000000
-0.39839840	0.00000000	0.00000000	0.00000000	0.00000000	0.00000000	0.00000000
-0.39139139	0.00000000	0.00000000	0.00000000	0.00000000	0.00000000	0.00000000
-0.38438438	0.00000000	0.00000000	0.00000000	0.00000000	0.00000000	0.00000000
-0.37737738	0.00000000	0.00000000	0.00000000	0.00000000	0.00000000	0.00000000
-0.37037037	0.00000000	0.00000000	0.00000000	0.00000000	0.00000000	0.00000000
-0.36336336	0.00000000	0.00000000	0.00000000	0.00000000	0.00000000	0.00000000
-0.35635636	0.00000000	0.00000000	0.00000000	0.00000000	0.00000000	0.00000000
-0.34934935	0.00000000	0.00000000	0.00000000	0.00000000	0.00000000	0.00000000
-0.34234234	0.00000000	0.00000000	0.00000000	0.00000000	0.00000000	0.00000000
-0.33533534	0.00000000	0.00000000	0.00000000	0.00000000	0.00000000	0.00000000
-0.32832833	0.00000000	0.00000000	0.00000000	0.00000000	0.00000000	0.00000000
-0.32132132	0.00000000	0.00000000	0.00000000	0.00000000	0.00000000	0.00000000
-0.31431431	0.00000000	0.00000000	0.00000000	0.00000000	0.00000000	0.00000000
-0.30730731	0.00000000	0.00000000	0.00000000	0.00000000	0.00000000	0.00000000
-0.30030030	0.00000000	0.00000000	0.00000000	0.00000000	0.00000000	0.00000000
-0.29329329	0.00000000	0.00000000	0.00000000	0.00000000	0.00000000	0.00000000
-0.28628629	0.00000000	0.00000000	0.00000000	0.00000000	0.00000000	0.00000000
-0.27927928	0.00000000	0.00000000	0.00000000	0.00000000	0.00000000	0.00000000
-0.27227227	0.00000000	0.00000000	0.00000000	0.00000000	0.00000000	0.00000000
-0.26526527	0.00000000	0.00000000	0.00000000	0.00000000	0.00000000	0.00000000
-0.25825826	0.00000000	0.00000000	0.00000000	0.00000000	0.00000000	0.00000000
-0.25125125	0.00000000	0.00000000	0.00000000	0.00000000	0.00000000	0.00000000
-0.24424424	0.00000000	0.00000000	0.00000000	0.00000000	0.00000000	0.00000000
-0.23723724	0.00000000	0.00000000	0.00000000	0.00000000	0.00000000	0.00000000
-0.23023023	0.00000000	0.00000000	0.00000000	0.00000000	0.00000000	0.00000000
-0.22322322	0.00000000	0.00000000	0.00000000	0.00000000	0.00000000	0.00000000
-0.21621622	0.00000000	0.00000000	0.00000000	0.00000000	0.00000000	0.00000000
-0.20920921	0.00000000	0.00000000	0.00000000	0.00000000	0.00000000	0.00000000
-0.20220220	0.00000000	0.00000000	0.00000000	0.00000000	0.00000000	0.00000000
-0.19519520	0.00000000	0.00000000	0.00000000	0.00000000	0.00000000	0.00000000
-0.18818819	0.00000000	0.00000000	0.00000000	0.00000000	0.00000000	0.00000000
-0.18118118	0.00000000	0.00000000	0.00000000	0.00000000	0.00000000	0.00000000
-0.17417417	0.00000000	0.00000000	0.00000000	0.00000000	0.00000000	0.00000000
-0.16716717	0.00000000	0.00000000	0.00000000	0.00000000	0.00000000	0.00000000
-0.16016016	0.00000000	0.00000000	0.00000000	0.00000000	0.00000000	0.00000000
-0.15315315	0.00000000	0.00000000	0.00000000	0.00000000	0.00000000	0.00000000
-0.14614615	0.00000000	0.00000000	0.00000000	0.00000000	0.00000000	0.00000000
-0.13913914	0.00000000	0.00000000	0.00000000	0.00000000	0.00000000	0.00000000
-0.13213213	0.00000000	0.00000000	0.00000000	0.00000000	0.00000000	0.00000000
-0.12512513	0.00000000	0.00000000	0.00000000	0.00000000	0.00000000	0.00000000
-0.11811812	0.00000000	0.00000000	0.00000000	0.00000000	0.00000000	0.00000000
-0.11111111	0.00000000	0.00000000	0.00000000	0.00000000	0.00000000	0.00000000
-0.10410410	0.00000000	0.00000000	0.00000000	0.00000000	0.00000000	0.00000000
-0.09709710	0.00000000	0.00000000	0.00000000	0.00000000	0.00000000	0.00000000
-0.09009009	0.00000000	0.00000000	0.00000000	0.00000000	0.00000000	0.00000000
-0.08308308	0.00000000	0.00000000	0.00000000	0.00000000	0.00000000	0.00000000
-0.07607608	0.00000000	0.00000000	0.00000000	0.00000000	0.00000000	0.00000000
-0.06906907	0.00000000	0.00000000	0.00000000	0.00000000	0.00000000	0.00000000
-0.06206206	0.00000000	0.00000000	0.00000000	0.00000000	0.00000000	0.00000000
-0.05505506	0.00000000	0.00000000	0.00000000	0.00000000	0.00000000	0.00000000
-0.04804805	0.00000000	0.00000000	0.00000000	0.00000000	0.00000000	0.00000000
-0.04104104	0.00000000	0.00000000	0.00000000	0.00000000	0.00000000	0.00000000
-0.03403403	0.00000000	0.00000000	0.00000000	0.00000000	0.00000000	0.00000000
-0.02702703	0.00000000	0.00000000	0.00000000	0.00000000	0.00000000	0.00000000
-0.02002002	0.00000000	0.00000000	0.00000000	0.00000000	0.00000000	0.00000000
-0.01301301	0.00000000	0.00000000	0.00000000	0.00000000	0.00000000	0.00000000
-0.00600601	0.00000000	0.00000000	0.00000000	0.00000000	0.00000000	0.00000000
0.00100100	0.00000000	0.00000000	0.00000000	0.00000000	0.00000000	0.00000000
0.00800801	0.00000000	0.00000000	0.00000000	0.00000000	0.00000000	0.00000000
0.01501502	0.00000000	0.00000000	0.00000000	0.00000000	0.00000000	0.00000000
0.02202202	0.00000000	0.00000000	0.00000000	0.00000000	0.00000000	0.00000000
0.02902903	0.00000000	0.00000000	0.00000000	0.00000000	0.00000000	0.00000000
0.03603604	0.00000000	0.00000000	0.00000000	0.00000000	0.00000000	0.00000000
0.04304304	0.00000000	0.00000000	0.00000000	0.00000000	0.00000000	0.00000000
0.05005005	0.00000000	0.00000000	0.00000000	0.00000000	0.00000000	0.00000000
0.05705706	0.00000000	0.00000000	0.00000000	0.00000000	0.00000000	0.00000000
0.06406406	0.00000000	0.00000000	0.00000000	0.00000000	0.00000000	0.00000000
0.07107107	0.00000000	0.00000000	0.00000000	0.00000000	0.00000000	0.00000000
0.07807808	0.00000000	0.00000000	0.00000000	0.00000000	0.00000000	0.00000000
0.08508509	0.00000000	0.00000000	0.00000000	0.00000000	0.00000000	0.00000000
0.09209209	0.00000000	0.00000000	0.00000000	0.00000000	0.00000000	0.00000000
0.09909910	0.00000000	0.00000000	0.00000000	0.00000000	0.00000000	0.00000000
0.10610611	0.00000000	0.00000000	0.00000000	0.00000000	0.00000000	0.00000000
0.11311311	0.00000000	0.00000000	0.00000000	0.00000000	0.00000000	0.00000000
0.12012012	0.00000000	0.00000000	0.00000000	0.00000000	0.00000000	0.00000000
0.12712713	0.00000000	0.00000000	0.00000000	0.00000000	0.00000000	0.00000000
0.13413413	0.00000000	0.00000000	0.00000000	0.00000000	0.00000000	0.00000000
0.14114114	0.00000000	0.00000000	0.00000000	0.00000000	0.00000000	0.00000000
0.14814815	0.00000000	0.00000000	0.00000000	0.00000000	0.00000000	0.00000000
0.15515516	0.00000000	0.00000000	0.00000000	0.00000000	0.00000000	0.00000000
0.16216216	0.00000000	0.00000000	0.00000000	0.00000000	0.00000000	0.00000000
0.16916917	0.00000000	0.00000000	0.00000000	0.00000000	0.00000000	0.00000000
0.17617618	0.00000000	0.00000000	0.00000000	0.00000000	0.00000000	0.00000000
0.18318318	0.00000000	0.00000000	0.00000000	0.00000000	0.00000000	0.00000000
0.19019019	0.00000000	0.00000000	0.00000000	0.00000000	0.00000000	0.00000000
0.19719720	0.00000000	0.00000000	0.00000000	0.00000000	0.00000000	0.00000000
0.20420420	0.00000000	0.00000000	0.00000000	0.00000000	0.00000000	0.00000000
0.21121121	0.00000000	0.00000000	0.00000000	0.00000000	0.00000000	0.00000000
0.21821822	0.00000000	0.00000000	0.00000000	0.00000000	0.00000000	0.00000000
0.22522523	0.00000000	0.00000000	0.00000000	0.00000000	0.00000000	0.00000000
0.23223223	0.00000000	0.00000000	0.00000000	0.00000000	0.00000000	0.00000000
0.23923924	0.00000000	0.00000000	0.00000000	0.00000000	0.00000000	0.00000000
0.24624625	0.00000000	0.00000000	0.00000000	0.00000000	0.00000000	0.00000000
0.25325325	0.00000000	0.00000000	0.00000000	0.00000000	0.00000000	0.00000000
0.26026026	0.00000000	0.00000000	0.00000000	0.00000000	0.00000000	0.00000000
0.26726727	0.00000000	0.00000000	0.00000000	0.00000000	0.00000000	0.00000000
0.27427427	0.00000000	0.00000000	0.00000000	0.00000000	0.00000000	0.00000000
0.28128128	0.00000000	0.00000000	0.00000000	0.00000000	0.00000000	0.00000000
0.28828829	0.00000000	0.00000000	0.00000000	0.00000000	0.00000000	0.00000000
0.29529530	0.00000000	0.00000000	0.00000000	0.00000000	0.00000000	0.00000000
0.30230230	0.00000000	0.00000000	0.00000000	0.00000000	0.00000000	0.00000000
0.30930931	0.00000000	0.00000000	0.00000000	0.00000000	0.00000000	0.00000000
0.31631632	0.00000000	0.00000000	0.00000000	0.00000000	0.00000000	0.00000000
0.32332332	0.00000000	0.00000000	0.00000000	0.00000000	0.00000000	0.00000000
0.33033033	0.00000000	0.00000000	0.00000000	0.00000000	0.00000000	0.00000000
0.33733734	0.00000000	0.00000000	0.00000000	0.00000000	0.00000000	0.00000000
0.34434434	0.00000000	0.00000000	0.00000000	0.00000000	0.00000000	0.00000000
0.35135135	0.00000000	0.00000000	0.00000000	0.00000000	0.00000000	0.00000000
0.35835836	0.00000000	0.00000000	0.00000000	0.00000000	0.00000000	0.00000000
0.36536537	0.00000000	0.00000000	0.00000000	0.00000000	0.00000000	0.00000000
0.37237237	0.00000000	0.00000000	0.00000000	0.00000000	0.00000000	0.00000000
0.37937938	0.00000000	0.00000000	0.00000000	0.00000000	0.00000000	0.00000000
0.38638639	0.00000000	0.00000000	0.00000000	0.00000000	0.00000000	0.00000000
0.39339339	0.00000000	0.00000000	0.00000000	0.00000000	0.00000000	0.00000000
0.40040040	0.00000000	0.00000000	0.00000000	0.00000000	0.00000000	0.00000000
0.40740741	0.00000000	0.00000000	0.00000000	0.00000000	0.00000000	0.00000000
0.41441441	0.00000000	0.00000000	0.00000000	0.00000000	0.00000000	0.00000000
0.42142142	0.00000000	0.00000000	0.00000000	0.00000000	0.00000000	0.00000000
0.42842843	0.00000000	0.00000000	0.00000000	0.00000000	0.00000000	0.00000000
0.43543544	0.00000000	0.00000000	0.00000000	0.00000000	0.00000000	0.00000000
0.44244244	0.00000000	0.00000000	0.00000000	0.00000000	0.00000000	0.00000000
0.44944945	0.00000000	0.00000000	0.00000000	0.00000000	0.00000000	0.00000000
0.45645646	0.00000000	0.00000000	0.00000000	0.00000000	0.00000000	0.00000000
0.46346346	0.00000000	0.00000000	0.00000000	0.00000000	0.00000000	0.00000000
0.47047047	0.00000000	0.00000000	0.00000000	0.00000000	0.00000000	0.00000000
0.47747748	0.00000000	0.00000000	0.00000000	0.00000000	0.00000000	0.00000000
0.48448448	0.00000000	0.00000000	0.00000000	0.00000000	0.00000000	0.00000000
0.49149149	0.00000000	0.00000000	0.00000000	0.00000000	0.00000000	0.00000000
0.49849850	0.00000000	0.00000000	0.00000000	0.00000000	0.00000000	0.00000000
0.50550551	0.00000000	0.00000000	0.00000000	0.00000000	0.00000000	0.00000000
0.51251251	0.00000000	0.00000000	0.00000000	0.00000000	0.00000000	0.00000000
0.51951952	0.00000000	0.00000000	0.00000000	0.00000000	0.00000000	0.00000000
0.52652653	0.00000000	0.00000000	0.00000000	0.00000000	0.00000000	0.00000000
0.53353353	0.00000000	0.00000000	0.00000000	0.00000000	0.00000000	0.00000000
0.54054054	0.00000000	0.00000000	0.00000000	0.00000000	0.00000000	0.00000000
0.54754755	0.00000000	0.00000000	0.00000000	0.00000000	0.00000000	0.00000000
0.55455455	0.00000000	0.00000000	0.00000000	0.00000000	0.00000000	0.00000000
0.56156156	0.00000000	0.00000000	0.00000000	0.00000000	0.00000000	0.00000000
0.56856857	0.00000000	0.00000000	0.00000000	0.00000000	0.00000000	0.00000000
0.57557558	0.00000000	0.00000000	0.00000000	0.00000000	0.00000000	0.00000000
0.58258258	0.00000000	0.00000000	0.00000000	0.00000000	0.00000000	0.00000000
0.58958959	0.00000000	0.00000000	0.00000000	0.00000000	0.00000000	0.00000000
0.59659660	0.00000000	0.00000000	0.00000000	0.00000000	0.00000000	0.00000000
0.60360360	0.00000000	0.00000000	0.00000000	0.00000000	0.00000000	0.00000000
0.61061061	0.00000000	0.00000000	0.00000000	0.00000000	0.00000000	0.00000000
0.61761762	0.00000000	0.00000000	0.00000000	0.00000000	0.00000000	0.00000000
0.62462462	0.00000000	0.00000000	0.00000000	0.00000000	0.00000000	0.00000000
0.63163163	0.00000000	0.00000000	0.00000000	0.00000000	0.00000000	0.00000000
0.63863864	0.00000000	0.00000000	0.00000000	0.00000000	0.00000000	0.00000000
0.64564565	0.00000000	0.00000000	0.00000000	0.00000000	0.00000000	0.00000000
0.65265265	0.00000000	0.00000000	0.00000000	0.00000000	0.00000000	0.00000000
0.65965966	0.00000000	0.00000000	0.00000000	0.00000000	0.00000000	0.00000000
0.66666667	0.00000000	0.00000000	0.00000000	0.00000000	0.00000000	0.00000000
0.67367367	0.00000000	0.00000000	0.00000000	0.00000000	0.00000000	0.00000000
0.68068068	0.00000000	0.00000000	0.00000000	0.00000000	0.00000000	0.00000000
0.68768769	0.00000000	0.00000000	0.00000000	0.00000000	0.00000000	0.00000000
0.69469469	0.00000000	0.00000000	0.00000000	0.00000000	0.00000000	0.00000000
0.70170170	0.00000000	0.00000000	0.00000000	0.00000000	0.00000000	0.00000000
0.70870871	0.00000000	0.00000000	0.00000000	0.00000000	0.00000000	0.00000000
0.71571572	0.00000000	0.00000000	0.00000000	0.00000000	0.00000000	0.00000000
0.72272272	0.00000000	0.00000000	0.00000000	0.00000000	0.00000000	0.00000000
0.72972973	0.00000000	0.00000000	0.00000000	0.00000000	0.00000000	0.00000000
0.73673674	0.00000000	0.00000000	0.00000000	0.00000000	0.00000000	0.00000000
0.74374374	0.00000000	0.00000000	0.00000000	0.00000000	0.00000000	0.00000000
0.75075075	0.00000000	0.00000000	0.00000000	0.00000000	0.00000000	0.00000000
0.75775776	0.00000000	0.00000000	0.00000000	0.00000000	0.00000000	0.00000000
0.76476476	0.00000000	0.00000000	0.00000000	0.00000000	0.00000000	0.00000000
0.77177177	0.00000000	0.00000000	0.00000000	0.00000000	0.00000000	0.00000000
0.77877878	0.00000000	0.00000000	0.00000000	0.00000000	0.00000000	0.00000000
0.78578579	0.00000000	0.00000000	0.00000000	0.00000000	0.00000000	0.00000000
0.79279279	0.00000000	0.00000000	0.00000000	0.00000000	0.00000000	0.00000000
0.79979980	0.00000000	0.00000000	0.00000000	0.00000000	0.00000000	0.00000000
0.80680681	0.00000000	0.00000000	0.00000000	0.00000000	0.00000000	0.00000000
0.81381381	0.00000000	0.00000000	0.00000000	0.00000000	0.00000000	0.00000000
0.82082082	0.00000000	0.00000000	0.00000000	0.00000000	0.00000000	0.00000000
0.82782783	0.00000000	0.00000000	0.00000000	0.00000000	0.00000000	0.00000000
0.83483483	0.00000000	0.00000000	0.00000000	0.00000000	0.00000000	0.00000000
0.84184184	0.00000000	0.00000000	0.00000000	0.00000000	0.00000000	0.00000000
0.84884885	0.00000000	0.00000000	0.00000000	0.00000000	0.00000000	0.00000000
0.85585586	0.00000000	0.00000000	0.00000000	0.00000000	0.00000000	0.00000000
0.86286286	0.00000000	0.00000000	0.00000000	0.00000000	0.00000000	0.00000000
0.86986987	0.00000000	0.00000000	0.00000000	0.00000000	0.00000000	0.00000000
0.87687688	0.00000000	0.00000000	0.00000000	0.00000000	0.00000000	0.00000000
0.88388388	0.00000000	0.00000000	0.00000000	0.00000000	0.00000000	0.00000000
0.89089089	0.00000000	0.00000000	0.00000000	0.00000000	0.00000000	0.00000000
0.89789790	0.00000000	0.00000000	0.00000000	0.00000000	0.00000000	0.00000000
0.90490490	0.00000000	0.00000000	0.00000000	0.00000000	0.00000000	0.00000000
0.91191191	0.00000000	0.00000000	0.00000000	0.00000000	0.00000000	0.00000000
0.91891892	0.00000000	0.00000000	0.00000000	0.00000000	0.00000000	0.00000000
0.92592593	0.00000000	0.00000000	0.00000000	0.00000000	0.00000000	0.00000000
0.93293293	0.00000000	0.00000000	0.00000000	0.00000000	0.00000000	0.00000000
0.93993994	0.00000000	0.00000000	0.00000000	0.00000000	0.00000000	0.00000000
0.94694695	0.00000000	0.00000000	0.00000000	0.00000000	0.00000000	0.00000000
0.95395395	0.00000000	0.00000000	0.00000000	0.00000000	0.00000000	0.00000000
0.96096096	0.00000000	0.00000000	0.00000000	0.00000000	0.00000000	0.00000000
0.96796797	0.00000000	0.00000000	0.00000000	0.00000000	0.00000000	0.00000000
0.97497497	0.00000000	0.00000000	0.00000000	0.00000000	0.00000000	0.00000000
0.98198198	0.00000000	0.00000000	0.00000000	0.00000000	0.00000000	0.00000000
0.98898899	0.00000000	0.00000000	0.00000000	0.00000000	0.00000000	0.00000000
0.99599600	0.00000000	0.00000000	0.00000000	0.00000000	0.00000000	0.00000000
1.00300300	0.00000000	0.00000000	0.00000000	0.00000000	0.00000000	0.00000000
1.01001001	0.00000000	0.00000000	0.00000000	0.00000000	0.00000000	0.00000000
1.01701702	0.00000000	0.00000000	0.00000000	0.00000000	0.00000000	0.00000000
1.02402402	0.00000000	0.00000000	0.00000000	0.00000000	0.00000000	0.00000000
1.03103103	0.00000000	0.00000000	0.00000000	0.00000000	0.00000000	0.00000000
1.03803804	0.00000000	0.00000000	0.00000000	0.00000000	0.00000000	0.00000000
1.04504505	0.00000000	0.00000000	0.00000000	0.00000000	0.00000000	0.00000000
1.05205205	0.00000000	0.00000000	0.00000000	0.00000000	0.00000000	0.00000000
1.05905906	0.00000000	0.00000000	0.00000000	0.00000000	0.00000000	0.00000000
1.06606607	0.00000000	0.00000000	0.00000000	0.00000000	0.00000000	0.00000000
1.07307307	0.00000000	0.00000000	0.00000000	0.00000000	0.00000000	0.00000000
1.08008008	0.00000000	0.00000000	0.00000000	0.00000000	0.00000000	0.00000000
1.08708709	0.00000000	0.00000000	0.00000000	0.00000000	0.00000000	0.00000000
1.09409409	0.00000000	0.00000000	0.00000000	0.00000000	0.00000000	0.00000000
1.10110110	0.00000000	0.00000000	0.00000000	0.00000000	0.00000000	0.00000000
1.10810811	0.00000000	0.00000000	0.00000000	0.00000000	0.00000000	0.00000000
1.11511512	0.00000000	0.00000000	0.00000000	0.00000000	0.00000000	0.00000000
1.12212212	0.00000000	0.00000000	0.00000000	0.00000000	0.00000000	0.00000000
1.12912913	0.00000000	0.00000000	0.00000000	0.00000000	0.00000000	0.00000000
1.13613614	0.00000000	0.00000000	0.00000000	0.00000000	0.00000000	0.00000000
1.14314314	0.00000000	0.00000000	0.00000000	0.00000000	0.00000000	0.00000000
1.15015015	0.00000000	0.00000000	0.00000000	0.00000000	0.00000000	0.00000000
1.15715716	0.00000000	0.00000000	0.00000000	0.00000000	0.00000000	0.00000000
1.16416416	0.00000000	0.00000000	0.00000000	0.00000000	0.00000000	0.00000000
1.17117117	0.00000000	0.00000000	0.00000000	0.00000000	0.00000000	0.00000000
1.17817818	0.00000000	0.00000000	0.00000000	0.00000000	0.00000000	0.00000000
1.18518519	0.00000000	0.00000000	0.00000000	0.00000000	0.00000000	0.00000000
1.19219219	0.00000000	0.00000000	0.00000000	0.00000000	0.00000000	0.00000000
1.19919920	0.00000000	0.00000000	0.00000000	0.00000000	0.00000000	0.00000000
1.20620621	0.00000000	0.00000000	0.00000000	0.00000000	0.00000000	0.00000000
1.21321321	0.00000000	0.00000000	0.00000000	0.00000000	0.00000000	0.00000000
1.22022022	0.00000000	0.00000000	0.00000000	0.00000000	0.00000000	0.00000000
1.22722723	0.00000000	0.00000000	0.00000000	0.00000000	0.00000000	0.00000000
1.23423423	0.00000000	0.00000000	0.00000000	0.00000000	0.00000000	0.00000000
1.24124124	0.00000000	0.00000000	0.00000000	0.00000000	0.00000000	0.00000000
1.24824825	0.00000000	0.00000000	0.00000000	0.00000000	0.00000000	0.00000000
1.25525526	0.00000000	0.00000000	0.00000000	0.00000000	0.00000000	0.00000000
1.26226226	0.00000000	0.00000000	0.00000000	0.00000000	0.00000000	0.00000000
1.26926927	0.00000000	0.00000000	0.00000000	0.00000000	0.00000000	0.00000000
1.27627628	0.00000000	0.00000000	0.00000000	0.00000000	0.00000000	0.00000000
1.28328328	0.00000000	0.00000000	0.00000000	0.00000000	0.00000000	0.00000000
1.29029029	0.00000000	0.00000000	0.00000000	0.00000000	0.00000000	0.00000000
1.29729730	0.00000000	0.00000000	0.00000000	0.00000000	0.00000000	0.00000000
1.30430430	0.00000000	0.00000000	0.00000000	0.00000000	0.00000000	0.00000000
1.31131131	0.00000000	0.00000000	0.00000000	0.00000000	0.00000000	0.00000000
1.31831832	0.00000000	0.00000000	0.00000000	0.00000000	0.00000000	0.00000000
1.32532533	0.00000000	0.00000000	0.00000000	0.00000000	0.00000000	0.00000000
1.33233233	0.00000000	0.00000000	0.00000000	0.00000000	0.00000000	0.00000000
1.33933934	0.00000000	0.00000000	0.00000000	0.00000000	0.00000000	0.00000000
1.34634635	0.00000000	0.00000000	0.00000000	0.00000000	0.00000000	0.00000000
1.35335335	0.00000000	0.00000000	0.00000000	0.00000000	0.00000000	0.00000000
1.36036036	0.00000000	0.00000000	0.00000000	0.00000000	0.00000000	0.00000000
1.36736737	0.00000000	0.00000000	0.00000000	0.00000000	0.00000000	0.00000000
1.37437437	0.00000000	0.00000000	0.00000000	0.00000000	0.00000000	0.00000000
1.38138138	0.00000000	0.00000000	0.00000000	0.00000000	0.00000000	0.00000000
1.38838839	0.00000000	0.00000000	0.00000000	0.00000000	0.00000000	0.00000000
1.39539540	0.00000000	0.00000000	0.00000000	0.00000000	0.00000000	0.00000000
1.40240240	0.00000000	0.00000000	0.00000000	0.00000000	0.00000000	0.00000000
1.40940941	0.00000000	0.00000000	0.00000000	0.00000000	0.00000000	0.00000000
1.41641642	0.00000000	0.00000000	0.00000000	0.00000000	0.00000000	0.00000000
1.42342342	0.00000000	0.00000000	0.00000000	0.00000000	0.00000000	0.00000000
1.43043043	0.00000000	0.00000000	0.00000000	0.00000000	0.00000000	0.00000000
1.43743744	0.00000000	0.00000000	0.00000000	0.00000000	0.00000000	0.00000000
1.44444444	0.00000000	0.00000000	0.00000000	0.00000000	0.00000000	0.00000000
1.45145145	0.00000000	0.00000000	0.00000000	0.00000000	0.00000000	0.00000000
1.45845846	0.00000000	0.00000000	0.00000000	0.00000000	0.00000000	0.00000000
1.46546547	0.00000000	0.00000000	0.00000000	0.00000000	0.00000000	0.00000000
1.47247247	0.00000000	0.00000000	0.00000000	0.00000000	0.00000000	0.00000000
1.47947948	0.00000000	0.00000000	0.00000000	0.00000000	0.00000000	0.00000000
1.48648649	0.00000000	0.00000000	0.00000000	0.00000000	0.00000000	0.00000000
1.49349349	0.00000000	0.00000000	0.00000000	0.00000000	0.00000000	0.00000000
1.50050050	0.00000000	0.00000000	0.00000000	0.00000000	0.00000000	0.00000000
1.50750751	0.00000000	0.00000000	0.00000000	0.00000000	0.00000000	0.00000000
1.51451451	0.00000000	0.00000000	0.00000000	0.00000000	0.00000000	0.00000000
1.52152152	0.00000000	0.00000000	0.00000000	0.00000000	0.00000000	0.00000000
1.52852853	0.00000000	0.00000000	0.00000000	0.00000000	0.00000000	0.00000000
1.53553554	0.00000000	0.00000000	0.00000000	0.00000000	0.00000000	0.00000000
1.54254254	0.00000000	0.00000000	0.00000000	0.00000000	0.00000000	0.00000000
1.54954955	0.00000000	0.00000000	0.00000000	0.00000000	0.00000000	0.00000000
1.55655656	0.00000000	0.00000000	0.00000000	0.00000000	0.00000000	0.00000000
1.56356356	0.00000000	0.00000000	0.00000000	0.00000000	0.00000000	0.00000000
1.57057057	0.00000000	0.00000000	0.00000000	0.00000000	0.00000000	0.00000000
1.57757758	0.00000000	0.00000000	0.00000000	0.00000000	0.00000000	0.00000000
1.58458458	0.00000000	0.00000000	0.00000000	0.00000000	0.00000000	0.00000000
1.59159159	0.00000000	0.00000000	0.00000000	0.00000000	0.00000000	0.00000000
1.59859860	0.00000000	0.00000000	0.00000000	0.00000000	0.00000000	0.00000000
1.60560561	0.00000000	0.00000000	0.00000000	0.00000000	0.00000000	0.00000000
1.61261261	0.00000000	0.00000000	0.00000000	0.00000000	0.00000000	0.00000000
1.61961962	0.00000000	0.00000000	0.00000000	0.00000000	0.00000000	0.00000000
1.62662663	0.00000000	0.00000000	0.00000000	0.00000000	0.00000000	0.00000000
1.63363363	0.00000000	0.00000000	0.00000000	0.00000000	0.00000000	0.00000000
1.64064064	0.00000000	0.00000000	0.00000000	0.00000000	0.00000000	0.00000000
1.64764765	0.00000000	0.00000000	0.00000000	0.00000000	0.00000000	0.00000000
1.65465465	0.00000000	0.00000000	0.00000000	0.00000000	0.00000000	0.00000000
1.66166166	0.00000000	0.00000000	0.00000000	0.00000000	0.00000000	0.00000000
1.66866867	0.00000000	0.00000000	0.00000000	0.00000000	0.00000000	0.00000000
1.67567568	0.00000000	0.00000000	0.00000000	0.00000000	0.00000000	0.00000000
1.68268268	0.00000000	0.00000000	0.00000000	0.00000000	0.00000000	0.00000000
1.68968969	0.00000000	0.00000000	0.00000000	0.00000000	0.00000000	0.00000000
1.69669670	0.00000000	0.00000000	0.00000000	0.00000000	0.00000000	0.00000000
1.70370370	0.00000000	0.00000000	0.00000000	0.00000000	0.00000000	0.00000000
1.71071071	0.00000000	0.00000000	0.00000000	0.00000000	0.00000000	0.00000000
1.71771772	0.00000000	0.00000000	0.00000000	0.00000000	0.00000000	0.00000000
1.72472472	0.00000000	0.00000000	0.00000000	0.00000000	0.00000000	0.00000000
1.73173173	0.00000000	0.00000000	0.00000000	0.00000000	0.00000000	0.00000000
1.73873874	0.00000000	0.00000000	0.00000000	0.00000000	0.00000000	0.00000000
1.74574575	0.00000000	0.00000000	0.00000000	0.00000000	0.00000000	0.00000000
1.75275275	0.00000000	0.00000000	0.00000000	0.00000000	0.00000000	0.00000000
1.75975976	0.00000000	0.00000000	0.00000000	0.00000000	0.00000000	0.00000000
1.76676677	0.00000000	0.00000000	0.00000000	0.00000000	0.00000000	0.00000000
1.77377377	0.00000000	0.00000000	0.00000000	0.00000000	0.00000000	0.00000000
1.78078078	0.00000000	0.00000000	0.00000000	0.00000000	0.00000000	0.00000000
1.78778779	0.00000000	0.00000000	0.00000000	0.00000000	0.00000000	0.00000000
1.79479479	0.00000000	0.00000000	0.00000000	0.00000000	0.00000000	0.00000000
1.80180180	0.00000000	0.00000000	0.00000000	0.00000000	0.00000000	0.00000000
1.80880881	0.00000000	0.00000000	0.00000000	0.00000000	0.00000000	0.00000000
1.81581582	0.00000000	0.00000000	0.00000000	0.00000000	0.00000000	0.00000000
1.82282282	0.00000000	0.00000000	0.00000000	0.00000000	0.00000000	0.00000000
1.82982983	0.00000000	0.00000000	0.00000000	0.00000000	0.00000000	0.00000000
1.83683684	0.00000000	0.00000000	0.00000000	0.00000000	0.00000000	0.00000000
1.84384384	0.00000000	0.00000000	0.00000000	0.00000000	0.00000000	0.00000000
1.85085085	0.00000000	0.00000000	0.00000000	0.00000000	0.00000000	0.00000000
1.85785786	0.00000000	0.00000000	0.00000000	0.00000000	0.00000000	0.00000000
1.86486486	0.00000000	0.00000000	0.00000000	0.00000000	0.00000000	0.00000000
1.87187187	0.00000000	0.00000000	0.00000000	0.00000000	0.00000000	0.00000000
1.87887888	0.00000000	0.00000000	0.00000000	0.00000000	0.00000000	0.00000000
1.88588589	0.00000000	0.00000000	0.00000000	0.00000000	0.00000000	0.00000000
1.89289289	0.00000000	0.00000000	0.00000000	0.00000000	0.00000000	0.00000000
1.89989990	0.00000000	0.00000000	0.00000000	0.00000000	0.00000000	0.00000000
1.90690691	0.00000000	0.00000000	0.00000000	0.00000000	0.00000000	0.00000000
1.91391391	0.00000000	0.00000000	0.00000000	0.00000000	0.00000000	0.00000000
1.92092092	0.00000000	0.00000000	0.00000000	0.00000000	0.00000000	0.00000000
1.92792793	0.00000000	0.00000000	0.00000000	0.00000000	0.00000000	0.00000000
1.93493493	0.00000000	0.00000000	0.00000000	0.00000000	0.00000000	0.00000000
1.94194194	0.00000000	0.00000000	0.00000000	0.00000000	0.00000000	0.00000000
1.94894895	0.00000000	0.00000000	0.00000000	0.00000000	0.00000000	0.00000000
1.95595596	0.00000000	0.00000000	0.00000000	0.00000000	0.00000000	0.00000000
1.96296296	0.00000000	0.00000000	0.00000000	0.00000000	0.00000000	0.00000000
1.96996997	0.00000000	0.00000000	0.00000000	0.00000000	0.00000000	0.00000000
1.97697698	0.00000000	0.00000000	0.00000000	0.00000000	0.00000000	0.00000000
1.98398398	0.00000000	0.00000000	0.00000000	0.00000000	0.00000000	0.00000000
1.99099099	0.00000000	0.00000000	0.00000000	0.00000000	0.00000000	0.00000000
1.99799800	0.00000000	0.00000000	0.00000000	0.00000000	0.00000000	0.00000000
2.00500501	0.00000000	0.00000000	0.00000000	0.00000000	0.00000000	0.00000000
2.01201201	0.00000000	0.00000000	0.00000000	0.00000000	0.00000000	0.00000000
2.01901902	0.00000000	0.00000000	0.00000000	0.00000000	0.00000000	0.00000000
2.02602603	0.00000000	0.00000000	0.00000000	0.00000000	0.00000000	0.00000000
2.03303303	0.00000000	0.00000000	0.00000000	0.00000000	0.00000000	0.00000000
2.04004004	0.00000000	0.00000000	0.00000000	0.00000000	0.00000000	0.00000000
2.04704705	0.00000000	0.00000000	0.00000000	0.00000000	0.00000000	0.00000000
2.05405405	0.00000000	0.00000000	0.00000000	0.00000000	0.00000000	0.00000000
2.06106106	0.00000000	0.00000000	0.00000000	0.00000000	0.00000000	0.00000000
2.06806807	0.00000000	0.00000000	0.00000000	0.00000000	0.00000000	0.00000000
2.07507508	0.00000000	0.00000000	0.00000000	0.00000000	0.00000000	0.00000000
2.08208208	0.00000000	0.00000000	0.00000000	0.00000000	0.00000000	0.00000000
2.08908909	0.00000000	0.00000000	0.00000000	0.00000000	0.00000000	0.00000000
2.09609610	0.00000000	0.00000000	0.00000000	0.00000000	0.00000000	0.00000000
2.10310310	0.00000000	0.00000000	0.00000000	0.00000000	0.00000000	0.00000000
2.11011011	0.00000000	0.00000000	0.00000000	0.00000000	0.00000000	0.00000000
2.11711712	0.00000000	0.00000000	0.00000000	0.00000000	0.00000000	0.00000000
2.12412412	0.00000000	0.00000000	0.00000000	0.00000000	0.00000000	0.00000000
2.13113113	0.00000000	0.00000000	0.00000000	0.00000000	0.00000000	0.00000000
2.13813814	0.00000000	0.00000000	0.00000000	0.00000000	0.00000000	0.00000000
2.14514515	0.00000000	0.00000000	0.00000000	0.00000000	0.00000000	0.00000000
2.15215215	0.00000000	0.00000000	0.00000000	0.00000000	0.00000000	0.00000000
2.15915916	0.00000000	0.00000000	0.00000000	0.00000000	0.00000000	0.00000000
2.16616617	0.00000000	0.00000000	0.00000000	0.00000000	0.00000000	0.00000000
2.17317317	0.00000000	0.00000000	0.00000000	0.00000000	0.00000000	0.00000000
2.18018018	0.00000000	0.00000000	0.00000000	0.00000000	0.00000000	0.00000000
2.18718719	0.00000000	0.00000000	0.00000000	0.00000000	0.00000000	0.00000000
2.19419419	0.00000000	0.00000000	0.00000000	0.00000000	0.00000000	0.00000000
2.20120120	0.00000000	0.00000000	0.00000000	0.00000000	0.00000000	0.00000000
2.20820821	0.00000000	0.00000000	0.00000000	0.00000000	0.00000000	0.00000000
2.21521522	0.00000000	0.00000000	0.00000000	0.00000000	0.00000000	0.00000000
2.22222222	0.00000000	0.00000000	0.00000000	0.00000000	0.00000000	0.00000000
2.22922923	0.00000000	0.00000000	0.00000000	0.00000000	0.00000000	0.00000000
2.23623624	0.00000000	0.00000000	0.00000000	0.00000000	0.00000000	0.00000000
2.24324324	0.00000000	0.00000000	0.00000000	0.00000000	0.00000000	0.00000000
2.25025025	0.00000000	0.00000000	0.00000000	0.00000000	0.00000000	0.00000000
2.25725726	0.00000000	0.00000000	0.00000000	0.00000000	0.00000000	0.00000000
2.26426426	0.00000000	0.00000000	0.00000000	0.00000000	0.00000000	0.00000000
2.27127127	0.00000000	0.00000000	0.00000000	0.00000000	0.00000000	0.00000000
2.27827828	0.00000000	0.00000000	0.00000000	0.00000000	0.00000000	0.00000000
2.28528529	0.00000000	0.00000000	0.00000000	0.00000000	0.00000000	0.00000000
2.29229229	0.00000000	0.00000000	0.00000000	0.00000000	0.00000000	0.00000000
2.29929930	0.00000000	0.00000000	0.00000000	0.00000000	0.00000000	0.00000000
2.30630631	0.00000000	0.00000000	0.00000000	0.00000000	0.00000000	0.00000000
2.31331331	0.00000000	0.00000000	0.00000000	0.00000000	0.00000000	0.00000000
2.32032032	0.00000000	0.00000000	0.00000000	0.00000000	0.00000000	0.00000000
2.32732733	0.00000000	0.00000000	0.00000000	0.00000000	0.00000000	0.00000000
2.33433433	0.00000000	0.00000000	0.00000000	0.00000000	0.00000000	0.00000000
2.34134134	0.00000000	0.00000000	0.00000000	0.00000000	0.00000000	0.00000000
2.34834835	0.00000000	0.00000000	0.00000000	0.00000000	0.00000000	0.00000000
2.35535536	0.00000000	0.00000000	0.00000000	0.00000000	0.00000000	0.00000000
2.36236236	0.00000000	0.00000000	0.00000000	0.00000000	0.00000000	0.00000000
2.36936937	0.00000000	0.00000000	0.00000000	0.00000000	0.00000000	0.00000000
2.37637638	0.00000000	0.00000000	0.00000000	0.00000000	0.00000000	0.00000000
2.38338338	0.00000000	0.00000000	0.00000000	0.00000000	0.00000000	0.00000000
2.39039039	0.00000000	0.00000000	0.00000000	0.00000000	0.00000000	0.00000000
2.39739740	0.00000000	0.00000000	0.00000000	0.00000000	0.00000000	0.00000000
2.40440440	0.00000000	0.00000000	0.00000000	0.00000000	0.00000000	0.00000000
2.41141141	0.00000000	0.00000000	0.00000000	0.00000000	0.00000000	0.00000000
2.41841842	0.00000000	0.00000000	0.00000000	0.00000000	0.00000000	0.00000000
2.42542543	0.00000000	0.00000000	0.00000000	0.00000000	0.00000000	0.00000000
2.43243243	0.00000000	0.00000000	0.00000000	0.00000000	0.00000000	0.00000000
2.43943944	0.00000000	0.00000000	0.00000000	0.00000000	0.00000000	0.00000000
2.44644645	0.00000000	0.00000000	0.00000000	0.00000000	0.00000000	0.00000000
2.45345345	0.00000000	0.00000000	0.00000000	0.00000000	0.00000000	0.00000000
2.46046046	0.00000000	0.00000000	0.00000000	0.00000000	0.00000000	0.00000000
2.46746747	0.00000000	0.00000000	0.00000000	0.00000000	0.00000000	0.00000000
2.47447447	0.00000000	0.00000000	0.00000000	0.00000000	0.00000000	0.00000000
2.48148148	0.00000000	0.00000000	0.00000000	0.00000000	0.00000000	0.00000000
2.48848849	0.00000000	0.00000000	0.00000000	0.00000000	0.00000000	0.00000000
2.49549550	0.00000000	0.00000000	0.00000000	0.00000000	0.00000000	0.00000000
2.50250250	0.00000000	0.00000000	0.00000000	0.00000000	0.00000000	0.00000000
2.50950951	0.00000000	0.00000000	0.00000000	0.00000000	0.00000000	0.00000000
2.51651652	0.00000000	0.00000000	0.00000000	0.00000000	0.00000000	0.00000000
2.52352352	0.00000000	0.00000000	0.00000000	0.00000000	0.00000000	0.00000000
2.53053053	0.00000000	0.00000000	0.00000000	0.00000000	0.00000000	0.00000000
2.53753754	0.00000000	0.00000000	0.00000000	0.00000000	0.00000000	0.00000000
2.54454454	0.00000000	0.00000000	0.00000000	0.00000000	0.00000000	0.00000000
2.55155155	0.00000000	0.00000000	0.00000000	0.00000000	0.00000000	0.00000000
2.55855856	0.00000000	0.00000000	0.00000000	0.00000000	0.00000000	0.00000000
2.56556557	0.00000000	0.00000000	0.00000000	0.00000000	0.00000000	0.00000000
2.57257257	0.00000000	0.00000000	0.00000000	0.00000000	0.00000000	0.00000000
2.57957958	0.00000000	0.00000000	0.00000000	0.00000000	0.00000000	0.00000000
2.58658659	0.00000000	0.00000000	0.00000000	0.00000000	0.00000000	0.00000000
2.59359359	0.00000000	0.00000000	0.00000000	0.00000000	0.00000000	0.00000000
2.60060060	0.00000000	0.00000000	0.00000000	0.00000000	0.00000000	0.00000000
2.60760761	0.00000000	0.00000000	0.00000000	0.00000000	0.00000000	0.00000000
2.61461461	0.00000000	0.00000000	0.00000000	0.00000000	0.00000000	0.00000000
2.62162162	0.00000000	0.00000000	0.00000000	0.00000000	0.00000000	0.00000000
2.62862863	0.00000000	0.00000000	0.00000000	0.00000000	0.00000000	0.00000000
2.63563564	0.00000000	0.00000000	0.00000000	0.00000000	0.00000000	0.00000000
2.64264264	0.00000000	0.00000000	0.00000000	0.00000000	0.00000000	0.00000000
2.64964965	0.00000000	0.00000000	0.00000000	0.00000000	0.00000000	0.00000000
2.65665666	0.00000000	0.00000000	0.00000000	0.00000000	0.00000000	0.00000000
2.66366366	0.00000000	0.00000000	0.00000000	0.00000000	0.00000000	0.00000000
2.67067067	0.00000000	0.00000000	0.00000000	0.00000000	0.00000000	0.00000000
2.67767768	0.00000000	0.00000000	0.00000000	0.00000000	0.00000000	0.00000000
2.68468468	0.00000000	0.00000000	0.00000000	0.00000000	0.00000000	0.00000000
2.69169169	0.00000000	0.00000000	0.00000000	0.00000000	0.00000000	0.00000000
2.69869870	0.00000000	0.00000000	0.00000000	0.00000000	0.00000000	0.00000000
2.70570571	0.00000000	0.00000000	0.00000000	0.00000000	0.00000000	0.00000000
2.71271271	0.00000000	0.00000000	0.00000000	0.00000000	0.00000000	0.00000000
2.71971972	0.00000000	0.00000000	0.00000000	0.00000000	0.00000000	0.00000000
2.72672673	0.00000000	0.00000000	0.00000000	0.00000000	0.00000000	0.00000000
2.73373373	0.00000000	0.00000000	0.00000000	0.00000000	0.00000000	0.00000000
2.74074074	0.00000000	0.00000000	0.00000000	0.00000000	0.00000000	0.00000000
2.74774775	0.00000000	0.00000000	0.00000000	0.00000000	0.00000000	0.00000000
2.75475475	0.00000000	0.00000000	0.00000000	0.00000000	0.00000000	0.00000000
2.76176176	0.00000000	0.00000000	0.00000000	0.00000000	0.00000000	0.00000000
2.76876877	0.00000000	0.00000000	0.00000000	0.00000000	0.00000000	0.00000000
2.77577578	0.00000000	0.00000000	0.00000000	0.00000000	0.00000000	0.00000000
2.78278278	0.00000000	0.00000000	0.00000000	0.00000000	0.00000000	0.00000000
2.78978979	0.00000000	0.00000000	0.00000000	0.00000000	0.00000000	0.00000000
2.79679680	0.00000000	0.00000000	0.00000000	0.00000000	0.00000000	0.00000000
2.80380380	0.00000000	0.00000000	0.00000000	0.00000000	0.00000000	0.00000000
2.81081081	0.00000000	0.00000000	0.00000000	0.00000000	0.00000000	0.00000000
2.81781782	0.00000000	0.00000000	0.00000000	0.00000000	0.00000000	0.00000000
2.82482482	0.00000000	0.00000000	0.00000000	0.00000000	0.00000000	0.00000000
2.83183183	0.00000000	0.00000000	0.00000000	0.00000000	0.00000000	0.00000000
2.83883884	0.00000000	0.00000000	0.00000000	0.00000000	0.00000000	0.00000000
2.84584585	0.00000000	0.00000000	0.00000000	0.00000000	0.00000000	0.00000000
2.85285285	0.00000000	0.00000000	0.00000000	0.00000000	0.00000000	0.00000000
2.85985986	0.00000000	0.00000000	0.00000000	0.00000000	0.00000000	0.00000000
2.86686687	0.00000000	0.00000000	0.00000000	0.00000000	0.00000000	0.00000000
2.87387387	0.00000000	0.00000000	0.00000000	0.00000000	0.00000000	0.00000000
2.88088088	0.00000000	0.00000000	0.00000000	0.00000000	0.00000000	0.00000000
2.88788789	0.00000000	0.00000000	0.00000000	0.00000000	0.00000000	0.00000000
2.89489489	0.00000000	0.00000000	0.00000000	0.00000000	0.00000000	0.00000000
2.90190190	0.00000000	0.00000000	0.00000000	0.00000000	0.00000000	0.00000000
2.90890891	0.00000000	0.00000000	0.00000000	0.00000000	0.00000000	0.00000000
2.91591592	0.00000000	0.00000000	0.00000000	0.00000000	0.00000000	0.00000000
2.92292292	0.00000000	0.00000000	0.00000000	0.00000000	0.00000000	0.00000000
2.92992993	0.00000000	0.00000000	0.00000000	0.00000000	0.00000000	0.00000000
2.93693694	0.00000000	0.00000000	0.00000000	0.00000000	0.00000000	0.00000000
2.94394394	0.00000000	0.00000000	0.00000000	0.00000000	0.00000000	0.00000000
2.95095095	0.00000000	0.00000000	0.00000000	0.00000000	0.00000000	0.00000000
2.95795796	0.00000000	0.00000000	0.00000000	0.00000000	0.00000000	0.00000000
2.96496496	0.00000000	0.00000000	0.00000000	0.00000000	0.00000000	0.00000000
2.97197197	0.00000000	0.00000000	0.00000000	0.00000000	0.00000000	0.00000000
2.97897898	0.00000000	0.00000000	0.00000000	0.00000000	0.00000000	0.00000000
2.98598599	0.00000000	0.00000000	0.00000000	0.00000000	0.00000000	0.00000000
2.99299299	0.00000000	0.00000000	0.00000000	0.00000000	0.00000000	0.00000000
3.00000000	0.00000000	0.00000000	0.00000000	0.00000000	0.00000000	0.00000000