-4.000000000	0.000809274	0.003870454	0.003030092	0.010929212	0.001621524	0.002776704
-3.992992993	0.000819262	0.003906517	0.003058326	0.011034918	0.001637472	0.002800394
-3.985985986	0.000829383	0.003942951	0.003086854	0.011141686	0.001653594	0.002824315
-3.978978979	0.000839638	0.003979761	0.003115678	0.011249527	0.001669893	0.002848468
-3.971971972	0.000850029	0.004016952	0.003144802	0.011358452	0.001686369	0.002872857
-3.964964965	0.000860559	0.004054527	0.003174229	0.011468472	0.001703027	0.002897483
-3.957957958	0.000871228	0.004092492	0.003203963	0.011579600	0.001719866	0.002922349
-3.950950951	0.000882040	0.004130850	0.003234008	0.011691845	0.001736891	0.002947459
-3.943943944	0.000892997	0.004169606	0.003264366	0.011805221	0.001754102	0.002972814
-3.936936937	0.000904099	0.004208765	0.003295042	0.011919739	0.001771503	0.002998417
-3.929929930	0.000915350	0.004248330	0.003326040	0.012035411	0.001789095	0.003024272
-3.922922923	0.000926752	0.004288308	0.003357363	0.012152249	0.001806882	0.003050380
-3.915915916	0.000938306	0.004328702	0.003389014	0.012270264	0.001824864	0.003076746
-3.908908909	0.000950015	0.004369518	0.003420998	0.012389471	0.001843045	0.003103370
-3.901901902	0.000961881	0.004410760	0.003453319	0.012509880	0.001861428	0.003130258
-3.894894895	0.000973907	0.004452433	0.003485980	0.012631505	0.001880014	0.003157410
-3.887887888	0.000986094	0.004494542	0.003518986	0.012754359	0.001898806	0.003184831
-3.880880881	0.000998445	0.004537093	0.003552340	0.012878453	0.001917807	0.003212524
-3.873873874	0.001010963	0.004580089	0.003586047	0.013003802	0.001937018	0.003240491
-3.866866867	0.001023649	0.004623537	0.003620111	0.013130419	0.001956444	0.003268735
-3.859859860	0.001036506	0.004667442	0.003654535	0.013258316	0.001976086	0.003297261
-3.852852853	0.001049538	0.004711808	0.003689325	0.013387508	0.001995947	0.003326070
-3.845845846	0.001062745	0.004756642	0.003724484	0.013518007	0.002016030	0.003355166
-3.838838839	0.001076131	0.004801948	0.003760017	0.013649828	0.002036337	0.003384552
-3.831831832	0.001089699	0.004847733	0.003795929	0.013782984	0.002056871	0.003414232
-3.824824825	0.001103450	0.004894001	0.003832223	0.013917490	0.002077636	0.003444208
-3.817817818	0.001117388	0.004940759	0.003868904	0.014053360	0.002098634	0.003474485
-3.810810811	0.001131515	0.004988013	0.003905977	0.014190608	0.002119867	0.003505066
-3.803803804	0.001145835	0.005035767	0.003943446	0.014329249	0.002141339	0.003535954
-3.796796797	0.001160349	0.005084027	0.003981317	0.014469297	0.002163053	0.003567152
-3.789789790	0.001175061	0.005132801	0.004019594	0.014610767	0.002185012	0.003598664
-3.782782783	0.001189974	0.005182093	0.004058282	0.014753675	0.002207218	0.003630495
-3.775775776	0.001205091	0.005231910	0.004097385	0.014898035	0.002229675	0.003662646
-3.768768769	0.001220413	0.005282259	0.004136909	0.015043863	0.002252387	0.003695123
-3.761761762	0.001235946	0.005333144	0.004176859	0.015191175	0.002275355	0.003727929
-3.754754755	0.001251691	0.005384573	0.004217239	0.015339985	0.002298584	0.003761067
-3.747747748	0.001267652	0.005436552	0.004258056	0.015490311	0.002322077	0.003794541
-3.740740741	0.001283832	0.005489088	0.004299314	0.015642167	0.002345837	0.003828356
-3.733733734	0.001300234	0.005542187	0.004341018	0.015795570	0.002369867	0.003862515
-3.726726727	0.001316861	0.005595855	0.004383174	0.015950537	0.002394171	0.003897023
-3.719719720	0.001333717	0.005650100	0.004425787	0.016107085	0.002418753	0.003931882
-3.712712713	0.001350806	0.005704928	0.004468864	0.016265229	0.002443615	0.003967098
-3.705705706	0.001368130	0.005760347	0.004512409	0.016424987	0.002468761	0.004002675
-3.698698699	0.001385693	0.005816363	0.004556428	0.016586376	0.002494196	0.004038616
-3.691691692	0.001403498	0.005872984	0.004600926	0.016749413	0.002519922	0.004074926
-3.684684685	0.001421550	0.005930216	0.004645911	0.016914117	0.002545943	0.004111609
-3.677677678	0.001439851	0.005988067	0.004691387	0.017080504	0.002572263	0.004148670
-3.670670671	0.001458406	0.006046545	0.004737361	0.017248592	0.002598886	0.004186113
-3.663663664	0.001477218	0.006105656	0.004783838	0.017418400	0.002625816	0.004223942
-3.656656657	0.001496292	0.006165409	0.004830825	0.017589946	0.002653057	0.004262163
-3.649649650	0.001515630	0.006225811	0.004878328	0.017763248	0.002680612	0.004300779
-3.642642643	0.001535238	0.006286870	0.004926354	0.017938326	0.002708486	0.004339796
-3.635635636	0.001555118	0.006348594	0.004974908	0.018115198	0.002736683	0.004379217
-3.628628629	0.001575275	0.006410991	0.005023997	0.018293883	0.002765207	0.004419049
-3.621621622	0.001595714	0.006474068	0.005073628	0.018474401	0.002794061	0.004459295
-3.614614615	0.001616438	0.006537835	0.005123808	0.018656771	0.002823251	0.004499961
-3.607607608	0.001637452	0.006602300	0.005174542	0.018841012	0.002852781	0.004541051
-3.600600601	0.001658759	0.006667471	0.005225839	0.019027146	0.002882655	0.004582571
-3.593593594	0.001680365	0.006733356	0.005277705	0.019215193	0.002912878	0.004624526
-3.586586587	0.001702274	0.006799964	0.005330147	0.019405172	0.002943453	0.004666920
-3.579579580	0.001724491	0.006867305	0.005383171	0.019597104	0.002974387	0.004709760
-3.572572573	0.001747020	0.006935386	0.005436787	0.019791011	0.003005682	0.004753051
-3.565565566	0.001769865	0.007004218	0.005490999	0.019986913	0.003037345	0.004796797
-3.558558559	0.001793032	0.007073808	0.005545817	0.020184833	0.003069379	0.004841005
-3.551551552	0.001816525	0.007144167	0.005601248	0.020384791	0.003101790	0.004885680
-3.544544545	0.001840350	0.007215304	0.005657299	0.020586809	0.003134583	0.004930828
-3.537537538	0.001864511	0.007287228	0.005713978	0.020790911	0.003167762	0.004976454
-3.530530531	0.001889014	0.007359950	0.005771293	0.020997117	0.003201333	0.005022564
-3.523523524	0.001913863	0.007433478	0.005829251	0.021205451	0.003235301	0.005069164
-3.516516517	0.001939065	0.007507822	0.005887862	0.021415935	0.003269670	0.005116260
-3.509509510	0.001964623	0.007582994	0.005947133	0.021628593	0.003304447	0.005163858
-3.502502503	0.001990545	0.007659002	0.006007072	0.021843448	0.003339637	0.005211963
-3.495495495	0.002016834	0.007735857	0.006067688	0.022060524	0.003375245	0.005260584
-3.488488488	0.002043498	0.007813571	0.006128989	0.022279845	0.003411276	0.005309724
-3.481481481	0.002070541	0.007892152	0.006190984	0.022501435	0.003447737	0.005359392
-3.474474474	0.002097970	0.007971613	0.006253682	0.022725318	0.003484632	0.005409593
-3.467467467	0.002125789	0.008051964	0.006317092	0.022951519	0.003521968	0.005460334
-3.460460460	0.002154007	0.008133216	0.006381222	0.023180064	0.003559751	0.005511621
-3.453453453	0.002182627	0.008215380	0.006446083	0.023410977	0.003597986	0.005563462
-3.446446446	0.002211657	0.008298468	0.006511682	0.023644285	0.003636680	0.005615863
-3.439439439	0.002241103	0.008382491	0.006578030	0.023880013	0.003675839	0.005668831
-3.432432432	0.002270971	0.008467461	0.006645136	0.024118186	0.003715468	0.005722373
-3.425425425	0.002301268	0.008553390	0.006713009	0.024358833	0.003755575	0.005776496
-3.418418418	0.002332000	0.008640289	0.006781661	0.024601980	0.003796165	0.005831207
-3.411411411	0.002363175	0.008728172	0.006851100	0.024847653	0.003837246	0.005886515
-3.404404404	0.002394798	0.008817049	0.006921336	0.025095880	0.003878823	0.005942425
-3.397397397	0.002426877	0.008906934	0.006992380	0.025346690	0.003920903	0.005998946
-3.390390390	0.002459420	0.008997840	0.007064243	0.025600109	0.003963494	0.006056086
-3.383383383	0.002492432	0.009089779	0.007136935	0.025856167	0.004006602	0.006113851
-3.376376376	0.002525922	0.009182765	0.007210466	0.026114891	0.004050234	0.006172250
-3.369369369	0.002559896	0.009276810	0.007284847	0.026376312	0.004094397	0.006231292
-3.362362362	0.002594363	0.009371928	0.007360090	0.026640458	0.004139098	0.006290983
-3.355355355	0.002629330	0.009468132	0.007436205	0.026907359	0.004184346	0.006351332
-3.348348348	0.002664805	0.009565437	0.007513204	0.027177045	0.004230146	0.006412348
-3.341341341	0.002700796	0.009663856	0.007591099	0.027449546	0.004276507	0.006474039
-3.334334334	0.002737311	0.009763404	0.007669901	0.027724894	0.004323437	0.006536414
-3.327327327	0.002774357	0.009864095	0.007749621	0.028003119	0.004370943	0.006599480
-3.320320320	0.002811944	0.009965944	0.007830272	0.028284252	0.004419032	0.006663248
-3.313313313	0.002850080	0.010068965	0.007911867	0.028568326	0.004467714	0.006727725
-3.306306306	0.002888774	0.010173173	0.007994416	0.028855373	0.004516996	0.006792922
-3.299299299	0.002928033	0.010278584	0.008077934	0.029145425	0.004566887	0.006858847
-3.292292292	0.002967868	0.010385213	0.008162432	0.029438514	0.004617394	0.006925509
-3.285285285	0.003008287	0.010493075	0.008247924	0.029734675	0.004668527	0.006992919
-3.278278278	0.003049299	0.010602188	0.008334423	0.030033941	0.004720294	0.007061085
-3.271271271	0.003090915	0.010712566	0.008421941	0.030336346	0.004772704	0.007130018
-3.264264264	0.003133142	0.010824225	0.008510493	0.030641924	0.004825766	0.007199727
-3.257257257	0.003175992	0.010937184	0.008600092	0.030950710	0.004879488	0.007270222
-3.250250250	0.003219473	0.011051458	0.008690752	0.031262739	0.004933881	0.007341514
-3.243243243	0.003263597	0.011167064	0.008782487	0.031578048	0.004988953	0.007413613
-3.236236236	0.003308372	0.011284021	0.008875311	0.031896672	0.005044714	0.007486529
-3.229229229	0.003353811	0.011402344	0.008969239	0.032218647	0.005101173	0.007560274
-3.222222222	0.003399922	0.011522053	0.009064286	0.032544011	0.005158341	0.007634857
-3.215215215	0.003446717	0.011643165	0.009160467	0.032872800	0.005216227	0.007710290
-3.208208208	0.003494206	0.011765699	0.009257796	0.033205053	0.005274842	0.007786585
-3.201201201	0.003542402	0.011889673	0.009356290	0.033540808	0.005334195	0.007863751
-3.194194194	0.003591314	0.012015105	0.009455963	0.033880103	0.005394297	0.007941802
-3.187187187	0.003640955	0.012142016	0.009556833	0.034222977	0.005455159	0.008020748
-3.180180180	0.003691337	0.012270425	0.009658914	0.034569470	0.005516791	0.008100601
-3.173173173	0.003742470	0.012400351	0.009762223	0.034919622	0.005579205	0.008181374
-3.166166166	0.003794368	0.012531814	0.009866777	0.035273473	0.005642411	0.008263078
-3.159159159	0.003847042	0.012664835	0.009972592	0.035631064	0.005706421	0.008345727
-3.152152152	0.003900506	0.012799434	0.010079687	0.035992436	0.005771247	0.008429331
-3.145145145	0.003954771	0.012935632	0.010188077	0.036357632	0.005836899	0.008513906
-3.138138138	0.004009851	0.013073450	0.010297782	0.036726694	0.005903390	0.008599462
-3.131131131	0.004065759	0.013212910	0.010408818	0.037099664	0.005970731	0.008686014
-3.124124124	0.004122509	0.013354034	0.010521204	0.037476585	0.006038936	0.008773574
-3.117117117	0.004180113	0.013496844	0.010634958	0.037857503	0.006108015	0.008862157
-3.110110110	0.004238586	0.013641362	0.010750100	0.038242461	0.006177983	0.008951776
-3.103103103	0.004297943	0.013787611	0.010866647	0.038631503	0.006248852	0.009042445
-3.096096096	0.004358196	0.013935614	0.010984621	0.039024676	0.006320634	0.009134179
-3.089089089	0.004419362	0.014085395	0.011104039	0.039422024	0.006393343	0.009226991
-3.082082082	0.004481455	0.014236978	0.011224922	0.039823596	0.006466993	0.009320897
-3.075075075	0.004544490	0.014390386	0.011347291	0.040229436	0.006541597	0.009415911
-3.068068068	0.004608482	0.014545645	0.011471166	0.040639594	0.006617170	0.009512048
-3.061061061	0.004673448	0.014702779	0.011596567	0.041054117	0.006693724	0.009609324
-3.054054054	0.004739402	0.014861815	0.011723516	0.041473054	0.006771275	0.009707755
-3.047047047	0.004806363	0.015022776	0.011852035	0.041896454	0.006849837	0.009807356
-3.040040040	0.004874345	0.015185690	0.011982145	0.042324366	0.006929425	0.009908143
-3.033033033	0.004943365	0.015350583	0.012113869	0.042756842	0.007010053	0.010010132
-3.026026026	0.005013442	0.015517482	0.012247229	0.043193931	0.007091739	0.010113341
-3.019019019	0.005084592	0.015686415	0.012382248	0.043635686	0.007174496	0.010217787
-3.012012012	0.005156834	0.015857408	0.012518950	0.044082159	0.007258341	0.010323485
-3.005005005	0.005230184	0.016030490	0.012657357	0.044533402	0.007343290	0.010430455
-2.997997998	0.005304662	0.016205690	0.012797495	0.044989469	0.007429359	0.010538712
-2.990990991	0.005380286	0.016383037	0.012939387	0.045450414	0.007516565	0.010648276
-2.983983984	0.005457076	0.016562560	0.013083058	0.045916291	0.007604925	0.010759165
-2.976976977	0.005535050	0.016744289	0.013228534	0.046387155	0.007694456	0.010871397
-2.969969970	0.005614229	0.016928255	0.013375840	0.046863063	0.007785176	0.010984991
-2.962962963	0.005694632	0.017114488	0.013525003	0.047344071	0.007877101	0.011099967
-2.955955956	0.005776281	0.017303019	0.013676047	0.047830236	0.007970252	0.011216343
-2.948948949	0.005859195	0.017493881	0.013829002	0.048321616	0.008064645	0.011334140
-2.941941942	0.005943397	0.017687106	0.013983892	0.048818269	0.008160299	0.011453377
-2.934934935	0.006028907	0.017882726	0.014140748	0.049320255	0.008257234	0.011574076
-2.927927928	0.006115748	0.018080775	0.014299596	0.049827634	0.008355470	0.011696257
-2.920920921	0.006203943	0.018281286	0.014460465	0.050340466	0.008455024	0.011819940
-2.913913914	0.006293513	0.018484295	0.014623384	0.050858813	0.008555919	0.011945148
-2.906906907	0.006384482	0.018689836	0.014788384	0.051382736	0.008658173	0.012071903
-2.899899900	0.006476874	0.018897944	0.014955493	0.051912298	0.008761808	0.012200226
-2.892892893	0.006570713	0.019108655	0.015124743	0.052447563	0.008866845	0.012330141
-2.885885886	0.006666023	0.019322006	0.015296164	0.052988595	0.008973305	0.012461669
-2.878878879	0.006762830	0.019538034	0.015469789	0.053535459	0.009081210	0.012594835
-2.871871872	0.006861159	0.019756777	0.015645648	0.054088221	0.009190582	0.012729662
-2.864864865	0.006961035	0.019978274	0.015823776	0.054646946	0.009301445	0.012866175
-2.857857858	0.007062485	0.020202562	0.016004204	0.055211703	0.009413820	0.013004397
-2.850850851	0.007165537	0.020429682	0.016186967	0.055782559	0.009527731	0.013144354
-2.843843844	0.007270217	0.020659673	0.016372099	0.056359582	0.009643202	0.013286071
-2.836836837	0.007376553	0.020892577	0.016559635	0.056942844	0.009760257	0.013429574
-2.829829830	0.007484573	0.021128436	0.016749610	0.057532414	0.009878921	0.013574889
-2.822822823	0.007594307	0.021367290	0.016942059	0.058128363	0.009999219	0.013722042
-2.815815816	0.007705785	0.021609184	0.017137021	0.058730763	0.010121176	0.013871062
-2.808808809	0.007819035	0.021854160	0.017334531	0.059339687	0.010244818	0.014021975
-2.801801802	0.007934089	0.022102263	0.017534628	0.059955209	0.010370172	0.014174809
-2.794794795	0.008050978	0.022353537	0.017737351	0.060577404	0.010497265	0.014329594
-2.787787788	0.008169733	0.022608029	0.017942737	0.061206347	0.010626123	0.014486357
-2.780780781	0.008290387	0.022865785	0.018150828	0.061842114	0.010756776	0.014645129
-2.773773774	0.008412973	0.023126851	0.018361663	0.062484782	0.010889250	0.014805940
-2.766766767	0.008537525	0.023391276	0.018575284	0.063134429	0.011023575	0.014968820
-2.759759760	0.008664076	0.023659109	0.018791732	0.063791135	0.011159781	0.015133801
-2.752752753	0.008792662	0.023930398	0.019011050	0.064454979	0.011297897	0.015300913
-2.745745746	0.008923317	0.024205195	0.019233282	0.065126042	0.011437954	0.015470189
-2.738738739	0.009056079	0.024483550	0.019458471	0.065804406	0.011579983	0.015641663
-2.731731732	0.009190984	0.024765515	0.019686662	0.066490153	0.011724015	0.015815366
-2.724724725	0.009328070	0.025051143	0.019917901	0.067183367	0.011870082	0.015991334
-2.717717718	0.009467375	0.025340488	0.020152234	0.067884132	0.012018218	0.016169601
-2.710710711	0.009608937	0.025633604	0.020389708	0.068592535	0.012168455	0.016350201
-2.703703704	0.009752798	0.025930547	0.020630371	0.069308660	0.012320827	0.016533171
-2.696696697	0.009898997	0.026231373	0.020874271	0.070032597	0.012475370	0.016718547
-2.689689690	0.010047576	0.026536139	0.021121460	0.070764433	0.012632118	0.016906366
-2.682682683	0.010198577	0.026844904	0.021371986	0.071504257	0.012791107	0.017096666
-2.675675676	0.010352043	0.027157727	0.021625902	0.072252161	0.012952373	0.017289485
-2.668668669	0.010508017	0.027474668	0.021883260	0.073008235	0.013115955	0.017484862
-2.661661662	0.010666545	0.027795789	0.022144112	0.073772573	0.013281889	0.017682837
-2.654654655	0.010827672	0.028121151	0.022408513	0.074545267	0.013450214	0.017883450
-2.647647648	0.010991445	0.028450818	0.022676518	0.075326413	0.013620970	0.018086744
-2.640640641	0.011157909	0.028784855	0.022948184	0.076116105	0.013794197	0.018292759
-2.633633634	0.011327115	0.029123327	0.023223567	0.076914441	0.013969936	0.018501538
-2.626626627	0.011499111	0.029466300	0.023502725	0.077721519	0.014148228	0.018713125
-2.619619620	0.011673947	0.029813842	0.023785717	0.078537437	0.014329115	0.018927565
-2.612612613	0.011851675	0.030166022	0.024072604	0.079362296	0.014512641	0.019144903
-2.605605606	0.012032346	0.030522910	0.024363446	0.080196195	0.014698850	0.019365183
-2.598598599	0.012216014	0.030884578	0.024658307	0.081039239	0.014887786	0.019588455
-2.591591592	0.012402733	0.031251097	0.024957249	0.081891529	0.015079496	0.019814764
-2.584584585	0.012592559	0.031622542	0.025260338	0.082753171	0.015274025	0.020044159
-2.577577578	0.012785547	0.031998987	0.025567638	0.083624271	0.015471422	0.020276691
-2.570570571	0.012981756	0.032380509	0.025879217	0.084504934	0.015671735	0.020512410
-2.563563564	0.013181244	0.032767185	0.026195143	0.085395268	0.015875012	0.020751366
-2.556556557	0.013384070	0.033159093	0.026515485	0.086295384	0.016081306	0.020993612
-2.549549550	0.013590297	0.033556316	0.026840315	0.087205391	0.016290665	0.021239202
-2.542542543	0.013799987	0.033958933	0.027169703	0.088125401	0.016503144	0.021488190
-2.535535536	0.014013202	0.034367028	0.027503724	0.089055526	0.016718795	0.021740631
-2.528528529	0.014230008	0.034780685	0.027842452	0.089995880	0.016937673	0.021996582
-2.521521522	0.014450472	0.035199992	0.028185963	0.090946578	0.017159832	0.022256100
-2.514514515	0.014674659	0.035625034	0.028534334	0.091907738	0.017385330	0.022519243
-2.507507508	0.014902641	0.036055901	0.028887644	0.092879475	0.017614224	0.022786072
-2.500500501	0.015134486	0.036492684	0.029245974	0.093861910	0.017846572	0.023056647
-2.493493493	0.015370267	0.036935475	0.029609405	0.094855162	0.018082436	0.023331030
-2.486486486	0.015610056	0.037384367	0.029978021	0.095859352	0.018321875	0.023609285
-2.479479479	0.015853929	0.037839456	0.030351905	0.096874603	0.018564952	0.023891476
-2.472472472	0.016101962	0.038300840	0.030731146	0.097901039	0.018811731	0.024177668
-2.465465465	0.016354232	0.038768617	0.031115831	0.098938785	0.019062277	0.024467929
-2.458458458	0.016610819	0.039242887	0.031506049	0.099987967	0.019316655	0.024762327
-2.451451451	0.016871804	0.039723754	0.031901892	0.101048713	0.019574934	0.025060931
-2.444444444	0.017137271	0.040211321	0.032303454	0.102121152	0.019837182	0.025363813
-2.437437437	0.017407302	0.040705695	0.032710828	0.103205414	0.020103469	0.025671045
-2.430430430	0.017681985	0.041206984	0.033124112	0.104301631	0.020373867	0.025982701
-2.423423423	0.017961408	0.041715296	0.033543405	0.105409936	0.020648449	0.026298855
-2.416416416	0.018245660	0.042230746	0.033968807	0.106530463	0.020927290	0.026619586
-2.409409409	0.018534834	0.042753446	0.034400419	0.107663348	0.021210467	0.026944970
-2.402402402	0.018829023	0.043283513	0.034838347	0.108808726	0.021498056	0.027275089
-2.395395395	0.019128322	0.043821064	0.035282697	0.109966738	0.021790137	0.027610023
-2.388388388	0.019432830	0.044366220	0.035733577	0.111137521	0.022086792	0.027949857
-2.381381381	0.019742647	0.044919104	0.036191098	0.112321218	0.022388103	0.028294673
-2.374374374	0.020057873	0.045479839	0.036655372	0.113517969	0.022694154	0.028644560
-2.367367367	0.020378614	0.046048554	0.037126513	0.114727919	0.023005031	0.028999605
-2.360360360	0.020704976	0.046625377	0.037604640	0.115951213	0.023320823	0.029359898
-2.353353353	0.021037067	0.047210441	0.038089872	0.117187997	0.023641620	0.029725532
-2.346346346	0.021374998	0.047803878	0.038582329	0.118438418	0.023967513	0.030096599
-2.339339339	0.021718882	0.048405827	0.039082136	0.119702625	0.024298595	0.030473197
-2.332332332	0.022068836	0.049016425	0.039589419	0.120980769	0.024634963	0.030855422
-2.325325325	0.022424978	0.049635814	0.040104309	0.122273001	0.024976715	0.031243375
-2.318318318	0.022787427	0.050264140	0.040626935	0.123579474	0.025323949	0.031637157
-2.311311311	0.023156309	0.050901548	0.041157432	0.124900342	0.025676768	0.032036872
-2.304304304	0.023531748	0.051548189	0.041695936	0.126235761	0.026035277	0.032442625
-2.297297297	0.023913875	0.052204214	0.042242589	0.127585887	0.026399581	0.032854526
-2.290290290	0.024302820	0.052869780	0.042797530	0.128950880	0.026769789	0.033272686
-2.283283283	0.024698718	0.053545045	0.043360907	0.130330898	0.027146012	0.033697216
-2.276276276	0.025101707	0.054230170	0.043932866	0.131726102	0.027528363	0.034128232
-2.269269269	0.025511927	0.054925318	0.044513559	0.133136655	0.027916959	0.034565851
-2.262262262	0.025929523	0.055630658	0.045103140	0.134562720	0.028311918	0.035010195
-2.255255255	0.026354641	0.056346361	0.045701766	0.136004461	0.028713361	0.035461386
-2.248248248	0.026787431	0.057072598	0.046309598	0.137462044	0.029121412	0.035919549
-2.241241241	0.027228047	0.057809549	0.046926798	0.138935637	0.029536197	0.036384812
-2.234234234	0.027676645	0.058557393	0.047553534	0.140425409	0.029957844	0.036857306
-2.227227227	0.028133387	0.059316314	0.048189977	0.141931528	0.030386487	0.037337164
-2.220220220	0.028598436	0.060086500	0.048836299	0.143454165	0.030822261	0.037824524
-2.213213213	0.029071961	0.060868140	0.049492680	0.144993494	0.031265303	0.038319525
-2.206206206	0.029554132	0.061661431	0.050159299	0.146549686	0.031715754	0.038822309
-2.199199199	0.030045125	0.062466570	0.050836341	0.148122917	0.032173760	0.039333022
-2.192192192	0.030545120	0.063283760	0.051523995	0.149713362	0.032639466	0.039851812
-2.185185185	0.031054301	0.064113206	0.052222454	0.151321197	0.033113025	0.040378832
-2.178178178	0.031572854	0.064955118	0.052931914	0.152946601	0.033594591	0.040914238
-2.171171171	0.032100973	0.065809711	0.053652575	0.154589752	0.034084321	0.041458187
-2.164164164	0.032638853	0.066677203	0.054384643	0.156250829	0.034582377	0.042010843
-2.157157157	0.033186695	0.067557816	0.055128326	0.157930015	0.035088923	0.042572372
-2.150150150	0.033744706	0.068451777	0.055883839	0.159627490	0.035604130	0.043142942
-2.143143143	0.034313095	0.069359318	0.056651398	0.161343437	0.036128170	0.043722728
-2.136136136	0.034892078	0.070280673	0.057431227	0.163078040	0.036661219	0.044311907
-2.129129129	0.035481874	0.071216084	0.058223552	0.164831483	0.037203458	0.044910660
-2.122122122	0.036082711	0.072165795	0.059028607	0.166603953	0.037755073	0.045519173
-2.115115115	0.036694817	0.073130056	0.059846627	0.168395634	0.038316252	0.046137635
-2.108108108	0.037318430	0.074109123	0.060677855	0.170206714	0.038887191	0.046766241
-2.101101101	0.037953790	0.075103254	0.061522538	0.172037381	0.039468086	0.047405188
-2.094094094	0.038601146	0.076112715	0.062380929	0.173887822	0.040059142	0.048054679
-2.087087087	0.039260750	0.077137776	0.063253285	0.175758227	0.040660566	0.048714923
-2.080080080	0.039932862	0.078178712	0.064139870	0.177648785	0.041272571	0.049386130
-2.073073073	0.040617747	0.079235805	0.065040953	0.179559685	0.041895374	0.050068519
-2.066066066	0.041315676	0.080309341	0.065956809	0.181491119	0.042529199	0.050762312
-2.059059059	0.042026929	0.081399612	0.066887719	0.183443276	0.043174274	0.051467736
-2.052052052	0.042751790	0.082506916	0.067833970	0.185416349	0.043830833	0.052185023
-2.045045045	0.043490550	0.083631558	0.068795855	0.187410528	0.044499116	0.052914412
-2.038038038	0.044243508	0.084773847	0.069773674	0.189426004	0.045179367	0.053656146
-2.031031031	0.045010971	0.085934100	0.070767733	0.191462970	0.045871838	0.054410474
-2.024024024	0.045793252	0.087112640	0.071778344	0.193521617	0.046576786	0.055177653
-2.017017017	0.046590672	0.088309795	0.072805828	0.195602137	0.047294474	0.055957942
-2.010010010	0.047403560	0.089525902	0.073850511	0.197704720	0.048025173	0.056751609
-2.003003003	0.048232252	0.090761303	0.074912727	0.199829559	0.048769159	0.057558928
-1.995995996	0.049077094	0.092016348	0.075992818	0.201976844	0.049526716	0.058380180
-1.988988989	0.049938439	0.093291393	0.077091133	0.204146766	0.050298134	0.059215651
-1.981981982	0.050816651	0.094586802	0.078208028	0.206339515	0.051083710	0.060065635
-1.974974975	0.051712100	0.095902946	0.079343867	0.208555281	0.051883750	0.060930432
-1.967967968	0.052625167	0.097240204	0.080499024	0.210794252	0.052698566	0.061810352
-1.960960961	0.053556241	0.098598962	0.081673879	0.213056616	0.053528478	0.062705709
-1.953953954	0.054505723	0.099979614	0.082868823	0.215342560	0.054373816	0.063616827
-1.946946947	0.055474022	0.101382563	0.084084253	0.217652271	0.055234914	0.064544037
-1.939939940	0.056461559	0.102808219	0.085320577	0.219985933	0.056112119	0.065487677
-1.932932933	0.057468763	0.104257001	0.086578210	0.222343731	0.057005785	0.066448096
-1.925925926	0.058496077	0.105729336	0.087857580	0.224725845	0.057916273	0.067425649
-1.918918919	0.059543952	0.107225661	0.089159121	0.227132458	0.058843957	0.068420702
-1.911911912	0.060612852	0.108746420	0.090483279	0.229563748	0.059789217	0.069433626
-1.904904905	0.061703254	0.110292068	0.091830509	0.232019892	0.060752445	0.070464807
-1.897897898	0.062815645	0.111863068	0.093201276	0.234501065	0.061734043	0.071514635
-1.890890891	0.063950526	0.113459893	0.094596058	0.237007441	0.062734421	0.072583514
-1.883883884	0.065108409	0.115083026	0.096015342	0.239539191	0.063754003	0.073671855
-1.876876877	0.066289821	0.116732960	0.097459626	0.242096482	0.064793221	0.074780080
-1.869869870	0.067495302	0.118410197	0.098929419	0.244679480	0.065852519	0.075908624
-1.862862863	0.068725405	0.120115250	0.100425244	0.247288348	0.066932355	0.077057930
-1.855855856	0.069980698	0.121848644	0.101947633	0.249923246	0.068033195	0.078228453
-1.848848849	0.071261763	0.123610912	0.103497134	0.252584331	0.069155519	0.079420660
-1.841841842	0.072569200	0.125402600	0.105074303	0.255271755	0.070299822	0.080635029
-1.834834835	0.073903621	0.127224264	0.106679712	0.257985669	0.071466607	0.081872052
-1.827827828	0.075265655	0.129076474	0.108313946	0.260726218	0.072656395	0.083132231
-1.820820821	0.076655948	0.130959808	0.109977603	0.263493544	0.073869719	0.084416082
-1.813813814	0.078075164	0.132874859	0.111671294	0.266287785	0.075107124	0.085724136
-1.806806807	0.079523981	0.134822230	0.113395646	0.269109073	0.076369174	0.087056934
-1.799799800	0.081003098	0.136802538	0.115151299	0.271957537	0.077656444	0.088415033
-1.792792793	0.082513232	0.138816413	0.116938909	0.274833300	0.078969526	0.089799006
-1.785785786	0.084055118	0.140864495	0.118759146	0.277736480	0.080309029	0.091209437
-1.778778779	0.085629510	0.142947442	0.120612697	0.280667190	0.081675576	0.092646929
-1.771771772	0.087237183	0.145065921	0.122500265	0.283625536	0.083069809	0.094112097
-1.764764765	0.088878934	0.147220615	0.124422568	0.286611620	0.084492386	0.095605576
-1.757757758	0.090555578	0.149412220	0.126380342	0.289625536	0.085943983	0.097128015
-1.750750751	0.092267953	0.151641448	0.128374340	0.292667371	0.087425295	0.098680080
-1.743743744	0.094016922	0.153909023	0.130405333	0.295737206	0.088937036	0.100262455
-1.736736737	0.095803366	0.156215687	0.132474108	0.298835115	0.090479939	0.101875842
-1.729729730	0.097628195	0.158562194	0.134581474	0.301961164	0.092054757	0.103520963
-1.722722723	0.099492340	0.160949315	0.136728256	0.305115412	0.093662264	0.105198557
-1.715715716	0.101396757	0.163377838	0.138915300	0.308297907	0.095303255	0.106909383
-1.708708709	0.103342431	0.165848564	0.141143470	0.311508691	0.096978547	0.108654220
-1.701701702	0.105330369	0.168362312	0.143413654	0.314747798	0.098688980	0.110433869
-1.694694695	0.107361608	0.170919918	0.145726756	0.318015249	0.100435417	0.112249151
-1.687687688	0.109437214	0.173522233	0.148083705	0.321311058	0.102218745	0.114100910
-1.680680681	0.111558280	0.176170129	0.150485451	0.324635228	0.104039876	0.115990012
-1.673673674	0.113725928	0.178864491	0.152932964	0.327987753	0.105899746	0.117917346
-1.666666667	0.115941312	0.181606224	0.155427240	0.331368615	0.107799318	0.119883825
-1.659659660	0.118205617	0.184396251	0.157969296	0.334777783	0.109739584	0.121890387
-1.652652653	0.120520060	0.187235514	0.160560175	0.338215217	0.111721560	0.123937995
-1.645645646	0.122885891	0.190124972	0.163200942	0.341680864	0.113746293	0.126027638
-1.638638639	0.125304395	0.193065605	0.165892688	0.345174658	0.115814859	0.128160332
-1.631631632	0.127776891	0.196058409	0.168636531	0.348696521	0.117928364	0.130337121
-1.624624625	0.130304733	0.199104405	0.171433612	0.352246360	0.120087946	0.132559075
-1.617617618	0.132889314	0.202204628	0.174285102	0.355824069	0.122294775	0.134827296
-1.610610611	0.135532063	0.205360137	0.177192196	0.359429528	0.124550052	0.137142913
-1.603603604	0.138234450	0.208572009	0.180156118	0.363062600	0.126855015	0.139507090
-1.596596597	0.140997983	0.211841345	0.183178123	0.366723135	0.129210935	0.141921018
-1.589589590	0.143824212	0.215169263	0.186259490	0.370410966	0.131619121	0.144385923
-1.582582583	0.146714730	0.218556905	0.189401532	0.374125909	0.134080917	0.146903065
-1.575575576	0.149671172	0.222005434	0.192605590	0.377867764	0.136597708	0.149473737
-1.568568569	0.152695217	0.225516033	0.195873036	0.381636312	0.139170915	0.152099267
-1.561561562	0.155788590	0.229089910	0.199205274	0.385431319	0.141802002	0.154781022
-1.554554555	0.158953065	0.232728292	0.202603739	0.389252528	0.144492474	0.157520402
-1.547547548	0.162190461	0.236432431	0.206069899	0.393099666	0.147243880	0.160318851
-1.540540541	0.165502647	0.240203600	0.209605256	0.396972439	0.150057811	0.163177848
-1.533533534	0.168891543	0.244043095	0.213211345	0.400870533	0.152935904	0.166098913
-1.526526527	0.172359120	0.247952235	0.216889735	0.404793612	0.155879845	0.169083611
-1.519519520	0.175907402	0.251932363	0.220642032	0.408741321	0.158891366	0.172133545
-1.512512513	0.179538468	0.255984845	0.224469875	0.412713279	0.161972248	0.175250366
-1.505505506	0.183254451	0.260111068	0.228374941	0.416709084	0.165124324	0.178435769
-1.498498498	0.187057541	0.264312444	0.232358943	0.420728313	0.168349479	0.181691493
-1.491491491	0.190949987	0.268590410	0.236423632	0.424770515	0.171649651	0.185019328
-1.484484484	0.194934097	0.272946423	0.240570795	0.428835216	0.175026834	0.188421111
-1.477477477	0.199012239	0.277381966	0.244802259	0.432921918	0.178483079	0.191898728
-1.470470470	0.203186843	0.281898544	0.249119890	0.437030093	0.182020493	0.195454120
-1.463463463	0.207460403	0.286497685	0.253525592	0.441159191	0.185641246	0.199089276
-1.456456456	0.211835476	0.291180941	0.258021311	0.445308632	0.189347565	0.202806242
-1.449449449	0.216314687	0.295949886	0.262609030	0.449477808	0.193141744	0.206607119
-1.442442442	0.220900725	0.300806117	0.267290775	0.453666084	0.197026140	0.210494064
-1.435435435	0.225596349	0.305751253	0.272068612	0.457872794	0.201003175	0.214469293
-1.428428428	0.230404388	0.310786934	0.276944648	0.462097243	0.205075340	0.218535079
-1.421421421	0.235327739	0.315914825	0.281921033	0.466338704	0.209245196	0.222693761
-1.414414414	0.240369374	0.321136606	0.286999956	0.470596421	0.213515374	0.226947733
-1.407407407	0.245532335	0.326453984	0.292183650	0.474869604	0.217888578	0.231299460
-1.400400400	0.250819738	0.331868681	0.297474389	0.479157430	0.222367586	0.235751467
-1.393393393	0.256234775	0.337382440	0.302874488	0.483459046	0.226955254	0.240306347
-1.386386386	0.261780711	0.342997021	0.308386306	0.487773560	0.231654514	0.244966761
-1.379379379	0.267460890	0.348714204	0.314012242	0.492100050	0.236468379	0.249735440
-1.372372372	0.273278731	0.354535783	0.319754735	0.496437556	0.241399942	0.254615184
-1.365365365	0.279237730	0.360463567	0.325616268	0.500785082	0.246452379	0.259608866
-1.358358358	0.285341461	0.366499381	0.331599362	0.505141597	0.251628951	0.264719432
-1.351351351	0.291593578	0.372645060	0.337706579	0.509506032	0.256933005	0.269949904
-1.344344344	0.297997810	0.378902453	0.343940521	0.513877280	0.262367974	0.275303376
-1.337337337	0.304557965	0.385273416	0.350303826	0.518254195	0.267937382	0.280783024
-1.330330330	0.311277930	0.391759815	0.356799172	0.522635593	0.273644842	0.286392098
-1.323323323	0.318161668	0.398363519	0.363429271	0.527020251	0.279494058	0.292133930
-1.316316316	0.325213218	0.405086402	0.370196869	0.531406903	0.285488829	0.298011930
-1.309309309	0.332436696	0.411930342	0.377104749	0.535794246	0.291633046	0.304029591
-1.302302302	0.339836290	0.418897211	0.384155721	0.540180933	0.297930696	0.310190488
-1.295295295	0.347416264	0.425988881	0.391352627	0.544565576	0.304385860	0.316498277
-1.288288288	0.355180948	0.433207215	0.398698335	0.548946746	0.311002718	0.322956699
-1.281281281	0.363134745	0.440554068	0.406195739	0.553322970	0.317785545	0.329569578
-1.274274274	0.371282121	0.448031282	0.413847752	0.557692733	0.324738713	0.336340821
-1.267267267	0.379627604	0.455640680	0.421657310	0.562054474	0.331866693	0.343274421
-1.260260260	0.388175782	0.463384066	0.429627359	0.566406592	0.339174052	0.350374453
-1.253253253	0.396931298	0.471263218	0.437760862	0.570747440	0.346665454	0.357645077
-1.246246246	0.405898844	0.479279887	0.446060786	0.575075325	0.354345659	0.365090536
-1.239239239	0.415083157	0.487435788	0.454530102	0.579388513	0.362219523	0.372715154
-1.232232232	0.424489012	0.495732597	0.463171778	0.583685220	0.370291992	0.380523337
-1.225225225	0.434121217	0.504171945	0.471988777	0.587963623	0.378568109	0.388519572
-1.218218218	0.443984604	0.512755414	0.480984047	0.592221849	0.387053002	0.396708421
-1.211211211	0.454084021	0.521484528	0.490160516	0.596457982	0.395751888	0.405094524
-1.204204204	0.464424322	0.530360748	0.499521087	0.600670059	0.404670066	0.413682592
-1.197197197	0.475010361	0.539385464	0.509068628	0.604856074	0.413812915	0.422477407
-1.190190190	0.485846974	0.548559988	0.518805964	0.609013974	0.423185890	0.431483819
-1.183183183	0.496938974	0.557885547	0.528735870	0.613141662	0.432794514	0.440706737
-1.176176176	0.508291131	0.567363273	0.538861062	0.617236995	0.442644375	0.450151130
-1.169169169	0.519908165	0.576994194	0.549184184	0.621297786	0.452741117	0.459822017
-1.162162162	0.531794721	0.586779225	0.559707797	0.625321803	0.463090435	0.469724465
-1.155155155	0.543955361	0.596719159	0.570434372	0.629306772	0.473698063	0.479863579
-1.148148148	0.556394538	0.606814653	0.581366272	0.633250373	0.484569766	0.490244494
-1.141141141	0.569116581	0.617066220	0.592505740	0.637150244	0.495711332	0.500872371
-1.134134134	0.582125667	0.627474217	0.603854886	0.641003982	0.507128554	0.511752382
-1.127127127	0.595425805	0.638038829	0.615415671	0.644809140	0.518827221	0.522889701
-1.120120120	0.609020804	0.648760058	0.627189889	0.648563232	0.530813105	0.534289494
-1.113113113	0.622914248	0.659637711	0.639179151	0.652263729	0.543091937	0.545956906
-1.106106106	0.637109467	0.670671381	0.651384863	0.655908067	0.555669399	0.557897044
-1.099099099	0.651609504	0.681860433	0.663808211	0.659493641	0.568551098	0.570114962
-1.092092092	0.666417083	0.693203991	0.676450137	0.663017809	0.581742547	0.582615649
-1.085085085	0.681534570	0.704700915	0.689311313	0.666477893	0.595249140	0.595404001
-1.078078078	0.696963936	0.716349787	0.702392123	0.669871183	0.609076128	0.608484811
-1.071071071	0.712706717	0.728148891	0.715692634	0.673194932	0.623228593	0.621862737
-1.064064064	0.728763966	0.740096195	0.729212570	0.676446364	0.637711413	0.635542285
-1.057057057	0.745136212	0.752189327	0.742951281	0.679622671	0.652529234	0.649527780
-1.050050050	0.761823407	0.764425557	0.756907718	0.682721018	0.667686434	0.663823337
-1.043043043	0.778824873	0.776801771	0.771080396	0.685738543	0.683187083	0.678432831
-1.036036036	0.796139252	0.789314450	0.785467362	0.688672359	0.699034902	0.693359862
-1.029029029	0.813764442	0.801959648	0.800066165	0.691519555	0.715233222	0.708607724
-1.022022022	0.831697541	0.814732961	0.814873808	0.694277202	0.731784933	0.724179360
-1.015015015	0.849934777	0.827629506	0.829886722	0.696942350	0.748692436	0.740077325
-1.008008008	0.868471450	0.840643891	0.845100716	0.699512034	0.765957584	0.756303738
-1.001001001	0.887301853	0.853770187	0.860510937	0.701983275	0.783581631	0.772860239
-0.993993994	0.906419205	0.867001904	0.876111830	0.704353084	0.801565162	0.789747930
-0.986986987	0.925815573	0.880331952	0.891897087	0.706618462	0.819908033	0.806967329
-0.979979980	0.945481794	0.893752620	0.907859600	0.708776405	0.838609296	0.824518305
-0.972972973	0.965407395	0.907255540	0.923991414	0.710823908	0.857667129	0.842400019
-0.965965966	0.985580509	0.920831654	0.940283673	0.712757962	0.877078752	0.860610855
-0.958958959	1.005987789	0.934471182	0.956726566	0.714575566	0.896840347	0.879148353
-0.951951952	1.026614323	0.948163594	0.973309278	0.716273723	0.916946971	0.898009132
-0.944944945	1.047443541	0.961897566	0.990019926	0.717849447	0.937392458	0.917188809
-0.937937938	1.068457133	0.975660954	1.006845508	0.719299766	0.958169329	0.936681923
-0.930930931	1.089634949	0.989440759	1.023771841	0.720621724	0.979268686	0.956481837
-0.923923924	1.110954914	1.003223086	1.040783501	0.721812387	1.000680106	0.976580655
-0.916916917	1.132392939	1.016993117	1.057863763	0.722868844	1.022391533	0.996969116
-0.909909910	1.153922828	1.030735071	1.074994541	0.723788214	1.044389162	1.017636500
-0.902902903	1.175516193	1.044432173	1.092156325	0.724567649	1.066657323	1.038570517
-0.895895896	1.197142369	1.058066619	1.109328117	0.725204336	1.089178354	1.059757197
-0.888888889	1.218768333	1.071619543	1.126487374	0.725695504	1.111932482	1.081180778
-0.881881882	1.240358630	1.085070987	1.143609944	0.726038427	1.134897692	1.102823580
-0.874874875	1.261875298	1.098399869	1.160670010	0.726230430	1.158049599	1.124665891
-0.867867868	1.283277808	1.111583952	1.177640027	0.726268889	1.181361314	1.146685832
-0.860860861	1.304523006	1.124599824	1.194490668	0.726151241	1.204803313	1.168859232
-0.853853854	1.325565068	1.137422866	1.211190775	0.725874986	1.228343306	1.191159495
-0.846846847	1.346355465	1.150027235	1.227707303	0.725437692	1.251946105	1.213557461
-0.839839840	1.366842939	1.162385842	1.244005279	0.724837001	1.275573497	1.236021277
-0.832832833	1.386973494	1.174470341	1.260047759	0.724070629	1.299184115	1.258516254
-0.825825826	1.406690404	1.186251114	1.275795791	0.723136378	1.322733322	1.281004731
-0.818818819	1.425934234	1.197697268	1.291208394	0.722032138	1.346173094	1.303445945
-0.811811812	1.444642889	1.208776630	1.306242527	0.720755888	1.369451915	1.325795889
-0.804804805	1.462751670	1.219455756	1.320853083	0.719305707	1.392514682	1.348007192
-0.797797798	1.480193370	1.229699940	1.334992885	0.717679777	1.415302620	1.370028985
-0.790790791	1.496898377	1.239473232	1.348612693	0.715876385	1.437753214	1.391806792
-0.783783784	1.512794818	1.248738463	1.361661224	0.713893934	1.459800153	1.413282416
-0.776776777	1.527808721	1.257457283	1.374085185	0.711730943	1.481373299	1.434393844
-0.769769770	1.541864214	1.265590199	1.385829322	0.709386053	1.502398671	1.455075155
-0.762762763	1.554883749	1.273096637	1.396836483	0.706858034	1.522798462	1.475256459
-0.755755756	1.566788364	1.279934998	1.407047701	0.704145788	1.542491070	1.494863835
-0.748748749	1.577497980	1.286062742	1.416402290	0.701248355	1.561391176	1.513819303
-0.741741742	1.586931725	1.291436472	1.424837972	0.698164918	1.579409841	1.532040816
-0.734734735	1.595008308	1.296012040	1.432291016	0.694894807	1.596454647	1.549442273
-0.727727728	1.601646416	1.299744665	1.438696408	0.691437504	1.612429878	1.565933571
-0.720720721	1.606765158	1.302589062	1.443988042	0.687792648	1.627236737	1.581420681
-0.713713714	1.610284547	1.304499598	1.448098940	0.683960041	1.640773623	1.595805774
-0.706706707	1.612126010	1.305430450	1.450961506	0.679939647	1.652936441	1.608987372
-0.699699700	1.612212947	1.305335799	1.452507797	0.675731604	1.663618978	1.620860561
-0.692692693	1.610471320	1.304170027	1.452669847	0.671336223	1.672713329	1.631317243
-0.685685686	1.606830274	1.301887945	1.451380005	0.666753994	1.680110383	1.640246446
-0.678678679	1.601222794	1.298445039	1.448571321	0.661985587	1.685700372	1.647534697
-0.671671672	1.593586394	1.293797731	1.444177970	0.657031860	1.689373479	1.653066455
-0.664664665	1.583863829	1.287903674	1.438135707	0.651893861	1.691020521	1.656724618
-0.657657658	1.572003831	1.280722061	1.430382372	0.646572829	1.690533694	1.658391099
-0.650650651	1.557961867	1.272213959	1.420858431	0.641070201	1.687807392	1.657947491
-0.643643644	1.541700909	1.262342670	1.409507562	0.635387610	1.682739092	1.655275811
-0.636636637	1.523192214	1.251074112	1.396277286	0.629526893	1.675230323	1.650259343
-0.629629630	1.502416109	1.238377225	1.381119645	0.623490090	1.665187692	1.642783575
-0.622622623	1.479362767	1.224224401	1.363991921	0.617279444	1.652523998	1.632737240
-0.615615616	1.454032977	1.208591935	1.344857406	0.610897410	1.637159407	1.620013469
-0.608608609	1.426438891	1.191460501	1.323686211	0.604346649	1.619022702	1.604511067
-0.601601602	1.396604741	1.172815645	1.300456128	0.597630032	1.598052602	1.586135899
-0.594594595	1.364567523	1.152648298	1.275153528	0.590750643	1.574199140	1.564802412
-0.587587588	1.330377625	1.130955308	1.247774301	0.583711777	1.547425107	1.540435299
-0.580580581	1.294099392	1.107739982	1.218324836	0.576516938	1.517707547	1.512971284
-0.573573574	1.255811629	1.083012644	1.186823027	0.569169844	1.485039299	1.482361071
-0.566566567	1.215607999	1.056791190	1.153299314	0.561674423	1.449430576	1.448571423
-0.559559560	1.173597333	1.029101655	1.117797730	0.554034813	1.410910569	1.411587400
-0.552552553	1.129903817	0.999978768	1.080376965	0.546255360	1.369529066	1.371414738
-0.545545546	1.084667047	0.969466502	1.041111416	0.538340616	1.325358056	1.328082370
-0.538538539	1.038041931	0.937618597	1.000092223	0.530295338	1.278493310	1.281645080
-0.531531532	0.990198431	0.904499060	0.957428259	0.522124484	1.229055908	1.232186275
-0.524524525	0.941321108	0.870182626	0.913247046	0.513833211	1.177193672	1.179820850
-0.517517518	0.891608475	0.834755165	0.867695590	0.505426869	1.123082478	1.124698104
-0.510510511	0.841272124	0.798314025	0.820941075	0.496911002	1.066927390	1.067004683
-0.503503504	0.790535608	0.760968295	0.773171384	0.488291336	1.008963571	1.006967450
-0.496496496	0.739633078	0.722838967	0.724595403	0.479573781	0.949456894	0.944856234
-0.489489489	0.688807642	0.684058984	0.675443044	0.470764422	0.888704183	0.880986306
-0.482482482	0.638309440	0.644773145	0.625964922	0.461869513	0.827032998	0.815720470
-0.475475475	0.588393430	0.605137853	0.576431604	0.452895471	0.764800850	0.749470552
-0.468468468	0.539316873	0.565320661	0.527132361	0.443848869	0.702393739	0.682698063
-0.461461461	0.491336521	0.525499617	0.478373301	0.434736432	0.640223879	0.615913735
-0.454454454	0.444705510	0.485862348	0.430474803	0.425565019	0.578726476	0.549675554
-0.447447447	0.399669983	0.446604874	0.383768113	0.416341628	0.518355376	0.484584848
-0.440440440	0.356465457	0.407930108	0.338591011	0.407073376	0.459577465	0.421279880
-0.433433433	0.315312988	0.370046010	0.295282401	0.397767496	0.402865611	0.360426318
-0.426426426	0.276415169	0.333163367	0.254175748	0.388431322	0.348690029	0.302703848
-0.419419419	0.239952045	0.297493176	0.215591246	0.379072284	0.297507933	0.248788142
-0.412412412	0.206077034	0.263243586	0.179826698	0.369697894	0.249751392	0.199327371
-0.405405405	0.174912954	0.230616407	0.147147107	0.360315735	0.205813406	0.154912561
-0.398398398	0.146548309	0.199803168	0.117773126	0.350933448	0.166032338	0.116041370
-0.391391391	0.121033979	0.170980745	0.091868628	0.341558724	0.130675024	0.083075542
-0.384384384	0.098380510	0.144306592	0.069527908	0.332199285	0.099919173	0.056193497
-0.377377377	0.078556204	0.119913657	0.050763306	0.322862878	0.073836030	0.035341669
-0.370370370	0.061486243	0.097905095	0.035494440	0.313557254	0.052374767	0.020191652
-0.363363363	0.047053077	0.078348952	0.023540706	0.304290163	0.035350696	0.010115292
-0.356356356	0.035098300	0.061273077	0.014619219	0.295069330	0.022440044	0.004196450
-0.349349349	0.025426236	0.046660585	0.008350852	0.285902449	0.013184723	0.001304037
-0.342342342	0.017809345	0.034446318	0.004277208	0.276797165	0.007010843	0.000248787
-0.335335335	0.011995524	0.024514849	0.001890861	0.267761056	0.003264304	0.000018059
-0.328328328	0.007717181	0.016700669	0.000679319	0.258801625	0.001264818	0.000000092
-0.321321321	0.004701797	0.010791287	0.000179001	0.249926277	0.000375021	0.000000000
-0.314314314	0.002683419	0.006533957	0.000028484	0.241142308	0.000073126	0.000000000
-0.307307307	0.001414252	0.003646599	0.000001773	0.232456890	0.000006853	0.000000000
-0.300300300	0.000675264	0.001833131	0.000000012	0.223877051	0.000000137	0.000000000
-0.293293293	0.000284514	0.000802657	0.000000000	0.215409663	0.000000000	0.000000000
-0.286286286	0.000101894	0.000290859	0.000000000	0.207061425	0.000000000	0.000000000
-0.279279279	0.000029340	0.000080270	0.000000000	0.198838849	0.000000000	0.000000000
-0.272272272	0.000006225	0.000014561	0.000000000	0.190748241	0.000000000	0.000000000
-0.265265265	0.000000840	0.000001291	0.000000000	0.182795690	0.000000000	0.000000000
-0.258258258	0.000000055	0.000000027	0.000000000	0.174987049	0.000000000	0.000000000
-0.251251251	0.000000001	0.000000000	0.000000000	0.167327923	0.000000000	0.000000000
-0.244244244	0.000000000	0.000000000	0.000000000	0.159823653	0.000000000	0.000000000
-0.237237237	0.000000000	0.000000000	0.000000000	0.152479303	0.000000000	0.000000000
-0.230230230	0.000000000	0.000000000	0.000000000	0.145299645	0.000000000	0.000000000
-0.223223223	0.000000000	0.000000000	0.000000000	0.138289147	0.000000000	0.000000000
-0.216216216	0.000000000	0.000000000	0.000000000	0.131451962	0.000000000	0.000000000
-0.209209209	0.000000000	0.000000000	0.000000000	0.124791914	0.000000000	0.000000000
-0.202202202	0.000000000	0.000000000	0.000000000	0.118312485	0.000000000	0.000000000
-0.195195195	0.000000000	0.000000000	0.000000000	0.112016810	0.000000000	0.000000000
-0.188188188	0.000000000	0.000000000	0.000000000	0.105907664	0.000000000	0.000000000
-0.181181181	0.000000000	0.000000000	0.000000000	0.099987455	0.000000000	0.000000000
-0.174174174	0.000000000	0.000000000	0.000000000	0.094258214	0.000000000	0.000000000
-0.167167167	0.000000000	0.000000000	0.000000000	0.088721593	0.000000000	0.000000000
-0.160160160	0.000000000	0.000000000	0.000000000	0.083378853	0.000000000	0.000000000
-0.153153153	0.000000000	0.000000000	0.000000000	0.078230867	0.000000000	0.000000000
-0.146146146	0.000000000	0.000000000	0.000000000	0.073278114	0.000000000	0.000000000
-0.139139139	0.000000000	0.000000000	0.000000000	0.068520675	0.000000000	0.000000000
-0.132132132	0.000000000	0.000000000	0.000000000	0.063958237	0.000000000	0.000000000
-0.125125125	0.000000000	0.000000000	0.000000000	0.059590089	0.000000000	0.000000000
-0.118118118	0.000000000	0.000000000	0.000000000	0.055415132	0.000000000	0.000000000
-0.111111111	0.000000000	0.000000000	0.000000000	0.051431874	0.000000000	0.000000000
-0.104104104	0.000000000	0.000000000	0.000000000	0.047638445	0.000000000	0.000000000
-0.097097097	0.000000000	0.000000000	0.000000000	0.044032594	0.000000000	0.000000000
-0.090090090	0.000000000	0.000000000	0.000000000	0.040611706	0.000000000	0.000000000
-0.083083083	0.000000000	0.000000000	0.000000000	0.037372810	0.000000000	0.000000000
-0.076076076	0.000000000	0.000000000	0.000000000	0.034312587	0.000000000	0.000000000
-0.069069069	0.000000000	0.000000000	0.000000000	0.031427389	0.000000000	0.000000000
-0.062062062	0.000000000	0.000000000	0.000000000	0.028713250	0.000000000	0.000000000
-0.055055055	0.000000000	0.000000000	0.000000000	0.026165904	0.000000000	0.000000000
-0.048048048	0.000000000	0.000000000	0.000000000	0.023780805	0.000000000	0.000000000
-0.041041041	0.000000000	0.000000000	0.000000000	0.021553140	0.000000000	0.000000000
-0.034034034	0.000000000	0.000000000	0.000000000	0.019477859	0.000000000	0.000000000
-0.027027027	0.000000000	0.000000000	0.000000000	0.017549689	0.000000000	0.000000000
-0.020020020	0.000000000	0.000000000	0.000000000	0.015763162	0.000000000	0.000000000
-0.013013013	0.000000000	0.000000000	0.000000000	0.014112639	0.000000000	0.000000000
-0.006006006	0.000000000	0.000000000	0.000000000	0.012592334	0.000000000	0.000000000
0.001001001	0.000000000	0.000000000	0.000000000	0.011196339	0.000000000	0.000000000
0.008008008	0.000000000	0.000000000	0.000000000	0.009918656	0.000000000	0.000000000
0.015015015	0.000000000	0.000000000	0.000000000	0.008753220	0.000000000	0.000000000
0.022022022	0.000000000	0.000000000	0.000000000	0.007693928	0.000000000	0.000000000
0.029029029	0.000000000	0.000000000	0.000000000	0.006734667	0.000000000	0.000000000
0.036036036	0.000000000	0.000000000	0.000000000	0.005869344	0.000000000	0.000000000
0.043043043	0.000000000	0.000000000	0.000000000	0.005091909	0.000000000	0.000000000
0.050050050	0.000000000	0.000000000	0.000000000	0.004396387	0.000000000	0.000000000
0.057057057	0.000000000	0.000000000	0.000000000	0.003776903	0.000000000	0.000000000
0.064064064	0.000000000	0.000000000	0.000000000	0.003227704	0.000000000	0.000000000
0.071071071	0.000000000	0.000000000	0.000000000	0.002743190	0.000000000	0.000000000
0.078078078	0.000000000	0.000000000	0.000000000	0.002317931	0.000000000	0.000000000
0.085085085	0.000000000	0.000000000	0.000000000	0.001946689	0.000000000	0.000000000
0.092092092	0.000000000	0.000000000	0.000000000	0.001624441	0.000000000	0.000000000
0.099099099	0.000000000	0.000000000	0.000000000	0.001346392	0.000000000	0.000000000
0.106106106	0.000000000	0.000000000	0.000000000	0.001107992	0.000000000	0.000000000
0.113113113	0.000000000	0.000000000	0.000000000	0.000904949	0.000000000	0.000000000
0.120120120	0.000000000	0.000000000	0.000000000	0.000733237	0.000000000	0.000000000
0.127127127	0.000000000	0.000000000	0.000000000	0.000589105	0.000000000	0.000000000
0.134134134	0.000000000	0.000000000	0.000000000	0.000469078	0.000000000	0.000000000
0.141141141	0.000000000	0.000000000	0.000000000	0.000369966	0.000000000	0.000000000
0.148148148	0.000000000	0.000000000	0.000000000	0.000288853	0.000000000	0.000000000
0.155155155	0.000000000	0.000000000	0.000000000	0.000223103	0.000000000	0.000000000
0.162162162	0.000000000	0.000000000	0.000000000	0.000170346	0.000000000	0.000000000
0.169169169	0.000000000	0.000000000	0.000000000	0.000128473	0.000000000	0.000000000
0.176176176	0.000000000	0.000000000	0.000000000	0.000095624	0.000000000	0.000000000
0.183183183	0.000000000	0.000000000	0.000000000	0.000070174	0.000000000	0.000000000
0.190190190	0.000000000	0.000000000	0.000000000	0.000050720	0.000000000	0.000000000
0.197197197	0.000000000	0.000000000	0.000000000	0.000036064	0.000000000	0.000000000
0.204204204	0.000000000	0.000000000	0.000000000	0.000025192	0.000000000	0.000000000
0.211211211	0.000000000	0.000000000	0.000000000	0.000017264	0.000000000	0.000000000
0.218218218	0.000000000	0.000000000	0.000000000	0.000011587	0.000000000	0.000000000
0.225225225	0.000000000	0.000000000	0.000000000	0.000007603	0.000000000	0.000000000
0.232232232	0.000000000	0.000000000	0.000000000	0.000004867	0.000000000	0.000000000
0.239239239	0.000000000	0.000000000	0.000000000	0.000003032	0.000000000	0.000000000
0.246246246	0.000000000	0.000000000	0.000000000	0.000001834	0.000000000	0.000000000
0.253253253	0.000000000	0.000000000	0.000000000	0.000001073	0.000000000	0.000000000
0.260260260	0.000000000	0.000000000	0.000000000	0.000000605	0.000000000	0.000000000
0.267267267	0.000000000	0.000000000	0.000000000	0.000000328	0.000000000	0.000000000
0.274274274	0.000000000	0.000000000	0.000000000	0.000000170	0.000000000	0.000000000
0.281281281	0.000000000	0.000000000	0.000000000	0.000000083	0.000000000	0.000000000
0.288288288	0.000000000	0.000000000	0.000000000	0.000000039	0.000000000	0.000000000
0.295295295	0.000000000	0.000000000	0.000000000	0.000000017	0.000000000	0.000000000
0.302302302	0.000000000	0.000000000	0.000000000	0.000000007	0.000000000	0.000000000
0.309309309	0.000000000	0.000000000	0.000000000	0.000000002	0.000000000	0.000000000
0.316316316	0.000000000	0.000000000	0.000000000	0.000000001	0.000000000	0.000000000
0.323323323	0.000000000	0.000000000	0.000000000	0.000000000	0.000000000	0.000000000
0.330330330	0.000000000	0.000000000	0.000000000	0.000000000	0.000000000	0.000000000
0.337337337	0.000000000	0.000000000	0.000000000	0.000000000	0.000000000	0.000000000
0.344344344	0.000000000	0.000000000	0.000000000	0.000000000	0.000000000	0.000000000
0.351351351	0.000000000	0.000000000	0.000000000	0.000000000	0.000000000	0.000000000
0.358358358	0.000000000	0.000000000	0.000000000	0.000000000	0.000000000	0.000000000
0.365365365	0.000000000	0.000000000	0.000000000	0.000000000	0.000000000	0.000000000
0.372372372	0.000000000	0.000000000	0.000000000	0.000000000	0.000000000	0.000000000
0.379379379	0.000000000	0.000000000	0.000000000	0.000000000	0.000000000	0.000000000
0.386386386	0.000000000	0.000000000	0.000000000	0.000000000	0.000000000	0.000000000
0.393393393	0.000000000	0.000000000	0.000000000	0.000000000	0.000000000	0.000000000
0.400400400	0.000000000	0.000000000	0.000000000	0.000000000	0.000000000	0.000000000
0.407407407	0.000000000	0.000000000	0.000000000	0.000000000	0.000000000	0.000000000
0.414414414	0.000000000	0.000000000	0.000000000	0.000000000	0.000000000	0.000000000
0.421421421	0.000000000	0.000000000	0.000000000	0.000000000	0.000000000	0.000000000
0.428428428	0.000000000	0.000000000	0.000000000	0.000000000	0.000000000	0.000000000
0.435435435	0.000000000	0.000000000	0.000000000	0.000000000	0.000000000	0.000000000
0.442442442	0.000000000	0.000000000	0.000000000	0.000000000	0.000000000	0.000000000
0.449449449	0.000000000	0.000000000	0.000000000	0.000000000	0.000000000	0.000000000
0.456456456	0.000000000	0.000000000	0.000000000	0.000000000	0.000000000	0.000000000
0.463463463	0.000000000	0.000000000	0.000000000	0.000000000	0.000000000	0.000000000
0.470470470	0.000000000	0.000000000	0.000000000	0.000000000	0.000000000	0.000000000
0.477477477	0.000000000	0.000000000	0.000000000	0.000000000	0.000000000	0.000000000
0.484484484	0.000000000	0.000000000	0.000000000	0.000000000	0.000000000	0.000000000
0.491491491	0.000000000	0.000000000	0.000000000	0.000000000	0.000000000	0.000000000
0.498498498	0.000000000	0.000000000	0.000000000	0.000000000	0.000000000	0.000000000
0.505505506	0.000000000	0.000000000	0.000000000	0.000000000	0.000000000	0.000000000
0.512512513	0.000000000	0.000000000	0.000000000	0.000000000	0.000000000	0.000000000
0.519519520	0.000000000	0.000000000	0.000000000	0.000000000	0.000000000	0.000000000
0.526526527	0.000000000	0.000000000	0.000000000	0.000000000	0.000000000	0.000000000
0.533533534	0.000000000	0.000000000	0.000000000	0.000000000	0.000000000	0.000000000
0.540540541	0.000000000	0.000000000	0.000000000	0.000000000	0.000000000	0.000000000
0.547547548	0.000000000	0.000000000	0.000000000	0.000000000	0.000000000	0.000000000
0.554554555	0.000000000	0.000000000	0.000000000	0.000000000	0.000000000	0.000000000
0.561561562	0.000000000	0.000000000	0.000000000	0.000000000	0.000000000	0.000000000
0.568568569	0.000000000	0.000000000	0.000000000	0.000000000	0.000000000	0.000000000
0.575575576	0.000000000	0.000000000	0.000000000	0.000000000	0.000000000	0.000000000
0.582582583	0.000000000	0.000000000	0.000000000	0.000000000	0.000000000	0.000000000
0.589589590	0.000000000	0.000000000	0.000000000	0.000000000	0.000000000	0.000000000
0.596596597	0.000000000	0.000000000	0.000000000	0.000000000	0.000000000	0.000000000
0.603603604	0.000000000	0.000000000	0.000000000	0.000000000	0.000000000	0.000000000
0.610610611	0.000000000	0.000000000	0.000000000	0.000000000	0.000000000	0.000000000
0.617617618	0.000000000	0.000000000	0.000000000	0.000000000	0.000000000	0.000000000
0.624624625	0.000000000	0.000000000	0.000000000	0.000000000	0.000000000	0.000000000
0.631631632	0.000000000	0.000000000	0.000000000	0.000000000	0.000000000	0.000000000
0.638638639	0.000000000	0.000000000	0.000000000	0.000000000	0.000000000	0.000000000
0.645645646	0.000000000	0.000000000	0.000000000	0.000000000	0.000000000	0.000000000
0.652652653	0.000000000	0.000000000	0.000000000	0.000000000	0.000000000	0.000000000
0.659659660	0.000000000	0.000000000	0.000000000	0.000000000	0.000000000	0.000000000
0.666666667	0.000000000	0.000000000	0.000000000	0.000000000	0.000000000	0.000000000
0.673673674	0.000000000	0.000000000	0.000000000	0.000000000	0.000000000	0.000000000
0.680680681	0.000000000	0.000000000	0.000000000	0.000000000	0.000000000	0.000000000
0.687687688	0.000000000	0.000000000	0.000000000	0.000000000	0.000000000	0.000000000
0.694694695	0.000000000	0.000000000	0.000000000	0.000000000	0.000000000	0.000000000
0.701701702	0.000000000	0.000000000	0.000000000	0.000000000	0.000000000	0.000000000
0.708708709	0.000000000	0.000000000	0.000000000	0.000000000	0.000000000	0.000000000
0.715715716	0.000000000	0.000000000	0.000000000	0.000000000	0.000000000	0.000000000
0.722722723	0.000000000	0.000000000	0.000000000	0.000000000	0.000000000	0.000000000
0.729729730	0.000000000	0.000000000	0.000000000	0.000000000	0.000000000	0.000000000
0.736736737	0.000000000	0.000000000	0.000000000	0.000000000	0.000000000	0.000000000
0.743743744	0.000000000	0.000000000	0.000000000	0.000000000	0.000000000	0.000000000
0.750750751	0.000000000	0.000000000	0.000000000	0.000000000	0.000000000	0.000000000
0.757757758	0.000000000	0.000000000	0.000000000	0.000000000	0.000000000	0.000000000
0.764764765	0.000000000	0.000000000	0.000000000	0.000000000	0.000000000	0.000000000
0.771771772	0.000000000	0.000000000	0.000000000	0.000000000	0.000000000	0.000000000
0.778778779	0.000000000	0.000000000	0.000000000	0.000000000	0.000000000	0.000000000
0.785785786	0.000000000	0.000000000	0.000000000	0.000000000	0.000000000	0.000000000
0.792792793	0.000000000	0.000000000	0.000000000	0.000000000	0.000000000	0.000000000
0.799799800	0.000000000	0.000000000	0.000000000	0.000000000	0.000000000	0.000000000
0.806806807	0.000000000	0.000000000	0.000000000	0.000000000	0.000000000	0.000000000
0.813813814	0.000000000	0.000000000	0.000000000	0.000000000	0.000000000	0.000000000
0.820820821	0.000000000	0.000000000	0.000000000	0.000000000	0.000000000	0.000000000
0.827827828	0.000000000	0.000000000	0.000000000	0.000000000	0.000000000	0.000000000
0.834834835	0.000000000	0.000000000	0.000000000	0.000000000	0.000000000	0.000000000
0.841841842	0.000000000	0.000000000	0.000000000	0.000000000	0.000000000	0.000000000
0.848848849	0.000000000	0.000000000	0.000000000	0.000000000	0.000000000	0.000000000
0.855855856	0.000000000	0.000000000	0.000000000	0.000000000	0.000000000	0.000000000
0.862862863	0.000000000	0.000000000	0.000000000	0.000000000	0.000000000	0.000000000
0.869869870	0.000000000	0.000000000	0.000000000	0.000000000	0.000000000	0.000000000
0.876876877	0.000000000	0.000000000	0.000000000	0.000000000	0.000000000	0.000000000
0.883883884	0.000000000	0.000000000	0.000000000	0.000000000	0.000000000	0.000000000
0.890890891	0.000000000	0.000000000	0.000000000	0.000000000	0.000000000	0.000000000
0.897897898	0.000000000	0.000000000	0.000000000	0.000000000	0.000000000	0.000000000
0.904904905	0.000000000	0.000000000	0.000000000	0.000000000	0.000000000	0.000000000
0.911911912	0.000000000	0.000000000	0.000000000	0.000000000	0.000000000	0.000000000
0.918918919	0.000000000	0.000000000	0.000000000	0.000000000	0.000000000	0.000000000
0.925925926	0.000000000	0.000000000	0.000000000	0.000000000	0.000000000	0.000000000
0.932932933	0.000000000	0.000000000	0.000000000	0.000000000	0.000000000	0.000000000
0.939939940	0.000000000	0.000000000	0.000000000	0.000000000	0.000000000	0.000000000
0.946946947	0.000000000	0.000000000	0.000000000	0.000000000	0.000000000	0.000000000
0.953953954	0.000000000	0.000000000	0.000000000	0.000000000	0.000000000	0.000000000
0.960960961	0.000000000	0.000000000	0.000000000	0.000000000	0.000000000	0.000000000
0.967967968	0.000000000	0.000000000	0.000000000	0.000000000	0.000000000	0.000000000
0.974974975	0.000000000	0.000000000	0.000000000	0.000000000	0.000000000	0.000000000
0.981981982	0.000000000	0.000000000	0.000000000	0.000000000	0.000000000	0.000000000
0.988988989	0.000000000	0.000000000	0.000000000	0.000000000	0.000000000	0.000000000
0.995995996	0.000000000	0.000000000	0.000000000	0.000000000	0.000000000	0.000000000
1.003003003	0.000000000	0.000000000	0.000000000	0.000000000	0.000000000	0.000000000
1.010010010	0.000000000	0.000000000	0.000000000	0.000000000	0.000000000	0.000000000
1.017017017	0.000000000	0.000000000	0.000000000	0.000000000	0.000000000	0.000000000
1.024024024	0.000000000	0.000000000	0.000000000	0.000000000	0.000000000	0.000000000
1.031031031	0.000000000	0.000000000	0.000000000	0.000000000	0.000000000	0.000000000
1.038038038	0.000000000	0.000000000	0.000000000	0.000000000	0.000000000	0.000000000
1.045045045	0.000000000	0.000000000	0.000000000	0.000000000	0.000000000	0.000000000
1.052052052	0.000000000	0.000000000	0.000000000	0.000000000	0.000000000	0.000000000
1.059059059	0.000000000	0.000000000	0.000000000	0.000000000	0.000000000	0.000000000
1.066066066	0.000000000	0.000000000	0.000000000	0.000000000	0.000000000	0.000000000
1.073073073	0.000000000	0.000000000	0.000000000	0.000000000	0.000000000	0.000000000
1.080080080	0.000000000	0.000000000	0.000000000	0.000000000	0.000000000	0.000000000
1.087087087	0.000000000	0.000000000	0.000000000	0.000000000	0.000000000	0.000000000
1.094094094	0.000000000	0.000000000	0.000000000	0.000000000	0.000000000	0.000000000
1.101101101	0.000000000	0.000000000	0.000000000	0.000000000	0.000000000	0.000000000
1.108108108	0.000000000	0.000000000	0.000000000	0.000000000	0.000000000	0.000000000
1.115115115	0.000000000	0.000000000	0.000000000	0.000000000	0.000000000	0.000000000
1.122122122	0.000000000	0.000000000	0.000000000	0.000000000	0.000000000	0.000000000
1.129129129	0.000000000	0.000000000	0.000000000	0.000000000	0.000000000	0.000000000
1.136136136	0.000000000	0.000000000	0.000000000	0.000000000	0.000000000	0.000000000
1.143143143	0.000000000	0.000000000	0.000000000	0.000000000	0.000000000	0.000000000
1.150150150	0.000000000	0.000000000	0.000000000	0.000000000	0.000000000	0.000000000
1.157157157	0.000000000	0.000000000	0.000000000	0.000000000	0.000000000	0.000000000
1.164164164	0.000000000	0.000000000	0.000000000	0.000000000	0.000000000	0.000000000
1.171171171	0.000000000	0.000000000	0.000000000	0.000000000	0.000000000	0.000000000
1.178178178	0.000000000	0.000000000	0.000000000	0.000000000	0.000000000	0.000000000
1.185185185	0.000000000	0.000000000	0.000000000	0.000000000	0.000000000	0.000000000
1.192192192	0.000000000	0.000000000	0.000000000	0.000000000	0.000000000	0.000000000
1.199199199	0.000000000	0.000000000	0.000000000	0.000000000	0.000000000	0.000000000
1.206206206	0.000000000	0.000000000	0.000000000	0.000000000	0.000000000	0.000000000
1.213213213	0.000000000	0.000000000	0.000000000	0.000000000	0.000000000	0.000000000
1.220220220	0.000000000	0.000000000	0.000000000	0.000000000	0.000000000	0.000000000
1.227227227	0.000000000	0.000000000	0.000000000	0.000000000	0.000000000	0.000000000
1.234234234	0.000000000	0.000000000	0.000000000	0.000000000	0.000000000	0.000000000
1.241241241	0.000000000	0.000000000	0.000000000	0.000000000	0.000000000	0.000000000
1.248248248	0.000000000	0.000000000	0.000000000	0.000000000	0.000000000	0.000000000
1.255255255	0.000000000	0.000000000	0.000000000	0.000000000	0.000000000	0.000000000
1.262262262	0.000000000	0.000000000	0.000000000	0.000000000	0.000000000	0.000000000
1.269269269	0.000000000	0.000000000	0.000000000	0.000000000	0.000000000	0.000000000
1.276276276	0.000000000	0.000000000	0.000000000	0.000000000	0.000000000	0.000000000
1.283283283	0.000000000	0.000000000	0.000000000	0.000000000	0.000000000	0.000000000
1.290290290	0.000000000	0.000000000	0.000000000	0.000000000	0.000000000	0.000000000
1.297297297	0.000000000	0.000000000	0.000000000	0.000000000	0.000000000	0.000000000
1.304304304	0.000000000	0.000000000	0.000000000	0.000000000	0.000000000	0.000000000
1.311311311	0.000000000	0.000000000	0.000000000	0.000000000	0.000000000	0.000000000
1.318318318	0.000000000	0.000000000	0.000000000	0.000000000	0.000000000	0.000000000
1.325325325	0.000000000	0.000000000	0.000000000	0.000000000	0.000000000	0.000000000
1.332332332	0.000000000	0.000000000	0.000000000	0.000000000	0.000000000	0.000000000
1.339339339	0.000000000	0.000000000	0.000000000	0.000000000	0.000000000	0.000000000
1.346346346	0.000000000	0.000000000	0.000000000	0.000000000	0.000000000	0.000000000
1.353353353	0.000000000	0.000000000	0.000000000	0.000000000	0.000000000	0.000000000
1.360360360	0.000000000	0.000000000	0.000000000	0.000000000	0.000000000	0.000000000
1.367367367	0.000000000	0.000000000	0.000000000	0.000000000	0.000000000	0.000000000
1.374374374	0.000000000	0.000000000	0.000000000	0.000000000	0.000000000	0.000000000
1.381381381	0.000000000	0.000000000	0.000000000	0.000000000	0.000000000	0.000000000
1.388388388	0.000000000	0.000000000	0.000000000	0.000000000	0.000000000	0.000000000
1.395395395	0.000000000	0.000000000	0.000000000	0.000000000	0.000000000	0.000000000
1.402402402	0.000000000	0.000000000	0.000000000	0.000000000	0.000000000	0.000000000
1.409409409	0.000000000	0.000000000	0.000000000	0.000000000	0.000000000	0.000000000
1.416416416	0.000000000	0.000000000	0.000000000	0.000000000	0.000000000	0.000000000
1.423423423	0.000000000	0.000000000	0.000000000	0.000000000	0.000000000	0.000000000
1.430430430	0.000000000	0.000000000	0.000000000	0.000000000	0.000000000	0.000000000
1.437437437	0.000000000	0.000000000	0.000000000	0.000000000	0.000000000	0.000000000
1.444444444	0.000000000	0.000000000	0.000000000	0.000000000	0.000000000	0.000000000
1.451451451	0.000000000	0.000000000	0.000000000	0.000000000	0.000000000	0.000000000
1.458458458	0.000000000	0.000000000	0.000000000	0.000000000	0.000000000	0.000000000
1.465465465	0.000000000	0.000000000	0.000000000	0.000000000	0.000000000	0.000000000
1.472472472	0.000000000	0.000000000	0.000000000	0.000000000	0.000000000	0.000000000
1.479479479	0.000000000	0.000000000	0.000000000	0.000000000	0.000000000	0.000000000
1.486486486	0.000000000	0.000000000	0.000000000	0.000000000	0.000000000	0.000000000
1.493493493	0.000000000	0.000000000	0.000000000	0.000000000	0.000000000	0.000000000
1.500500501	0.000000000	0.000000000	0.000000000	0.000000000	0.000000000	0.000000000
1.507507508	0.000000000	0.000000000	0.000000000	0.000000000	0.000000000	0.000000000
1.514514515	0.000000000	0.000000000	0.000000000	0.000000000	0.000000000	0.000000000
1.521521522	0.000000000	0.000000000	0.000000000	0.000000000	0.000000000	0.000000000
1.528528529	0.000000000	0.000000000	0.000000000	0.000000000	0.000000000	0.000000000
1.535535536	0.000000000	0.000000000	0.000000000	0.000000000	0.000000000	0.000000000
1.542542543	0.000000000	0.000000000	0.000000000	0.000000000	0.000000000	0.000000000
1.549549550	0.000000000	0.000000000	0.000000000	0.000000000	0.000000000	0.000000000
1.556556557	0.000000000	0.000000000	0.000000000	0.000000000	0.000000000	0.000000000
1.563563564	0.000000000	0.000000000	0.000000000	0.000000000	0.000000000	0.000000000
1.570570571	0.000000000	0.000000000	0.000000000	0.000000000	0.000000000	0.000000000
1.577577578	0.000000000	0.000000000	0.000000000	0.000000000	0.000000000	0.000000000
1.584584585	0.000000000	0.000000000	0.000000000	0.000000000	0.000000000	0.000000000
1.591591592	0.000000000	0.000000000	0.000000000	0.000000000	0.000000000	0.000000000
1.598598599	0.000000000	0.000000000	0.000000000	0.000000000	0.000000000	0.000000000
1.605605606	0.000000000	0.000000000	0.000000000	0.000000000	0.000000000	0.000000000
1.612612613	0.000000000	0.000000000	0.000000000	0.000000000	0.000000000	0.000000000
1.619619620	0.000000000	0.000000000	0.000000000	0.000000000	0.000000000	0.000000000
1.626626627	0.000000000	0.000000000	0.000000000	0.000000000	0.000000000	0.000000000
1.633633634	0.000000000	0.000000000	0.000000000	0.000000000	0.000000000	0.000000000
1.640640641	0.000000000	0.000000000	0.000000000	0.000000000	0.000000000	0.000000000
1.647647648	0.000000000	0.000000000	0.000000000	0.000000000	0.000000000	0.000000000
1.654654655	0.000000000	0.000000000	0.000000000	0.000000000	0.000000000	0.000000000
1.661661662	0.000000000	0.000000000	0.000000000	0.000000000	0.000000000	0.000000000
1.668668669	0.000000000	0.000000000	0.000000000	0.000000000	0.000000000	0.000000000
1.675675676	0.000000000	0.000000000	0.000000000	0.000000000	0.000000000	0.000000000
1.682682683	0.000000000	0.000000000	0.000000000	0.000000000	0.000000000	0.000000000
1.689689690	0.000000000	0.000000000	0.000000000	0.000000000	0.000000000	0.000000000
1.696696697	0.000000000	0.000000000	0.000000000	0.000000000	0.000000000	0.000000000
1.703703704	0.000000000	0.000000000	0.000000000	0.000000000	0.000000000	0.000000000
1.710710711	0.000000000	0.000000000	0.000000000	0.000000000	0.000000000	0.000000000
1.717717718	0.000000000	0.000000000	0.000000000	0.000000000	0.000000000	0.000000000
1.724724725	0.000000000	0.000000000	0.000000000	0.000000000	0.000000000	0.000000000
1.731731732	0.000000000	0.000000000	0.000000000	0.000000000	0.000000000	0.000000000
1.738738739	0.000000000	0.000000000	0.000000000	0.000000000	0.000000000	0.000000000
1.745745746	0.000000000	0.000000000	0.000000000	0.000000000	0.000000000	0.000000000
1.752752753	0.000000000	0.000000000	0.000000000	0.000000000	0.000000000	0.000000000
1.759759760	0.000000000	0.000000000	0.000000000	0.000000000	0.000000000	0.000000000
1.766766767	0.000000000	0.000000000	0.000000000	0.000000000	0.000000000	0.000000000
1.773773774	0.000000000	0.000000000	0.000000000	0.000000000	0.000000000	0.000000000
1.780780781	0.000000000	0.000000000	0.000000000	0.000000000	0.000000000	0.000000000
1.787787788	0.000000000	0.000000000	0.000000000	0.000000000	0.000000000	0.000000000
1.794794795	0.000000000	0.000000000	0.000000000	0.000000000	0.000000000	0.000000000
1.801801802	0.000000000	0.000000000	0.000000000	0.000000000	0.000000000	0.000000000
1.808808809	0.000000000	0.000000000	0.000000000	0.000000000	0.000000000	0.000000000
1.815815816	0.000000000	0.000000000	0.000000000	0.000000000	0.000000000	0.000000000
1.822822823	0.000000000	0.000000000	0.000000000	0.000000000	0.000000000	0.000000000
1.829829830	0.000000000	0.000000000	0.000000000	0.000000000	0.000000000	0.000000000
1.836836837	0.000000000	0.000000000	0.000000000	0.000000000	0.000000000	0.000000000
1.843843844	0.000000000	0.000000000	0.000000000	0.000000000	0.000000000	0.000000000
1.850850851	0.000000000	0.000000000	0.000000000	0.000000000	0.000000000	0.000000000
1.857857858	0.000000000	0.000000000	0.000000000	0.000000000	0.000000000	0.000000000
1.864864865	0.000000000	0.000000000	0.000000000	0.000000000	0.000000000	0.000000000
1.871871872	0.000000000	0.000000000	0.000000000	0.000000000	0.000000000	0.000000000
1.878878879	0.000000000	0.000000000	0.000000000	0.000000000	0.000000000	0.000000000
1.885885886	0.000000000	0.000000000	0.000000000	0.000000000	0.000000000	0.000000000
1.892892893	0.000000000	0.000000000	0.000000000	0.000000000	0.000000000	0.000000000
1.899899900	0.000000000	0.000000000	0.000000000	0.000000000	0.000000000	0.000000000
1.906906907	0.000000000	0.000000000	0.000000000	0.000000000	0.000000000	0.000000000
1.913913914	0.000000000	0.000000000	0.000000000	0.000000000	0.000000000	0.000000000
1.920920921	0.000000000	0.000000000	0.000000000	0.000000000	0.000000000	0.000000000
1.927927928	0.000000000	0.000000000	0.000000000	0.000000000	0.000000000	0.000000000
1.934934935	0.000000000	0.000000000	0.000000000	0.000000000	0.000000000	0.000000000
1.941941942	0.000000000	0.000000000	0.000000000	0.000000000	0.000000000	0.000000000
1.948948949	0.000000000	0.000000000	0.000000000	0.000000000	0.000000000	0.000000000
1.955955956	0.000000000	0.000000000	0.000000000	0.000000000	0.000000000	0.000000000
1.962962963	0.000000000	0.000000000	0.000000000	0.000000000	0.000000000	0.000000000
1.969969970	0.000000000	0.000000000	0.000000000	0.000000000	0.000000000	0.000000000
1.976976977	0.000000000	0.000000000	0.000000000	0.000000000	0.000000000	0.000000000
1.983983984	0.000000000	0.000000000	0.000000000	0.000000000	0.000000000	0.000000000
1.990990991	0.000000000	0.000000000	0.000000000	0.000000000	0.000000000	0.000000000
1.997997998	0.000000000	0.000000000	0.000000000	0.000000000	0.000000000	0.000000000
2.005005005	0.000000000	0.000000000	0.000000000	0.000000000	0.000000000	0.000000000
2.012012012	0.000000000	0.000000000	0.000000000	0.000000000	0.000000000	0.000000000
2.019019019	0.000000000	0.000000000	0.000000000	0.000000000	0.000000000	0.000000000
2.026026026	0.000000000	0.000000000	0.000000000	0.000000000	0.000000000	0.000000000
2.033033033	0.000000000	0.000000000	0.000000000	0.000000000	0.000000000	0.000000000
2.040040040	0.000000000	0.000000000	0.000000000	0.000000000	0.000000000	0.000000000
2.047047047	0.000000000	0.000000000	0.000000000	0.000000000	0.000000000	0.000000000
2.054054054	0.000000000	0.000000000	0.000000000	0.000000000	0.000000000	0.000000000
2.061061061	0.000000000	0.000000000	0.000000000	0.000000000	0.000000000	0.000000000
2.068068068	0.000000000	0.000000000	0.000000000	0.000000000	0.000000000	0.000000000
2.075075075	0.000000000	0.000000000	0.000000000	0.000000000	0.000000000	0.000000000
2.082082082	0.000000000	0.000000000	0.000000000	0.000000000	0.000000000	0.000000000
2.089089089	0.000000000	0.000000000	0.000000000	0.000000000	0.000000000	0.000000000
2.096096096	0.000000000	0.000000000	0.000000000	0.000000000	0.000000000	0.000000000
2.103103103	0.000000000	0.000000000	0.000000000	0.000000000	0.000000000	0.000000000
2.110110110	0.000000000	0.000000000	0.000000000	0.000000000	0.000000000	0.000000000
2.117117117	0.000000000	0.000000000	0.000000000	0.000000000	0.000000000	0.000000000
2.124124124	0.000000000	0.000000000	0.000000000	0.000000000	0.000000000	0.000000000
2.131131131	0.000000000	0.000000000	0.000000000	0.000000000	0.000000000	0.000000000
2.138138138	0.000000000	0.000000000	0.000000000	0.000000000	0.000000000	0.000000000
2.145145145	0.000000000	0.000000000	0.000000000	0.000000000	0.000000000	0.000000000
2.152152152	0.000000000	0.000000000	0.000000000	0.000000000	0.000000000	0.000000000
2.159159159	0.000000000	0.000000000	0.000000000	0.000000000	0.000000000	0.000000000
2.166166166	0.000000000	0.000000000	0.000000000	0.000000000	0.000000000	0.000000000
2.173173173	0.000000000	0.000000000	0.000000000	0.000000000	0.000000000	0.000000000
2.180180180	0.000000000	0.000000000	0.000000000	0.000000000	0.000000000	0.000000000
2.187187187	0.000000000	0.000000000	0.000000000	0.000000000	0.000000000	0.000000000
2.194194194	0.000000000	0.000000000	0.000000000	0.000000000	0.000000000	0.000000000
2.201201201	0.000000000	0.000000000	0.000000000	0.000000000	0.000000000	0.000000000
2.208208208	0.000000000	0.000000000	0.000000000	0.000000000	0.000000000	0.000000000
2.215215215	0.000000000	0.000000000	0.000000000	0.000000000	0.000000000	0.000000000
2.222222222	0.000000000	0.000000000	0.000000000	0.000000000	0.000000000	0.000000000
2.229229229	0.000000000	0.000000000	0.000000000	0.000000000	0.000000000	0.000000000
2.236236236	0.000000000	0.000000000	0.000000000	0.000000000	0.000000000	0.000000000
2.243243243	0.000000000	0.000000000	0.000000000	0.000000000	0.000000000	0.000000000
2.250250250	0.000000000	0.000000000	0.000000000	0.000000000	0.000000000	0.000000000
2.257257257	0.000000000	0.000000000	0.000000000	0.000000000	0.000000000	0.000000000
2.264264264	0.000000000	0.000000000	0.000000000	0.000000000	0.000000000	0.000000000
2.271271271	0.000000000	0.000000000	0.000000000	0.000000000	0.000000000	0.000000000
2.278278278	0.000000000	0.000000000	0.000000000	0.000000000	0.000000000	0.000000000
2.285285285	0.000000000	0.000000000	0.000000000	0.000000000	0.000000000	0.000000000
2.292292292	0.000000000	0.000000000	0.000000000	0.000000000	0.000000000	0.000000000
2.299299299	0.000000000	0.000000000	0.000000000	0.000000000	0.000000000	0.000000000
2.306306306	0.000000000	0.000000000	0.000000000	0.000000000	0.000000000	0.000000000
2.313313313	0.000000000	0.000000000	0.000000000	0.000000000	0.000000000	0.000000000
2.320320320	0.000000000	0.000000000	0.000000000	0.000000000	0.000000000	0.000000000
2.327327327	0.000000000	0.000000000	0.000000000	0.000000000	0.000000000	0.000000000
2.334334334	0.000000000	0.000000000	0.000000000	0.000000000	0.000000000	0.000000000
2.341341341	0.000000000	0.000000000	0.000000000	0.000000000	0.000000000	0.000000000
2.348348348	0.000000000	0.000000000	0.000000000	0.000000000	0.000000000	0.000000000
2.355355355	0.000000000	0.000000000	0.000000000	0.000000000	0.000000000	0.000000000
2.362362362	0.000000000	0.000000000	0.000000000	0.000000000	0.000000000	0.000000000
2.369369369	0.000000000	0.000000000	0.000000000	0.000000000	0.000000000	0.000000000
2.376376376	0.000000000	0.000000000	0.000000000	0.000000000	0.000000000	0.000000000
2.383383383	0.000000000	0.000000000	0.000000000	0.000000000	0.000000000	0.000000000
2.390390390	0.000000000	0.000000000	0.000000000	0.000000000	0.000000000	0.000000000
2.397397397	0.000000000	0.000000000	0.000000000	0.000000000	0.000000000	0.000000000
2.404404404	0.000000000	0.000000000	0.000000000	0.000000000	0.000000000	0.000000000
2.411411411	0.000000000	0.000000000	0.000000000	0.000000000	0.000000000	0.000000000
2.418418418	0.000000000	0.000000000	0.000000000	0.000000000	0.000000000	0.000000000
2.425425425	0.000000000	0.000000000	0.000000000	0.000000000	0.000000000	0.000000000
2.432432432	0.000000000	0.000000000	0.000000000	0.000000000	0.000000000	0.000000000
2.439439439	0.000000000	0.000000000	0.000000000	0.000000000	0.000000000	0.000000000
2.446446446	0.000000000	0.000000000	0.000000000	0.000000000	0.000000000	0.000000000
2.453453453	0.000000000	0.000000000	0.000000000	0.000000000	0.000000000	0.000000000
2.460460460	0.000000000	0.000000000	0.000000000	0.000000000	0.000000000	0.000000000
2.467467467	0.000000000	0.000000000	0.000000000	0.000000000	0.000000000	0.000000000
2.474474474	0.000000000	0.000000000	0.000000000	0.000000000	0.000000000	0.000000000
2.481481481	0.000000000	0.000000000	0.000000000	0.000000000	0.000000000	0.000000000
2.488488488	0.000000000	0.000000000	0.000000000	0.000000000	0.000000000	0.000000000
2.495495495	0.000000000	0.000000000	0.000000000	0.000000000	0.000000000	0.000000000
2.502502503	0.000000000	0.000000000	0.000000000	0.000000000	0.000000000	0.000000000
2.509509510	0.000000000	0.000000000	0.000000000	0.000000000	0.000000000	0.000000000
2.516516517	0.000000000	0.000000000	0.000000000	0.000000000	0.000000000	0.000000000
2.523523524	0.000000000	0.000000000	0.000000000	0.000000000	0.000000000	0.000000000
2.530530531	0.000000000	0.000000000	0.000000000	0.000000000	0.000000000	0.000000000
2.537537538	0.000000000	0.000000000	0.000000000	0.000000000	0.000000000	0.000000000
2.544544545	0.000000000	0.000000000	0.000000000	0.000000000	0.000000000	0.000000000
2.551551552	0.000000000	0.000000000	0.000000000	0.000000000	0.000000000	0.000000000
2.558558559	0.000000000	0.000000000	0.000000000	0.000000000	0.000000000	0.000000000
2.565565566	0.000000000	0.000000000	0.000000000	0.000000000	0.000000000	0.000000000
2.572572573	0.000000000	0.000000000	0.000000000	0.000000000	0.000000000	0.000000000
2.579579580	0.000000000	0.000000000	0.000000000	0.000000000	0.000000000	0.000000000
2.586586587	0.000000000	0.000000000	0.000000000	0.000000000	0.000000000	0.000000000
2.593593594	0.000000000	0.000000000	0.000000000	0.000000000	0.000000000	0.000000000
2.600600601	0.000000000	0.000000000	0.000000000	0.000000000	0.000000000	0.000000000
2.607607608	0.000000000	0.000000000	0.000000000	0.000000000	0.000000000	0.000000000
2.614614615	0.000000000	0.000000000	0.000000000	0.000000000	0.000000000	0.000000000
2.621621622	0.000000000	0.000000000	0.000000000	0.000000000	0.000000000	0.000000000
2.628628629	0.000000000	0.000000000	0.000000000	0.000000000	0.000000000	0.000000000
2.635635636	0.000000000	0.000000000	0.000000000	0.000000000	0.000000000	0.000000000
2.642642643	0.000000000	0.000000000	0.000000000	0.000000000	0.000000000	0.000000000
2.649649650	0.000000000	0.000000000	0.000000000	0.000000000	0.000000000	0.000000000
2.656656657	0.000000000	0.000000000	0.000000000	0.000000000	0.000000000	0.000000000
2.663663664	0.000000000	0.000000000	0.000000000	0.000000000	0.000000000	0.000000000
2.670670671	0.000000000	0.000000000	0.000000000	0.000000000	0.000000000	0.000000000
2.677677678	0.000000000	0.000000000	0.000000000	0.000000000	0.000000000	0.000000000
2.684684685	0.000000000	0.000000000	0.000000000	0.000000000	0.000000000	0.000000000
2.691691692	0.000000000	0.000000000	0.000000000	0.000000000	0.000000000	0.000000000
2.698698699	0.000000000	0.000000000	0.000000000	0.000000000	0.000000000	0.000000000
2.705705706	0.000000000	0.000000000	0.000000000	0.000000000	0.000000000	0.000000000
2.712712713	0.000000000	0.000000000	0.000000000	0.000000000	0.000000000	0.000000000
2.719719720	0.000000000	0.000000000	0.000000000	0.000000000	0.000000000	0.000000000
2.726726727	0.000000000	0.000000000	0.000000000	0.000000000	0.000000000	0.000000000
2.733733734	0.000000000	0.000000000	0.000000000	0.000000000	0.000000000	0.000000000
2.740740741	0.000000000	0.000000000	0.000000000	0.000000000	0.000000000	0.000000000
2.747747748	0.000000000	0.000000000	0.000000000	0.000000000	0.000000000	0.000000000
2.754754755	0.000000000	0.000000000	0.000000000	0.000000000	0.000000000	0.000000000
2.761761762	0.000000000	0.000000000	0.000000000	0.000000000	0.000000000	0.000000000
2.768768769	0.000000000	0.000000000	0.000000000	0.000000000	0.000000000	0.000000000
2.775775776	0.000000000	0.000000000	0.000000000	0.000000000	0.000000000	0.000000000
2.782782783	0.000000000	0.000000000	0.000000000	0.000000000	0.000000000	0.000000000
2.789789790	0.000000000	0.000000000	0.000000000	0.000000000	0.000000000	0.000000000
2.796796797	0.000000000	0.000000000	0.000000000	0.000000000	0.000000000	0.000000000
2.803803804	0.000000000	0.000000000	0.000000000	0.000000000	0.000000000	0.000000000
2.810810811	0.000000000	0.000000000	0.000000000	0.000000000	0.000000000	0.000000000
2.817817818	0.000000000	0.000000000	0.000000000	0.000000000	0.000000000	0.000000000
2.824824825	0.000000000	0.000000000	0.000000000	0.000000000	0.000000000	0.000000000
2.831831832	0.000000000	0.000000000	0.000000000	0.000000000	0.000000000	0.000000000
2.838838839	0.000000000	0.000000000	0.000000000	0.000000000	0.000000000	0.000000000
2.845845846	0.000000000	0.000000000	0.000000000	0.000000000	0.000000000	0.000000000
2.852852853	0.000000000	0.000000000	0.000000000	0.000000000	0.000000000	0.000000000
2.859859860	0.000000000	0.000000000	0.000000000	0.000000000	0.000000000	0.000000000
2.866866867	0.000000000	0.000000000	0.000000000	0.000000000	0.000000000	0.000000000
2.873873874	0.000000000	0.000000000	0.000000000	0.000000000	0.000000000	0.000000000
2.880880881	0.000000000	0.000000000	0.000000000	0.000000000	0.000000000	0.000000000
2.887887888	0.000000000	0.000000000	0.000000000	0.000000000	0.000000000	0.000000000
2.894894895	0.000000000	0.000000000	0.000000000	0.000000000	0.000000000	0.000000000
2.901901902	0.000000000	0.000000000	0.000000000	0.000000000	0.000000000	0.000000000
2.908908909	0.000000000	0.000000000	0.000000000	0.000000000	0.000000000	0.000000000
2.915915916	0.000000000	0.000000000	0.000000000	0.000000000	0.000000000	0.000000000
2.922922923	0.000000000	0.000000000	0.000000000	0.000000000	0.000000000	0.000000000
2.929929930	0.000000000	0.000000000	0.000000000	0.000000000	0.000000000	0.000000000
2.936936937	0.000000000	0.000000000	0.000000000	0.000000000	0.000000000	0.000000000
2.943943944	0.000000000	0.000000000	0.000000000	0.000000000	0.000000000	0.000000000
2.950950951	0.000000000	0.000000000	0.000000000	0.000000000	0.000000000	0.000000000
2.957957958	0.000000000	0.000000000	0.000000000	0.000000000	0.000000000	0.000000000
2.964964965	0.000000000	0.000000000	0.000000000	0.000000000	0.000000000	0.000000000
2.971971972	0.000000000	0.000000000	0.000000000	0.000000000	0.000000000	0.000000000
2.978978979	0.000000000	0.000000000	0.000000000	0.000000000	0.000000000	0.000000000
2.985985986	0.000000000	0.000000000	0.000000000	0.000000000	0.000000000	0.000000000
2.992992993	0.000000000	0.000000000	0.000000000	0.000000000	0.000000000	0.000000000
3.000000000	0.000000000	0.000000000	0.000000000	0.000000000	0.000000000	0.000000000
