-4.00000000	0.000973767	0.003177665	0.001949672	0.007722213	0.001282972	0.002344574
-3.99299299	0.000986138	0.003210390	0.001971420	0.007806169	0.001296016	0.002366862
-3.98598599	0.000998676	0.003243482	0.001993428	0.007891052	0.001309206	0.002389384
-3.97897898	0.001011384	0.003276944	0.002015700	0.007976874	0.001322544	0.002412143
-3.97197197	0.001024265	0.003310783	0.002038238	0.008063644	0.001336032	0.002435142
-3.96496496	0.001037320	0.003345001	0.002061047	0.008151373	0.001349671	0.002458383
-3.95795796	0.001050553	0.003379605	0.002084129	0.008240073	0.001363464	0.002481871
-3.95095095	0.001063965	0.003414598	0.002107489	0.008329753	0.001377412	0.002505606
-3.94394394	0.001077560	0.003449985	0.002131130	0.008420425	0.001391517	0.002529593
-3.93693694	0.001091341	0.003485772	0.002155055	0.008512101	0.001405781	0.002553834
-3.92992993	0.001105309	0.003521962	0.002179268	0.008604791	0.001420206	0.002578333
-3.92292292	0.001119467	0.003558562	0.002203773	0.008698507	0.001434795	0.002603091
-3.91591592	0.001133819	0.003595575	0.002228573	0.008793260	0.001449549	0.002628113
-3.90890891	0.001148367	0.003633007	0.002253673	0.008889063	0.001464470	0.002653401
-3.90190190	0.001163113	0.003670864	0.002279076	0.008985926	0.001479561	0.002678959
-3.89489489	0.001178062	0.003709150	0.002304786	0.009083862	0.001494822	0.002704789
-3.88788789	0.001193215	0.003747871	0.002330808	0.009182883	0.001510258	0.002730896
-3.88088088	0.001208576	0.003787031	0.002357145	0.009283002	0.001525869	0.002757281
-3.87387387	0.001224148	0.003826638	0.002383801	0.009384230	0.001541658	0.002783949
-3.86686687	0.001239933	0.003866695	0.002410780	0.009486580	0.001557628	0.002810903
-3.85985986	0.001255936	0.003907208	0.002438088	0.009590065	0.001573780	0.002838146
-3.85285285	0.001272158	0.003948184	0.002465727	0.009694698	0.001590116	0.002865681
-3.84584585	0.001288604	0.003989628	0.002493702	0.009800491	0.001606640	0.002893513
-3.83883884	0.001305277	0.004031545	0.002522018	0.009907458	0.001623353	0.002921644
-3.83183183	0.001322179	0.004073942	0.002550680	0.010015611	0.001640258	0.002950079
-3.82482482	0.001339315	0.004116824	0.002579691	0.010124966	0.001657358	0.002978820
-3.81781782	0.001356687	0.004160198	0.002609056	0.010235534	0.001674654	0.003007872
-3.81081081	0.001374299	0.004204070	0.002638779	0.010347329	0.001692149	0.003037238
-3.80380380	0.001392156	0.004248445	0.002668867	0.010460367	0.001709846	0.003066923
-3.79679680	0.001410259	0.004293331	0.002699322	0.010574659	0.001727747	0.003096928
-3.78978979	0.001428614	0.004338733	0.002730151	0.010690222	0.001745855	0.003127260
-3.78278278	0.001447223	0.004384658	0.002761358	0.010807069	0.001764173	0.003157921
-3.77577578	0.001466090	0.004431112	0.002792948	0.010925215	0.001782703	0.003188916
-3.76876877	0.001485219	0.004478102	0.002824926	0.011044674	0.001801448	0.003220248
-3.76176176	0.001504615	0.004525636	0.002857297	0.011165461	0.001820410	0.003251922
-3.75475475	0.001524281	0.004573719	0.002890066	0.011287592	0.001839593	0.003283942
-3.74774775	0.001544220	0.004622358	0.002923240	0.011411082	0.001859000	0.003316312
-3.74074074	0.001564438	0.004671561	0.002956822	0.011535946	0.001878632	0.003349036
-3.73373373	0.001584937	0.004721334	0.002990818	0.011662200	0.001898493	0.003382118
-3.72672673	0.001605723	0.004771686	0.003025234	0.011789859	0.001918587	0.003415564
-3.71971972	0.001626800	0.004822622	0.003060076	0.011918939	0.001938915	0.003449376
-3.71271271	0.001648171	0.004874151	0.003095349	0.012049457	0.001959482	0.003483561
-3.70570571	0.001669842	0.004926279	0.003131058	0.012181429	0.001980289	0.003518121
-3.69869870	0.001691817	0.004979016	0.003167211	0.012314872	0.002001341	0.003553063
-3.69169169	0.001714100	0.005032367	0.003203811	0.012449802	0.002022640	0.003588390
-3.68468468	0.001736695	0.005086341	0.003240866	0.012586236	0.002044190	0.003624107
-3.67767768	0.001759608	0.005140947	0.003278382	0.012724191	0.002065993	0.003660220
-3.67067067	0.001782844	0.005196191	0.003316365	0.012863685	0.002088054	0.003696732
-3.66366366	0.001806406	0.005252082	0.003354820	0.013004736	0.002110375	0.003733650
-3.65665666	0.001830301	0.005308628	0.003393755	0.013147360	0.002132960	0.003770977
-3.64964965	0.001854533	0.005365839	0.003433175	0.013291576	0.002155812	0.003808719
-3.64264264	0.001879106	0.005423721	0.003473088	0.013437402	0.002178936	0.003846881
-3.63563564	0.001904027	0.005482283	0.003513499	0.013584857	0.002202333	0.003885468
-3.62862863	0.001929300	0.005541535	0.003554416	0.013733958	0.002226009	0.003924486
-3.62162162	0.001954930	0.005601486	0.003595845	0.013884726	0.002249966	0.003963940
-3.61461461	0.001980924	0.005662143	0.003637794	0.014037178	0.002274208	0.004003835
-3.60760761	0.002007286	0.005723517	0.003680268	0.014191335	0.002298740	0.004044176
-3.60060060	0.002034023	0.005785615	0.003723276	0.014347215	0.002323565	0.004084970
-3.59359359	0.002061139	0.005848449	0.003766825	0.014504838	0.002348686	0.004126222
-3.58658659	0.002088640	0.005912027	0.003810921	0.014664225	0.002374108	0.004167938
-3.57957958	0.002116533	0.005976358	0.003855572	0.014825396	0.002399834	0.004210123
-3.57257257	0.002144823	0.006041453	0.003900787	0.014988370	0.002425870	0.004252783
-3.56556557	0.002173516	0.006107321	0.003946571	0.015153169	0.002452218	0.004295925
-3.55855856	0.002202618	0.006173972	0.003992934	0.015319814	0.002478883	0.004339554
-3.55155155	0.002232136	0.006241417	0.004039883	0.015488326	0.002505869	0.004383677
-3.54454454	0.002262076	0.006309665	0.004087426	0.015658725	0.002533181	0.004428299
-3.53753754	0.002292444	0.006378727	0.004135571	0.015831035	0.002560822	0.004473428
-3.53053053	0.002323247	0.006448614	0.004184326	0.016005276	0.002588798	0.004519068
-3.52352352	0.002354491	0.006519337	0.004233700	0.016181472	0.002617113	0.004565228
-3.51651652	0.002386183	0.006590905	0.004283701	0.016359644	0.002645770	0.004611913
-3.50950951	0.002418330	0.006663331	0.004334338	0.016539815	0.002674776	0.004659131
-3.50250250	0.002450939	0.006736625	0.004385619	0.016722009	0.002704134	0.004706887
-3.49549550	0.002484017	0.006810799	0.004437553	0.016906248	0.002733849	0.004755189
-3.48848849	0.002517571	0.006885864	0.004490149	0.017092556	0.002763927	0.004804044
-3.48148148	0.002551609	0.006961832	0.004543417	0.017280957	0.002794371	0.004853459
-3.47447447	0.002586137	0.007038715	0.004597365	0.017471476	0.002825188	0.004903440
-3.46746747	0.002621164	0.007116524	0.004652003	0.017664136	0.002856381	0.004953996
-3.46046046	0.002656697	0.007195272	0.004707341	0.017858962	0.002887957	0.005005134
-3.45345345	0.002692744	0.007274971	0.004763387	0.018055980	0.002919920	0.005056861
-3.44644645	0.002729312	0.007355634	0.004820153	0.018255214	0.002952275	0.005109184
-3.43943944	0.002766410	0.007437273	0.004877647	0.018456691	0.002985028	0.005162111
-3.43243243	0.002804046	0.007519902	0.004935880	0.018660436	0.003018185	0.005215651
-3.42542543	0.002842228	0.007603533	0.004994863	0.018866475	0.003051751	0.005269811
-3.41841842	0.002880965	0.007688179	0.005054605	0.019074835	0.003085731	0.005324599
-3.41141141	0.002920265	0.007773854	0.005115117	0.019285544	0.003120131	0.005380023
-3.40440440	0.002960137	0.007860572	0.005176410	0.019498627	0.003154957	0.005436092
-3.39739740	0.003000590	0.007948346	0.005238494	0.019714114	0.003190215	0.005492814
-3.39039039	0.003041632	0.008037191	0.005301382	0.019932030	0.003225911	0.005550197
-3.38338338	0.003083274	0.008127120	0.005365083	0.020152406	0.003262050	0.005608250
-3.37637638	0.003125524	0.008218148	0.005429610	0.020375269	0.003298640	0.005666982
-3.36936937	0.003168391	0.008310290	0.005494974	0.020600649	0.003335685	0.005726401
-3.36236236	0.003211886	0.008403560	0.005561187	0.020828574	0.003373193	0.005786517
-3.35535536	0.003256018	0.008497975	0.005628260	0.021059074	0.003411170	0.005847339
-3.34834835	0.003300798	0.008593548	0.005696206	0.021292180	0.003449622	0.005908877
-3.34134134	0.003346234	0.008690295	0.005765036	0.021527921	0.003488556	0.005971138
-3.33433433	0.003392338	0.008788232	0.005834765	0.021766328	0.003527980	0.006034134
-3.32732733	0.003439119	0.008887376	0.005905403	0.022007433	0.003567898	0.006097874
-3.32032032	0.003486590	0.008987742	0.005976964	0.022251267	0.003608319	0.006162367
-3.31331331	0.003534759	0.009089347	0.006049462	0.022497861	0.003649250	0.006227624
-3.30630631	0.003583639	0.009192207	0.006122908	0.022747248	0.003690697	0.006293655
-3.29929930	0.003633240	0.009296339	0.006197317	0.022999461	0.003732669	0.006360470
-3.29229229	0.003683574	0.009401761	0.006272703	0.023254533	0.003775172	0.006428079
-3.28528529	0.003734653	0.009508490	0.006349079	0.023512497	0.003818213	0.006496493
-3.27827828	0.003786487	0.009616543	0.006426459	0.023773386	0.003861801	0.006565724
-3.27127127	0.003839089	0.009725939	0.006504858	0.024037236	0.003905944	0.006635781
-3.26426426	0.003892472	0.009836696	0.006584291	0.024304081	0.003950648	0.006706676
-3.25725726	0.003946647	0.009948832	0.006664771	0.024573956	0.003995922	0.006778421
-3.25025025	0.004001627	0.010062365	0.006746314	0.024846897	0.004041775	0.006851026
-3.24324324	0.004057424	0.010177316	0.006828935	0.025122940	0.004088214	0.006924503
-3.23623624	0.004114053	0.010293703	0.006912650	0.025402120	0.004135248	0.006998864
-3.22922923	0.004171525	0.010411546	0.006997474	0.025684476	0.004182885	0.007074121
-3.22222222	0.004229855	0.010530865	0.007083424	0.025970044	0.004231134	0.007150287
-3.21521522	0.004289055	0.010651680	0.007170515	0.026258862	0.004280003	0.007227373
-3.20820821	0.004349141	0.010774011	0.007258763	0.026550969	0.004329503	0.007305391
-3.20120120	0.004410125	0.010897879	0.007348187	0.026846403	0.004379641	0.007384356
-3.19419419	0.004472022	0.011023306	0.007438802	0.027145204	0.004430427	0.007464279
-3.18718719	0.004534848	0.011150312	0.007530626	0.027447411	0.004481870	0.007545173
-3.18018018	0.004598616	0.011278920	0.007623677	0.027753064	0.004533980	0.007627053
-3.17317317	0.004663342	0.011409152	0.007717971	0.028062204	0.004586766	0.007709931
-3.16616617	0.004729041	0.011541029	0.007813528	0.028374873	0.004640239	0.007793821
-3.15915916	0.004795728	0.011674576	0.007910366	0.028691113	0.004694407	0.007878738
-3.15215215	0.004863421	0.011809814	0.008008503	0.029010964	0.004749283	0.007964695
-3.14514515	0.004932134	0.011946767	0.008107958	0.029334471	0.004804875	0.008051706
-3.13813814	0.005001884	0.012085459	0.008208751	0.029661676	0.004861194	0.008139787
-3.13113113	0.005072688	0.012225915	0.008310901	0.029992624	0.004918251	0.008228952
-3.12412412	0.005144563	0.012368158	0.008414427	0.030327359	0.004976056	0.008319216
-3.11711712	0.005217527	0.012512214	0.008519351	0.030665925	0.005034621	0.008410594
-3.11011011	0.005291596	0.012658107	0.008625693	0.031008369	0.005093958	0.008503103
-3.10310310	0.005366789	0.012805864	0.008733473	0.031354736	0.005154076	0.008596757
-3.09609610	0.005443124	0.012955511	0.008842714	0.031705073	0.005214988	0.008691573
-3.08908909	0.005520619	0.013107074	0.008953435	0.032059428	0.005276706	0.008787568
-3.08208208	0.005599294	0.013260579	0.009065660	0.032417848	0.005339241	0.008884757
-3.07507508	0.005679167	0.013416055	0.009179410	0.032780381	0.005402606	0.008983157
-3.06806807	0.005760258	0.013573528	0.009294708	0.033147078	0.005466813	0.009082786
-3.06106106	0.005842586	0.013733028	0.009411578	0.033517987	0.005531875	0.009183661
-3.05405405	0.005926173	0.013894581	0.009530042	0.033893158	0.005597804	0.009285799
-3.04704705	0.006011039	0.014058219	0.009650124	0.034272643	0.005664613	0.009389219
-3.04004004	0.006097204	0.014223969	0.009771848	0.034656494	0.005732316	0.009493939
-3.03303303	0.006184689	0.014391862	0.009895239	0.035044762	0.005800926	0.009599977
-3.02602603	0.006273517	0.014561928	0.010020322	0.035437501	0.005870457	0.009707351
-3.01901902	0.006363710	0.014734198	0.010147122	0.035834763	0.005940922	0.009816082
-3.01201201	0.006455289	0.014908703	0.010275665	0.036236604	0.006012336	0.009926188
-3.00500501	0.006548278	0.015085475	0.010405977	0.036643077	0.006084713	0.010037690
-2.99799800	0.006642700	0.015264546	0.010538084	0.037054240	0.006158067	0.010150606
-2.99099099	0.006738578	0.015445950	0.010672015	0.037470147	0.006232415	0.010264959
-2.98398398	0.006835937	0.015629719	0.010807795	0.037890857	0.006307770	0.010380767
-2.97697698	0.006934800	0.015815888	0.010945454	0.038316426	0.006384148	0.010498053
-2.96996997	0.007035194	0.016004490	0.011085019	0.038746913	0.006461564	0.010616838
-2.96296296	0.007137143	0.016195560	0.011226520	0.039182378	0.006540036	0.010737144
-2.95595596	0.007240673	0.016389135	0.011369986	0.039622881	0.006619578	0.010858992
-2.94894895	0.007345810	0.016585249	0.011515446	0.040068481	0.006700208	0.010982405
-2.94194194	0.007452581	0.016783940	0.011662932	0.040519241	0.006781942	0.011107406
-2.93493493	0.007561013	0.016985245	0.011812474	0.040975223	0.006864797	0.011234018
-2.92792793	0.007671135	0.017189202	0.011964104	0.041436490	0.006948790	0.011362266
-2.92092092	0.007782973	0.017395848	0.012117853	0.041903106	0.007033940	0.011492172
-2.91391391	0.007896557	0.017605223	0.012273754	0.042375135	0.007120264	0.011623761
-2.90690691	0.008011916	0.017817366	0.012431840	0.042852644	0.007207780	0.011757059
-2.89989990	0.008129080	0.018032318	0.012592145	0.043335697	0.007296508	0.011892090
-2.89289289	0.008248078	0.018250120	0.012754702	0.043824363	0.007386466	0.012028879
-2.88588589	0.008368943	0.018470812	0.012919548	0.044318709	0.007477673	0.012167454
-2.87887888	0.008491705	0.018694438	0.013086716	0.044818805	0.007570149	0.012307841
-2.87187187	0.008616395	0.018921039	0.013256243	0.045324720	0.007663914	0.012450067
-2.86486486	0.008743048	0.019150660	0.013428166	0.045836524	0.007758988	0.012594158
-2.85785786	0.008871695	0.019383345	0.013602522	0.046354290	0.007855392	0.012740144
-2.85085085	0.009002370	0.019619139	0.013779349	0.046878089	0.007953148	0.012888052
-2.84384384	0.009135109	0.019858087	0.013958684	0.047407995	0.008052276	0.013037911
-2.83683684	0.009269945	0.020100236	0.014140569	0.047944082	0.008152798	0.013189752
-2.82982983	0.009406914	0.020345633	0.014325041	0.048486426	0.008254737	0.013343603
-2.82282282	0.009546053	0.020594326	0.014512142	0.049035103	0.008358115	0.013499495
-2.81581582	0.009687398	0.020846364	0.014701914	0.049590189	0.008462956	0.013657459
-2.80880881	0.009830988	0.021101796	0.014894397	0.050151763	0.008569282	0.013817527
-2.80180180	0.009976859	0.021360673	0.015089636	0.050719904	0.008677118	0.013979730
-2.79479479	0.010125053	0.021623046	0.015287673	0.051294692	0.008786488	0.014144101
-2.78778779	0.010275607	0.021888966	0.015488552	0.051876209	0.008897417	0.014310674
-2.78078078	0.010428562	0.022158487	0.015692320	0.052464536	0.009009931	0.014479482
-2.77377377	0.010583961	0.022431662	0.015899020	0.053059756	0.009124054	0.014650559
-2.76676677	0.010741843	0.022708546	0.016108701	0.053661954	0.009239813	0.014823941
-2.75975976	0.010902254	0.022989194	0.016321409	0.054271216	0.009357234	0.014999662
-2.75275275	0.011065235	0.023273663	0.016537194	0.054887626	0.009476346	0.015177760
-2.74574575	0.011230831	0.023562011	0.016756103	0.055511274	0.009597175	0.015358270
-2.73873874	0.011399088	0.023854295	0.016978187	0.056142247	0.009719750	0.015541231
-2.73173173	0.011570051	0.024150575	0.017203498	0.056780636	0.009844100	0.015726680
-2.72472472	0.011743767	0.024450911	0.017432086	0.057426531	0.009970253	0.015914657
-2.71771772	0.011920285	0.024755364	0.017664006	0.058080023	0.010098240	0.016105201
-2.71071071	0.012099652	0.025063997	0.017899309	0.058741207	0.010228091	0.016298351
-2.70370370	0.012281918	0.025376872	0.018138052	0.059410176	0.010359836	0.016494150
-2.69669670	0.012467134	0.025694056	0.018380290	0.060087026	0.010493509	0.016692639
-2.68968969	0.012655352	0.026015612	0.018626079	0.060771854	0.010629140	0.016893860
-2.68268268	0.012846623	0.026341607	0.018875478	0.061464757	0.010766763	0.017097857
-2.67567568	0.013041001	0.026672110	0.019128545	0.062165835	0.010906410	0.017304673
-2.66866867	0.013238541	0.027007188	0.019385339	0.062875188	0.011048117	0.017514354
-2.66166166	0.013439297	0.027346912	0.019645923	0.063592917	0.011191917	0.017726944
-2.65465465	0.013643328	0.027691354	0.019910358	0.064319126	0.011337846	0.017942492
-2.64764765	0.013850689	0.028040585	0.020178707	0.065053918	0.011485940	0.018161043
-2.64064064	0.014061441	0.028394680	0.020451035	0.065797400	0.011636236	0.018382646
-2.63363363	0.014275642	0.028753712	0.020727407	0.066549677	0.011788771	0.018607350
-2.62662663	0.014493354	0.029117759	0.021007890	0.067310858	0.011943584	0.018835206
-2.61961962	0.014714639	0.029486897	0.021292552	0.068081052	0.012100713	0.019066263
-2.61261261	0.014939560	0.029861206	0.021581463	0.068860371	0.012260199	0.019300575
-2.60560561	0.015168183	0.030240766	0.021874693	0.069648925	0.012422081	0.019538193
-2.59859860	0.015400572	0.030625658	0.022172313	0.070446830	0.012586402	0.019779173
-2.59159159	0.015636795	0.031015965	0.022474398	0.071254199	0.012753202	0.020023568
-2.58458458	0.015876920	0.031411772	0.022781021	0.072071149	0.012922526	0.020271434
-2.57757758	0.016121018	0.031813164	0.023092260	0.072897797	0.013094417	0.020522829
-2.57057057	0.016369159	0.032220228	0.023408190	0.073734264	0.013268919	0.020777811
-2.56356356	0.016621416	0.032633054	0.023728892	0.074580669	0.013446079	0.021036438
-2.55655656	0.016877862	0.033051732	0.024054445	0.075437134	0.013625942	0.021298771
-2.54954955	0.017138574	0.033476354	0.024384932	0.076303784	0.013808557	0.021564871
-2.54254254	0.017403627	0.033907013	0.024720436	0.077180743	0.013993971	0.021834801
-2.53553554	0.017673102	0.034343804	0.025061042	0.078068138	0.014182234	0.022108625
-2.52852853	0.017947076	0.034786825	0.025406838	0.078966097	0.014373397	0.022386407
-2.52152152	0.018225633	0.035236173	0.025757910	0.079874750	0.014567511	0.022668215
-2.51451451	0.018508854	0.035691950	0.026114350	0.080794227	0.014764628	0.022954115
-2.50750751	0.018796825	0.036154257	0.026476249	0.081724662	0.014964802	0.023244176
-2.50050050	0.019089633	0.036623198	0.026843701	0.082666189	0.015168088	0.023538469
-2.49349349	0.019387365	0.037098878	0.027216802	0.083618943	0.015374541	0.023837065
-2.48648649	0.019690112	0.037581406	0.027595647	0.084583063	0.015584218	0.024140036
-2.47947948	0.019997965	0.038070890	0.027980338	0.085558687	0.015797178	0.024447459
-2.47247247	0.020311018	0.038567443	0.028370974	0.086545956	0.016013479	0.024759407
-2.46546547	0.020629366	0.039071177	0.028767659	0.087545013	0.016233183	0.025075960
-2.45845846	0.020953108	0.039582207	0.029170498	0.088556002	0.016456352	0.025397194
-2.45145145	0.021282341	0.040100653	0.029579598	0.089579068	0.016683047	0.025723192
-2.44444444	0.021617168	0.040626631	0.029995068	0.090614358	0.016913334	0.026054035
-2.43743744	0.021957692	0.041160266	0.030417020	0.091662023	0.017147280	0.026389806
-2.43043043	0.022304019	0.041701680	0.030845567	0.092722212	0.017384950	0.026730591
-2.42342342	0.022656257	0.042251000	0.031280825	0.093795078	0.017626413	0.027076478
-2.41641642	0.023014514	0.042808353	0.031722912	0.094880775	0.017871740	0.027427554
-2.40940941	0.023378905	0.043373872	0.032171950	0.095979460	0.018121003	0.027783911
-2.40240240	0.023749542	0.043947688	0.032628059	0.097091289	0.018374274	0.028145640
-2.39539540	0.024126543	0.044529938	0.033091367	0.098216423	0.018631629	0.028512836
-2.38838839	0.024510027	0.045120759	0.033562001	0.099355022	0.018893143	0.028885596
-2.38138138	0.024900116	0.045720291	0.034040091	0.100507250	0.019158895	0.029264018
-2.37437437	0.025296934	0.046328679	0.034525770	0.101673271	0.019428964	0.029648201
-2.36736737	0.025700607	0.046946067	0.035019175	0.102853251	0.019703432	0.030038248
-2.36036036	0.026111266	0.047572604	0.035520443	0.104047360	0.019982382	0.030434263
-2.35335335	0.026529042	0.048208440	0.036029716	0.105255766	0.020265900	0.030836352
-2.34634635	0.026954070	0.048853730	0.036547138	0.106478642	0.020554071	0.031244625
-2.33933934	0.027386489	0.049508631	0.037072857	0.107716162	0.020846985	0.031659192
-2.33233233	0.027826437	0.050173301	0.037607022	0.108968501	0.021144733	0.032080167
-2.32532533	0.028274060	0.050847904	0.038149786	0.110235836	0.021447408	0.032507665
-2.31831832	0.028729504	0.051532605	0.038701307	0.111518347	0.021755104	0.032941803
-2.31131131	0.029192917	0.052227571	0.039261743	0.112816214	0.022067918	0.033382703
-2.30430430	0.029664454	0.052932976	0.039831258	0.114129620	0.022385951	0.033830487
-2.29729730	0.030144270	0.053648994	0.040410017	0.115458749	0.022709302	0.034285282
-2.29029029	0.030632525	0.054375803	0.040998190	0.116803789	0.023038076	0.034747214
-2.28328328	0.031129382	0.055113585	0.041595951	0.118164927	0.023372379	0.035216416
-2.27627628	0.031635006	0.055862524	0.042203476	0.119542353	0.023712320	0.035693020
-2.26926927	0.032149567	0.056622809	0.042820946	0.120936258	0.024058009	0.036177164
-2.26226226	0.032673240	0.057394632	0.043448545	0.122346838	0.024409560	0.036668987
-2.25525526	0.033206201	0.058178187	0.044086461	0.123774286	0.024767089	0.037168630
-2.24824825	0.033748632	0.058973676	0.044734886	0.125218800	0.025130714	0.037676241
-2.24124124	0.034300716	0.059781299	0.045394016	0.126680579	0.025500558	0.038191967
-2.23423423	0.034862644	0.060601264	0.046064052	0.128159824	0.025876744	0.038715961
-2.22722723	0.035434609	0.061433783	0.046745198	0.129656736	0.026259400	0.039248376
-2.22022022	0.036016807	0.062279068	0.047437663	0.131171521	0.026648656	0.039789373
-2.21321321	0.036609440	0.063137340	0.048141660	0.132704385	0.027044645	0.040339113
-2.20620621	0.037212715	0.064008821	0.048857406	0.134255533	0.027447504	0.040897761
-2.19919920	0.037826841	0.064893738	0.049585125	0.135825178	0.027857371	0.041465486
-2.19219219	0.038452034	0.065792323	0.050325044	0.137413528	0.028274391	0.042042461
-2.18518519	0.039088514	0.066704812	0.051077393	0.139020796	0.028698708	0.042628864
-2.17817818	0.039736506	0.067631446	0.051842412	0.140647198	0.029130473	0.043224874
-2.17117117	0.040396239	0.068572468	0.052620341	0.142292948	0.029569840	0.043830675
-2.16416416	0.041067948	0.069528130	0.053411428	0.143958265	0.030016964	0.044446457
-2.15715716	0.041751873	0.070498686	0.054215925	0.145643367	0.030472007	0.045072413
-2.15015015	0.042448259	0.071484395	0.055034092	0.147348474	0.030935133	0.045708738
-2.14314314	0.043157358	0.072485523	0.055866191	0.149073809	0.031406511	0.046355636
-2.13613614	0.043879425	0.073502338	0.056712493	0.150819595	0.031886313	0.047013311
-2.12912913	0.044614724	0.074535115	0.057573271	0.152586056	0.032374717	0.047681974
-2.12212212	0.045363522	0.075584136	0.058448809	0.154373419	0.032871903	0.048361842
-2.11511512	0.046126093	0.076649685	0.059339393	0.156181912	0.033378056	0.049053133
-2.10810811	0.046902718	0.077732053	0.060245317	0.158011762	0.033893368	0.049756074
-2.10110110	0.047693684	0.078831539	0.061166882	0.159863201	0.034418033	0.050470894
-2.09409409	0.048499283	0.079948445	0.062104394	0.161736458	0.034952250	0.051197829
-2.08708709	0.049319817	0.081083078	0.063058167	0.163631766	0.035496224	0.051937121
-2.08008008	0.050155591	0.082235755	0.064028522	0.165549359	0.036050165	0.052689015
-2.07307307	0.051006919	0.083406795	0.065015786	0.167489471	0.036614287	0.053453764
-2.06606607	0.051874123	0.084596527	0.066020294	0.169452336	0.037188811	0.054231626
-2.05905906	0.052757531	0.085805283	0.067042388	0.171438191	0.037773963	0.055022864
-2.05205205	0.053657478	0.087033404	0.068082419	0.173447273	0.038369974	0.055827750
-2.04504505	0.054574309	0.088281237	0.069140744	0.175479818	0.038977081	0.056646558
-2.03803804	0.055508375	0.089549136	0.070217729	0.177536066	0.039595528	0.057479572
-2.03103103	0.056460037	0.090837461	0.071313747	0.179616255	0.040225564	0.058327080
-2.02402402	0.057429661	0.092146581	0.072429182	0.181720623	0.040867445	0.059189380
-2.01701702	0.058417625	0.093476870	0.073564423	0.183849411	0.041521434	0.060066773
-2.01001001	0.059424315	0.094828711	0.074719870	0.186002858	0.042187800	0.060959571
-2.00300300	0.060450125	0.096202495	0.075895932	0.188181204	0.042866819	0.061868090
-1.99599600	0.061495459	0.097598618	0.077093027	0.190384689	0.043558774	0.062792655
-1.98898899	0.062560729	0.099017489	0.078311582	0.192613552	0.044263956	0.063733600
-1.98198198	0.063646361	0.100459519	0.079552033	0.194868034	0.044982662	0.064691263
-1.97497497	0.064752785	0.101925132	0.080814827	0.197148373	0.045715200	0.065665995
-1.96796797	0.065880446	0.103414758	0.082100421	0.199454809	0.046461883	0.066658151
-1.96096096	0.067029798	0.104928836	0.083409283	0.201787580	0.047223034	0.067668097
-1.95395395	0.068201304	0.106467815	0.084741888	0.204146924	0.047998982	0.068696208
-1.94694695	0.069395441	0.108032151	0.086098728	0.206533078	0.048790067	0.069742866
-1.93993994	0.070612695	0.109622310	0.087480299	0.208946277	0.049596638	0.070808463
-1.93293293	0.071853566	0.111238768	0.088887115	0.211386756	0.050419053	0.071893402
-1.92592593	0.073118562	0.112882011	0.090319697	0.213854749	0.051257679	0.072998094
-1.91891892	0.074408208	0.114552531	0.091778580	0.216350487	0.052112893	0.074122960
-1.91191191	0.075723039	0.116250835	0.093264310	0.218874202	0.052985082	0.075268432
-1.90490490	0.077063602	0.117977437	0.094777447	0.221426121	0.053874643	0.076434952
-1.89789790	0.078430459	0.119732861	0.096318562	0.224006471	0.054781986	0.077622973
-1.89089089	0.079824185	0.121517644	0.097888241	0.226615477	0.055707530	0.078832959
-1.88388388	0.081245369	0.123332331	0.099487081	0.229253359	0.056651705	0.080065385
-1.87687688	0.082694614	0.125177481	0.101115695	0.231920338	0.057614954	0.081320738
-1.86986987	0.084172538	0.127053660	0.102774709	0.234616629	0.058597732	0.082599518
-1.86286286	0.085679772	0.128961450	0.104464762	0.237342447	0.059600505	0.083902235
-1.85585586	0.087216967	0.130901441	0.106186511	0.240098000	0.060623755	0.085229413
-1.84884885	0.088784784	0.132874236	0.107940623	0.242883497	0.061667974	0.086581590
-1.84184184	0.090383905	0.134880452	0.109727786	0.245699138	0.062733669	0.087959314
-1.83483483	0.092015026	0.136920715	0.111548699	0.248545124	0.063821361	0.089363149
-1.82782783	0.093678861	0.138995667	0.113404079	0.251421648	0.064931585	0.090793674
-1.82082082	0.095376142	0.141105959	0.115294659	0.254328900	0.066064893	0.092251481
-1.81381381	0.097107616	0.143252258	0.117221190	0.257267065	0.067221849	0.093737175
-1.80680681	0.098874053	0.145435244	0.119184439	0.260236323	0.068403035	0.095251379
-1.79979980	0.100676238	0.147655609	0.121185189	0.263236847	0.069609049	0.096794731
-1.79279279	0.102514977	0.149914059	0.123224244	0.266268807	0.070840507	0.098367883
-1.78578579	0.104391096	0.152211317	0.125302423	0.269332365	0.072098040	0.099971506
-1.77877878	0.106305440	0.154548116	0.127420566	0.272427676	0.073382298	0.101606286
-1.77177177	0.108258877	0.156925206	0.129579532	0.275554890	0.074693951	0.103272927
-1.76476476	0.110252295	0.159343351	0.131780197	0.278714149	0.076033685	0.104972150
-1.75775776	0.112286603	0.161803332	0.134023460	0.281905586	0.077402209	0.106704695
-1.75075075	0.114362734	0.164305942	0.136310239	0.285129330	0.078800250	0.108471321
-1.74374374	0.116481644	0.166851993	0.138641471	0.288385497	0.080228556	0.110272805
-1.73673674	0.118644312	0.169442311	0.141018117	0.291674197	0.081687898	0.112109944
-1.72972973	0.120851740	0.172077738	0.143441158	0.294995532	0.083179068	0.113983555
-1.72272272	0.123104958	0.174759133	0.145911596	0.298349591	0.084702881	0.115894477
-1.71571572	0.125405019	0.177487372	0.148430457	0.301736457	0.086260176	0.117843568
-1.70870871	0.127753002	0.180263347	0.150998791	0.305156200	0.087851816	0.119831710
-1.70170170	0.130150012	0.183087968	0.153617667	0.308608879	0.089478689	0.121859805
-1.69469469	0.132597184	0.185962163	0.156288181	0.312094544	0.091141711	0.123928780
-1.68768769	0.135095679	0.188886876	0.159011454	0.315613231	0.092841821	0.126039585
-1.68068068	0.137646687	0.191863071	0.161788627	0.319164965	0.094579988	0.128193194
-1.67367367	0.140251426	0.194891728	0.164620872	0.322749758	0.096357210	0.130390604
-1.66666667	0.142911145	0.197973848	0.167509381	0.326367608	0.098174513	0.132632840
-1.65965966	0.145627125	0.201110450	0.170455375	0.330018500	0.100032953	0.134920952
-1.65265265	0.148400676	0.204302570	0.173460100	0.333702405	0.101933618	0.137256016
-1.64564565	0.151233142	0.207551266	0.176524830	0.337419278	0.103877627	0.139639136
-1.63863864	0.154125897	0.210857615	0.179650865	0.341169059	0.105866135	0.142071444
-1.63163163	0.157080352	0.214222711	0.182839532	0.344951672	0.107900328	0.144554100
-1.62462462	0.160097949	0.217647672	0.186092188	0.348767025	0.109981428	0.147088294
-1.61761762	0.163180168	0.221133634	0.189410215	0.352615007	0.112110695	0.149675247
-1.61061061	0.166328521	0.224681752	0.192795028	0.356495493	0.114289425	0.152316208
-1.60360360	0.169544561	0.228293205	0.196248066	0.360408334	0.116518953	0.155012461
-1.59659660	0.172829874	0.231969189	0.199770802	0.364353367	0.118800653	0.157765319
-1.58958959	0.176186086	0.235710924	0.203364736	0.368330407	0.121135942	0.160576132
-1.58258258	0.179614861	0.239519648	0.207031399	0.372339249	0.123526278	0.163446280
-1.57557558	0.183117904	0.243396623	0.210772352	0.376379665	0.125973162	0.166377180
-1.56856857	0.186696958	0.247343130	0.214589186	0.380451410	0.128478142	0.169370284
-1.56156156	0.190353808	0.251360472	0.218483523	0.384554212	0.131042810	0.172427079
-1.55455455	0.194090281	0.255449974	0.222457018	0.388687777	0.133668807	0.175549092
-1.54754755	0.197908245	0.259612981	0.226511354	0.392851790	0.136357824	0.178737884
-1.54054054	0.201809612	0.263850862	0.230648247	0.397045908	0.139111601	0.181995058
-1.53353353	0.205796338	0.268165003	0.234869445	0.401269765	0.141931931	0.185322255
-1.52652653	0.209870423	0.272556816	0.239176726	0.405522966	0.144820660	0.188721156
-1.51951952	0.214033912	0.277027731	0.243571899	0.409805094	0.147779691	0.192193484
-1.51251251	0.218288896	0.281579200	0.248056808	0.414115701	0.150810982	0.195741004
-1.50550551	0.222637512	0.286212696	0.252633324	0.418454312	0.153916551	0.199365524
-1.49849850	0.227081945	0.290929713	0.257303350	0.422820422	0.157098475	0.203068895
-1.49149149	0.231624424	0.295731766	0.262068823	0.427213498	0.160358895	0.206853012
-1.48448448	0.236267231	0.300620387	0.266931708	0.431632975	0.163700013	0.210719818
-1.47747748	0.241012692	0.305597132	0.271894000	0.436078258	0.167124099	0.214671298
-1.47047047	0.245863184	0.310663573	0.276957724	0.440548718	0.170633490	0.218709488
-1.46346346	0.250821132	0.315821304	0.282124936	0.445043695	0.174230592	0.222836468
-1.45645646	0.255889010	0.321071933	0.287397719	0.449562495	0.177917881	0.227054370
-1.44944945	0.261069342	0.326417090	0.292778184	0.454104388	0.181697909	0.231365373
-1.44244244	0.266364703	0.331858418	0.298268469	0.458668612	0.185573300	0.235771705
-1.43543544	0.271777714	0.337397581	0.303870739	0.463254366	0.189546757	0.240275647
-1.42842843	0.277311049	0.343036253	0.309587183	0.467860813	0.193621061	0.244879529
-1.42142142	0.282967430	0.348776127	0.315420014	0.472487079	0.197799076	0.249585734
-1.41441441	0.288749627	0.354618905	0.321371468	0.477132253	0.202083745	0.254396697
-1.40740741	0.294660460	0.360566305	0.327443801	0.481795381	0.206478100	0.259314905
-1.40040040	0.300702796	0.366620054	0.333639289	0.486475474	0.210985259	0.264342900
-1.39339339	0.306879551	0.372781887	0.339960225	0.491171498	0.215608429	0.269483275
-1.38638639	0.313193685	0.379053549	0.346408917	0.495882382	0.220350906	0.274738680
-1.37937938	0.319648205	0.385436791	0.352987686	0.500607010	0.225216083	0.280111816
-1.37237237	0.326246162	0.391933368	0.359698865	0.505344223	0.230207446	0.285605440
-1.36536537	0.332990648	0.398545038	0.366544794	0.510092821	0.235328576	0.291222362
-1.35835836	0.339884800	0.405273557	0.373527817	0.514851559	0.240583158	0.296965449
-1.35135135	0.346931789	0.412120682	0.380650283	0.519619146	0.245974972	0.302837618
-1.34434434	0.354134826	0.419088164	0.387914537	0.524394247	0.251507905	0.308841841
-1.33733734	0.361497156	0.426177747	0.395322919	0.529175480	0.257185946	0.314981146
-1.33033033	0.369022056	0.433391165	0.402877761	0.533961419	0.263013189	0.321258609
-1.32332332	0.376712831	0.440730138	0.410581382	0.538750588	0.268993839	0.327677360
-1.31631632	0.384572811	0.448196372	0.418436081	0.543541465	0.275132205	0.334240581
-1.30930931	0.392605348	0.455791550	0.426444135	0.548332478	0.281432708	0.340951500
-1.30230230	0.400813811	0.463517333	0.434607795	0.553122010	0.287899882	0.347813397
-1.29529530	0.409201583	0.471375353	0.442929275	0.557908392	0.294538369	0.354829596
-1.28828829	0.417772051	0.479367209	0.451410749	0.562689908	0.301352927	0.362003466
-1.28128128	0.426528609	0.487494466	0.460054348	0.567464789	0.308348423	0.369338420
-1.27427427	0.435474644	0.495758643	0.468862144	0.572231219	0.315529842	0.376837909
-1.26726727	0.444613532	0.504161213	0.477836154	0.576987332	0.322902277	0.384505423
-1.26026026	0.453948633	0.512703597	0.486978321	0.581731210	0.330470938	0.392344485
-1.25325325	0.463483282	0.521387155	0.496290514	0.586460884	0.338241145	0.400358649
-1.24624625	0.473220778	0.530213183	0.505774515	0.591174338	0.346218326	0.408551497
-1.23923924	0.483164377	0.539182903	0.515432009	0.595869502	0.354408023	0.416926632
-1.23223223	0.493317285	0.548297457	0.525264577	0.600544255	0.362815881	0.425487675
-1.22522523	0.503682642	0.557557901	0.535273683	0.605196430	0.371447652	0.434238261
-1.21821822	0.514263513	0.566965194	0.545460664	0.609823805	0.380309185	0.443182030
-1.21121121	0.525062877	0.576520191	0.555826715	0.614424109	0.389406431	0.452322625
-1.20420420	0.536083612	0.586223633	0.566372883	0.618995024	0.398745431	0.461663679
-1.19719720	0.547328481	0.596076138	0.577100046	0.623534180	0.408332313	0.471208816
-1.19019019	0.558800118	0.606078190	0.588008905	0.628039159	0.418173286	0.480961635
-1.18318318	0.570501009	0.616230129	0.599099965	0.632507494	0.428274636	0.490925703
-1.17617618	0.582433479	0.626532137	0.610373523	0.636936672	0.438642711	0.501104550
-1.16916917	0.594599669	0.636984230	0.621829651	0.641324131	0.449283920	0.511501652
-1.16216216	0.607001522	0.647586244	0.633468178	0.645667265	0.460204716	0.522120424
-1.15515516	0.619640753	0.658337817	0.645288672	0.649963420	0.471411588	0.532964207
-1.14814815	0.632518838	0.669238383	0.657290423	0.654209901	0.482911049	0.544036253
-1.14114114	0.645636981	0.680287149	0.669472423	0.658403967	0.494709619	0.555339714
-1.13413413	0.658996093	0.691483086	0.681833346	0.662542838	0.506813811	0.566877623
-1.12712713	0.672596769	0.702824909	0.694371527	0.666623690	0.519230114	0.578652880
-1.12012012	0.686439251	0.714311061	0.707084938	0.670643662	0.531964972	0.590668235
-1.11311311	0.700523409	0.725939695	0.719971171	0.674599856	0.545024766	0.602926266
-1.10610611	0.714848702	0.737708656	0.733027408	0.678489335	0.558415786	0.615429365
-1.09909910	0.729414150	0.749615459	0.746250400	0.682309131	0.572144210	0.628179708
-1.09209209	0.744218297	0.761657273	0.759636444	0.686056240	0.586216077	0.641179239
-1.08508509	0.759259179	0.773830897	0.773181353	0.689727631	0.600637252	0.654429645
-1.07807808	0.774534282	0.786132737	0.786880432	0.693320242	0.615413398	0.667932324
-1.07107107	0.790040506	0.798558786	0.800728450	0.696830986	0.630549938	0.681688366
-1.06406406	0.805774123	0.811104597	0.814719614	0.700256751	0.646052017	0.695698517
-1.05705706	0.821730735	0.823765261	0.828847538	0.703594406	0.661924464	0.709963151
-1.05005005	0.837905229	0.836535383	0.843105215	0.706840798	0.678171740	0.724482238
-1.04304304	0.854291734	0.849409049	0.857484988	0.709992760	0.694797898	0.739255306
-1.03603604	0.870883571	0.862379808	0.871978523	0.713047109	0.711806525	0.754281409
-1.02902903	0.887673205	0.875440636	0.886576772	0.716000656	0.729200691	0.769559084
-1.02202202	0.904652199	0.888583913	0.901269949	0.718850199	0.746982887	0.785086312
-1.01501502	0.921811157	0.901801391	0.916047500	0.721592537	0.765154962	0.800860478
-1.00800801	0.939139674	0.915084166	0.930898068	0.724224465	0.783718058	0.816878324
-1.00100100	0.956626286	0.928422646	0.945809467	0.726742780	0.802672534	0.833135901
-0.99399399	0.974258413	0.941806520	0.960768652	0.729144287	0.822017893	0.849628524
-0.98698699	0.992022303	0.955224726	0.975761692	0.731425800	0.841752701	0.866350717
-0.97997998	1.009902982	0.968665425	0.990773736	0.733584147	0.861874499	0.883296165
-0.97297297	1.027884195	0.982115959	1.005788994	0.735616171	0.882379715	0.900457653
-0.96596597	1.045948354	0.995562829	1.020790704	0.737518739	0.903263571	0.917827017
-0.95895896	1.064076482	1.008991658	1.035761114	0.739288742	0.924519979	0.935395076
-0.95195195	1.082248163	1.022387160	1.050681454	0.740923102	0.946141442	0.953151579
-0.94494494	1.100441487	1.035733110	1.065531921	0.742418772	0.968118942	0.971085139
-0.93793794	1.118633004	1.049012313	1.080291656	0.743772747	0.990441827	0.989183171
-0.93093093	1.136797673	1.062206577	1.094938731	0.744982062	1.013097695	1.007431825
-0.92392392	1.154908822	1.075296680	1.109450138	0.746043800	1.036072276	1.025815923
-0.91691692	1.172938105	1.088262346	1.123801776	0.746955099	1.059349300	1.044318886
-0.90990991	1.190855464	1.101082222	1.137968451	0.747713148	1.082910374	1.062922673
-0.90290290	1.208629100	1.113733851	1.151923871	0.748315203	1.106734853	1.081607709
-0.89589590	1.226225448	1.126193655	1.165640649	0.748758584	1.130799702	1.100352816
-0.88888889	1.243609154	1.138436913	1.179090316	0.749040682	1.155079366	1.119135150
-0.88188188	1.260743064	1.150437753	1.192243331	0.749158965	1.179545634	1.137930130
-0.87487487	1.277588222	1.162169136	1.205069102	0.749110982	1.204167504	1.156711375
-0.86786787	1.294103873	1.173602852	1.217536013	0.748894368	1.228911050	1.175450640
-0.86086086	1.310247478	1.184709518	1.229611455	0.748506851	1.253739293	1.194117756
-0.85385385	1.325974738	1.195458582	1.241261868	0.747946253	1.278612071	1.212680575
-0.84684685	1.341239637	1.205818333	1.252452789	0.747210498	1.303485921	1.231104913
-0.83983984	1.355994489	1.215755916	1.263148907	0.746297619	1.328313963	1.249354509
-0.83283283	1.370190002	1.225237356	1.273314128	0.745205756	1.353045791	1.267390974
-0.82582583	1.383775360	1.234227591	1.282911649	0.743933170	1.377627383	1.285173765
-0.81881882	1.396698319	1.242690508	1.291904042	0.742478240	1.402001015	1.302660153
-0.81181181	1.408905319	1.250588998	1.300253344	0.740839473	1.426105192	1.319805206
-0.80480480	1.420341617	1.257885010	1.307921165	0.739015509	1.449874599	1.336561784
-0.79779780	1.430951433	1.264539622	1.314868797	0.737005119	1.473240070	1.352880539
-0.79079079	1.440678126	1.270513125	1.321057342	0.734807220	1.496128579	1.368709934
-0.78378378	1.449464380	1.275765118	1.326447843	0.732420871	1.518463257	1.383996274
-0.77677678	1.457252418	1.280254611	1.331001436	0.729845282	1.540163433	1.398683755
-0.76976977	1.463984235	1.283940151	1.334679503	0.727079816	1.561144715	1.412714524
-0.76276276	1.469601857	1.286779955	1.337443842	0.724123995	1.581319096	1.426028763
-0.75575576	1.474047614	1.288732066	1.339256846	0.720977504	1.600595103	1.438564795
-0.74874875	1.477264451	1.289754515	1.340081697	0.717640193	1.618877983	1.450259208
-0.74174174	1.479196242	1.289805512	1.339882563	0.714112083	1.636069930	1.461047002
-0.73473473	1.479788144	1.288843644	1.338624809	0.710393367	1.652070370	1.470861763
-0.72772773	1.478986962	1.286828099	1.336275223	0.706484417	1.666776277	1.479635868
-0.72072072	1.476741536	1.283718899	1.332802241	0.702385782	1.680082560	1.487300709
-0.71371371	1.473003156	1.279477162	1.328176184	0.698098197	1.691882488	1.493786956
-0.70670671	1.467725981	1.274065376	1.322369509	0.693622581	1.702068185	1.499024845
-0.69969970	1.460867487	1.267447692	1.315357055	0.688960040	1.710531172	1.502944499
-0.69269269	1.452388921	1.259590239	1.307116302	0.684111872	1.717162981	1.505476288
-0.68568569	1.442255773	1.250461450	1.297627629	0.679079564	1.721855823	1.506551216
-0.67867868	1.430438248	1.240032413	1.286874576	0.673864800	1.724503320	1.506101350
-0.67167167	1.416911752	1.228277234	1.274844108	0.668469456	1.725001300	1.504060276
-0.66466466	1.401657374	1.215173414	1.261526870	0.662895605	1.723248653	1.500363601
-0.65765766	1.384662368	1.200702241	1.246917448	0.657145516	1.719148251	1.494949482
-0.65065065	1.365920622	1.184849191	1.231014618	0.651221654	1.712607921	1.487759194
-0.64364364	1.345433123	1.167604344	1.213821585	0.645126682	1.703541482	1.478737733
-0.63663664	1.323208397	1.148962793	1.195346218	0.638863458	1.691869826	1.467834443
-0.62962963	1.299262929	1.128925074	1.175601264	0.632435036	1.677522055	1.455003685
-0.62262262	1.273621551	1.107497576	1.154604550	0.625844666	1.660436650	1.440205523
-0.61561562	1.246317793	1.084692960	1.132379165	0.619095788	1.640562689	1.423406442
-0.60860861	1.217394194	1.060530563	1.108953618	0.612192035	1.617861080	1.404580077
-0.60160160	1.186902562	1.035036783	1.084361973	0.605137230	1.592305816	1.383707965
-0.59459459	1.154904168	1.008245448	1.058643956	0.597935381	1.563885240	1.360780302
-0.58758759	1.121469894	0.980198159	1.031845025	0.590590680	1.532603304	1.335796703
-0.58058058	1.086680286	0.950944593	1.004016413	0.583107499	1.498480801	1.308766956
-0.57357357	1.050625549	0.920542769	0.975215127	0.575490386	1.461556575	1.279711765
-0.56656657	1.013405439	0.889059259	0.945503912	0.567744064	1.421888668	1.248663468
-0.55955956	0.975129075	0.856569351	0.914951164	0.559873419	1.379555399	1.215666718
-0.55255255	0.935914641	0.823157135	0.883630807	0.551883505	1.334656348	1.180779127
-0.54554555	0.895888991	0.788915516	0.851622107	0.543779530	1.287313223	1.144071837
-0.53853854	0.855187139	0.753946145	0.819009453	0.535566857	1.237670577	1.105630035
-0.53153153	0.813951638	0.718359248	0.785882066	0.527250991	1.185896357	1.065553365
-0.52452452	0.772331834	0.682273359	0.752333671	0.518837582	1.132182236	1.023956247
-0.51751752	0.730483010	0.645814927	0.718462097	0.510332408	1.076743719	0.980968063
-0.51051051	0.688565403	0.609117805	0.684368835	0.501741375	1.019819949	0.936733214
-0.50350350	0.646743101	0.572322604	0.650158528	0.493070508	0.961673209	0.891411010
-0.49649650	0.605182822	0.535575901	0.615938411	0.484325941	0.902588058	0.845175381
-0.48948949	0.564052583	0.499029302	0.581817695	0.475513911	0.842870048	0.798214389
-0.48248248	0.523520261	0.462838336	0.547906891	0.466640750	0.782844001	0.750729517
-0.47547548	0.483752051	0.427161198	0.514317094	0.457712875	0.722851775	0.702934715
-0.46846847	0.444910845	0.392157319	0.481159204	0.448736778	0.663249483	0.655055183
-0.46146146	0.407154534	0.357985768	0.448543117	0.439719020	0.604404115	0.607325865
-0.45445445	0.370634254	0.324803491	0.416576866	0.430666219	0.546689532	0.559989640
-0.44744745	0.335492599	0.292763387	0.385365732	0.421585041	0.490481781	0.513295198
-0.44044044	0.301861819	0.262012239	0.355011330	0.412482190	0.436153722	0.467494565
-0.43343343	0.269862039	0.232688508	0.325610676	0.403364399	0.384068954	0.422840298
-0.42642643	0.239599516	0.204920021	0.297255239	0.394238418	0.334575047	0.379582311
-0.41941942	0.211164984	0.178821575	0.270030000	0.385111004	0.287996131	0.337964359
-0.41241241	0.184632113	0.154492509	0.244012523	0.375988911	0.244624915	0.298220183
-0.40540541	0.160056132	0.132014288	0.219272045	0.366878880	0.204714271	0.260569329
-0.39839840	0.137472657	0.111448162	0.195868616	0.357787626	0.168468583	0.225212696
-0.39139139	0.116896773	0.092832998	0.173852286	0.348721831	0.136035130	0.192327866
-0.38438438	0.098322421	0.076183353	0.153262365	0.339688127	0.107495904	0.162064295
-0.37737738	0.081722140	0.061487930	0.134126782	0.330693093	0.082860348	0.134538489
-0.37037037	0.067047218	0.048708520	0.116461545	0.321743238	0.062059668	0.109829329
-0.36336336	0.054228296	0.037779602	0.100270337	0.312844993	0.044943500	0.087973723
-0.35635636	0.043176461	0.028608728	0.085544268	0.304004701	0.031279872	0.068962877
-0.34934935	0.033784872	0.021077869	0.072261792	0.295228603	0.020759444	0.052739480
-0.34234234	0.025930916	0.015045855	0.060388831	0.286522831	0.013005073	0.039196190
-0.33533534	0.019478914	0.010352024	0.049879112	0.277893398	0.007587482	0.028175866
-0.32832833	0.014283318	0.006821130	0.040674733	0.269346184	0.004047379	0.019474017
-0.32132132	0.010192356	0.004269470	0.032706985	0.260886929	0.001923415	0.012843940
-0.31431431	0.007052017	0.002512037	0.025897433	0.252521226	0.000783927	0.008004958
-0.30730731	0.004710223	0.001370351	0.020159256	0.244254503	0.000258413	0.004653959
-0.30030030	0.003021018	0.000680361	0.015398841	0.236092024	0.000062550	0.002480119
-0.29329329	0.001848522	0.000299634	0.011517614	0.228038873	0.000009337	0.001182109
-0.28628629	0.001070411	0.000112812	0.008414078	0.220099949	0.000000599	0.000486303
-0.27927928	0.000580657	0.000034351	0.005985994	0.212279957	0.000000006	0.000163549
-0.27227227	0.000291259	0.000007744	0.004132662	0.204583400	0.000000000	0.000041175
-0.26526527	0.000132817	0.000001110	0.002757192	0.197014571	0.000000000	0.000006641
-0.25825826	0.000053823	0.000000075	0.001768678	0.189577548	0.000000000	0.000000502
-0.25125125	0.000018788	0.000000001	0.001084149	0.182276187	0.000000000	0.000000008
-0.24424424	0.000005404	0.000000000	0.000630181	0.175114113	0.000000000	0.000000000
-0.23723724	0.000001199	0.000000000	0.000344040	0.168094719	0.000000000	0.000000000
-0.23023023	0.000000185	0.000000000	0.000174261	0.161221159	0.000000000	0.000000000
-0.22322322	0.000000017	0.000000000	0.000080598	0.154496344	0.000000000	0.000000000
-0.21621622	0.000000001	0.000000000	0.000033326	0.147922935	0.000000000	0.000000000
-0.20920921	0.000000000	0.000000000	0.000011968	0.141503345	0.000000000	0.000000000
-0.20220220	0.000000000	0.000000000	0.000003583	0.135239732	0.000000000	0.000000000
-0.19519520	0.000000000	0.000000000	0.000000842	0.129133998	0.000000000	0.000000000
-0.18818819	0.000000000	0.000000000	0.000000142	0.123187790	0.000000000	0.000000000
-0.18118118	0.000000000	0.000000000	0.000000015	0.117402494	0.000000000	0.000000000
-0.17417417	0.000000000	0.000000000	0.000000001	0.111779237	0.000000000	0.000000000
-0.16716717	0.000000000	0.000000000	0.000000000	0.106318889	0.000000000	0.000000000
-0.16016016	0.000000000	0.000000000	0.000000000	0.101022063	0.000000000	0.000000000
-0.15315315	0.000000000	0.000000000	0.000000000	0.095889111	0.000000000	0.000000000
-0.14614615	0.000000000	0.000000000	0.000000000	0.090920137	0.000000000	0.000000000
-0.13913914	0.000000000	0.000000000	0.000000000	0.086114987	0.000000000	0.000000000
-0.13213213	0.000000000	0.000000000	0.000000000	0.081473264	0.000000000	0.000000000
-0.12512513	0.000000000	0.000000000	0.000000000	0.076994323	0.000000000	0.000000000
-0.11811812	0.000000000	0.000000000	0.000000000	0.072677281	0.000000000	0.000000000
-0.11111111	0.000000000	0.000000000	0.000000000	0.068521018	0.000000000	0.000000000
-0.10410410	0.000000000	0.000000000	0.000000000	0.064524187	0.000000000	0.000000000
-0.09709710	0.000000000	0.000000000	0.000000000	0.060685218	0.000000000	0.000000000
-0.09009009	0.000000000	0.000000000	0.000000000	0.057002323	0.000000000	0.000000000
-0.08308308	0.000000000	0.000000000	0.000000000	0.053473506	0.000000000	0.000000000
-0.07607608	0.000000000	0.000000000	0.000000000	0.050096570	0.000000000	0.000000000
-0.06906907	0.000000000	0.000000000	0.000000000	0.046869128	0.000000000	0.000000000
-0.06206206	0.000000000	0.000000000	0.000000000	0.043788605	0.000000000	0.000000000
-0.05505506	0.000000000	0.000000000	0.000000000	0.040852255	0.000000000	0.000000000
-0.04804805	0.000000000	0.000000000	0.000000000	0.038057166	0.000000000	0.000000000
-0.04104104	0.000000000	0.000000000	0.000000000	0.035400272	0.000000000	0.000000000
-0.03403403	0.000000000	0.000000000	0.000000000	0.032878362	0.000000000	0.000000000
-0.02702703	0.000000000	0.000000000	0.000000000	0.030488092	0.000000000	0.000000000
-0.02002002	0.000000000	0.000000000	0.000000000	0.028225997	0.000000000	0.000000000
-0.01301301	0.000000000	0.000000000	0.000000000	0.026088500	0.000000000	0.000000000
-0.00600601	0.000000000	0.000000000	0.000000000	0.024071927	0.000000000	0.000000000
0.00100100	0.000000000	0.000000000	0.000000000	0.022172512	0.000000000	0.000000000
0.00800801	0.000000000	0.000000000	0.000000000	0.020386419	0.000000000	0.000000000
0.01501502	0.000000000	0.000000000	0.000000000	0.018709744	0.000000000	0.000000000
0.02202202	0.000000000	0.000000000	0.000000000	0.017138534	0.000000000	0.000000000
0.02902903	0.000000000	0.000000000	0.000000000	0.015668795	0.000000000	0.000000000
0.03603604	0.000000000	0.000000000	0.000000000	0.014296508	0.000000000	0.000000000
0.04304304	0.000000000	0.000000000	0.000000000	0.013017635	0.000000000	0.000000000
0.05005005	0.000000000	0.000000000	0.000000000	0.011828136	0.000000000	0.000000000
0.05705706	0.000000000	0.000000000	0.000000000	0.010723978	0.000000000	0.000000000
0.06406406	0.000000000	0.000000000	0.000000000	0.009701147	0.000000000	0.000000000
0.07107107	0.000000000	0.000000000	0.000000000	0.008755661	0.000000000	0.000000000
0.07807808	0.000000000	0.000000000	0.000000000	0.007883575	0.000000000	0.000000000
0.08508509	0.000000000	0.000000000	0.000000000	0.007080997	0.000000000	0.000000000
0.09209209	0.000000000	0.000000000	0.000000000	0.006344096	0.000000000	0.000000000
0.09909910	0.000000000	0.000000000	0.000000000	0.005669111	0.000000000	0.000000000
0.10610611	0.000000000	0.000000000	0.000000000	0.005052360	0.000000000	0.000000000
0.11311311	0.000000000	0.000000000	0.000000000	0.004490248	0.000000000	0.000000000
0.12012012	0.000000000	0.000000000	0.000000000	0.003979276	0.000000000	0.000000000
0.12712713	0.000000000	0.000000000	0.000000000	0.003516047	0.000000000	0.000000000
0.13413413	0.000000000	0.000000000	0.000000000	0.003097272	0.000000000	0.000000000
0.14114114	0.000000000	0.000000000	0.000000000	0.002719777	0.000000000	0.000000000
0.14814815	0.000000000	0.000000000	0.000000000	0.002380509	0.000000000	0.000000000
0.15515516	0.000000000	0.000000000	0.000000000	0.002076538	0.000000000	0.000000000
0.16216216	0.000000000	0.000000000	0.000000000	0.001805060	0.000000000	0.000000000
0.16916917	0.000000000	0.000000000	0.000000000	0.001563405	0.000000000	0.000000000
0.17617618	0.000000000	0.000000000	0.000000000	0.001349032	0.000000000	0.000000000
0.18318318	0.000000000	0.000000000	0.000000000	0.001159537	0.000000000	0.000000000
0.19019019	0.000000000	0.000000000	0.000000000	0.000992649	0.000000000	0.000000000
0.19719720	0.000000000	0.000000000	0.000000000	0.000846233	0.000000000	0.000000000
0.20420420	0.000000000	0.000000000	0.000000000	0.000718286	0.000000000	0.000000000
0.21121121	0.000000000	0.000000000	0.000000000	0.000606938	0.000000000	0.000000000
0.21821822	0.000000000	0.000000000	0.000000000	0.000510452	0.000000000	0.000000000
0.22522523	0.000000000	0.000000000	0.000000000	0.000427215	0.000000000	0.000000000
0.23223223	0.000000000	0.000000000	0.000000000	0.000355741	0.000000000	0.000000000
0.23923924	0.000000000	0.000000000	0.000000000	0.000294663	0.000000000	0.000000000
0.24624625	0.000000000	0.000000000	0.000000000	0.000242731	0.000000000	0.000000000
0.25325325	0.000000000	0.000000000	0.000000000	0.000198807	0.000000000	0.000000000
0.26026026	0.000000000	0.000000000	0.000000000	0.000161858	0.000000000	0.000000000
0.26726727	0.000000000	0.000000000	0.000000000	0.000130954	0.000000000	0.000000000
0.27427427	0.000000000	0.000000000	0.000000000	0.000105261	0.000000000	0.000000000
0.28128128	0.000000000	0.000000000	0.000000000	0.000084032	0.000000000	0.000000000
0.28828829	0.000000000	0.000000000	0.000000000	0.000066606	0.000000000	0.000000000
0.29529530	0.000000000	0.000000000	0.000000000	0.000052400	0.000000000	0.000000000
0.30230230	0.000000000	0.000000000	0.000000000	0.000040901	0.000000000	0.000000000
0.30930931	0.000000000	0.000000000	0.000000000	0.000031663	0.000000000	0.000000000
0.31631632	0.000000000	0.000000000	0.000000000	0.000024301	0.000000000	0.000000000
0.32332332	0.000000000	0.000000000	0.000000000	0.000018481	0.000000000	0.000000000
0.33033033	0.000000000	0.000000000	0.000000000	0.000013921	0.000000000	0.000000000
0.33733734	0.000000000	0.000000000	0.000000000	0.000010381	0.000000000	0.000000000
0.34434434	0.000000000	0.000000000	0.000000000	0.000007659	0.000000000	0.000000000
0.35135135	0.000000000	0.000000000	0.000000000	0.000005588	0.000000000	0.000000000
0.35835836	0.000000000	0.000000000	0.000000000	0.000004029	0.000000000	0.000000000
0.36536537	0.000000000	0.000000000	0.000000000	0.000002868	0.000000000	0.000000000
0.37237237	0.000000000	0.000000000	0.000000000	0.000002015	0.000000000	0.000000000
0.37937938	0.000000000	0.000000000	0.000000000	0.000001396	0.000000000	0.000000000
0.38638639	0.000000000	0.000000000	0.000000000	0.000000952	0.000000000	0.000000000
0.39339339	0.000000000	0.000000000	0.000000000	0.000000640	0.000000000	0.000000000
0.40040040	0.000000000	0.000000000	0.000000000	0.000000422	0.000000000	0.000000000
0.40740741	0.000000000	0.000000000	0.000000000	0.000000274	0.000000000	0.000000000
0.41441441	0.000000000	0.000000000	0.000000000	0.000000174	0.000000000	0.000000000
0.42142142	0.000000000	0.000000000	0.000000000	0.000000108	0.000000000	0.000000000
0.42842843	0.000000000	0.000000000	0.000000000	0.000000066	0.000000000	0.000000000
0.43543544	0.000000000	0.000000000	0.000000000	0.000000039	0.000000000	0.000000000
0.44244244	0.000000000	0.000000000	0.000000000	0.000000023	0.000000000	0.000000000
0.44944945	0.000000000	0.000000000	0.000000000	0.000000013	0.000000000	0.000000000
0.45645646	0.000000000	0.000000000	0.000000000	0.000000007	0.000000000	0.000000000
0.46346346	0.000000000	0.000000000	0.000000000	0.000000004	0.000000000	0.000000000
0.47047047	0.000000000	0.000000000	0.000000000	0.000000002	0.000000000	0.000000000
0.47747748	0.000000000	0.000000000	0.000000000	0.000000001	0.000000000	0.000000000
0.48448448	0.000000000	0.000000000	0.000000000	0.000000000	0.000000000	0.000000000
0.49149149	0.000000000	0.000000000	0.000000000	0.000000000	0.000000000	0.000000000
0.49849850	0.000000000	0.000000000	0.000000000	0.000000000	0.000000000	0.000000000
0.50550551	0.000000000	0.000000000	0.000000000	0.000000000	0.000000000	0.000000000
0.51251251	0.000000000	0.000000000	0.000000000	0.000000000	0.000000000	0.000000000
0.51951952	0.000000000	0.000000000	0.000000000	0.000000000	0.000000000	0.000000000
0.52652653	0.000000000	0.000000000	0.000000000	0.000000000	0.000000000	0.000000000
0.53353353	0.000000000	0.000000000	0.000000000	0.000000000	0.000000000	0.000000000
0.54054054	0.000000000	0.000000000	0.000000000	0.000000000	0.000000000	0.000000000
0.54754755	0.000000000	0.000000000	0.000000000	0.000000000	0.000000000	0.000000000
0.55455455	0.000000000	0.000000000	0.000000000	0.000000000	0.000000000	0.000000000
0.56156156	0.000000000	0.000000000	0.000000000	0.000000000	0.000000000	0.000000000
0.56856857	0.000000000	0.000000000	0.000000000	0.000000000	0.000000000	0.000000000
0.57557558	0.000000000	0.000000000	0.000000000	0.000000000	0.000000000	0.000000000
0.58258258	0.000000000	0.000000000	0.000000000	0.000000000	0.000000000	0.000000000
0.58958959	0.000000000	0.000000000	0.000000000	0.000000000	0.000000000	0.000000000
0.59659660	0.000000000	0.000000000	0.000000000	0.000000000	0.000000000	0.000000000
0.60360360	0.000000000	0.000000000	0.000000000	0.000000000	0.000000000	0.000000000
0.61061061	0.000000000	0.000000000	0.000000000	0.000000000	0.000000000	0.000000000
0.61761762	0.000000000	0.000000000	0.000000000	0.000000000	0.000000000	0.000000000
0.62462462	0.000000000	0.000000000	0.000000000	0.000000000	0.000000000	0.000000000
0.63163163	0.000000000	0.000000000	0.000000000	0.000000000	0.000000000	0.000000000
0.63863864	0.000000000	0.000000000	0.000000000	0.000000000	0.000000000	0.000000000
0.64564565	0.000000000	0.000000000	0.000000000	0.000000000	0.000000000	0.000000000
0.65265265	0.000000000	0.000000000	0.000000000	0.000000000	0.000000000	0.000000000
0.65965966	0.000000000	0.000000000	0.000000000	0.000000000	0.000000000	0.000000000
0.66666667	0.000000000	0.000000000	0.000000000	0.000000000	0.000000000	0.000000000
0.67367367	0.000000000	0.000000000	0.000000000	0.000000000	0.000000000	0.000000000
0.68068068	0.000000000	0.000000000	0.000000000	0.000000000	0.000000000	0.000000000
0.68768769	0.000000000	0.000000000	0.000000000	0.000000000	0.000000000	0.000000000
0.69469469	0.000000000	0.000000000	0.000000000	0.000000000	0.000000000	0.000000000
0.70170170	0.000000000	0.000000000	0.000000000	0.000000000	0.000000000	0.000000000
0.70870871	0.000000000	0.000000000	0.000000000	0.000000000	0.000000000	0.000000000
0.71571572	0.000000000	0.000000000	0.000000000	0.000000000	0.000000000	0.000000000
0.72272272	0.000000000	0.000000000	0.000000000	0.000000000	0.000000000	0.000000000
0.72972973	0.000000000	0.000000000	0.000000000	0.000000000	0.000000000	0.000000000
0.73673674	0.000000000	0.000000000	0.000000000	0.000000000	0.000000000	0.000000000
0.74374374	0.000000000	0.000000000	0.000000000	0.000000000	0.000000000	0.000000000
0.75075075	0.000000000	0.000000000	0.000000000	0.000000000	0.000000000	0.000000000
0.75775776	0.000000000	0.000000000	0.000000000	0.000000000	0.000000000	0.000000000
0.76476476	0.000000000	0.000000000	0.000000000	0.000000000	0.000000000	0.000000000
0.77177177	0.000000000	0.000000000	0.000000000	0.000000000	0.000000000	0.000000000
0.77877878	0.000000000	0.000000000	0.000000000	0.000000000	0.000000000	0.000000000
0.78578579	0.000000000	0.000000000	0.000000000	0.000000000	0.000000000	0.000000000
0.79279279	0.000000000	0.000000000	0.000000000	0.000000000	0.000000000	0.000000000
0.79979980	0.000000000	0.000000000	0.000000000	0.000000000	0.000000000	0.000000000
0.80680681	0.000000000	0.000000000	0.000000000	0.000000000	0.000000000	0.000000000
0.81381381	0.000000000	0.000000000	0.000000000	0.000000000	0.000000000	0.000000000
0.82082082	0.000000000	0.000000000	0.000000000	0.000000000	0.000000000	0.000000000
0.82782783	0.000000000	0.000000000	0.000000000	0.000000000	0.000000000	0.000000000
0.83483483	0.000000000	0.000000000	0.000000000	0.000000000	0.000000000	0.000000000
0.84184184	0.000000000	0.000000000	0.000000000	0.000000000	0.000000000	0.000000000
0.84884885	0.000000000	0.000000000	0.000000000	0.000000000	0.000000000	0.000000000
0.85585586	0.000000000	0.000000000	0.000000000	0.000000000	0.000000000	0.000000000
0.86286286	0.000000000	0.000000000	0.000000000	0.000000000	0.000000000	0.000000000
0.86986987	0.000000000	0.000000000	0.000000000	0.000000000	0.000000000	0.000000000
0.87687688	0.000000000	0.000000000	0.000000000	0.000000000	0.000000000	0.000000000
0.88388388	0.000000000	0.000000000	0.000000000	0.000000000	0.000000000	0.000000000
0.89089089	0.000000000	0.000000000	0.000000000	0.000000000	0.000000000	0.000000000
0.89789790	0.000000000	0.000000000	0.000000000	0.000000000	0.000000000	0.000000000
0.90490490	0.000000000	0.000000000	0.000000000	0.000000000	0.000000000	0.000000000
0.91191191	0.000000000	0.000000000	0.000000000	0.000000000	0.000000000	0.000000000
0.91891892	0.000000000	0.000000000	0.000000000	0.000000000	0.000000000	0.000000000
0.92592593	0.000000000	0.000000000	0.000000000	0.000000000	0.000000000	0.000000000
0.93293293	0.000000000	0.000000000	0.000000000	0.000000000	0.000000000	0.000000000
0.93993994	0.000000000	0.000000000	0.000000000	0.000000000	0.000000000	0.000000000
0.94694695	0.000000000	0.000000000	0.000000000	0.000000000	0.000000000	0.000000000
0.95395395	0.000000000	0.000000000	0.000000000	0.000000000	0.000000000	0.000000000
0.96096096	0.000000000	0.000000000	0.000000000	0.000000000	0.000000000	0.000000000
0.96796797	0.000000000	0.000000000	0.000000000	0.000000000	0.000000000	0.000000000
0.97497497	0.000000000	0.000000000	0.000000000	0.000000000	0.000000000	0.000000000
0.98198198	0.000000000	0.000000000	0.000000000	0.000000000	0.000000000	0.000000000
0.98898899	0.000000000	0.000000000	0.000000000	0.000000000	0.000000000	0.000000000
0.99599600	0.000000000	0.000000000	0.000000000	0.000000000	0.000000000	0.000000000
1.00300300	0.000000000	0.000000000	0.000000000	0.000000000	0.000000000	0.000000000
1.01001001	0.000000000	0.000000000	0.000000000	0.000000000	0.000000000	0.000000000
1.01701702	0.000000000	0.000000000	0.000000000	0.000000000	0.000000000	0.000000000
1.02402402	0.000000000	0.000000000	0.000000000	0.000000000	0.000000000	0.000000000
1.03103103	0.000000000	0.000000000	0.000000000	0.000000000	0.000000000	0.000000000
1.03803804	0.000000000	0.000000000	0.000000000	0.000000000	0.000000000	0.000000000
1.04504505	0.000000000	0.000000000	0.000000000	0.000000000	0.000000000	0.000000000
1.05205205	0.000000000	0.000000000	0.000000000	0.000000000	0.000000000	0.000000000
1.05905906	0.000000000	0.000000000	0.000000000	0.000000000	0.000000000	0.000000000
1.06606607	0.000000000	0.000000000	0.000000000	0.000000000	0.000000000	0.000000000
1.07307307	0.000000000	0.000000000	0.000000000	0.000000000	0.000000000	0.000000000
1.08008008	0.000000000	0.000000000	0.000000000	0.000000000	0.000000000	0.000000000
1.08708709	0.000000000	0.000000000	0.000000000	0.000000000	0.000000000	0.000000000
1.09409409	0.000000000	0.000000000	0.000000000	0.000000000	0.000000000	0.000000000
1.10110110	0.000000000	0.000000000	0.000000000	0.000000000	0.000000000	0.000000000
1.10810811	0.000000000	0.000000000	0.000000000	0.000000000	0.000000000	0.000000000
1.11511512	0.000000000	0.000000000	0.000000000	0.000000000	0.000000000	0.000000000
1.12212212	0.000000000	0.000000000	0.000000000	0.000000000	0.000000000	0.000000000
1.12912913	0.000000000	0.000000000	0.000000000	0.000000000	0.000000000	0.000000000
1.13613614	0.000000000	0.000000000	0.000000000	0.000000000	0.000000000	0.000000000
1.14314314	0.000000000	0.000000000	0.000000000	0.000000000	0.000000000	0.000000000
1.15015015	0.000000000	0.000000000	0.000000000	0.000000000	0.000000000	0.000000000
1.15715716	0.000000000	0.000000000	0.000000000	0.000000000	0.000000000	0.000000000
1.16416416	0.000000000	0.000000000	0.000000000	0.000000000	0.000000000	0.000000000
1.17117117	0.000000000	0.000000000	0.000000000	0.000000000	0.000000000	0.000000000
1.17817818	0.000000000	0.000000000	0.000000000	0.000000000	0.000000000	0.000000000
1.18518519	0.000000000	0.000000000	0.000000000	0.000000000	0.000000000	0.000000000
1.19219219	0.000000000	0.000000000	0.000000000	0.000000000	0.000000000	0.000000000
1.19919920	0.000000000	0.000000000	0.000000000	0.000000000	0.000000000	0.000000000
1.20620621	0.000000000	0.000000000	0.000000000	0.000000000	0.000000000	0.000000000
1.21321321	0.000000000	0.000000000	0.000000000	0.000000000	0.000000000	0.000000000
1.22022022	0.000000000	0.000000000	0.000000000	0.000000000	0.000000000	0.000000000
1.22722723	0.000000000	0.000000000	0.000000000	0.000000000	0.000000000	0.000000000
1.23423423	0.000000000	0.000000000	0.000000000	0.000000000	0.000000000	0.000000000
1.24124124	0.000000000	0.000000000	0.000000000	0.000000000	0.000000000	0.000000000
1.24824825	0.000000000	0.000000000	0.000000000	0.000000000	0.000000000	0.000000000
1.25525526	0.000000000	0.000000000	0.000000000	0.000000000	0.000000000	0.000000000
1.26226226	0.000000000	0.000000000	0.000000000	0.000000000	0.000000000	0.000000000
1.26926927	0.000000000	0.000000000	0.000000000	0.000000000	0.000000000	0.000000000
1.27627628	0.000000000	0.000000000	0.000000000	0.000000000	0.000000000	0.000000000
1.28328328	0.000000000	0.000000000	0.000000000	0.000000000	0.000000000	0.000000000
1.29029029	0.000000000	0.000000000	0.000000000	0.000000000	0.000000000	0.000000000
1.29729730	0.000000000	0.000000000	0.000000000	0.000000000	0.000000000	0.000000000
1.30430430	0.000000000	0.000000000	0.000000000	0.000000000	0.000000000	0.000000000
1.31131131	0.000000000	0.000000000	0.000000000	0.000000000	0.000000000	0.000000000
1.31831832	0.000000000	0.000000000	0.000000000	0.000000000	0.000000000	0.000000000
1.32532533	0.000000000	0.000000000	0.000000000	0.000000000	0.000000000	0.000000000
1.33233233	0.000000000	0.000000000	0.000000000	0.000000000	0.000000000	0.000000000
1.33933934	0.000000000	0.000000000	0.000000000	0.000000000	0.000000000	0.000000000
1.34634635	0.000000000	0.000000000	0.000000000	0.000000000	0.000000000	0.000000000
1.35335335	0.000000000	0.000000000	0.000000000	0.000000000	0.000000000	0.000000000
1.36036036	0.000000000	0.000000000	0.000000000	0.000000000	0.000000000	0.000000000
1.36736737	0.000000000	0.000000000	0.000000000	0.000000000	0.000000000	0.000000000
1.37437437	0.000000000	0.000000000	0.000000000	0.000000000	0.000000000	0.000000000
1.38138138	0.000000000	0.000000000	0.000000000	0.000000000	0.000000000	0.000000000
1.38838839	0.000000000	0.000000000	0.000000000	0.000000000	0.000000000	0.000000000
1.39539540	0.000000000	0.000000000	0.000000000	0.000000000	0.000000000	0.000000000
1.40240240	0.000000000	0.000000000	0.000000000	0.000000000	0.000000000	0.000000000
1.40940941	0.000000000	0.000000000	0.000000000	0.000000000	0.000000000	0.000000000
1.41641642	0.000000000	0.000000000	0.000000000	0.000000000	0.000000000	0.000000000
1.42342342	0.000000000	0.000000000	0.000000000	0.000000000	0.000000000	0.000000000
1.43043043	0.000000000	0.000000000	0.000000000	0.000000000	0.000000000	0.000000000
1.43743744	0.000000000	0.000000000	0.000000000	0.000000000	0.000000000	0.000000000
1.44444444	0.000000000	0.000000000	0.000000000	0.000000000	0.000000000	0.000000000
1.45145145	0.000000000	0.000000000	0.000000000	0.000000000	0.000000000	0.000000000
1.45845846	0.000000000	0.000000000	0.000000000	0.000000000	0.000000000	0.000000000
1.46546547	0.000000000	0.000000000	0.000000000	0.000000000	0.000000000	0.000000000
1.47247247	0.000000000	0.000000000	0.000000000	0.000000000	0.000000000	0.000000000
1.47947948	0.000000000	0.000000000	0.000000000	0.000000000	0.000000000	0.000000000
1.48648649	0.000000000	0.000000000	0.000000000	0.000000000	0.000000000	0.000000000
1.49349349	0.000000000	0.000000000	0.000000000	0.000000000	0.000000000	0.000000000
1.50050050	0.000000000	0.000000000	0.000000000	0.000000000	0.000000000	0.000000000
1.50750751	0.000000000	0.000000000	0.000000000	0.000000000	0.000000000	0.000000000
1.51451451	0.000000000	0.000000000	0.000000000	0.000000000	0.000000000	0.000000000
1.52152152	0.000000000	0.000000000	0.000000000	0.000000000	0.000000000	0.000000000
1.52852853	0.000000000	0.000000000	0.000000000	0.000000000	0.000000000	0.000000000
1.53553554	0.000000000	0.000000000	0.000000000	0.000000000	0.000000000	0.000000000
1.54254254	0.000000000	0.000000000	0.000000000	0.000000000	0.000000000	0.000000000
1.54954955	0.000000000	0.000000000	0.000000000	0.000000000	0.000000000	0.000000000
1.55655656	0.000000000	0.000000000	0.000000000	0.000000000	0.000000000	0.000000000
1.56356356	0.000000000	0.000000000	0.000000000	0.000000000	0.000000000	0.000000000
1.57057057	0.000000000	0.000000000	0.000000000	0.000000000	0.000000000	0.000000000
1.57757758	0.000000000	0.000000000	0.000000000	0.000000000	0.000000000	0.000000000
1.58458458	0.000000000	0.000000000	0.000000000	0.000000000	0.000000000	0.000000000
1.59159159	0.000000000	0.000000000	0.000000000	0.000000000	0.000000000	0.000000000
1.59859860	0.000000000	0.000000000	0.000000000	0.000000000	0.000000000	0.000000000
1.60560561	0.000000000	0.000000000	0.000000000	0.000000000	0.000000000	0.000000000
1.61261261	0.000000000	0.000000000	0.000000000	0.000000000	0.000000000	0.000000000
1.61961962	0.000000000	0.000000000	0.000000000	0.000000000	0.000000000	0.000000000
1.62662663	0.000000000	0.000000000	0.000000000	0.000000000	0.000000000	0.000000000
1.63363363	0.000000000	0.000000000	0.000000000	0.000000000	0.000000000	0.000000000
1.64064064	0.000000000	0.000000000	0.000000000	0.000000000	0.000000000	0.000000000
1.64764765	0.000000000	0.000000000	0.000000000	0.000000000	0.000000000	0.000000000
1.65465465	0.000000000	0.000000000	0.000000000	0.000000000	0.000000000	0.000000000
1.66166166	0.000000000	0.000000000	0.000000000	0.000000000	0.000000000	0.000000000
1.66866867	0.000000000	0.000000000	0.000000000	0.000000000	0.000000000	0.000000000
1.67567568	0.000000000	0.000000000	0.000000000	0.000000000	0.000000000	0.000000000
1.68268268	0.000000000	0.000000000	0.000000000	0.000000000	0.000000000	0.000000000
1.68968969	0.000000000	0.000000000	0.000000000	0.000000000	0.000000000	0.000000000
1.69669670	0.000000000	0.000000000	0.000000000	0.000000000	0.000000000	0.000000000
1.70370370	0.000000000	0.000000000	0.000000000	0.000000000	0.000000000	0.000000000
1.71071071	0.000000000	0.000000000	0.000000000	0.000000000	0.000000000	0.000000000
1.71771772	0.000000000	0.000000000	0.000000000	0.000000000	0.000000000	0.000000000
1.72472472	0.000000000	0.000000000	0.000000000	0.000000000	0.000000000	0.000000000
1.73173173	0.000000000	0.000000000	0.000000000	0.000000000	0.000000000	0.000000000
1.73873874	0.000000000	0.000000000	0.000000000	0.000000000	0.000000000	0.000000000
1.74574575	0.000000000	0.000000000	0.000000000	0.000000000	0.000000000	0.000000000
1.75275275	0.000000000	0.000000000	0.000000000	0.000000000	0.000000000	0.000000000
1.75975976	0.000000000	0.000000000	0.000000000	0.000000000	0.000000000	0.000000000
1.76676677	0.000000000	0.000000000	0.000000000	0.000000000	0.000000000	0.000000000
1.77377377	0.000000000	0.000000000	0.000000000	0.000000000	0.000000000	0.000000000
1.78078078	0.000000000	0.000000000	0.000000000	0.000000000	0.000000000	0.000000000
1.78778779	0.000000000	0.000000000	0.000000000	0.000000000	0.000000000	0.000000000
1.79479479	0.000000000	0.000000000	0.000000000	0.000000000	0.000000000	0.000000000
1.80180180	0.000000000	0.000000000	0.000000000	0.000000000	0.000000000	0.000000000
1.80880881	0.000000000	0.000000000	0.000000000	0.000000000	0.000000000	0.000000000
1.81581582	0.000000000	0.000000000	0.000000000	0.000000000	0.000000000	0.000000000
1.82282282	0.000000000	0.000000000	0.000000000	0.000000000	0.000000000	0.000000000
1.82982983	0.000000000	0.000000000	0.000000000	0.000000000	0.000000000	0.000000000
1.83683684	0.000000000	0.000000000	0.000000000	0.000000000	0.000000000	0.000000000
1.84384384	0.000000000	0.000000000	0.000000000	0.000000000	0.000000000	0.000000000
1.85085085	0.000000000	0.000000000	0.000000000	0.000000000	0.000000000	0.000000000
1.85785786	0.000000000	0.000000000	0.000000000	0.000000000	0.000000000	0.000000000
1.86486486	0.000000000	0.000000000	0.000000000	0.000000000	0.000000000	0.000000000
1.87187187	0.000000000	0.000000000	0.000000000	0.000000000	0.000000000	0.000000000
1.87887888	0.000000000	0.000000000	0.000000000	0.000000000	0.000000000	0.000000000
1.88588589	0.000000000	0.000000000	0.000000000	0.000000000	0.000000000	0.000000000
1.89289289	0.000000000	0.000000000	0.000000000	0.000000000	0.000000000	0.000000000
1.89989990	0.000000000	0.000000000	0.000000000	0.000000000	0.000000000	0.000000000
1.90690691	0.000000000	0.000000000	0.000000000	0.000000000	0.000000000	0.000000000
1.91391391	0.000000000	0.000000000	0.000000000	0.000000000	0.000000000	0.000000000
1.92092092	0.000000000	0.000000000	0.000000000	0.000000000	0.000000000	0.000000000
1.92792793	0.000000000	0.000000000	0.000000000	0.000000000	0.000000000	0.000000000
1.93493493	0.000000000	0.000000000	0.000000000	0.000000000	0.000000000	0.000000000
1.94194194	0.000000000	0.000000000	0.000000000	0.000000000	0.000000000	0.000000000
1.94894895	0.000000000	0.000000000	0.000000000	0.000000000	0.000000000	0.000000000
1.95595596	0.000000000	0.000000000	0.000000000	0.000000000	0.000000000	0.000000000
1.96296296	0.000000000	0.000000000	0.000000000	0.000000000	0.000000000	0.000000000
1.96996997	0.000000000	0.000000000	0.000000000	0.000000000	0.000000000	0.000000000
1.97697698	0.000000000	0.000000000	0.000000000	0.000000000	0.000000000	0.000000000
1.98398398	0.000000000	0.000000000	0.000000000	0.000000000	0.000000000	0.000000000
1.99099099	0.000000000	0.000000000	0.000000000	0.000000000	0.000000000	0.000000000
1.99799800	0.000000000	0.000000000	0.000000000	0.000000000	0.000000000	0.000000000
2.00500501	0.000000000	0.000000000	0.000000000	0.000000000	0.000000000	0.000000000
2.01201201	0.000000000	0.000000000	0.000000000	0.000000000	0.000000000	0.000000000
2.01901902	0.000000000	0.000000000	0.000000000	0.000000000	0.000000000	0.000000000
2.02602603	0.000000000	0.000000000	0.000000000	0.000000000	0.000000000	0.000000000
2.03303303	0.000000000	0.000000000	0.000000000	0.000000000	0.000000000	0.000000000
2.04004004	0.000000000	0.000000000	0.000000000	0.000000000	0.000000000	0.000000000
2.04704705	0.000000000	0.000000000	0.000000000	0.000000000	0.000000000	0.000000000
2.05405405	0.000000000	0.000000000	0.000000000	0.000000000	0.000000000	0.000000000
2.06106106	0.000000000	0.000000000	0.000000000	0.000000000	0.000000000	0.000000000
2.06806807	0.000000000	0.000000000	0.000000000	0.000000000	0.000000000	0.000000000
2.07507508	0.000000000	0.000000000	0.000000000	0.000000000	0.000000000	0.000000000
2.08208208	0.000000000	0.000000000	0.000000000	0.000000000	0.000000000	0.000000000
2.08908909	0.000000000	0.000000000	0.000000000	0.000000000	0.000000000	0.000000000
2.09609610	0.000000000	0.000000000	0.000000000	0.000000000	0.000000000	0.000000000
2.10310310	0.000000000	0.000000000	0.000000000	0.000000000	0.000000000	0.000000000
2.11011011	0.000000000	0.000000000	0.000000000	0.000000000	0.000000000	0.000000000
2.11711712	0.000000000	0.000000000	0.000000000	0.000000000	0.000000000	0.000000000
2.12412412	0.000000000	0.000000000	0.000000000	0.000000000	0.000000000	0.000000000
2.13113113	0.000000000	0.000000000	0.000000000	0.000000000	0.000000000	0.000000000
2.13813814	0.000000000	0.000000000	0.000000000	0.000000000	0.000000000	0.000000000
2.14514515	0.000000000	0.000000000	0.000000000	0.000000000	0.000000000	0.000000000
2.15215215	0.000000000	0.000000000	0.000000000	0.000000000	0.000000000	0.000000000
2.15915916	0.000000000	0.000000000	0.000000000	0.000000000	0.000000000	0.000000000
2.16616617	0.000000000	0.000000000	0.000000000	0.000000000	0.000000000	0.000000000
2.17317317	0.000000000	0.000000000	0.000000000	0.000000000	0.000000000	0.000000000
2.18018018	0.000000000	0.000000000	0.000000000	0.000000000	0.000000000	0.000000000
2.18718719	0.000000000	0.000000000	0.000000000	0.000000000	0.000000000	0.000000000
2.19419419	0.000000000	0.000000000	0.000000000	0.000000000	0.000000000	0.000000000
2.20120120	0.000000000	0.000000000	0.000000000	0.000000000	0.000000000	0.000000000
2.20820821	0.000000000	0.000000000	0.000000000	0.000000000	0.000000000	0.000000000
2.21521522	0.000000000	0.000000000	0.000000000	0.000000000	0.000000000	0.000000000
2.22222222	0.000000000	0.000000000	0.000000000	0.000000000	0.000000000	0.000000000
2.22922923	0.000000000	0.000000000	0.000000000	0.000000000	0.000000000	0.000000000
2.23623624	0.000000000	0.000000000	0.000000000	0.000000000	0.000000000	0.000000000
2.24324324	0.000000000	0.000000000	0.000000000	0.000000000	0.000000000	0.000000000
2.25025025	0.000000000	0.000000000	0.000000000	0.000000000	0.000000000	0.000000000
2.25725726	0.000000000	0.000000000	0.000000000	0.000000000	0.000000000	0.000000000
2.26426426	0.000000000	0.000000000	0.000000000	0.000000000	0.000000000	0.000000000
2.27127127	0.000000000	0.000000000	0.000000000	0.000000000	0.000000000	0.000000000
2.27827828	0.000000000	0.000000000	0.000000000	0.000000000	0.000000000	0.000000000
2.28528529	0.000000000	0.000000000	0.000000000	0.000000000	0.000000000	0.000000000
2.29229229	0.000000000	0.000000000	0.000000000	0.000000000	0.000000000	0.000000000
2.29929930	0.000000000	0.000000000	0.000000000	0.000000000	0.000000000	0.000000000
2.30630631	0.000000000	0.000000000	0.000000000	0.000000000	0.000000000	0.000000000
2.31331331	0.000000000	0.000000000	0.000000000	0.000000000	0.000000000	0.000000000
2.32032032	0.000000000	0.000000000	0.000000000	0.000000000	0.000000000	0.000000000
2.32732733	0.000000000	0.000000000	0.000000000	0.000000000	0.000000000	0.000000000
2.33433433	0.000000000	0.000000000	0.000000000	0.000000000	0.000000000	0.000000000
2.34134134	0.000000000	0.000000000	0.000000000	0.000000000	0.000000000	0.000000000
2.34834835	0.000000000	0.000000000	0.000000000	0.000000000	0.000000000	0.000000000
2.35535536	0.000000000	0.000000000	0.000000000	0.000000000	0.000000000	0.000000000
2.36236236	0.000000000	0.000000000	0.000000000	0.000000000	0.000000000	0.000000000
2.36936937	0.000000000	0.000000000	0.000000000	0.000000000	0.000000000	0.000000000
2.37637638	0.000000000	0.000000000	0.000000000	0.000000000	0.000000000	0.000000000
2.38338338	0.000000000	0.000000000	0.000000000	0.000000000	0.000000000	0.000000000
2.39039039	0.000000000	0.000000000	0.000000000	0.000000000	0.000000000	0.000000000
2.39739740	0.000000000	0.000000000	0.000000000	0.000000000	0.000000000	0.000000000
2.40440440	0.000000000	0.000000000	0.000000000	0.000000000	0.000000000	0.000000000
2.41141141	0.000000000	0.000000000	0.000000000	0.000000000	0.000000000	0.000000000
2.41841842	0.000000000	0.000000000	0.000000000	0.000000000	0.000000000	0.000000000
2.42542543	0.000000000	0.000000000	0.000000000	0.000000000	0.000000000	0.000000000
2.43243243	0.000000000	0.000000000	0.000000000	0.000000000	0.000000000	0.000000000
2.43943944	0.000000000	0.000000000	0.000000000	0.000000000	0.000000000	0.000000000
2.44644645	0.000000000	0.000000000	0.000000000	0.000000000	0.000000000	0.000000000
2.45345345	0.000000000	0.000000000	0.000000000	0.000000000	0.000000000	0.000000000
2.46046046	0.000000000	0.000000000	0.000000000	0.000000000	0.000000000	0.000000000
2.46746747	0.000000000	0.000000000	0.000000000	0.000000000	0.000000000	0.000000000
2.47447447	0.000000000	0.000000000	0.000000000	0.000000000	0.000000000	0.000000000
2.48148148	0.000000000	0.000000000	0.000000000	0.000000000	0.000000000	0.000000000
2.48848849	0.000000000	0.000000000	0.000000000	0.000000000	0.000000000	0.000000000
2.49549550	0.000000000	0.000000000	0.000000000	0.000000000	0.000000000	0.000000000
2.50250250	0.000000000	0.000000000	0.000000000	0.000000000	0.000000000	0.000000000
2.50950951	0.000000000	0.000000000	0.000000000	0.000000000	0.000000000	0.000000000
2.51651652	0.000000000	0.000000000	0.000000000	0.000000000	0.000000000	0.000000000
2.52352352	0.000000000	0.000000000	0.000000000	0.000000000	0.000000000	0.000000000
2.53053053	0.000000000	0.000000000	0.000000000	0.000000000	0.000000000	0.000000000
2.53753754	0.000000000	0.000000000	0.000000000	0.000000000	0.000000000	0.000000000
2.54454454	0.000000000	0.000000000	0.000000000	0.000000000	0.000000000	0.000000000
2.55155155	0.000000000	0.000000000	0.000000000	0.000000000	0.000000000	0.000000000
2.55855856	0.000000000	0.000000000	0.000000000	0.000000000	0.000000000	0.000000000
2.56556557	0.000000000	0.000000000	0.000000000	0.000000000	0.000000000	0.000000000
2.57257257	0.000000000	0.000000000	0.000000000	0.000000000	0.000000000	0.000000000
2.57957958	0.000000000	0.000000000	0.000000000	0.000000000	0.000000000	0.000000000
2.58658659	0.000000000	0.000000000	0.000000000	0.000000000	0.000000000	0.000000000
2.59359359	0.000000000	0.000000000	0.000000000	0.000000000	0.000000000	0.000000000
2.60060060	0.000000000	0.000000000	0.000000000	0.000000000	0.000000000	0.000000000
2.60760761	0.000000000	0.000000000	0.000000000	0.000000000	0.000000000	0.000000000
2.61461461	0.000000000	0.000000000	0.000000000	0.000000000	0.000000000	0.000000000
2.62162162	0.000000000	0.000000000	0.000000000	0.000000000	0.000000000	0.000000000
2.62862863	0.000000000	0.000000000	0.000000000	0.000000000	0.000000000	0.000000000
2.63563564	0.000000000	0.000000000	0.000000000	0.000000000	0.000000000	0.000000000
2.64264264	0.000000000	0.000000000	0.000000000	0.000000000	0.000000000	0.000000000
2.64964965	0.000000000	0.000000000	0.000000000	0.000000000	0.000000000	0.000000000
2.65665666	0.000000000	0.000000000	0.000000000	0.000000000	0.000000000	0.000000000
2.66366366	0.000000000	0.000000000	0.000000000	0.000000000	0.000000000	0.000000000
2.67067067	0.000000000	0.000000000	0.000000000	0.000000000	0.000000000	0.000000000
2.67767768	0.000000000	0.000000000	0.000000000	0.000000000	0.000000000	0.000000000
2.68468468	0.000000000	0.000000000	0.000000000	0.000000000	0.000000000	0.000000000
2.69169169	0.000000000	0.000000000	0.000000000	0.000000000	0.000000000	0.000000000
2.69869870	0.000000000	0.000000000	0.000000000	0.000000000	0.000000000	0.000000000
2.70570571	0.000000000	0.000000000	0.000000000	0.000000000	0.000000000	0.000000000
2.71271271	0.000000000	0.000000000	0.000000000	0.000000000	0.000000000	0.000000000
2.71971972	0.000000000	0.000000000	0.000000000	0.000000000	0.000000000	0.000000000
2.72672673	0.000000000	0.000000000	0.000000000	0.000000000	0.000000000	0.000000000
2.73373373	0.000000000	0.000000000	0.000000000	0.000000000	0.000000000	0.000000000
2.74074074	0.000000000	0.000000000	0.000000000	0.000000000	0.000000000	0.000000000
2.74774775	0.000000000	0.000000000	0.000000000	0.000000000	0.000000000	0.000000000
2.75475475	0.000000000	0.000000000	0.000000000	0.000000000	0.000000000	0.000000000
2.76176176	0.000000000	0.000000000	0.000000000	0.000000000	0.000000000	0.000000000
2.76876877	0.000000000	0.000000000	0.000000000	0.000000000	0.000000000	0.000000000
2.77577578	0.000000000	0.000000000	0.000000000	0.000000000	0.000000000	0.000000000
2.78278278	0.000000000	0.000000000	0.000000000	0.000000000	0.000000000	0.000000000
2.78978979	0.000000000	0.000000000	0.000000000	0.000000000	0.000000000	0.000000000
2.79679680	0.000000000	0.000000000	0.000000000	0.000000000	0.000000000	0.000000000
2.80380380	0.000000000	0.000000000	0.000000000	0.000000000	0.000000000	0.000000000
2.81081081	0.000000000	0.000000000	0.000000000	0.000000000	0.000000000	0.000000000
2.81781782	0.000000000	0.000000000	0.000000000	0.000000000	0.000000000	0.000000000
2.82482482	0.000000000	0.000000000	0.000000000	0.000000000	0.000000000	0.000000000
2.83183183	0.000000000	0.000000000	0.000000000	0.000000000	0.000000000	0.000000000
2.83883884	0.000000000	0.000000000	0.000000000	0.000000000	0.000000000	0.000000000
2.84584585	0.000000000	0.000000000	0.000000000	0.000000000	0.000000000	0.000000000
2.85285285	0.000000000	0.000000000	0.000000000	0.000000000	0.000000000	0.000000000
2.85985986	0.000000000	0.000000000	0.000000000	0.000000000	0.000000000	0.000000000
2.86686687	0.000000000	0.000000000	0.000000000	0.000000000	0.000000000	0.000000000
2.87387387	0.000000000	0.000000000	0.000000000	0.000000000	0.000000000	0.000000000
2.88088088	0.000000000	0.000000000	0.000000000	0.000000000	0.000000000	0.000000000
2.88788789	0.000000000	0.000000000	0.000000000	0.000000000	0.000000000	0.000000000
2.89489489	0.000000000	0.000000000	0.000000000	0.000000000	0.000000000	0.000000000
2.90190190	0.000000000	0.000000000	0.000000000	0.000000000	0.000000000	0.000000000
2.90890891	0.000000000	0.000000000	0.000000000	0.000000000	0.000000000	0.000000000
2.91591592	0.000000000	0.000000000	0.000000000	0.000000000	0.000000000	0.000000000
2.92292292	0.000000000	0.000000000	0.000000000	0.000000000	0.000000000	0.000000000
2.92992993	0.000000000	0.000000000	0.000000000	0.000000000	0.000000000	0.000000000
2.93693694	0.000000000	0.000000000	0.000000000	0.000000000	0.000000000	0.000000000
2.94394394	0.000000000	0.000000000	0.000000000	0.000000000	0.000000000	0.000000000
2.95095095	0.000000000	0.000000000	0.000000000	0.000000000	0.000000000	0.000000000
2.95795796	0.000000000	0.000000000	0.000000000	0.000000000	0.000000000	0.000000000
2.96496496	0.000000000	0.000000000	0.000000000	0.000000000	0.000000000	0.000000000
2.97197197	0.000000000	0.000000000	0.000000000	0.000000000	0.000000000	0.000000000
2.97897898	0.000000000	0.000000000	0.000000000	0.000000000	0.000000000	0.000000000
2.98598599	0.000000000	0.000000000	0.000000000	0.000000000	0.000000000	0.000000000
2.99299299	0.000000000	0.000000000	0.000000000	0.000000000	0.000000000	0.000000000
3.00000000	0.000000000	0.000000000	0.000000000	0.000000000	0.000000000	0.000000000
