-4.000000000	0.00259562	0.00117829	0.00032006	0.00146420	0.00176722	0.00039282
-3.992992993	0.00264460	0.00120760	0.00033524	0.00149238	0.00179810	0.00040614
-3.985985986	0.00269443	0.00123758	0.00035107	0.00152107	0.00182946	0.00041987
-3.978978979	0.00274511	0.00126822	0.00036756	0.00155027	0.00186134	0.00043402
-3.971971972	0.00279665	0.00129956	0.00038475	0.00158000	0.00189373	0.00044860
-3.964964965	0.00284907	0.00133159	0.00040265	0.00161026	0.00192664	0.00046363
-3.957957958	0.00290238	0.00136434	0.00042130	0.00164107	0.00196007	0.00047911
-3.950950951	0.00295660	0.00139782	0.00044073	0.00167243	0.00199404	0.00049507
-3.943943944	0.00301174	0.00143204	0.00046095	0.00170434	0.00202856	0.00051150
-3.936936937	0.00306780	0.00146701	0.00048200	0.00173683	0.00206362	0.00052843
-3.929929930	0.00312482	0.00150276	0.00050390	0.00176990	0.00209925	0.00054586
-3.922922923	0.00318279	0.00153929	0.00052669	0.00180356	0.00213544	0.00056382
-3.915915916	0.00324174	0.00157662	0.00055040	0.00183782	0.00217221	0.00058231
-3.908908909	0.00330167	0.00161477	0.00057505	0.00187268	0.00220956	0.00060134
-3.901901902	0.00336261	0.00165375	0.00060069	0.00190816	0.00224750	0.00062094
-3.894894895	0.00342456	0.00169358	0.00062733	0.00194428	0.00228604	0.00064111
-3.887887888	0.00348755	0.00173427	0.00065503	0.00198103	0.00232519	0.00066188
-3.880880881	0.00355158	0.00177585	0.00068381	0.00201843	0.00236496	0.00068325
-3.873873874	0.00361668	0.00181831	0.00071371	0.00205649	0.00240536	0.00070524
-3.866866867	0.00368285	0.00186170	0.00074476	0.00209522	0.00244639	0.00072788
-3.859859860	0.00375012	0.00190601	0.00077701	0.00213463	0.00248807	0.00075116
-3.852852853	0.00381850	0.00195127	0.00081048	0.00217473	0.00253040	0.00077511
-3.845845846	0.00388800	0.00199749	0.00084523	0.00221554	0.00257339	0.00079975
-3.838838839	0.00395864	0.00204470	0.00088130	0.00225706	0.00261705	0.00082510
-3.831831832	0.00403044	0.00209290	0.00091871	0.00229931	0.00266140	0.00085116
-3.824824825	0.00410342	0.00214213	0.00095753	0.00234229	0.00270643	0.00087797
-3.817817818	0.00417759	0.00219239	0.00099778	0.00238603	0.00275217	0.00090553
-3.810810811	0.00425296	0.00224372	0.00103952	0.00243052	0.00279862	0.00093387
-3.803803804	0.00432956	0.00229611	0.00108279	0.00247579	0.00284579	0.00096300
-3.796796797	0.00440740	0.00234960	0.00112764	0.00252185	0.00289369	0.00099294
-3.789789790	0.00448651	0.00240421	0.00117411	0.00256871	0.00294233	0.00102372
-3.782782783	0.00456689	0.00245995	0.00122225	0.00261637	0.00299172	0.00105535
-3.775775776	0.00464856	0.00251685	0.00127213	0.00266486	0.00304188	0.00108786
-3.768768769	0.00473155	0.00257492	0.00132377	0.00271419	0.00309280	0.00112126
-3.761761762	0.00481587	0.00263418	0.00137725	0.00276436	0.00314451	0.00115557
-3.754754755	0.00490155	0.00269467	0.00143260	0.00281540	0.00319702	0.00119082
-3.747747748	0.00498859	0.00275639	0.00148990	0.00286732	0.00325033	0.00122703
-3.740740741	0.00507702	0.00281938	0.00154918	0.00292013	0.00330445	0.00126422
-3.733733734	0.00516686	0.00288364	0.00161051	0.00297384	0.00335940	0.00130242
-3.726726727	0.00525812	0.00294921	0.00167394	0.00302848	0.00341519	0.00134164
-3.719719720	0.00535083	0.00301611	0.00173955	0.00308404	0.00347183	0.00138191
-3.712712713	0.00544501	0.00308436	0.00180737	0.00314055	0.00352934	0.00142326
-3.705705706	0.00554068	0.00315398	0.00187748	0.00319803	0.00358771	0.00146570
-3.698698699	0.00563785	0.00322500	0.00194994	0.00325648	0.00364698	0.00150927
-3.691691692	0.00573655	0.00329744	0.00202482	0.00331593	0.00370714	0.00155399
-3.684684685	0.00583680	0.00337133	0.00210217	0.00337639	0.00376821	0.00159988
-3.677677678	0.00593862	0.00344668	0.00218206	0.00343786	0.00383020	0.00164698
-3.670670671	0.00604203	0.00352353	0.00226457	0.00350038	0.00389313	0.00169530
-3.663663664	0.00614705	0.00360190	0.00234975	0.00356395	0.00395701	0.00174487
-3.656656657	0.00625370	0.00368181	0.00243769	0.00362860	0.00402184	0.00179573
-3.649649650	0.00636201	0.00376329	0.00252844	0.00369433	0.00408765	0.00184789
-3.642642643	0.00647200	0.00384638	0.00262208	0.00376117	0.00415445	0.00190140
-3.635635636	0.00658369	0.00393108	0.00271870	0.00382913	0.00422225	0.00195627
-3.628628629	0.00669710	0.00401743	0.00281835	0.00389822	0.00429106	0.00201254
-3.621621622	0.00681226	0.00410546	0.00292111	0.00396848	0.00436090	0.00207023
-3.614614615	0.00692919	0.00419520	0.00302707	0.00403990	0.00443178	0.00212939
-3.607607608	0.00704791	0.00428666	0.00313630	0.00411252	0.00450371	0.00219003
-3.600600601	0.00716844	0.00437989	0.00324888	0.00418635	0.00457672	0.00225218
-3.593593594	0.00729082	0.00447491	0.00336490	0.00426141	0.00465081	0.00231589
-3.586586587	0.00741506	0.00457174	0.00348442	0.00433771	0.00472599	0.00238119
-3.579579580	0.00754118	0.00467042	0.00360754	0.00441527	0.00480229	0.00244809
-3.572572573	0.00766923	0.00477098	0.00373434	0.00449412	0.00487972	0.00251665
-3.565565566	0.00779921	0.00487345	0.00386490	0.00457428	0.00495829	0.00258689
-3.558558559	0.00793115	0.00497785	0.00399932	0.00465575	0.00503801	0.00265885
-3.551551552	0.00806508	0.00508421	0.00413767	0.00473857	0.00511891	0.00273256
-3.544544545	0.00820103	0.00519258	0.00428006	0.00482275	0.00520100	0.00280806
-3.537537538	0.00833902	0.00530298	0.00442656	0.00490832	0.00528430	0.00288538
-3.530530531	0.00847907	0.00541543	0.00457728	0.00499528	0.00536881	0.00296456
-3.523523524	0.00862122	0.00552999	0.00473229	0.00508368	0.00545456	0.00304563
-3.516516517	0.00876549	0.00564666	0.00489170	0.00517351	0.00554157	0.00312865
-3.509509510	0.00891191	0.00576550	0.00505560	0.00526482	0.00562984	0.00321363
-3.502502503	0.00906050	0.00588653	0.00522409	0.00535761	0.00571940	0.00330062
-3.495495495	0.00921130	0.00600978	0.00539726	0.00545191	0.00581026	0.00338967
-3.488488488	0.00936433	0.00613529	0.00557522	0.00554774	0.00590245	0.00348080
-3.481481481	0.00951961	0.00626310	0.00575805	0.00564513	0.00599597	0.00357407
-3.474474474	0.00967719	0.00639323	0.00594587	0.00574410	0.00609084	0.00366950
-3.467467467	0.00983708	0.00652573	0.00613876	0.00584467	0.00618709	0.00376715
-3.460460460	0.00999931	0.00666063	0.00633684	0.00594686	0.00628473	0.00386705
-3.453453453	0.01016393	0.00679797	0.00654021	0.00605070	0.00638378	0.00396925
-3.446446446	0.01033094	0.00693778	0.00674898	0.00615621	0.00648426	0.00407378
-3.439439439	0.01050039	0.00708009	0.00696324	0.00626342	0.00658618	0.00418070
-3.432432432	0.01067231	0.00722495	0.00718310	0.00637235	0.00668957	0.00429005
-3.425425425	0.01084673	0.00737240	0.00740868	0.00648302	0.00679444	0.00440186
-3.418418418	0.01102367	0.00752246	0.00764008	0.00659546	0.00690082	0.00451620
-3.411411411	0.01120317	0.00767519	0.00787741	0.00670970	0.00700872	0.00463309
-3.404404404	0.01138526	0.00783061	0.00812077	0.00682577	0.00711816	0.00475260
-3.397397397	0.01156997	0.00798877	0.00837029	0.00694368	0.00722916	0.00487476
-3.390390390	0.01175734	0.00814971	0.00862608	0.00706346	0.00734175	0.00499963
-3.383383383	0.01194739	0.00831347	0.00888824	0.00718515	0.00745594	0.00512725
-3.376376376	0.01214017	0.00848009	0.00915689	0.00730876	0.00757175	0.00525767
-3.369369369	0.01233570	0.00864960	0.00943214	0.00743434	0.00768921	0.00539094
-3.362362362	0.01253401	0.00882205	0.00971412	0.00756189	0.00780834	0.00552711
-3.355355355	0.01273515	0.00899749	0.01000294	0.00769146	0.00792915	0.00566623
-3.348348348	0.01293914	0.00917595	0.01029871	0.00782307	0.00805167	0.00580836
-3.341341341	0.01314602	0.00935748	0.01060155	0.00795675	0.00817593	0.00595354
-3.334334334	0.01335583	0.00954211	0.01091159	0.00809253	0.00830193	0.00610182
-3.327327327	0.01356860	0.00972990	0.01122893	0.00823043	0.00842972	0.00625327
-3.320320320	0.01378437	0.00992089	0.01155371	0.00837050	0.00855930	0.00640792
-3.313313313	0.01400316	0.01011512	0.01188604	0.00851275	0.00869071	0.00656585
-3.306306306	0.01422503	0.01031264	0.01222605	0.00865723	0.00882396	0.00672710
-3.299299299	0.01445000	0.01051348	0.01257385	0.00880395	0.00895908	0.00689172
-3.292292292	0.01467812	0.01071771	0.01292958	0.00895296	0.00909609	0.00705978
-3.285285285	0.01490941	0.01092536	0.01329334	0.00910428	0.00923502	0.00723133
-3.278278278	0.01514393	0.01113648	0.01366528	0.00925794	0.00937590	0.00740643
-3.271271271	0.01538170	0.01135112	0.01404550	0.00941399	0.00951874	0.00758514
-3.264264264	0.01562277	0.01156932	0.01443415	0.00957245	0.00966357	0.00776751
-3.257257257	0.01586717	0.01179114	0.01483134	0.00973335	0.00981042	0.00795360
-3.250250250	0.01611494	0.01201662	0.01523720	0.00989673	0.00995931	0.00814348
-3.243243243	0.01636613	0.01224581	0.01565185	0.01006263	0.01011027	0.00833720
-3.236236236	0.01662077	0.01247876	0.01607543	0.01023107	0.01026333	0.00853483
-3.229229229	0.01687891	0.01271552	0.01650807	0.01040210	0.01041851	0.00873643
-3.222222222	0.01714059	0.01295615	0.01694989	0.01057574	0.01057583	0.00894206
-3.215215215	0.01740584	0.01320068	0.01740101	0.01075204	0.01073534	0.00915178
-3.208208208	0.01767471	0.01344918	0.01786158	0.01093103	0.01089705	0.00936565
-3.201201201	0.01794724	0.01370170	0.01833172	0.01111275	0.01106099	0.00958375
-3.194194194	0.01822348	0.01395828	0.01881156	0.01129724	0.01122719	0.00980614
-3.187187187	0.01850346	0.01421899	0.01930122	0.01148452	0.01139568	0.01003288
-3.180180180	0.01878724	0.01448386	0.01980085	0.01167465	0.01156649	0.01026404
-3.173173173	0.01907485	0.01475297	0.02031057	0.01186766	0.01173965	0.01049968
-3.166166166	0.01936634	0.01502636	0.02083052	0.01206358	0.01191519	0.01073988
-3.159159159	0.01966176	0.01530409	0.02136082	0.01226246	0.01209313	0.01098470
-3.152152152	0.01996114	0.01558621	0.02190161	0.01246435	0.01227351	0.01123421
-3.145145145	0.02026455	0.01587279	0.02245302	0.01266926	0.01245637	0.01148848
-3.138138138	0.02057201	0.01616386	0.02301518	0.01287726	0.01264172	0.01174759
-3.131131131	0.02088358	0.01645950	0.02358823	0.01308838	0.01282960	0.01201160
-3.124124124	0.02119931	0.01675977	0.02417230	0.01330266	0.01302005	0.01228058
-3.117117117	0.02151925	0.01706471	0.02476752	0.01352015	0.01321310	0.01255462
-3.110110110	0.02184343	0.01737439	0.02537403	0.01374088	0.01340878	0.01283377
-3.103103103	0.02217192	0.01768887	0.02599196	0.01396491	0.01360712	0.01311812
-3.096096096	0.02250476	0.01800820	0.02662144	0.01419227	0.01380816	0.01340773
-3.089089089	0.02284199	0.01833245	0.02726262	0.01442301	0.01401193	0.01370270
-3.082082082	0.02318368	0.01866168	0.02791562	0.01465717	0.01421846	0.01400308
-3.075075075	0.02352986	0.01899595	0.02858057	0.01489480	0.01442780	0.01430896
-3.068068068	0.02388060	0.01933533	0.02925762	0.01513595	0.01463997	0.01462042
-3.061061061	0.02423594	0.01967986	0.02994690	0.01538066	0.01485502	0.01493754
-3.054054054	0.02459594	0.02002963	0.03064854	0.01562899	0.01507297	0.01526038
-3.047047047	0.02496065	0.02038468	0.03136267	0.01588096	0.01529387	0.01558904
-3.040040040	0.02533011	0.02074510	0.03208945	0.01613665	0.01551776	0.01592360
-3.033033033	0.02570439	0.02111093	0.03282899	0.01639608	0.01574466	0.01626413
-3.026026026	0.02608354	0.02148225	0.03358143	0.01665932	0.01597463	0.01661071
-3.019019019	0.02646762	0.02185913	0.03434692	0.01692642	0.01620769	0.01696344
-3.012012012	0.02685667	0.02224162	0.03512558	0.01719742	0.01644389	0.01732239
-3.005005005	0.02725076	0.02262981	0.03591755	0.01747237	0.01668327	0.01768765
-2.997997998	0.02764995	0.02302374	0.03672297	0.01775132	0.01692587	0.01805930
-2.990990991	0.02805428	0.02342351	0.03754198	0.01803434	0.01717172	0.01843743
-2.983983984	0.02846382	0.02382916	0.03837470	0.01832147	0.01742088	0.01882213
-2.976976977	0.02887863	0.02424078	0.03922128	0.01861276	0.01767338	0.01921348
-2.969969970	0.02929876	0.02465843	0.04008185	0.01890827	0.01792926	0.01961158
-2.962962963	0.02972427	0.02508219	0.04095656	0.01920806	0.01818857	0.02001651
-2.955955956	0.03015523	0.02551213	0.04184552	0.01951217	0.01845136	0.02042836
-2.948948949	0.03059169	0.02594831	0.04274889	0.01982067	0.01871766	0.02084722
-2.941941942	0.03103372	0.02639082	0.04366679	0.02013361	0.01898752	0.02127319
-2.934934935	0.03148138	0.02683973	0.04459936	0.02045105	0.01926098	0.02170635
-2.927927928	0.03193472	0.02729511	0.04554675	0.02077304	0.01953810	0.02214681
-2.920920921	0.03239383	0.02775703	0.04650908	0.02109965	0.01981892	0.02259465
-2.913913914	0.03285875	0.02822558	0.04748650	0.02143094	0.02010348	0.02304997
-2.906906907	0.03332955	0.02870083	0.04847913	0.02176696	0.02039184	0.02351287
-2.899899900	0.03380630	0.02918285	0.04948712	0.02210777	0.02068404	0.02398345
-2.892892893	0.03428906	0.02967173	0.05051060	0.02245344	0.02098013	0.02446180
-2.885885886	0.03477790	0.03016754	0.05154971	0.02280403	0.02128016	0.02494801
-2.878878879	0.03527289	0.03067037	0.05260459	0.02315960	0.02158418	0.02544220
-2.871871872	0.03577410	0.03118029	0.05367537	0.02352022	0.02189225	0.02594447
-2.864864865	0.03628159	0.03169739	0.05476218	0.02388594	0.02220441	0.02645490
-2.857857858	0.03679543	0.03222174	0.05586517	0.02425684	0.02252072	0.02697361
-2.850850851	0.03731569	0.03275343	0.05698447	0.02463297	0.02284123	0.02750071
-2.843843844	0.03784245	0.03329254	0.05812022	0.02501442	0.02316600	0.02803629
-2.836836837	0.03837578	0.03383916	0.05927255	0.02540123	0.02349508	0.02858046
-2.829829830	0.03891574	0.03439338	0.06044159	0.02579349	0.02382852	0.02913333
-2.822822823	0.03946241	0.03495527	0.06162750	0.02619126	0.02416638	0.02969500
-2.815815816	0.04001587	0.03552492	0.06283039	0.02659461	0.02450872	0.03026559
-2.808808809	0.04057619	0.03610242	0.06405041	0.02700360	0.02485560	0.03084521
-2.801801802	0.04114344	0.03668787	0.06528770	0.02741832	0.02520708	0.03143396
-2.794794795	0.04171770	0.03728134	0.06654238	0.02783883	0.02556320	0.03203195
-2.787787788	0.04229905	0.03788293	0.06781460	0.02826521	0.02592405	0.03263931
-2.780780781	0.04288757	0.03849272	0.06910448	0.02869753	0.02628967	0.03325615
-2.773773774	0.04348332	0.03911082	0.07041217	0.02913586	0.02666013	0.03388258
-2.766766767	0.04408641	0.03973731	0.07173780	0.02958028	0.02703549	0.03451871
-2.759759760	0.04469689	0.04037228	0.07308150	0.03003087	0.02741581	0.03516467
-2.752752753	0.04531486	0.04101583	0.07444340	0.03048770	0.02780117	0.03582057
-2.745745746	0.04594039	0.04166806	0.07582365	0.03095085	0.02819162	0.03648654
-2.738738739	0.04657357	0.04232905	0.07722238	0.03142040	0.02858723	0.03716270
-2.731731732	0.04721449	0.04299891	0.07863971	0.03189643	0.02898807	0.03784916
-2.724724725	0.04786322	0.04367774	0.08007579	0.03237903	0.02939421	0.03854605
-2.717717718	0.04851985	0.04436563	0.08153074	0.03286826	0.02980571	0.03925350
-2.710710711	0.04918447	0.04506268	0.08300470	0.03336422	0.03022266	0.03997164
-2.703703704	0.04985717	0.04576899	0.08449779	0.03386699	0.03064511	0.04070058
-2.696696697	0.05053803	0.04648467	0.08601016	0.03437665	0.03107314	0.04144047
-2.689689690	0.05122714	0.04720981	0.08754192	0.03489329	0.03150683	0.04219142
-2.682682683	0.05192459	0.04794452	0.08909322	0.03541700	0.03194624	0.04295358
-2.675675676	0.05263048	0.04868890	0.09066417	0.03594786	0.03239146	0.04372706
-2.668668669	0.05334489	0.04944306	0.09225492	0.03648596	0.03284256	0.04451202
-2.661661662	0.05406791	0.05020711	0.09386558	0.03703139	0.03329962	0.04530858
-2.654654655	0.05479965	0.05098114	0.09549628	0.03758425	0.03376272	0.04611688
-2.647647648	0.05554020	0.05176528	0.09714716	0.03814461	0.03423193	0.04693705
-2.640640641	0.05628964	0.05255963	0.09881833	0.03871259	0.03470735	0.04776925
-2.633633634	0.05704808	0.05336429	0.10050992	0.03928826	0.03518904	0.04861360
-2.626626627	0.05781562	0.05417939	0.10222206	0.03987173	0.03567710	0.04947026
-2.619619620	0.05859235	0.05500502	0.10395486	0.04046309	0.03617161	0.05033935
-2.612612613	0.05937837	0.05584132	0.10570845	0.04106244	0.03667265	0.05122104
-2.605605606	0.06017379	0.05668838	0.10748296	0.04166988	0.03718032	0.05211547
-2.598598599	0.06097871	0.05754633	0.10927849	0.04228550	0.03769469	0.05302278
-2.591591592	0.06179322	0.05841528	0.11109516	0.04290941	0.03821587	0.05394312
-2.584584585	0.06261744	0.05929534	0.11293310	0.04354171	0.03874394	0.05487665
-2.577577578	0.06345146	0.06018665	0.11479241	0.04418250	0.03927899	0.05582352
-2.570570571	0.06429540	0.06108932	0.11667321	0.04483188	0.03982112	0.05678389
-2.563563564	0.06514936	0.06200346	0.11857562	0.04548997	0.04037042	0.05775790
-2.556556557	0.06601345	0.06292920	0.12049973	0.04615687	0.04092699	0.05874571
-2.549549550	0.06688777	0.06386667	0.12244566	0.04683268	0.04149094	0.05974750
-2.542542543	0.06777245	0.06481598	0.12441352	0.04751752	0.04206234	0.06076341
-2.535535536	0.06866758	0.06577727	0.12640341	0.04821149	0.04264132	0.06179360
-2.528528529	0.06957329	0.06675065	0.12841542	0.04891471	0.04322797	0.06283825
-2.521521522	0.07048968	0.06773626	0.13044967	0.04962730	0.04382239	0.06389751
-2.514514515	0.07141688	0.06873423	0.13250624	0.05034936	0.04442469	0.06497156
-2.507507508	0.07235499	0.06974468	0.13458524	0.05108101	0.04503498	0.06606056
-2.500500501	0.07330414	0.07076775	0.13668675	0.05182236	0.04565336	0.06716468
-2.493493493	0.07426445	0.07180357	0.13881086	0.05257355	0.04627995	0.06828410
-2.486486486	0.07523602	0.07285227	0.14095765	0.05333468	0.04691486	0.06941898
-2.479479479	0.07621899	0.07391398	0.14312723	0.05410588	0.04755820	0.07056950
-2.472472472	0.07721348	0.07498884	0.14531965	0.05488727	0.04821008	0.07173585
-2.465465465	0.07821961	0.07607700	0.14753501	0.05567898	0.04887063	0.07291818
-2.458458458	0.07923750	0.07717857	0.14977337	0.05648113	0.04953996	0.07411670
-2.451451451	0.08026728	0.07829372	0.15203480	0.05729385	0.05021819	0.07533157
-2.444444444	0.08130908	0.07942257	0.15431938	0.05811727	0.05090545	0.07656299
-2.437437437	0.08236302	0.08056526	0.15662716	0.05895151	0.05160186	0.07781113
-2.430430430	0.08342924	0.08172195	0.15895820	0.05979671	0.05230755	0.07907618
-2.423423423	0.08450786	0.08289277	0.16131256	0.06065301	0.05302263	0.08035833
-2.416416416	0.08559902	0.08407786	0.16369029	0.06152054	0.05374725	0.08165777
-2.409409409	0.08670285	0.08527739	0.16609144	0.06239943	0.05448154	0.08297469
-2.402402402	0.08781948	0.08649148	0.16851604	0.06328982	0.05522562	0.08430929
-2.395395395	0.08894906	0.08772029	0.17096414	0.06419186	0.05597964	0.08566175
-2.388388388	0.09009171	0.08896397	0.17343576	0.06510568	0.05674373	0.08703227
-2.381381381	0.09124757	0.09022268	0.17593094	0.06603143	0.05751803	0.08842106
-2.374374374	0.09241680	0.09149655	0.17844969	0.06696926	0.05830268	0.08982830
-2.367367367	0.09359951	0.09278575	0.18099203	0.06791930	0.05909783	0.09125420
-2.360360360	0.09479587	0.09409044	0.18355798	0.06888171	0.05990363	0.09269897
-2.353353353	0.09600601	0.09541075	0.18614753	0.06985665	0.06072022	0.09416279
-2.346346346	0.09723007	0.09674686	0.18876069	0.07084425	0.06154775	0.09564589
-2.339339339	0.09846820	0.09809891	0.19139745	0.07184468	0.06238638	0.09714846
-2.332332332	0.09972056	0.09946708	0.19405779	0.07285808	0.06323626	0.09867072
-2.325325325	0.10098728	0.10085151	0.19674171	0.07388463	0.06409754	0.10021286
-2.318318318	0.10226852	0.10225237	0.19944916	0.07492448	0.06497040	0.10177511
-2.311311311	0.10356442	0.10366981	0.20218012	0.07597778	0.06585498	0.10335766
-2.304304304	0.10487515	0.10510402	0.20493454	0.07704471	0.06675147	0.10496075
-2.297297297	0.10620085	0.10655513	0.20771238	0.07812542	0.06766001	0.10658457
-2.290290290	0.10754168	0.10802333	0.21051359	0.07922009	0.06858078	0.10822934
-2.283283283	0.10889780	0.10950878	0.21333809	0.08032888	0.06951396	0.10989529
-2.276276276	0.11026936	0.11101164	0.21618582	0.08145197	0.07045972	0.11158262
-2.269269269	0.11165652	0.11253208	0.21905671	0.08258953	0.07141824	0.11329155
-2.262262262	0.11305944	0.11407028	0.22195065	0.08374173	0.07238969	0.11502231
-2.255255255	0.11447828	0.11562639	0.22486756	0.08490876	0.07337426	0.11677511
-2.248248248	0.11591321	0.11720060	0.22780733	0.08609078	0.07437213	0.11855018
-2.241241241	0.11736439	0.11879306	0.23076985	0.08728799	0.07538349	0.12034773
-2.234234234	0.11883198	0.12040397	0.23375499	0.08850057	0.07640854	0.12216798
-2.227227227	0.12031614	0.12203347	0.23676262	0.08972870	0.07744747	0.12401117
-2.220220220	0.12181706	0.12368176	0.23979261	0.09097257	0.07850047	0.12587751
-2.213213213	0.12333489	0.12534901	0.24284479	0.09223237	0.07956774	0.12776722
-2.206206206	0.12486980	0.12703538	0.24591901	0.09350830	0.08064948	0.12968053
-2.199199199	0.12642197	0.12874106	0.24901510	0.09480054	0.08174590	0.13161767
-2.192192192	0.12799157	0.13046622	0.25213287	0.09610931	0.08285722	0.13357886
-2.185185185	0.12957876	0.13221104	0.25527213	0.09743479	0.08398363	0.13556432
-2.178178178	0.13118373	0.13397570	0.25843268	0.09877718	0.08512535	0.13757427
-2.171171171	0.13280664	0.13576037	0.26161429	0.10013670	0.08628261	0.13960895
-2.164164164	0.13444769	0.13756523	0.26481676	0.10151355	0.08745562	0.14166858
-2.157157157	0.13610703	0.13939047	0.26803983	0.10290794	0.08864461	0.14375337
-2.150150150	0.13778485	0.14123625	0.27128326	0.10432008	0.08984979	0.14586355
-2.143143143	0.13948133	0.14310276	0.27454679	0.10575019	0.09107142	0.14799935
-2.136136136	0.14119665	0.14499017	0.27783015	0.10719847	0.09230970	0.15016099
-2.129129129	0.14293099	0.14689868	0.28113305	0.10866515	0.09356489	0.15234869
-2.122122122	0.14468453	0.14882845	0.28445519	0.11015046	0.09483723	0.15456267
-2.115115115	0.14645745	0.15077967	0.28779627	0.11165461	0.09612695	0.15680314
-2.108108108	0.14824994	0.15275251	0.29115596	0.11317783	0.09743431	0.15907033
-2.101101101	0.15006218	0.15474715	0.29453392	0.11472036	0.09875955	0.16136445
-2.094094094	0.15189436	0.15676378	0.29792982	0.11628241	0.10010294	0.16368572
-2.087087087	0.15374666	0.15880257	0.30134327	0.11786424	0.10146472	0.16603435
-2.080080080	0.15561927	0.16086370	0.30477392	0.11946607	0.10284515	0.16841055
-2.073073073	0.15751238	0.16294735	0.30822137	0.12108814	0.10424452	0.17081453
-2.066066066	0.15942616	0.16505370	0.31168522	0.12273070	0.10566307	0.17324649
-2.059059059	0.16136082	0.16718292	0.31516505	0.12439399	0.10710109	0.17570665
-2.052052052	0.16331653	0.16933518	0.31866043	0.12607827	0.10855884	0.17819521
-2.045045045	0.16529349	0.17151067	0.32217092	0.12778377	0.11003662	0.18071236
-2.038038038	0.16729189	0.17370956	0.32569606	0.12951075	0.11153470	0.18325829
-2.031031031	0.16931191	0.17593202	0.32923537	0.13125948	0.11305337	0.18583322
-2.024024024	0.17135375	0.17817823	0.33278838	0.13303020	0.11459292	0.18843731
-2.017017017	0.17341759	0.18044834	0.33635457	0.13482319	0.11615365	0.19107076
-2.010010010	0.17550363	0.18274255	0.33993344	0.13663869	0.11773586	0.19373375
-2.003003003	0.17761205	0.18506100	0.34352444	0.13847700	0.11933984	0.19642646
-1.995995996	0.17974304	0.18740388	0.34712705	0.14033836	0.12096590	0.19914906
-1.988988989	0.18189680	0.18977133	0.35074068	0.14222305	0.12261437	0.20190172
-1.981981982	0.18407351	0.19216354	0.35436477	0.14413136	0.12428554	0.20468460
-1.974974975	0.18627337	0.19458065	0.35799873	0.14606356	0.12597974	0.20749788
-1.967967968	0.18849655	0.19702283	0.36164196	0.14801993	0.12769729	0.21034168
-1.960960961	0.19074326	0.19949024	0.36529383	0.15000075	0.12943852	0.21321618
-1.953953954	0.19301367	0.20198302	0.36895370	0.15200631	0.13120376	0.21612150
-1.946946947	0.19530797	0.20450134	0.37262094	0.15403691	0.13299334	0.21905779
-1.939939940	0.19762636	0.20704533	0.37629486	0.15609283	0.13480761	0.22202518
-1.932932933	0.19996902	0.20961515	0.37997480	0.15817437	0.13664690	0.22502378
-1.925925926	0.20233612	0.21221094	0.38366006	0.16028183	0.13851157	0.22805372
-1.918918919	0.20472786	0.21483284	0.38734993	0.16241551	0.14040196	0.23111510
-1.911911912	0.20714442	0.21748099	0.39104369	0.16457571	0.14231843	0.23420803
-1.904904905	0.20958597	0.22015552	0.39474059	0.16676275	0.14426134	0.23733259
-1.897897898	0.21205271	0.22285656	0.39843988	0.16897692	0.14623106	0.24048888
-1.890890891	0.21454480	0.22558423	0.40214080	0.17121855	0.14822794	0.24367696
-1.883883884	0.21706242	0.22833867	0.40584256	0.17348796	0.15025237	0.24689692
-1.876876877	0.21960576	0.23111998	0.40954437	0.17578544	0.15230472	0.25014879
-1.869869870	0.22217497	0.23392828	0.41324541	0.17811134	0.15438537	0.25343264
-1.862862863	0.22477024	0.23676368	0.41694487	0.18046597	0.15649470	0.25674851
-1.855855856	0.22739173	0.23962628	0.42064190	0.18284966	0.15863311	0.26009641
-1.848848849	0.23003960	0.24251619	0.42433566	0.18526274	0.16080098	0.26347637
-1.841841842	0.23271403	0.24543348	0.42802527	0.18770553	0.16299871	0.26688840
-1.834834835	0.23541517	0.24837827	0.43170986	0.19017838	0.16522670	0.27033248
-1.827827828	0.23814318	0.25135062	0.43538854	0.19268162	0.16748536	0.27380861
-1.820820821	0.24089822	0.25435061	0.43906041	0.19521559	0.16977510	0.27731675
-1.813813814	0.24368044	0.25737831	0.44272454	0.19778063	0.17209632	0.28085686
-1.806806807	0.24648999	0.26043379	0.44638002	0.20037709	0.17444944	0.28442889
-1.799799800	0.24932702	0.26351711	0.45002590	0.20300531	0.17683489	0.28803277
-1.792792793	0.25219166	0.26662831	0.45366123	0.20566564	0.17925308	0.29166842
-1.785785786	0.25508406	0.26976744	0.45728504	0.20835843	0.18170445	0.29533574
-1.778778779	0.25800435	0.27293453	0.46089638	0.21108404	0.18418942	0.29903462
-1.771771772	0.26095265	0.27612962	0.46449424	0.21384281	0.18670843	0.30276494
-1.764764765	0.26392911	0.27935272	0.46807764	0.21663512	0.18926192	0.30652656
-1.757757758	0.26693382	0.28260384	0.47164558	0.21946132	0.19185032	0.31031931
-1.750750751	0.26996692	0.28588299	0.47519703	0.22232176	0.19447409	0.31414303
-1.743743744	0.27302852	0.28919017	0.47873099	0.22521681	0.19713367	0.31799752
-1.736736737	0.27611871	0.29252535	0.48224641	0.22814684	0.19982951	0.32188259
-1.729729730	0.27923759	0.29588852	0.48574227	0.23111222	0.20256206	0.32579800
-1.722722723	0.28238527	0.29927964	0.48921751	0.23411330	0.20533178	0.32974351
-1.715715716	0.28556183	0.30269867	0.49267108	0.23715046	0.20813914	0.33371887
-1.708708709	0.28876735	0.30614556	0.49610193	0.24022408	0.21098458	0.33772379
-1.701701702	0.29200191	0.30962023	0.49950898	0.24333451	0.21386859	0.34175798
-1.694694695	0.29526558	0.31312263	0.50289117	0.24648213	0.21679161	0.34582111
-1.687687688	0.29855840	0.31665265	0.50624741	0.24966732	0.21975413	0.34991284
-1.680680681	0.30188045	0.32021021	0.50957664	0.25289046	0.22275661	0.35403283
-1.673673674	0.30523177	0.32379519	0.51287775	0.25615190	0.22579953	0.35818069
-1.666666667	0.30861239	0.32740747	0.51614967	0.25945203	0.22888336	0.36235601
-1.659659660	0.31202234	0.33104692	0.51939131	0.26279123	0.23200857	0.36655838
-1.652652653	0.31546165	0.33471339	0.52260156	0.26616986	0.23517564	0.37078735
-1.645645646	0.31893032	0.33840672	0.52577934	0.26958831	0.23838506	0.37504245
-1.638638639	0.32242837	0.34212673	0.52892354	0.27304694	0.24163729	0.37932319
-1.631631632	0.32595578	0.34587324	0.53203307	0.27654613	0.24493281	0.38362906
-1.624624625	0.32951255	0.34964605	0.53510684	0.28008626	0.24827212	0.38795952
-1.617617618	0.33309863	0.35344493	0.53814375	0.28366769	0.25165568	0.39231400
-1.610610611	0.33671400	0.35726967	0.54114269	0.28729079	0.25508397	0.39669193
-1.603603604	0.34035862	0.36112000	0.54410259	0.29095593	0.25855748	0.40109268
-1.596596597	0.34403241	0.36499566	0.54702235	0.29466349	0.26207667	0.40551562
-1.589589590	0.34773531	0.36889639	0.54990088	0.29841381	0.26564204	0.40996009
-1.582582583	0.35146724	0.37282187	0.55273711	0.30220728	0.26925404	0.41442541
-1.575575576	0.35522810	0.37677181	0.55552994	0.30604424	0.27291315	0.41891084
-1.568568569	0.35901780	0.38074586	0.55827832	0.30992505	0.27661985	0.42341566
-1.561561562	0.36283619	0.38474369	0.56098118	0.31385007	0.28037461	0.42793910
-1.554554555	0.36668317	0.38876493	0.56363745	0.31781964	0.28417787	0.43248035
-1.547547548	0.37055856	0.39280919	0.56624608	0.32183412	0.28803012	0.43703860
-1.540540541	0.37446223	0.39687607	0.56880604	0.32589383	0.29193179	0.44161300
-1.533533534	0.37839398	0.40096516	0.57131628	0.32999913	0.29588336	0.44620266
-1.526526527	0.38235363	0.40507600	0.57377578	0.33415033	0.29988526	0.45080668
-1.519519520	0.38634097	0.40920815	0.57618353	0.33834777	0.30393794	0.45542411
-1.512512513	0.39035577	0.41336111	0.57853852	0.34259176	0.30804184	0.46005401
-1.505505506	0.39439781	0.41753440	0.58083976	0.34688262	0.31219737	0.46469537
-1.498498498	0.39846682	0.42172748	0.58308627	0.35122065	0.31640498	0.46934717
-1.491491491	0.40256253	0.42593982	0.58527708	0.35560615	0.32066508	0.47400836
-1.484484484	0.40668466	0.43017084	0.58741124	0.36003942	0.32497806	0.47867785
-1.477477477	0.41083288	0.43441997	0.58948781	0.36452073	0.32934434	0.48335454
-1.470470470	0.41500688	0.43868659	0.59150587	0.36905036	0.33376430	0.48803729
-1.463463463	0.41920630	0.44297007	0.59346450	0.37362856	0.33823832	0.49272492
-1.456456456	0.42343079	0.44726975	0.59536283	0.37825561	0.34276678	0.49741624
-1.449449449	0.42767996	0.45158497	0.59719997	0.38293173	0.34735002	0.50211001
-1.442442442	0.43195340	0.45591501	0.59897506	0.38765716	0.35198839	0.50680498
-1.435435435	0.43625068	0.46025914	0.60068728	0.39243212	0.35668224	0.51149986
-1.428428428	0.44057136	0.46461663	0.60233580	0.39725681	0.36143187	0.51619334
-1.421421421	0.44491497	0.46898669	0.60391982	0.40213143	0.36623759	0.52088406
-1.414414414	0.44928101	0.47336852	0.60543856	0.40705615	0.37109969	0.52557064
-1.407407407	0.45366896	0.47776131	0.60689126	0.41203115	0.37601845	0.53025169
-1.400400400	0.45807830	0.48216419	0.60827720	0.41705657	0.38099411	0.53492576
-1.393393393	0.46250846	0.48657629	0.60959564	0.42213253	0.38602692	0.53959140
-1.386386386	0.46695885	0.49099671	0.61084591	0.42725917	0.39111710	0.54424710
-1.379379379	0.47142886	0.49542451	0.61202734	0.43243656	0.39626484	0.54889136
-1.372372372	0.47591785	0.49985875	0.61313927	0.43766480	0.40147033	0.55352262
-1.365365365	0.48042516	0.50429844	0.61418109	0.44294393	0.40673371	0.55813931
-1.358358358	0.48495011	0.50874258	0.61515220	0.44827400	0.41205512	0.56273983
-1.351351351	0.48949197	0.51319011	0.61605204	0.45365502	0.41743468	0.56732253
-1.344344344	0.49405000	0.51763999	0.61688005	0.45908699	0.42287245	0.57188578
-1.337337337	0.49862344	0.52209111	0.61763572	0.46456986	0.42836851	0.57642788
-1.330330330	0.50321149	0.52654236	0.61831857	0.47010359	0.43392287	0.58094714
-1.323323323	0.50781331	0.53099259	0.61892811	0.47568809	0.43953554	0.58544181
-1.316316316	0.51242805	0.53544063	0.61946392	0.48132325	0.44520648	0.58991014
-1.309309309	0.51705483	0.53988526	0.61992559	0.48700894	0.45093564	0.59435036
-1.302302302	0.52169273	0.54432527	0.62031274	0.49274498	0.45672292	0.59876065
-1.295295295	0.52634080	0.54875939	0.62062501	0.49853118	0.46256819	0.60313921
-1.288288288	0.53099807	0.55318632	0.62086209	0.50436731	0.46847128	0.60748417
-1.281281281	0.53566351	0.55760476	0.62102367	0.51025310	0.47443199	0.61179367
-1.274274274	0.54033611	0.56201336	0.62110949	0.51618826	0.48045009	0.61606583
-1.267267267	0.54501477	0.56641074	0.62111932	0.52217244	0.48652528	0.62029874
-1.260260260	0.54969839	0.57079550	0.62105295	0.52820529	0.49265724	0.62449048
-1.253253253	0.55438584	0.57516622	0.62091021	0.53428639	0.49884561	0.62863911
-1.246246246	0.55907594	0.57952143	0.62069096	0.54041528	0.50508998	0.63274267
-1.239239239	0.56376747	0.58385965	0.62039507	0.54659147	0.51138988	0.63679918
-1.232232232	0.56845921	0.58817935	0.62002247	0.55281442	0.51774480	0.64080667
-1.225225225	0.57314987	0.59247901	0.61957311	0.55908356	0.52415420	0.64476313
-1.218218218	0.57783814	0.59675705	0.61904696	0.56539825	0.53061746	0.64866655
-1.211211211	0.58252267	0.60101188	0.61844404	0.57175781	0.53713392	0.65251491
-1.204204204	0.58720209	0.60524186	0.61776438	0.57816152	0.54370285	0.65630618
-1.197197197	0.59187496	0.60944535	0.61700806	0.58460859	0.55032348	0.66003833
-1.190190190	0.59653983	0.61362067	0.61617518	0.59109818	0.55699497	0.66370929
-1.183183183	0.60119521	0.61776611	0.61526587	0.59762941	0.56371642	0.66731702
-1.176176176	0.60583957	0.62187995	0.61428030	0.60420133	0.57048688	0.67085947
-1.169169169	0.61047134	0.62596044	0.61321866	0.61081292	0.57730531	0.67433457
-1.162162162	0.61508892	0.63000578	0.61208119	0.61746311	0.58417061	0.67774026
-1.155155155	0.61969066	0.63401418	0.61086814	0.62415076	0.59108163	0.68107448
-1.148148148	0.62427488	0.63798381	0.60957980	0.63087468	0.59803712	0.68433517
-1.141141141	0.62883986	0.64191282	0.60821648	0.63763359	0.60503578	0.68752027
-1.134134134	0.63338384	0.64579932	0.60677854	0.64442614	0.61207620	0.69062773
-1.127127127	0.63790504	0.64964143	0.60526636	0.65125093	0.61915694	0.69365550
-1.120120120	0.64240161	0.65343722	0.60368034	0.65810645	0.62627643	0.69660153
-1.113113113	0.64687168	0.65718476	0.60202092	0.66499115	0.63343305	0.69946379
-1.106106106	0.65131333	0.66088207	0.60028858	0.67190337	0.64062508	0.70224027
-1.099099099	0.65572463	0.66452719	0.59848380	0.67884137	0.64785071	0.70492896
-1.092092092	0.66010357	0.66811812	0.59660712	0.68580334	0.65510806	0.70752785
-1.085085085	0.66444814	0.67165283	0.59465908	0.69278738	0.66239513	0.71003496
-1.078078078	0.66875626	0.67512929	0.59264027	0.69979147	0.66970983	0.71244835
-1.071071071	0.67302583	0.67854545	0.59055130	0.70681354	0.67705000	0.71476605
-1.064064064	0.67725471	0.68189925	0.58839281	0.71385139	0.68441334	0.71698615
-1.057057057	0.68144071	0.68518860	0.58616546	0.72090274	0.69179747	0.71910674
-1.050050050	0.68558162	0.68841142	0.58386993	0.72796519	0.69919991	0.72112595
-1.043043043	0.68967518	0.69156559	0.58150695	0.73503625	0.70661805	0.72304192
-1.036036036	0.69371910	0.69464900	0.57907726	0.74211333	0.71404920	0.72485283
-1.029029029	0.69771104	0.69765953	0.57658162	0.74919370	0.72149053	0.72655689
-1.022022022	0.70164864	0.70059502	0.57402083	0.75627453	0.72893911	0.72815232
-1.015015015	0.70552949	0.70345335	0.57139569	0.76335289	0.73639189	0.72963741
-1.008008008	0.70935115	0.70623236	0.56870705	0.77042570	0.74384569	0.73101044
-1.001001001	0.71311115	0.70892988	0.56595576	0.77748978	0.75129722	0.73226976
-0.993993994	0.71680697	0.71154378	0.56314272	0.78454181	0.75874306	0.73341376
-0.986986987	0.72043608	0.71407187	0.56026883	0.79157834	0.76617967	0.73444083
-0.979979980	0.72399589	0.71651200	0.55733501	0.79859578	0.77360336	0.73534944
-0.972972973	0.72748379	0.71886199	0.55434220	0.80559042	0.78101033	0.73613810
-0.965965966	0.73089714	0.72111970	0.55129139	0.81255840	0.78839663	0.73680535
-0.958958959	0.73423326	0.72328295	0.54818354	0.81949571	0.79575817	0.73734977
-0.951951952	0.73748944	0.72534959	0.54501967	0.82639820	0.80309074	0.73777002
-0.944944945	0.74066295	0.72731748	0.54180081	0.83326157	0.81038997	0.73806477
-0.937937938	0.74375101	0.72918446	0.53852798	0.84008135	0.81765135	0.73823278
-0.930930931	0.74675085	0.73094841	0.53520225	0.84685292	0.82487022	0.73827284
-0.923923924	0.74965962	0.73260721	0.53182469	0.85357150	0.83204179	0.73818379
-0.916916917	0.75247450	0.73415873	0.52839638	0.86023213	0.83916108	0.73796454
-0.909909910	0.75519259	0.73560090	0.52491844	0.86682971	0.84622300	0.73761405
-0.902902903	0.75781100	0.73693161	0.52139198	0.87335892	0.85322227	0.73713134
-0.895895896	0.76032682	0.73814882	0.51781812	0.87981429	0.86015348	0.73651550
-0.888888889	0.76273709	0.73925048	0.51419802	0.88619017	0.86701104	0.73576567
-0.881881882	0.76503886	0.74023455	0.51053283	0.89248071	0.87378920	0.73488105
-0.874874875	0.76722913	0.74109905	0.50682370	0.89867986	0.88048207	0.73386092
-0.867867868	0.76930491	0.74184200	0.50307183	0.90478139	0.88708356	0.73270460
-0.860860861	0.77126319	0.74246144	0.49927840	0.91077887	0.89358745	0.73141151
-0.853853854	0.77310091	0.74295546	0.49544459	0.91666566	0.89998731	0.72998111
-0.846846847	0.77481505	0.74332216	0.49157163	0.92243491	0.90627658	0.72841295
-0.839839840	0.77640253	0.74355967	0.48766071	0.92807955	0.91244852	0.72670663
-0.832832833	0.77786028	0.74366618	0.48371306	0.93359230	0.91849618	0.72486184
-0.825825826	0.77918523	0.74363989	0.47972991	0.93896566	0.92441250	0.72287832
-0.818818819	0.78037429	0.74347905	0.47571248	0.94419190	0.93019019	0.72075591
-0.811811812	0.78142436	0.74318194	0.47166201	0.94926303	0.93582180	0.71849450
-0.804804805	0.78233234	0.74274689	0.46757974	0.95417087	0.94129973	0.71609406
-0.797797798	0.78309513	0.74217227	0.46346691	0.95890695	0.94661617	0.71355466
-0.790790791	0.78370963	0.74145649	0.45932478	0.96346259	0.95176313	0.71087640
-0.783783784	0.78417273	0.74059801	0.45515459	0.96782881	0.95673247	0.70805949
-0.776776777	0.78448135	0.73959534	0.45095759	0.97199641	0.96151585	0.70510420
-0.769769770	0.78463238	0.73844704	0.44673503	0.97595591	0.96610474	0.70201091
-0.762762763	0.78462273	0.73715172	0.44248817	0.97969755	0.97049046	0.69878002
-0.755755756	0.78444934	0.73570806	0.43821825	0.98321128	0.97466411	0.69541207
-0.748748749	0.78410912	0.73411476	0.43392653	0.98648680	0.97861665	0.69190763
-0.741741742	0.78359902	0.73237062	0.42961425	0.98951347	0.98233882	0.68826737
-0.734734735	0.78291600	0.73047447	0.42528266	0.99228039	0.98582120	0.68449203
-0.727727728	0.78205704	0.72842522	0.42093301	0.99477630	0.98905419	0.68058245
-0.720720721	0.78101912	0.72622182	0.41656653	0.99698968	0.99202799	0.67653952
-0.713713714	0.77979926	0.72386330	0.41218446	0.99890863	0.99473265	0.67236423
-0.706706707	0.77839449	0.72134877	0.40778803	1.00052094	0.99715800	0.66805762
-0.699699700	0.77680187	0.71867738	0.40337847	1.00181404	0.99929370	0.66362084
-0.692692693	0.77501849	0.71584838	0.39895699	1.00277499	1.00112925	0.65905511
-0.685685686	0.77304146	0.71286105	0.39452481	1.00339050	1.00265394	0.65436170
-0.678678679	0.77086792	0.70971480	0.39008314	1.00364685	1.00385689	0.64954200
-0.671671672	0.76849505	0.70640905	0.38563318	1.00352996	1.00472703	0.64459744
-0.664664665	0.76592006	0.70294335	0.38117611	1.00302530	1.00525311	0.63952954
-0.657657658	0.76314019	0.69931731	0.37671312	1.00211790	1.00542368	0.63433990
-0.650650651	0.76015273	0.69553060	0.37224539	1.00079234	1.00522713	0.62903018
-0.643643644	0.75695500	0.69158299	0.36777407	0.99903270	1.00465164	0.62360212
-0.636636637	0.75354437	0.68747433	0.36330032	0.99682255	1.00368520	0.61805755
-0.629629630	0.74991824	0.68320455	0.35882529	0.99414493	1.00231562	0.61239834
-0.622622623	0.74607407	0.67877366	0.35435011	0.99098228	1.00053049	0.60662645
-0.615615616	0.74200935	0.67418176	0.34987589	0.98731645	0.99831721	0.60074390
-0.608608609	0.73772163	0.66942904	0.34540376	0.98312862	0.99566298	0.59475279
-0.601601602	0.73320852	0.66451578	0.34093481	0.97839925	0.99255477	0.58865528
-0.594594595	0.72846764	0.65944232	0.33647013	0.97310807	0.98897934	0.58245360
-0.587587588	0.72349671	0.65420912	0.33201078	0.96723396	0.98492321	0.57615003
-0.580580581	0.71829348	0.64881673	0.32755783	0.96075489	0.98037266	0.56974694
-0.573573574	0.71285574	0.64326577	0.32311232	0.95364786	0.97531372	0.56324673
-0.566566567	0.70718136	0.63755697	0.31867529	0.94588877	0.96973214	0.55665190
-0.559559560	0.70126825	0.63169114	0.31424776	0.93745233	0.96361339	0.54996496
-0.552552553	0.69511438	0.62566919	0.30983073	0.92831190	0.95694263	0.54318853
-0.545545546	0.68871778	0.61949213	0.30542518	0.91843933	0.94970466	0.53632524
-0.538538539	0.68207651	0.61316104	0.30103210	0.90780479	0.94188393	0.52937781
-0.531531532	0.67518872	0.60667713	0.29665244	0.89637653	0.93346450	0.52234899
-0.524524525	0.66805259	0.60004167	0.29228715	0.88412064	0.92442996	0.51524159
-0.517517518	0.66066636	0.59325605	0.28793715	0.87100066	0.91476343	0.50805847
-0.510510511	0.65302833	0.58632174	0.28360335	0.85697726	0.90444746	0.50080254
-0.503503504	0.64513682	0.57924032	0.27928666	0.84200772	0.89346400	0.49347676
-0.496496496	0.63699024	0.57201345	0.27498794	0.82604537	0.88179428	0.48608411
-0.489489489	0.62858701	0.56464290	0.27070807	0.80903883	0.86941874	0.47862764
-0.482482482	0.61992560	0.55713053	0.26644789	0.79093113	0.85631693	0.47111043
-0.475475475	0.61100453	0.54947829	0.26220823	0.77165852	0.84246734	0.46353561
-0.468468468	0.60182233	0.54168823	0.25798990	0.75114901	0.82784725	0.45590632
-0.461461461	0.59237756	0.53376251	0.25379369	0.72932043	0.81243255	0.44822578
-0.454454454	0.58266882	0.52570336	0.24962039	0.70607786	0.79619751	0.44049719
-0.447447447	0.57269470	0.51751313	0.24547075	0.68131025	0.77911444	0.43272383
-0.440440440	0.56245379	0.50919424	0.24134552	0.65488563	0.76115342	0.42490898
-0.433433433	0.55194470	0.50074923	0.23724543	0.62664454	0.74228182	0.41705597
-0.426426426	0.54116598	0.49218072	0.23317117	0.59639037	0.72246377	0.40916813
-0.419419419	0.53011617	0.48349142	0.22912345	0.56387507	0.70165950	0.40124885
-0.412412412	0.51879375	0.47468414	0.22510293	0.52877673	0.67982450	0.39330151
-0.405405405	0.50719714	0.46576180	0.22111028	0.49066302	0.65690841	0.38532953
-0.398398398	0.49532467	0.45672739	0.21714612	0.44892736	0.63285363	0.37733635
-0.391391391	0.48317452	0.44758399	0.21321108	0.40266807	0.60759342	0.36932543
-0.384384384	0.47074476	0.43833480	0.20930576	0.35043200	0.58104946	0.36130023
-0.377377377	0.45803327	0.42898309	0.20543074	0.28957056	0.55312832	0.35326425
-0.370370370	0.44503768	0.41953223	0.20158660	0.21408919	0.52371671	0.34522099
-0.363363363	0.43175538	0.40998568	0.19777387	0.10037430	0.49267448	0.33717396
-0.356356356	0.41818341	0.40034699	0.19399310	0.00000000	0.45982422	0.32912669
-0.349349349	0.40431842	0.39061981	0.19024479	0.00000000	0.42493504	0.32108272
-0.342342342	0.39015655	0.38080788	0.18652944	0.00000000	0.38769618	0.31304559
-0.335335335	0.37569340	0.37091503	0.18284753	0.00000000	0.34767080	0.30501886
-0.328328328	0.36092381	0.36094518	0.17919952	0.00000000	0.30420847	0.29700609
-0.321321321	0.34584180	0.35090237	0.17558586	0.00000000	0.25625851	0.28901085
-0.314314314	0.33044030	0.34079070	0.17200697	0.00000000	0.20189516	0.28103671
-0.307307307	0.31471097	0.33061439	0.16846327	0.00000000	0.13667749	0.27308725
-0.300300300	0.29864385	0.32037776	0.16495514	0.00000000	0.04057533	0.26516606
-0.293293293	0.28222699	0.31008522	0.16148296	0.00000000	0.00000000	0.25727672
-0.286286286	0.26544590	0.29974130	0.15804709	0.00000000	0.00000000	0.24942281
-0.279279279	0.24828284	0.28935064	0.15464787	0.00000000	0.00000000	0.24160795
-0.272272272	0.23071587	0.27891797	0.15128563	0.00000000	0.00000000	0.23383572
-0.265265265	0.21271743	0.26844818	0.14796068	0.00000000	0.00000000	0.22610972
-0.258258258	0.19425233	0.25794624	0.14467331	0.00000000	0.00000000	0.21843357
-0.251251251	0.17527474	0.24741730	0.14142380	0.00000000	0.00000000	0.21081088
-0.244244244	0.15572328	0.23686662	0.13821241	0.00000000	0.00000000	0.20324527
-0.237237237	0.13551294	0.22629965	0.13503938	0.00000000	0.00000000	0.19574036
-0.230230230	0.11452029	0.21572198	0.13190494	0.00000000	0.00000000	0.18829980
-0.223223223	0.09255368	0.20513941	0.12880932	0.00000000	0.00000000	0.18092724
-0.216216216	0.06928316	0.19455794	0.12575270	0.00000000	0.00000000	0.17362633
-0.209209209	0.04402715	0.18398383	0.12273528	0.00000000	0.00000000	0.16640076
-0.202202202	0.01457592	0.17342357	0.11975721	0.00000000	0.00000000	0.15925423
-0.195195195	0.00000000	0.16288401	0.11681866	0.00000000	0.00000000	0.15219047
-0.188188188	0.00000000	0.15237233	0.11391976	0.00000000	0.00000000	0.14521322
-0.181181181	0.00000000	0.14189614	0.11106064	0.00000000	0.00000000	0.13832628
-0.174174174	0.00000000	0.13146356	0.10824141	0.00000000	0.00000000	0.13153347
-0.167167167	0.00000000	0.12108332	0.10546216	0.00000000	0.00000000	0.12483866
-0.160160160	0.00000000	0.11076490	0.10272299	0.00000000	0.00000000	0.11824578
-0.153153153	0.00000000	0.10051871	0.10002395	0.00000000	0.00000000	0.11175883
-0.146146146	0.00000000	0.09035636	0.09736511	0.00000000	0.00000000	0.10538186
-0.139139139	0.00000000	0.08029096	0.09474650	0.00000000	0.00000000	0.09911903
-0.132132132	0.00000000	0.07033769	0.09216816	0.00000000	0.00000000	0.09297458
-0.125125125	0.00000000	0.06051451	0.08963009	0.00000000	0.00000000	0.08695288
-0.118118118	0.00000000	0.05084338	0.08713232	0.00000000	0.00000000	0.08105844
-0.111111111	0.00000000	0.04135222	0.08467482	0.00000000	0.00000000	0.07529590
-0.104104104	0.00000000	0.03207847	0.08225758	0.00000000	0.00000000	0.06967012
-0.097097097	0.00000000	0.02307635	0.07988056	0.00000000	0.00000000	0.06418616
-0.090090090	0.00000000	0.01443411	0.07754372	0.00000000	0.00000000	0.05884931
-0.083083083	0.00000000	0.00633065	0.07524700	0.00000000	0.00000000	0.05366520
-0.076076076	0.00000000	0.00000000	0.07299034	0.00000000	0.00000000	0.04863980
-0.069069069	0.00000000	0.00000000	0.07077364	0.00000000	0.00000000	0.04377948
-0.062062062	0.00000000	0.00000000	0.06859684	0.00000000	0.00000000	0.03909116
-0.055055055	0.00000000	0.00000000	0.06645981	0.00000000	0.00000000	0.03458234
-0.048048048	0.00000000	0.00000000	0.06436246	0.00000000	0.00000000	0.03026131
-0.041041041	0.00000000	0.00000000	0.06230465	0.00000000	0.00000000	0.02613730
-0.034034034	0.00000000	0.00000000	0.06028626	0.00000000	0.00000000	0.02222073
-0.027027027	0.00000000	0.00000000	0.05830714	0.00000000	0.00000000	0.01852358
-0.020020020	0.00000000	0.00000000	0.05636714	0.00000000	0.00000000	0.01505987
-0.013013013	0.00000000	0.00000000	0.05446609	0.00000000	0.00000000	0.01184643
-0.006006006	0.00000000	0.00000000	0.05260383	0.00000000	0.00000000	0.00890410
0.001001001	0.00000000	0.00000000	0.05078017	0.00000000	0.00000000	0.00625976
0.008008008	0.00000000	0.00000000	0.04899492	0.00000000	0.00000000	0.00395024
0.015015015	0.00000000	0.00000000	0.04724789	0.00000000	0.00000000	0.00203093
0.022022022	0.00000000	0.00000000	0.04553885	0.00000000	0.00000000	0.00060155
0.029029029	0.00000000	0.00000000	0.04386760	0.00000000	0.00000000	0.00000000
0.036036036	0.00000000	0.00000000	0.04223391	0.00000000	0.00000000	0.00000000
0.043043043	0.00000000	0.00000000	0.04063755	0.00000000	0.00000000	0.00000000
0.050050050	0.00000000	0.00000000	0.03907826	0.00000000	0.00000000	0.00000000
0.057057057	0.00000000	0.00000000	0.03755581	0.00000000	0.00000000	0.00000000
0.064064064	0.00000000	0.00000000	0.03606993	0.00000000	0.00000000	0.00000000
0.071071071	0.00000000	0.00000000	0.03462035	0.00000000	0.00000000	0.00000000
0.078078078	0.00000000	0.00000000	0.03320681	0.00000000	0.00000000	0.00000000
0.085085085	0.00000000	0.00000000	0.03182902	0.00000000	0.00000000	0.00000000
0.092092092	0.00000000	0.00000000	0.03048669	0.00000000	0.00000000	0.00000000
0.099099099	0.00000000	0.00000000	0.02917952	0.00000000	0.00000000	0.00000000
0.106106106	0.00000000	0.00000000	0.02790722	0.00000000	0.00000000	0.00000000
0.113113113	0.00000000	0.00000000	0.02666947	0.00000000	0.00000000	0.00000000
0.120120120	0.00000000	0.00000000	0.02546596	0.00000000	0.00000000	0.00000000
0.127127127	0.00000000	0.00000000	0.02429635	0.00000000	0.00000000	0.00000000
0.134134134	0.00000000	0.00000000	0.02316033	0.00000000	0.00000000	0.00000000
0.141141141	0.00000000	0.00000000	0.02205756	0.00000000	0.00000000	0.00000000
0.148148148	0.00000000	0.00000000	0.02098768	0.00000000	0.00000000	0.00000000
0.155155155	0.00000000	0.00000000	0.01995036	0.00000000	0.00000000	0.00000000
0.162162162	0.00000000	0.00000000	0.01894523	0.00000000	0.00000000	0.00000000
0.169169169	0.00000000	0.00000000	0.01797194	0.00000000	0.00000000	0.00000000
0.176176176	0.00000000	0.00000000	0.01703011	0.00000000	0.00000000	0.00000000
0.183183183	0.00000000	0.00000000	0.01611937	0.00000000	0.00000000	0.00000000
0.190190190	0.00000000	0.00000000	0.01523934	0.00000000	0.00000000	0.00000000
0.197197197	0.00000000	0.00000000	0.01438964	0.00000000	0.00000000	0.00000000
0.204204204	0.00000000	0.00000000	0.01356987	0.00000000	0.00000000	0.00000000
0.211211211	0.00000000	0.00000000	0.01277963	0.00000000	0.00000000	0.00000000
0.218218218	0.00000000	0.00000000	0.01201852	0.00000000	0.00000000	0.00000000
0.225225225	0.00000000	0.00000000	0.01128614	0.00000000	0.00000000	0.00000000
0.232232232	0.00000000	0.00000000	0.01058206	0.00000000	0.00000000	0.00000000
0.239239239	0.00000000	0.00000000	0.00990586	0.00000000	0.00000000	0.00000000
0.246246246	0.00000000	0.00000000	0.00925711	0.00000000	0.00000000	0.00000000
0.253253253	0.00000000	0.00000000	0.00863539	0.00000000	0.00000000	0.00000000
0.260260260	0.00000000	0.00000000	0.00804025	0.00000000	0.00000000	0.00000000
0.267267267	0.00000000	0.00000000	0.00747125	0.00000000	0.00000000	0.00000000
0.274274274	0.00000000	0.00000000	0.00692793	0.00000000	0.00000000	0.00000000
0.281281281	0.00000000	0.00000000	0.00640984	0.00000000	0.00000000	0.00000000
0.288288288	0.00000000	0.00000000	0.00591652	0.00000000	0.00000000	0.00000000
0.295295295	0.00000000	0.00000000	0.00544749	0.00000000	0.00000000	0.00000000
0.302302302	0.00000000	0.00000000	0.00500228	0.00000000	0.00000000	0.00000000
0.309309309	0.00000000	0.00000000	0.00458041	0.00000000	0.00000000	0.00000000
0.316316316	0.00000000	0.00000000	0.00418138	0.00000000	0.00000000	0.00000000
0.323323323	0.00000000	0.00000000	0.00380470	0.00000000	0.00000000	0.00000000
0.330330330	0.00000000	0.00000000	0.00344987	0.00000000	0.00000000	0.00000000
0.337337337	0.00000000	0.00000000	0.00311636	0.00000000	0.00000000	0.00000000
0.344344344	0.00000000	0.00000000	0.00280368	0.00000000	0.00000000	0.00000000
0.351351351	0.00000000	0.00000000	0.00251128	0.00000000	0.00000000	0.00000000
0.358358358	0.00000000	0.00000000	0.00223863	0.00000000	0.00000000	0.00000000
0.365365365	0.00000000	0.00000000	0.00198519	0.00000000	0.00000000	0.00000000
0.372372372	0.00000000	0.00000000	0.00175041	0.00000000	0.00000000	0.00000000
0.379379379	0.00000000	0.00000000	0.00153371	0.00000000	0.00000000	0.00000000
0.386386386	0.00000000	0.00000000	0.00133454	0.00000000	0.00000000	0.00000000
0.393393393	0.00000000	0.00000000	0.00115230	0.00000000	0.00000000	0.00000000
0.400400400	0.00000000	0.00000000	0.00098640	0.00000000	0.00000000	0.00000000
0.407407407	0.00000000	0.00000000	0.00083622	0.00000000	0.00000000	0.00000000
0.414414414	0.00000000	0.00000000	0.00070116	0.00000000	0.00000000	0.00000000
0.421421421	0.00000000	0.00000000	0.00058057	0.00000000	0.00000000	0.00000000
0.428428428	0.00000000	0.00000000	0.00047380	0.00000000	0.00000000	0.00000000
0.435435435	0.00000000	0.00000000	0.00038018	0.00000000	0.00000000	0.00000000
0.442442442	0.00000000	0.00000000	0.00029903	0.00000000	0.00000000	0.00000000
0.449449449	0.00000000	0.00000000	0.00022962	0.00000000	0.00000000	0.00000000
0.456456456	0.00000000	0.00000000	0.00017124	0.00000000	0.00000000	0.00000000
0.463463463	0.00000000	0.00000000	0.00012310	0.00000000	0.00000000	0.00000000
0.470470470	0.00000000	0.00000000	0.00008443	0.00000000	0.00000000	0.00000000
0.477477477	0.00000000	0.00000000	0.00005438	0.00000000	0.00000000	0.00000000
0.484484484	0.00000000	0.00000000	0.00003208	0.00000000	0.00000000	0.00000000
0.491491491	0.00000000	0.00000000	0.00001658	0.00000000	0.00000000	0.00000000
0.498498498	0.00000000	0.00000000	0.00000687	0.00000000	0.00000000	0.00000000
0.505505506	0.00000000	0.00000000	0.00000182	0.00000000	0.00000000	0.00000000
0.512512513	0.00000000	0.00000000	0.00000011	0.00000000	0.00000000	0.00000000
0.519519520	0.00000000	0.00000000	0.00000000	0.00000000	0.00000000	0.00000000
0.526526527	0.00000000	0.00000000	0.00000000	0.00000000	0.00000000	0.00000000
0.533533534	0.00000000	0.00000000	0.00000000	0.00000000	0.00000000	0.00000000
0.540540541	0.00000000	0.00000000	0.00000000	0.00000000	0.00000000	0.00000000
0.547547548	0.00000000	0.00000000	0.00000000	0.00000000	0.00000000	0.00000000
0.554554555	0.00000000	0.00000000	0.00000000	0.00000000	0.00000000	0.00000000
0.561561562	0.00000000	0.00000000	0.00000000	0.00000000	0.00000000	0.00000000
0.568568569	0.00000000	0.00000000	0.00000000	0.00000000	0.00000000	0.00000000
0.575575576	0.00000000	0.00000000	0.00000000	0.00000000	0.00000000	0.00000000
0.582582583	0.00000000	0.00000000	0.00000000	0.00000000	0.00000000	0.00000000
0.589589590	0.00000000	0.00000000	0.00000000	0.00000000	0.00000000	0.00000000
0.596596597	0.00000000	0.00000000	0.00000000	0.00000000	0.00000000	0.00000000
0.603603604	0.00000000	0.00000000	0.00000000	0.00000000	0.00000000	0.00000000
0.610610611	0.00000000	0.00000000	0.00000000	0.00000000	0.00000000	0.00000000
0.617617618	0.00000000	0.00000000	0.00000000	0.00000000	0.00000000	0.00000000
0.624624625	0.00000000	0.00000000	0.00000000	0.00000000	0.00000000	0.00000000
0.631631632	0.00000000	0.00000000	0.00000000	0.00000000	0.00000000	0.00000000
0.638638639	0.00000000	0.00000000	0.00000000	0.00000000	0.00000000	0.00000000
0.645645646	0.00000000	0.00000000	0.00000000	0.00000000	0.00000000	0.00000000
0.652652653	0.00000000	0.00000000	0.00000000	0.00000000	0.00000000	0.00000000
0.659659660	0.00000000	0.00000000	0.00000000	0.00000000	0.00000000	0.00000000
0.666666667	0.00000000	0.00000000	0.00000000	0.00000000	0.00000000	0.00000000
0.673673674	0.00000000	0.00000000	0.00000000	0.00000000	0.00000000	0.00000000
0.680680681	0.00000000	0.00000000	0.00000000	0.00000000	0.00000000	0.00000000
0.687687688	0.00000000	0.00000000	0.00000000	0.00000000	0.00000000	0.00000000
0.694694695	0.00000000	0.00000000	0.00000000	0.00000000	0.00000000	0.00000000
0.701701702	0.00000000	0.00000000	0.00000000	0.00000000	0.00000000	0.00000000
0.708708709	0.00000000	0.00000000	0.00000000	0.00000000	0.00000000	0.00000000
0.715715716	0.00000000	0.00000000	0.00000000	0.00000000	0.00000000	0.00000000
0.722722723	0.00000000	0.00000000	0.00000000	0.00000000	0.00000000	0.00000000
0.729729730	0.00000000	0.00000000	0.00000000	0.00000000	0.00000000	0.00000000
0.736736737	0.00000000	0.00000000	0.00000000	0.00000000	0.00000000	0.00000000
0.743743744	0.00000000	0.00000000	0.00000000	0.00000000	0.00000000	0.00000000
0.750750751	0.00000000	0.00000000	0.00000000	0.00000000	0.00000000	0.00000000
0.757757758	0.00000000	0.00000000	0.00000000	0.00000000	0.00000000	0.00000000
0.764764765	0.00000000	0.00000000	0.00000000	0.00000000	0.00000000	0.00000000
0.771771772	0.00000000	0.00000000	0.00000000	0.00000000	0.00000000	0.00000000
0.778778779	0.00000000	0.00000000	0.00000000	0.00000000	0.00000000	0.00000000
0.785785786	0.00000000	0.00000000	0.00000000	0.00000000	0.00000000	0.00000000
0.792792793	0.00000000	0.00000000	0.00000000	0.00000000	0.00000000	0.00000000
0.799799800	0.00000000	0.00000000	0.00000000	0.00000000	0.00000000	0.00000000
0.806806807	0.00000000	0.00000000	0.00000000	0.00000000	0.00000000	0.00000000
0.813813814	0.00000000	0.00000000	0.00000000	0.00000000	0.00000000	0.00000000
0.820820821	0.00000000	0.00000000	0.00000000	0.00000000	0.00000000	0.00000000
0.827827828	0.00000000	0.00000000	0.00000000	0.00000000	0.00000000	0.00000000
0.834834835	0.00000000	0.00000000	0.00000000	0.00000000	0.00000000	0.00000000
0.841841842	0.00000000	0.00000000	0.00000000	0.00000000	0.00000000	0.00000000
0.848848849	0.00000000	0.00000000	0.00000000	0.00000000	0.00000000	0.00000000
0.855855856	0.00000000	0.00000000	0.00000000	0.00000000	0.00000000	0.00000000
0.862862863	0.00000000	0.00000000	0.00000000	0.00000000	0.00000000	0.00000000
0.869869870	0.00000000	0.00000000	0.00000000	0.00000000	0.00000000	0.00000000
0.876876877	0.00000000	0.00000000	0.00000000	0.00000000	0.00000000	0.00000000
0.883883884	0.00000000	0.00000000	0.00000000	0.00000000	0.00000000	0.00000000
0.890890891	0.00000000	0.00000000	0.00000000	0.00000000	0.00000000	0.00000000
0.897897898	0.00000000	0.00000000	0.00000000	0.00000000	0.00000000	0.00000000
0.904904905	0.00000000	0.00000000	0.00000000	0.00000000	0.00000000	0.00000000
0.911911912	0.00000000	0.00000000	0.00000000	0.00000000	0.00000000	0.00000000
0.918918919	0.00000000	0.00000000	0.00000000	0.00000000	0.00000000	0.00000000
0.925925926	0.00000000	0.00000000	0.00000000	0.00000000	0.00000000	0.00000000
0.932932933	0.00000000	0.00000000	0.00000000	0.00000000	0.00000000	0.00000000
0.939939940	0.00000000	0.00000000	0.00000000	0.00000000	0.00000000	0.00000000
0.946946947	0.00000000	0.00000000	0.00000000	0.00000000	0.00000000	0.00000000
0.953953954	0.00000000	0.00000000	0.00000000	0.00000000	0.00000000	0.00000000
0.960960961	0.00000000	0.00000000	0.00000000	0.00000000	0.00000000	0.00000000
0.967967968	0.00000000	0.00000000	0.00000000	0.00000000	0.00000000	0.00000000
0.974974975	0.00000000	0.00000000	0.00000000	0.00000000	0.00000000	0.00000000
0.981981982	0.00000000	0.00000000	0.00000000	0.00000000	0.00000000	0.00000000
0.988988989	0.00000000	0.00000000	0.00000000	0.00000000	0.00000000	0.00000000
0.995995996	0.00000000	0.00000000	0.00000000	0.00000000	0.00000000	0.00000000
1.003003003	0.00000000	0.00000000	0.00000000	0.00000000	0.00000000	0.00000000
1.010010010	0.00000000	0.00000000	0.00000000	0.00000000	0.00000000	0.00000000
1.017017017	0.00000000	0.00000000	0.00000000	0.00000000	0.00000000	0.00000000
1.024024024	0.00000000	0.00000000	0.00000000	0.00000000	0.00000000	0.00000000
1.031031031	0.00000000	0.00000000	0.00000000	0.00000000	0.00000000	0.00000000
1.038038038	0.00000000	0.00000000	0.00000000	0.00000000	0.00000000	0.00000000
1.045045045	0.00000000	0.00000000	0.00000000	0.00000000	0.00000000	0.00000000
1.052052052	0.00000000	0.00000000	0.00000000	0.00000000	0.00000000	0.00000000
1.059059059	0.00000000	0.00000000	0.00000000	0.00000000	0.00000000	0.00000000
1.066066066	0.00000000	0.00000000	0.00000000	0.00000000	0.00000000	0.00000000
1.073073073	0.00000000	0.00000000	0.00000000	0.00000000	0.00000000	0.00000000
1.080080080	0.00000000	0.00000000	0.00000000	0.00000000	0.00000000	0.00000000
1.087087087	0.00000000	0.00000000	0.00000000	0.00000000	0.00000000	0.00000000
1.094094094	0.00000000	0.00000000	0.00000000	0.00000000	0.00000000	0.00000000
1.101101101	0.00000000	0.00000000	0.00000000	0.00000000	0.00000000	0.00000000
1.108108108	0.00000000	0.00000000	0.00000000	0.00000000	0.00000000	0.00000000
1.115115115	0.00000000	0.00000000	0.00000000	0.00000000	0.00000000	0.00000000
1.122122122	0.00000000	0.00000000	0.00000000	0.00000000	0.00000000	0.00000000
1.129129129	0.00000000	0.00000000	0.00000000	0.00000000	0.00000000	0.00000000
1.136136136	0.00000000	0.00000000	0.00000000	0.00000000	0.00000000	0.00000000
1.143143143	0.00000000	0.00000000	0.00000000	0.00000000	0.00000000	0.00000000
1.150150150	0.00000000	0.00000000	0.00000000	0.00000000	0.00000000	0.00000000
1.157157157	0.00000000	0.00000000	0.00000000	0.00000000	0.00000000	0.00000000
1.164164164	0.00000000	0.00000000	0.00000000	0.00000000	0.00000000	0.00000000
1.171171171	0.00000000	0.00000000	0.00000000	0.00000000	0.00000000	0.00000000
1.178178178	0.00000000	0.00000000	0.00000000	0.00000000	0.00000000	0.00000000
1.185185185	0.00000000	0.00000000	0.00000000	0.00000000	0.00000000	0.00000000
1.192192192	0.00000000	0.00000000	0.00000000	0.00000000	0.00000000	0.00000000
1.199199199	0.00000000	0.00000000	0.00000000	0.00000000	0.00000000	0.00000000
1.206206206	0.00000000	0.00000000	0.00000000	0.00000000	0.00000000	0.00000000
1.213213213	0.00000000	0.00000000	0.00000000	0.00000000	0.00000000	0.00000000
1.220220220	0.00000000	0.00000000	0.00000000	0.00000000	0.00000000	0.00000000
1.227227227	0.00000000	0.00000000	0.00000000	0.00000000	0.00000000	0.00000000
1.234234234	0.00000000	0.00000000	0.00000000	0.00000000	0.00000000	0.00000000
1.241241241	0.00000000	0.00000000	0.00000000	0.00000000	0.00000000	0.00000000
1.248248248	0.00000000	0.00000000	0.00000000	0.00000000	0.00000000	0.00000000
1.255255255	0.00000000	0.00000000	0.00000000	0.00000000	0.00000000	0.00000000
1.262262262	0.00000000	0.00000000	0.00000000	0.00000000	0.00000000	0.00000000
1.269269269	0.00000000	0.00000000	0.00000000	0.00000000	0.00000000	0.00000000
1.276276276	0.00000000	0.00000000	0.00000000	0.00000000	0.00000000	0.00000000
1.283283283	0.00000000	0.00000000	0.00000000	0.00000000	0.00000000	0.00000000
1.290290290	0.00000000	0.00000000	0.00000000	0.00000000	0.00000000	0.00000000
1.297297297	0.00000000	0.00000000	0.00000000	0.00000000	0.00000000	0.00000000
1.304304304	0.00000000	0.00000000	0.00000000	0.00000000	0.00000000	0.00000000
1.311311311	0.00000000	0.00000000	0.00000000	0.00000000	0.00000000	0.00000000
1.318318318	0.00000000	0.00000000	0.00000000	0.00000000	0.00000000	0.00000000
1.325325325	0.00000000	0.00000000	0.00000000	0.00000000	0.00000000	0.00000000
1.332332332	0.00000000	0.00000000	0.00000000	0.00000000	0.00000000	0.00000000
1.339339339	0.00000000	0.00000000	0.00000000	0.00000000	0.00000000	0.00000000
1.346346346	0.00000000	0.00000000	0.00000000	0.00000000	0.00000000	0.00000000
1.353353353	0.00000000	0.00000000	0.00000000	0.00000000	0.00000000	0.00000000
1.360360360	0.00000000	0.00000000	0.00000000	0.00000000	0.00000000	0.00000000
1.367367367	0.00000000	0.00000000	0.00000000	0.00000000	0.00000000	0.00000000
1.374374374	0.00000000	0.00000000	0.00000000	0.00000000	0.00000000	0.00000000
1.381381381	0.00000000	0.00000000	0.00000000	0.00000000	0.00000000	0.00000000
1.388388388	0.00000000	0.00000000	0.00000000	0.00000000	0.00000000	0.00000000
1.395395395	0.00000000	0.00000000	0.00000000	0.00000000	0.00000000	0.00000000
1.402402402	0.00000000	0.00000000	0.00000000	0.00000000	0.00000000	0.00000000
1.409409409	0.00000000	0.00000000	0.00000000	0.00000000	0.00000000	0.00000000
1.416416416	0.00000000	0.00000000	0.00000000	0.00000000	0.00000000	0.00000000
1.423423423	0.00000000	0.00000000	0.00000000	0.00000000	0.00000000	0.00000000
1.430430430	0.00000000	0.00000000	0.00000000	0.00000000	0.00000000	0.00000000
1.437437437	0.00000000	0.00000000	0.00000000	0.00000000	0.00000000	0.00000000
1.444444444	0.00000000	0.00000000	0.00000000	0.00000000	0.00000000	0.00000000
1.451451451	0.00000000	0.00000000	0.00000000	0.00000000	0.00000000	0.00000000
1.458458458	0.00000000	0.00000000	0.00000000	0.00000000	0.00000000	0.00000000
1.465465465	0.00000000	0.00000000	0.00000000	0.00000000	0.00000000	0.00000000
1.472472472	0.00000000	0.00000000	0.00000000	0.00000000	0.00000000	0.00000000
1.479479479	0.00000000	0.00000000	0.00000000	0.00000000	0.00000000	0.00000000
1.486486486	0.00000000	0.00000000	0.00000000	0.00000000	0.00000000	0.00000000
1.493493493	0.00000000	0.00000000	0.00000000	0.00000000	0.00000000	0.00000000
1.500500501	0.00000000	0.00000000	0.00000000	0.00000000	0.00000000	0.00000000
1.507507508	0.00000000	0.00000000	0.00000000	0.00000000	0.00000000	0.00000000
1.514514515	0.00000000	0.00000000	0.00000000	0.00000000	0.00000000	0.00000000
1.521521522	0.00000000	0.00000000	0.00000000	0.00000000	0.00000000	0.00000000
1.528528529	0.00000000	0.00000000	0.00000000	0.00000000	0.00000000	0.00000000
1.535535536	0.00000000	0.00000000	0.00000000	0.00000000	0.00000000	0.00000000
1.542542543	0.00000000	0.00000000	0.00000000	0.00000000	0.00000000	0.00000000
1.549549550	0.00000000	0.00000000	0.00000000	0.00000000	0.00000000	0.00000000
1.556556557	0.00000000	0.00000000	0.00000000	0.00000000	0.00000000	0.00000000
1.563563564	0.00000000	0.00000000	0.00000000	0.00000000	0.00000000	0.00000000
1.570570571	0.00000000	0.00000000	0.00000000	0.00000000	0.00000000	0.00000000
1.577577578	0.00000000	0.00000000	0.00000000	0.00000000	0.00000000	0.00000000
1.584584585	0.00000000	0.00000000	0.00000000	0.00000000	0.00000000	0.00000000
1.591591592	0.00000000	0.00000000	0.00000000	0.00000000	0.00000000	0.00000000
1.598598599	0.00000000	0.00000000	0.00000000	0.00000000	0.00000000	0.00000000
1.605605606	0.00000000	0.00000000	0.00000000	0.00000000	0.00000000	0.00000000
1.612612613	0.00000000	0.00000000	0.00000000	0.00000000	0.00000000	0.00000000
1.619619620	0.00000000	0.00000000	0.00000000	0.00000000	0.00000000	0.00000000
1.626626627	0.00000000	0.00000000	0.00000000	0.00000000	0.00000000	0.00000000
1.633633634	0.00000000	0.00000000	0.00000000	0.00000000	0.00000000	0.00000000
1.640640641	0.00000000	0.00000000	0.00000000	0.00000000	0.00000000	0.00000000
1.647647648	0.00000000	0.00000000	0.00000000	0.00000000	0.00000000	0.00000000
1.654654655	0.00000000	0.00000000	0.00000000	0.00000000	0.00000000	0.00000000
1.661661662	0.00000000	0.00000000	0.00000000	0.00000000	0.00000000	0.00000000
1.668668669	0.00000000	0.00000000	0.00000000	0.00000000	0.00000000	0.00000000
1.675675676	0.00000000	0.00000000	0.00000000	0.00000000	0.00000000	0.00000000
1.682682683	0.00000000	0.00000000	0.00000000	0.00000000	0.00000000	0.00000000
1.689689690	0.00000000	0.00000000	0.00000000	0.00000000	0.00000000	0.00000000
1.696696697	0.00000000	0.00000000	0.00000000	0.00000000	0.00000000	0.00000000
1.703703704	0.00000000	0.00000000	0.00000000	0.00000000	0.00000000	0.00000000
1.710710711	0.00000000	0.00000000	0.00000000	0.00000000	0.00000000	0.00000000
1.717717718	0.00000000	0.00000000	0.00000000	0.00000000	0.00000000	0.00000000
1.724724725	0.00000000	0.00000000	0.00000000	0.00000000	0.00000000	0.00000000
1.731731732	0.00000000	0.00000000	0.00000000	0.00000000	0.00000000	0.00000000
1.738738739	0.00000000	0.00000000	0.00000000	0.00000000	0.00000000	0.00000000
1.745745746	0.00000000	0.00000000	0.00000000	0.00000000	0.00000000	0.00000000
1.752752753	0.00000000	0.00000000	0.00000000	0.00000000	0.00000000	0.00000000
1.759759760	0.00000000	0.00000000	0.00000000	0.00000000	0.00000000	0.00000000
1.766766767	0.00000000	0.00000000	0.00000000	0.00000000	0.00000000	0.00000000
1.773773774	0.00000000	0.00000000	0.00000000	0.00000000	0.00000000	0.00000000
1.780780781	0.00000000	0.00000000	0.00000000	0.00000000	0.00000000	0.00000000
1.787787788	0.00000000	0.00000000	0.00000000	0.00000000	0.00000000	0.00000000
1.794794795	0.00000000	0.00000000	0.00000000	0.00000000	0.00000000	0.00000000
1.801801802	0.00000000	0.00000000	0.00000000	0.00000000	0.00000000	0.00000000
1.808808809	0.00000000	0.00000000	0.00000000	0.00000000	0.00000000	0.00000000
1.815815816	0.00000000	0.00000000	0.00000000	0.00000000	0.00000000	0.00000000
1.822822823	0.00000000	0.00000000	0.00000000	0.00000000	0.00000000	0.00000000
1.829829830	0.00000000	0.00000000	0.00000000	0.00000000	0.00000000	0.00000000
1.836836837	0.00000000	0.00000000	0.00000000	0.00000000	0.00000000	0.00000000
1.843843844	0.00000000	0.00000000	0.00000000	0.00000000	0.00000000	0.00000000
1.850850851	0.00000000	0.00000000	0.00000000	0.00000000	0.00000000	0.00000000
1.857857858	0.00000000	0.00000000	0.00000000	0.00000000	0.00000000	0.00000000
1.864864865	0.00000000	0.00000000	0.00000000	0.00000000	0.00000000	0.00000000
1.871871872	0.00000000	0.00000000	0.00000000	0.00000000	0.00000000	0.00000000
1.878878879	0.00000000	0.00000000	0.00000000	0.00000000	0.00000000	0.00000000
1.885885886	0.00000000	0.00000000	0.00000000	0.00000000	0.00000000	0.00000000
1.892892893	0.00000000	0.00000000	0.00000000	0.00000000	0.00000000	0.00000000
1.899899900	0.00000000	0.00000000	0.00000000	0.00000000	0.00000000	0.00000000
1.906906907	0.00000000	0.00000000	0.00000000	0.00000000	0.00000000	0.00000000
1.913913914	0.00000000	0.00000000	0.00000000	0.00000000	0.00000000	0.00000000
1.920920921	0.00000000	0.00000000	0.00000000	0.00000000	0.00000000	0.00000000
1.927927928	0.00000000	0.00000000	0.00000000	0.00000000	0.00000000	0.00000000
1.934934935	0.00000000	0.00000000	0.00000000	0.00000000	0.00000000	0.00000000
1.941941942	0.00000000	0.00000000	0.00000000	0.00000000	0.00000000	0.00000000
1.948948949	0.00000000	0.00000000	0.00000000	0.00000000	0.00000000	0.00000000
1.955955956	0.00000000	0.00000000	0.00000000	0.00000000	0.00000000	0.00000000
1.962962963	0.00000000	0.00000000	0.00000000	0.00000000	0.00000000	0.00000000
1.969969970	0.00000000	0.00000000	0.00000000	0.00000000	0.00000000	0.00000000
1.976976977	0.00000000	0.00000000	0.00000000	0.00000000	0.00000000	0.00000000
1.983983984	0.00000000	0.00000000	0.00000000	0.00000000	0.00000000	0.00000000
1.990990991	0.00000000	0.00000000	0.00000000	0.00000000	0.00000000	0.00000000
1.997997998	0.00000000	0.00000000	0.00000000	0.00000000	0.00000000	0.00000000
2.005005005	0.00000000	0.00000000	0.00000000	0.00000000	0.00000000	0.00000000
2.012012012	0.00000000	0.00000000	0.00000000	0.00000000	0.00000000	0.00000000
2.019019019	0.00000000	0.00000000	0.00000000	0.00000000	0.00000000	0.00000000
2.026026026	0.00000000	0.00000000	0.00000000	0.00000000	0.00000000	0.00000000
2.033033033	0.00000000	0.00000000	0.00000000	0.00000000	0.00000000	0.00000000
2.040040040	0.00000000	0.00000000	0.00000000	0.00000000	0.00000000	0.00000000
2.047047047	0.00000000	0.00000000	0.00000000	0.00000000	0.00000000	0.00000000
2.054054054	0.00000000	0.00000000	0.00000000	0.00000000	0.00000000	0.00000000
2.061061061	0.00000000	0.00000000	0.00000000	0.00000000	0.00000000	0.00000000
2.068068068	0.00000000	0.00000000	0.00000000	0.00000000	0.00000000	0.00000000
2.075075075	0.00000000	0.00000000	0.00000000	0.00000000	0.00000000	0.00000000
2.082082082	0.00000000	0.00000000	0.00000000	0.00000000	0.00000000	0.00000000
2.089089089	0.00000000	0.00000000	0.00000000	0.00000000	0.00000000	0.00000000
2.096096096	0.00000000	0.00000000	0.00000000	0.00000000	0.00000000	0.00000000
2.103103103	0.00000000	0.00000000	0.00000000	0.00000000	0.00000000	0.00000000
2.110110110	0.00000000	0.00000000	0.00000000	0.00000000	0.00000000	0.00000000
2.117117117	0.00000000	0.00000000	0.00000000	0.00000000	0.00000000	0.00000000
2.124124124	0.00000000	0.00000000	0.00000000	0.00000000	0.00000000	0.00000000
2.131131131	0.00000000	0.00000000	0.00000000	0.00000000	0.00000000	0.00000000
2.138138138	0.00000000	0.00000000	0.00000000	0.00000000	0.00000000	0.00000000
2.145145145	0.00000000	0.00000000	0.00000000	0.00000000	0.00000000	0.00000000
2.152152152	0.00000000	0.00000000	0.00000000	0.00000000	0.00000000	0.00000000
2.159159159	0.00000000	0.00000000	0.00000000	0.00000000	0.00000000	0.00000000
2.166166166	0.00000000	0.00000000	0.00000000	0.00000000	0.00000000	0.00000000
2.173173173	0.00000000	0.00000000	0.00000000	0.00000000	0.00000000	0.00000000
2.180180180	0.00000000	0.00000000	0.00000000	0.00000000	0.00000000	0.00000000
2.187187187	0.00000000	0.00000000	0.00000000	0.00000000	0.00000000	0.00000000
2.194194194	0.00000000	0.00000000	0.00000000	0.00000000	0.00000000	0.00000000
2.201201201	0.00000000	0.00000000	0.00000000	0.00000000	0.00000000	0.00000000
2.208208208	0.00000000	0.00000000	0.00000000	0.00000000	0.00000000	0.00000000
2.215215215	0.00000000	0.00000000	0.00000000	0.00000000	0.00000000	0.00000000
2.222222222	0.00000000	0.00000000	0.00000000	0.00000000	0.00000000	0.00000000
2.229229229	0.00000000	0.00000000	0.00000000	0.00000000	0.00000000	0.00000000
2.236236236	0.00000000	0.00000000	0.00000000	0.00000000	0.00000000	0.00000000
2.243243243	0.00000000	0.00000000	0.00000000	0.00000000	0.00000000	0.00000000
2.250250250	0.00000000	0.00000000	0.00000000	0.00000000	0.00000000	0.00000000
2.257257257	0.00000000	0.00000000	0.00000000	0.00000000	0.00000000	0.00000000
2.264264264	0.00000000	0.00000000	0.00000000	0.00000000	0.00000000	0.00000000
2.271271271	0.00000000	0.00000000	0.00000000	0.00000000	0.00000000	0.00000000
2.278278278	0.00000000	0.00000000	0.00000000	0.00000000	0.00000000	0.00000000
2.285285285	0.00000000	0.00000000	0.00000000	0.00000000	0.00000000	0.00000000
2.292292292	0.00000000	0.00000000	0.00000000	0.00000000	0.00000000	0.00000000
2.299299299	0.00000000	0.00000000	0.00000000	0.00000000	0.00000000	0.00000000
2.306306306	0.00000000	0.00000000	0.00000000	0.00000000	0.00000000	0.00000000
2.313313313	0.00000000	0.00000000	0.00000000	0.00000000	0.00000000	0.00000000
2.320320320	0.00000000	0.00000000	0.00000000	0.00000000	0.00000000	0.00000000
2.327327327	0.00000000	0.00000000	0.00000000	0.00000000	0.00000000	0.00000000
2.334334334	0.00000000	0.00000000	0.00000000	0.00000000	0.00000000	0.00000000
2.341341341	0.00000000	0.00000000	0.00000000	0.00000000	0.00000000	0.00000000
2.348348348	0.00000000	0.00000000	0.00000000	0.00000000	0.00000000	0.00000000
2.355355355	0.00000000	0.00000000	0.00000000	0.00000000	0.00000000	0.00000000
2.362362362	0.00000000	0.00000000	0.00000000	0.00000000	0.00000000	0.00000000
2.369369369	0.00000000	0.00000000	0.00000000	0.00000000	0.00000000	0.00000000
2.376376376	0.00000000	0.00000000	0.00000000	0.00000000	0.00000000	0.00000000
2.383383383	0.00000000	0.00000000	0.00000000	0.00000000	0.00000000	0.00000000
2.390390390	0.00000000	0.00000000	0.00000000	0.00000000	0.00000000	0.00000000
2.397397397	0.00000000	0.00000000	0.00000000	0.00000000	0.00000000	0.00000000
2.404404404	0.00000000	0.00000000	0.00000000	0.00000000	0.00000000	0.00000000
2.411411411	0.00000000	0.00000000	0.00000000	0.00000000	0.00000000	0.00000000
2.418418418	0.00000000	0.00000000	0.00000000	0.00000000	0.00000000	0.00000000
2.425425425	0.00000000	0.00000000	0.00000000	0.00000000	0.00000000	0.00000000
2.432432432	0.00000000	0.00000000	0.00000000	0.00000000	0.00000000	0.00000000
2.439439439	0.00000000	0.00000000	0.00000000	0.00000000	0.00000000	0.00000000
2.446446446	0.00000000	0.00000000	0.00000000	0.00000000	0.00000000	0.00000000
2.453453453	0.00000000	0.00000000	0.00000000	0.00000000	0.00000000	0.00000000
2.460460460	0.00000000	0.00000000	0.00000000	0.00000000	0.00000000	0.00000000
2.467467467	0.00000000	0.00000000	0.00000000	0.00000000	0.00000000	0.00000000
2.474474474	0.00000000	0.00000000	0.00000000	0.00000000	0.00000000	0.00000000
2.481481481	0.00000000	0.00000000	0.00000000	0.00000000	0.00000000	0.00000000
2.488488488	0.00000000	0.00000000	0.00000000	0.00000000	0.00000000	0.00000000
2.495495495	0.00000000	0.00000000	0.00000000	0.00000000	0.00000000	0.00000000
2.502502503	0.00000000	0.00000000	0.00000000	0.00000000	0.00000000	0.00000000
2.509509510	0.00000000	0.00000000	0.00000000	0.00000000	0.00000000	0.00000000
2.516516517	0.00000000	0.00000000	0.00000000	0.00000000	0.00000000	0.00000000
2.523523524	0.00000000	0.00000000	0.00000000	0.00000000	0.00000000	0.00000000
2.530530531	0.00000000	0.00000000	0.00000000	0.00000000	0.00000000	0.00000000
2.537537538	0.00000000	0.00000000	0.00000000	0.00000000	0.00000000	0.00000000
2.544544545	0.00000000	0.00000000	0.00000000	0.00000000	0.00000000	0.00000000
2.551551552	0.00000000	0.00000000	0.00000000	0.00000000	0.00000000	0.00000000
2.558558559	0.00000000	0.00000000	0.00000000	0.00000000	0.00000000	0.00000000
2.565565566	0.00000000	0.00000000	0.00000000	0.00000000	0.00000000	0.00000000
2.572572573	0.00000000	0.00000000	0.00000000	0.00000000	0.00000000	0.00000000
2.579579580	0.00000000	0.00000000	0.00000000	0.00000000	0.00000000	0.00000000
2.586586587	0.00000000	0.00000000	0.00000000	0.00000000	0.00000000	0.00000000
2.593593594	0.00000000	0.00000000	0.00000000	0.00000000	0.00000000	0.00000000
2.600600601	0.00000000	0.00000000	0.00000000	0.00000000	0.00000000	0.00000000
2.607607608	0.00000000	0.00000000	0.00000000	0.00000000	0.00000000	0.00000000
2.614614615	0.00000000	0.00000000	0.00000000	0.00000000	0.00000000	0.00000000
2.621621622	0.00000000	0.00000000	0.00000000	0.00000000	0.00000000	0.00000000
2.628628629	0.00000000	0.00000000	0.00000000	0.00000000	0.00000000	0.00000000
2.635635636	0.00000000	0.00000000	0.00000000	0.00000000	0.00000000	0.00000000
2.642642643	0.00000000	0.00000000	0.00000000	0.00000000	0.00000000	0.00000000
2.649649650	0.00000000	0.00000000	0.00000000	0.00000000	0.00000000	0.00000000
2.656656657	0.00000000	0.00000000	0.00000000	0.00000000	0.00000000	0.00000000
2.663663664	0.00000000	0.00000000	0.00000000	0.00000000	0.00000000	0.00000000
2.670670671	0.00000000	0.00000000	0.00000000	0.00000000	0.00000000	0.00000000
2.677677678	0.00000000	0.00000000	0.00000000	0.00000000	0.00000000	0.00000000
2.684684685	0.00000000	0.00000000	0.00000000	0.00000000	0.00000000	0.00000000
2.691691692	0.00000000	0.00000000	0.00000000	0.00000000	0.00000000	0.00000000
2.698698699	0.00000000	0.00000000	0.00000000	0.00000000	0.00000000	0.00000000
2.705705706	0.00000000	0.00000000	0.00000000	0.00000000	0.00000000	0.00000000
2.712712713	0.00000000	0.00000000	0.00000000	0.00000000	0.00000000	0.00000000
2.719719720	0.00000000	0.00000000	0.00000000	0.00000000	0.00000000	0.00000000
2.726726727	0.00000000	0.00000000	0.00000000	0.00000000	0.00000000	0.00000000
2.733733734	0.00000000	0.00000000	0.00000000	0.00000000	0.00000000	0.00000000
2.740740741	0.00000000	0.00000000	0.00000000	0.00000000	0.00000000	0.00000000
2.747747748	0.00000000	0.00000000	0.00000000	0.00000000	0.00000000	0.00000000
2.754754755	0.00000000	0.00000000	0.00000000	0.00000000	0.00000000	0.00000000
2.761761762	0.00000000	0.00000000	0.00000000	0.00000000	0.00000000	0.00000000
2.768768769	0.00000000	0.00000000	0.00000000	0.00000000	0.00000000	0.00000000
2.775775776	0.00000000	0.00000000	0.00000000	0.00000000	0.00000000	0.00000000
2.782782783	0.00000000	0.00000000	0.00000000	0.00000000	0.00000000	0.00000000
2.789789790	0.00000000	0.00000000	0.00000000	0.00000000	0.00000000	0.00000000
2.796796797	0.00000000	0.00000000	0.00000000	0.00000000	0.00000000	0.00000000
2.803803804	0.00000000	0.00000000	0.00000000	0.00000000	0.00000000	0.00000000
2.810810811	0.00000000	0.00000000	0.00000000	0.00000000	0.00000000	0.00000000
2.817817818	0.00000000	0.00000000	0.00000000	0.00000000	0.00000000	0.00000000
2.824824825	0.00000000	0.00000000	0.00000000	0.00000000	0.00000000	0.00000000
2.831831832	0.00000000	0.00000000	0.00000000	0.00000000	0.00000000	0.00000000
2.838838839	0.00000000	0.00000000	0.00000000	0.00000000	0.00000000	0.00000000
2.845845846	0.00000000	0.00000000	0.00000000	0.00000000	0.00000000	0.00000000
2.852852853	0.00000000	0.00000000	0.00000000	0.00000000	0.00000000	0.00000000
2.859859860	0.00000000	0.00000000	0.00000000	0.00000000	0.00000000	0.00000000
2.866866867	0.00000000	0.00000000	0.00000000	0.00000000	0.00000000	0.00000000
2.873873874	0.00000000	0.00000000	0.00000000	0.00000000	0.00000000	0.00000000
2.880880881	0.00000000	0.00000000	0.00000000	0.00000000	0.00000000	0.00000000
2.887887888	0.00000000	0.00000000	0.00000000	0.00000000	0.00000000	0.00000000
2.894894895	0.00000000	0.00000000	0.00000000	0.00000000	0.00000000	0.00000000
2.901901902	0.00000000	0.00000000	0.00000000	0.00000000	0.00000000	0.00000000
2.908908909	0.00000000	0.00000000	0.00000000	0.00000000	0.00000000	0.00000000
2.915915916	0.00000000	0.00000000	0.00000000	0.00000000	0.00000000	0.00000000
2.922922923	0.00000000	0.00000000	0.00000000	0.00000000	0.00000000	0.00000000
2.929929930	0.00000000	0.00000000	0.00000000	0.00000000	0.00000000	0.00000000
2.936936937	0.00000000	0.00000000	0.00000000	0.00000000	0.00000000	0.00000000
2.943943944	0.00000000	0.00000000	0.00000000	0.00000000	0.00000000	0.00000000
2.950950951	0.00000000	0.00000000	0.00000000	0.00000000	0.00000000	0.00000000
2.957957958	0.00000000	0.00000000	0.00000000	0.00000000	0.00000000	0.00000000
2.964964965	0.00000000	0.00000000	0.00000000	0.00000000	0.00000000	0.00000000
2.971971972	0.00000000	0.00000000	0.00000000	0.00000000	0.00000000	0.00000000
2.978978979	0.00000000	0.00000000	0.00000000	0.00000000	0.00000000	0.00000000
2.985985986	0.00000000	0.00000000	0.00000000	0.00000000	0.00000000	0.00000000
2.992992993	0.00000000	0.00000000	0.00000000	0.00000000	0.00000000	0.00000000
3.000000000	0.00000000	0.00000000	0.00000000	0.00000000	0.00000000	0.00000000