-4.00000000	0.000856310	0.002239087	0.002253040	0.010626137	0.001978096	0.002310392
-3.99299299	0.000867063	0.002262635	0.002276147	0.010739789	0.001996581	0.002331378
-3.98598599	0.000877960	0.002286453	0.002299512	0.010854667	0.002015258	0.002352578
-3.97897898	0.000889004	0.002310544	0.002323139	0.010970785	0.002034130	0.002373993
-3.97197197	0.000900196	0.002334911	0.002347031	0.011088155	0.002053199	0.002395626
-3.96496496	0.000911539	0.002359558	0.002371190	0.011206792	0.002072468	0.002417480
-3.95795796	0.000923035	0.002384488	0.002395621	0.011326708	0.002091939	0.002439558
-3.95095095	0.000934687	0.002409705	0.002420327	0.011447919	0.002111614	0.002461861
-3.94394394	0.000946495	0.002435211	0.002445311	0.011570438	0.002131496	0.002484393
-3.93693694	0.000958464	0.002461012	0.002470576	0.011694278	0.002151587	0.002507155
-3.92992993	0.000970594	0.002487110	0.002496126	0.011819455	0.002171889	0.002530152
-3.92292292	0.000982888	0.002513510	0.002521964	0.011945983	0.002192406	0.002553385
-3.91591592	0.000995349	0.002540214	0.002548094	0.012073876	0.002213139	0.002576856
-3.90890891	0.001007980	0.002567227	0.002574519	0.012203150	0.002234091	0.002600570
-3.90190190	0.001020782	0.002594553	0.002601244	0.012333819	0.002255264	0.002624528
-3.89489489	0.001033757	0.002622196	0.002628271	0.012465898	0.002276662	0.002648734
-3.88788789	0.001046910	0.002650159	0.002655605	0.012599403	0.002298287	0.002673190
-3.88088088	0.001060241	0.002678447	0.002683249	0.012734349	0.002320141	0.002697899
-3.87387387	0.001073754	0.002707064	0.002711208	0.012870752	0.002342228	0.002722864
-3.86686687	0.001087452	0.002736014	0.002739484	0.013008627	0.002364549	0.002748088
-3.85985986	0.001101336	0.002765301	0.002768083	0.013147990	0.002387109	0.002773574
-3.85285285	0.001115410	0.002794929	0.002797007	0.013288858	0.002409909	0.002799326
-3.84584585	0.001129677	0.002824903	0.002826261	0.013431247	0.002432953	0.002825345
-3.83883884	0.001144139	0.002855227	0.002855850	0.013575173	0.002456243	0.002851636
-3.83183183	0.001158799	0.002885905	0.002885777	0.013720653	0.002479782	0.002878202
-3.82482482	0.001173661	0.002916943	0.002916047	0.013867704	0.002503574	0.002905045
-3.81781782	0.001188726	0.002948344	0.002946663	0.014016342	0.002527621	0.002932169
-3.81081081	0.001203998	0.002980113	0.002977630	0.014166586	0.002551926	0.002959578
-3.80380380	0.001219481	0.003012256	0.003008953	0.014318452	0.002576493	0.002987274
-3.79679680	0.001235176	0.003044776	0.003040636	0.014471957	0.002601325	0.003015261
-3.78978979	0.001251088	0.003077678	0.003072684	0.014627121	0.002626424	0.003043542
-3.78278278	0.001267219	0.003110968	0.003105100	0.014783960	0.002651795	0.003072121
-3.77577578	0.001283573	0.003144650	0.003137890	0.014942493	0.002677439	0.003101002
-3.76876877	0.001300153	0.003178729	0.003171059	0.015102737	0.002703362	0.003130188
-3.76176176	0.001316962	0.003213211	0.003204611	0.015264713	0.002729565	0.003159682
-3.75475475	0.001334003	0.003248101	0.003238551	0.015428438	0.002756053	0.003189488
-3.74774775	0.001351281	0.003283403	0.003272884	0.015593932	0.002782828	0.003219611
-3.74074074	0.001368798	0.003319124	0.003307615	0.015761212	0.002809895	0.003250053
-3.73373373	0.001386559	0.003355268	0.003342748	0.015930300	0.002837256	0.003280818
-3.72672673	0.001404566	0.003391841	0.003378290	0.016101215	0.002864916	0.003311911
-3.71971972	0.001422824	0.003428848	0.003414245	0.016273975	0.002892879	0.003343335
-3.71271271	0.001441335	0.003466296	0.003450618	0.016448602	0.002921146	0.003375094
-3.70570571	0.001460105	0.003504190	0.003487416	0.016625115	0.002949724	0.003407193
-3.69869870	0.001479136	0.003542535	0.003524642	0.016803536	0.002978614	0.003439635
-3.69169169	0.001498433	0.003581338	0.003562303	0.016983884	0.003007822	0.003472424
-3.68468468	0.001517999	0.003620604	0.003600404	0.017166180	0.003037351	0.003505565
-3.67767768	0.001537839	0.003660339	0.003638952	0.017350446	0.003067205	0.003539062
-3.67067067	0.001557957	0.003700550	0.003677950	0.017536703	0.003097387	0.003572919
-3.66366366	0.001578357	0.003741243	0.003717406	0.017724972	0.003127903	0.003607140
-3.65665666	0.001599042	0.003782424	0.003757325	0.017915276	0.003158756	0.003641730
-3.64964965	0.001620018	0.003824099	0.003797714	0.018107636	0.003189950	0.003676694
-3.64264264	0.001641289	0.003866275	0.003838577	0.018302074	0.003221489	0.003712035
-3.63563564	0.001662858	0.003908958	0.003879922	0.018498614	0.003253379	0.003747759
-3.62862863	0.001684731	0.003952156	0.003921754	0.018697278	0.003285622	0.003783870
-3.62162162	0.001706913	0.003995874	0.003964080	0.018898089	0.003318224	0.003820373
-3.61461461	0.001729407	0.004040120	0.004006906	0.019101070	0.003351189	0.003857272
-3.60760761	0.001752219	0.004084900	0.004050239	0.019306244	0.003384522	0.003894573
-3.60060060	0.001775352	0.004130222	0.004094085	0.019513637	0.003418227	0.003932280
-3.59359359	0.001798813	0.004176092	0.004138451	0.019723270	0.003452308	0.003970399
-3.58658659	0.001822606	0.004222519	0.004183343	0.019935170	0.003486771	0.004008934
-3.57957958	0.001846737	0.004269508	0.004228769	0.020149360	0.003521620	0.004047891
-3.57257257	0.001871209	0.004317069	0.004274735	0.020365865	0.003556860	0.004087274
-3.56556557	0.001896029	0.004365208	0.004321249	0.020584711	0.003592497	0.004127090
-3.55855856	0.001921201	0.004413932	0.004368317	0.020805923	0.003628534	0.004167343
-3.55155155	0.001946732	0.004463250	0.004415947	0.021029525	0.003664978	0.004208038
-3.54454454	0.001972625	0.004513170	0.004464147	0.021255545	0.003701832	0.004249182
-3.53753754	0.001998888	0.004563700	0.004512922	0.021484009	0.003739103	0.004290780
-3.53053053	0.002025526	0.004614847	0.004562282	0.021714943	0.003776796	0.004332837
-3.52352352	0.002052543	0.004666620	0.004612234	0.021948373	0.003814916	0.004375359
-3.51651652	0.002079947	0.004719027	0.004662786	0.022184327	0.003853468	0.004418352
-3.50950951	0.002107743	0.004772077	0.004713945	0.022422833	0.003892459	0.004461822
-3.50250250	0.002135937	0.004825779	0.004765720	0.022663917	0.003931893	0.004505775
-3.49549550	0.002164534	0.004880140	0.004818118	0.022907608	0.003971776	0.004550216
-3.48848849	0.002193542	0.004935170	0.004871148	0.023153935	0.004012114	0.004595153
-3.48148148	0.002222967	0.004990878	0.004924819	0.023402925	0.004052913	0.004640591
-3.47447447	0.002252815	0.005047273	0.004979138	0.023654608	0.004094179	0.004686537
-3.46746747	0.002283092	0.005104365	0.005034115	0.023909012	0.004135917	0.004732996
-3.46046046	0.002313805	0.005162162	0.005089757	0.024166168	0.004178134	0.004779976
-3.45345345	0.002344960	0.005220674	0.005146075	0.024426105	0.004220836	0.004827483
-3.44644645	0.002376566	0.005279911	0.005203077	0.024688853	0.004264030	0.004875523
-3.43943944	0.002408628	0.005339882	0.005260772	0.024954443	0.004307721	0.004924104
-3.43243243	0.002441153	0.005400598	0.005319169	0.025222906	0.004351916	0.004973233
-3.42542543	0.002474149	0.005462068	0.005378278	0.025494273	0.004396622	0.005022915
-3.41841842	0.002507624	0.005524304	0.005438108	0.025768575	0.004441844	0.005073159
-3.41141141	0.002541583	0.005587314	0.005498670	0.026045844	0.004487591	0.005123972
-3.40440440	0.002576036	0.005651111	0.005559972	0.026326112	0.004533869	0.005175360
-3.39739740	0.002610989	0.005715704	0.005622025	0.026609412	0.004580684	0.005227332
-3.39039039	0.002646451	0.005781104	0.005684838	0.026895777	0.004628044	0.005279894
-3.38338338	0.002682429	0.005847322	0.005748423	0.027185241	0.004675956	0.005333055
-3.37637638	0.002718931	0.005914370	0.005812790	0.027477835	0.004724427	0.005386822
-3.36936937	0.002755966	0.005982259	0.005877948	0.027773596	0.004773465	0.005441202
-3.36236236	0.002793541	0.006051001	0.005943909	0.028072556	0.004823076	0.005496205
-3.35535536	0.002831666	0.006120606	0.006010685	0.028374752	0.004873269	0.005551837
-3.34834835	0.002870349	0.006191088	0.006078284	0.028680217	0.004924051	0.005608107
-3.34134134	0.002909598	0.006262457	0.006146720	0.028988987	0.004975430	0.005665023
-3.33433433	0.002949423	0.006334727	0.006216004	0.029301098	0.005027414	0.005722594
-3.32732733	0.002989832	0.006407910	0.006286146	0.029616587	0.005080011	0.005780829
-3.32032032	0.003030835	0.006482018	0.006357159	0.029935490	0.005133229	0.005839735
-3.31331331	0.003072441	0.006557064	0.006429055	0.030257844	0.005187076	0.005899322
-3.30630631	0.003114659	0.006633061	0.006501845	0.030583687	0.005241561	0.005959598
-3.29929930	0.003157500	0.006710022	0.006575543	0.030913056	0.005296693	0.006020574
-3.29229229	0.003200972	0.006787961	0.006650160	0.031245990	0.005352479	0.006082257
-3.28528529	0.003245087	0.006866892	0.006725708	0.031582527	0.005408929	0.006144657
-3.27827828	0.003289853	0.006946827	0.006802202	0.031922707	0.005466051	0.006207784
-3.27127127	0.003335282	0.007027782	0.006879654	0.032266569	0.005523855	0.006271647
-3.26426426	0.003381384	0.007109770	0.006958077	0.032614153	0.005582350	0.006336257
-3.25725726	0.003428170	0.007192805	0.007037485	0.032965500	0.005641545	0.006401622
-3.25025025	0.003475650	0.007276903	0.007117891	0.033320649	0.005701450	0.006467753
-3.24324324	0.003523835	0.007362079	0.007199310	0.033679643	0.005762074	0.006534661
-3.23623624	0.003572737	0.007448346	0.007281754	0.034042524	0.005823427	0.006602354
-3.22922923	0.003622368	0.007535722	0.007365240	0.034409333	0.005885519	0.006670845
-3.22222222	0.003672738	0.007624221	0.007449780	0.034780113	0.005948360	0.006740144
-3.21521522	0.003723859	0.007713859	0.007535390	0.035154907	0.006011960	0.006810261
-3.20820821	0.003775745	0.007804652	0.007622085	0.035533759	0.006076329	0.006881208
-3.20120120	0.003828406	0.007896617	0.007709880	0.035916713	0.006141479	0.006952996
-3.19419419	0.003881855	0.007989770	0.007798790	0.036303814	0.006207420	0.007025636
-3.18718719	0.003936105	0.008084129	0.007888831	0.036695105	0.006274162	0.007099139
-3.18018018	0.003991169	0.008179709	0.007980019	0.037090634	0.006341717	0.007173518
-3.17317317	0.004047060	0.008276529	0.008072371	0.037490445	0.006410096	0.007248783
-3.16616617	0.004103790	0.008374606	0.008165902	0.037894586	0.006479310	0.007324948
-3.15915916	0.004161375	0.008473957	0.008260630	0.038303102	0.006549372	0.007402025
-3.15215215	0.004219827	0.008574603	0.008356570	0.038716043	0.006620292	0.007480025
-3.14514515	0.004279160	0.008676559	0.008453741	0.039133456	0.006692082	0.007558962
-3.13813814	0.004339389	0.008779847	0.008552160	0.039555389	0.006764755	0.007638849
-3.13113113	0.004400529	0.008884483	0.008651845	0.039981891	0.006838323	0.007719697
-3.12412412	0.004462593	0.008990489	0.008752813	0.040413012	0.006912799	0.007801522
-3.11711712	0.004525597	0.009097883	0.008855084	0.040848802	0.006988195	0.007884335
-3.11011011	0.004589557	0.009206686	0.008958675	0.041289312	0.007064524	0.007968152
-3.10310310	0.004654487	0.009316918	0.009063606	0.041734593	0.007141799	0.008052985
-3.09609610	0.004720404	0.009428599	0.009169896	0.042184697	0.007220034	0.008138848
-3.08908909	0.004787323	0.009541751	0.009277564	0.042639675	0.007299242	0.008225757
-3.08208208	0.004855262	0.009656394	0.009386630	0.043099582	0.007379436	0.008313725
-3.07507508	0.004924237	0.009772551	0.009497114	0.043564470	0.007460632	0.008402767
-3.06806807	0.004994264	0.009890243	0.009609038	0.044034393	0.007542842	0.008492899
-3.06106106	0.005065361	0.010009492	0.009722421	0.044509406	0.007626082	0.008584135
-3.05405405	0.005137545	0.010130322	0.009837284	0.044989564	0.007710366	0.008676492
-3.04704705	0.005210835	0.010252755	0.009953650	0.045474924	0.007795709	0.008769984
-3.04004004	0.005285248	0.010376815	0.010071541	0.045965540	0.007882126	0.008864628
-3.03303303	0.005360804	0.010502526	0.010190977	0.046461471	0.007969633	0.008960440
-3.02602603	0.005437520	0.010629911	0.010311983	0.046962774	0.008058244	0.009057436
-3.01901902	0.005515416	0.010758996	0.010434580	0.047469507	0.008147977	0.009155634
-3.01201201	0.005594512	0.010889805	0.010558793	0.047981728	0.008238847	0.009255050
-3.00500501	0.005674828	0.011022364	0.010684644	0.048499498	0.008330871	0.009355702
-2.99799800	0.005756382	0.011156698	0.010812158	0.049022877	0.008424064	0.009457607
-2.99099099	0.005839197	0.011292834	0.010941360	0.049551925	0.008518446	0.009560783
-2.98398398	0.005923293	0.011430798	0.011072273	0.050086703	0.008614031	0.009665249
-2.97697698	0.006008692	0.011570618	0.011204925	0.050627274	0.008710839	0.009771023
-2.96996997	0.006095414	0.011712320	0.011339339	0.051173701	0.008808886	0.009878123
-2.96296296	0.006183483	0.011855933	0.011475543	0.051726046	0.008908192	0.009986569
-2.95595596	0.006272920	0.012001486	0.011613563	0.052284374	0.009008774	0.010096380
-2.94894895	0.006363749	0.012149007	0.011753426	0.052848749	0.009110651	0.010207577
-2.94194194	0.006455993	0.012298525	0.011895159	0.053419238	0.009213842	0.010320178
-2.93493493	0.006549675	0.012450071	0.012038790	0.053995905	0.009318367	0.010434205
-2.92792793	0.006644820	0.012603675	0.012184348	0.054578818	0.009424244	0.010549678
-2.92092092	0.006741452	0.012759367	0.012331862	0.055168044	0.009531496	0.010666618
-2.91391391	0.006839597	0.012917180	0.012481360	0.055763652	0.009640140	0.010785047
-2.90690691	0.006939279	0.013077144	0.012632874	0.056365710	0.009750199	0.010904986
-2.89989990	0.007040525	0.013239293	0.012786432	0.056974288	0.009861694	0.011026459
-2.89289289	0.007143362	0.013403659	0.012942066	0.057589456	0.009974645	0.011149486
-2.88588589	0.007247815	0.013570275	0.013099808	0.058211286	0.010089075	0.011274092
-2.87887888	0.007353913	0.013739177	0.013259689	0.058839849	0.010205005	0.011400299
-2.87187187	0.007461683	0.013910399	0.013421742	0.059475218	0.010322459	0.011528132
-2.86486486	0.007571154	0.014083975	0.013585999	0.060117467	0.010441459	0.011657613
-2.85785786	0.007682355	0.014259942	0.013752495	0.060766669	0.010562028	0.011788769
-2.85085085	0.007795315	0.014438336	0.013921263	0.061422899	0.010684191	0.011921624
-2.84384384	0.007910064	0.014619194	0.014092338	0.062086234	0.010807971	0.012056203
-2.83683684	0.008026633	0.014802554	0.014265756	0.062756749	0.010933393	0.012192531
-2.82982983	0.008145053	0.014988454	0.014441553	0.063434521	0.011060482	0.012330637
-2.82282282	0.008265355	0.015176934	0.014619764	0.064119630	0.011189263	0.012470545
-2.81581582	0.008387573	0.015368032	0.014800428	0.064812152	0.011319762	0.012612284
-2.80880881	0.008511738	0.015561790	0.014983582	0.065512170	0.011452005	0.012755880
-2.80180180	0.008637885	0.015758248	0.015169265	0.066219761	0.011586020	0.012901363
-2.79479479	0.008766047	0.015957448	0.015357516	0.066935009	0.011721834	0.013048760
-2.78778779	0.008896259	0.016159432	0.015548374	0.067657995	0.011859473	0.013198101
-2.78078078	0.009028557	0.016364244	0.015741881	0.068388802	0.011998967	0.013349416
-2.77377377	0.009162977	0.016571927	0.015938078	0.069127514	0.012140345	0.013502735
-2.76676677	0.009299555	0.016782527	0.016137006	0.069874215	0.012283634	0.013658087
-2.75975976	0.009438330	0.016996088	0.016338709	0.070628991	0.012428866	0.013815506
-2.75275275	0.009579339	0.017212657	0.016543229	0.071391929	0.012576070	0.013975022
-2.74574575	0.009722620	0.017432282	0.016750612	0.072163115	0.012725278	0.014136667
-2.73873874	0.009868215	0.017655009	0.016960902	0.072942637	0.012876520	0.014300476
-2.73173173	0.010016163	0.017880887	0.017174145	0.073730585	0.013029829	0.014466480
-2.72472472	0.010166504	0.018109967	0.017390389	0.074527048	0.013185237	0.014634716
-2.71771772	0.010319282	0.018342299	0.017609679	0.075332118	0.013342777	0.014805216
-2.71071071	0.010474539	0.018577933	0.017832066	0.076145885	0.013502484	0.014978017
-2.70370370	0.010632319	0.018816923	0.018057597	0.076968442	0.013664390	0.015153155
-2.69669670	0.010792665	0.019059321	0.018286324	0.077799883	0.013828532	0.015330666
-2.68968969	0.010955624	0.019305182	0.018518297	0.078640302	0.013994945	0.015510587
-2.68268268	0.011121240	0.019554560	0.018753569	0.079489793	0.014163665	0.015692958
-2.67567568	0.011289562	0.019807512	0.018992192	0.080348455	0.014334729	0.015877815
-2.66866867	0.011460637	0.020064094	0.019234220	0.081216382	0.014508175	0.016065200
-2.66166166	0.011634514	0.020324366	0.019479707	0.082093675	0.014684040	0.016255151
-2.65465465	0.011811242	0.020588385	0.019728711	0.082980430	0.014862365	0.016447710
-2.64764765	0.011990873	0.020856212	0.019981288	0.083876749	0.015043189	0.016642919
-2.64064064	0.012173457	0.021127908	0.020237495	0.084782732	0.015226551	0.016840820
-2.63363363	0.012359049	0.021403536	0.020497392	0.085698481	0.015412495	0.017041456
-2.62662663	0.012547701	0.021683160	0.020761039	0.086624098	0.015601060	0.017244871
-2.61961962	0.012739469	0.021966842	0.021028497	0.087559688	0.015792291	0.017451109
-2.61261261	0.012934408	0.022254651	0.021299828	0.088505355	0.015986231	0.017660218
-2.60560561	0.013132575	0.022546652	0.021575096	0.089461205	0.016182924	0.017872243
-2.59859860	0.013334028	0.022842914	0.021854366	0.090427343	0.016382416	0.018087231
-2.59159159	0.013538827	0.023143506	0.022137704	0.091403878	0.016584752	0.018305231
-2.58458458	0.013747032	0.023448499	0.022425176	0.092390919	0.016789981	0.018526293
-2.57757758	0.013958704	0.023757966	0.022716851	0.093388574	0.016998149	0.018750465
-2.57057057	0.014173907	0.024071978	0.023012800	0.094396955	0.017209305	0.018977800
-2.56356356	0.014392704	0.024390612	0.023313092	0.095416172	0.017423500	0.019208349
-2.55655656	0.014615161	0.024713943	0.023617800	0.096446338	0.017640784	0.019442166
-2.54954955	0.014841344	0.025042049	0.023926998	0.097487567	0.017861208	0.019679304
-2.54254254	0.015071322	0.025375008	0.024240761	0.098539973	0.018084826	0.019919819
-2.53553554	0.015305163	0.025712902	0.024559165	0.099603670	0.018311691	0.020163767
-2.52852853	0.015542939	0.026055811	0.024882289	0.100678777	0.018541858	0.020411205
-2.52152152	0.015784721	0.026403820	0.025210213	0.101765409	0.018775383	0.020662192
-2.51451451	0.016030584	0.026757014	0.025543016	0.102863686	0.019012323	0.020916786
-2.50750751	0.016280602	0.027115478	0.025880783	0.103973725	0.019252735	0.021175050
-2.50050050	0.016534852	0.027479302	0.026223596	0.105095649	0.019496680	0.021437044
-2.49349349	0.016793412	0.027848575	0.026571542	0.106229578	0.019744217	0.021702832
-2.48648649	0.017056362	0.028223388	0.026924708	0.107375634	0.019995408	0.021972478
-2.47947948	0.017323783	0.028603836	0.027283184	0.108533940	0.020250316	0.022246048
-2.47247247	0.017595758	0.028990013	0.027647060	0.109704621	0.020509004	0.022523608
-2.46546547	0.017872372	0.029382015	0.028016430	0.110887802	0.020771539	0.022805227
-2.45845846	0.018153712	0.029779943	0.028391387	0.112083609	0.021037987	0.023090974
-2.45145145	0.018439866	0.030183896	0.028772028	0.113292168	0.021308416	0.023380921
-2.44444444	0.018730923	0.030593977	0.029158452	0.114513609	0.021582895	0.023675140
-2.43743744	0.019026976	0.031010291	0.029550758	0.115748059	0.021861495	0.023973704
-2.43043043	0.019328118	0.031432943	0.029949049	0.116995649	0.022144288	0.024276689
-2.42342342	0.019634446	0.031862043	0.030353429	0.118256509	0.022431348	0.024584172
-2.41641642	0.019946058	0.032297702	0.030764004	0.119530771	0.022722750	0.024896231
-2.40940941	0.020263052	0.032740032	0.031180883	0.120818569	0.023018571	0.025212946
-2.40240240	0.020585531	0.033189148	0.031604177	0.122120034	0.023318889	0.025534399
-2.39539540	0.020913598	0.033645167	0.032033997	0.123435303	0.023623784	0.025860674
-2.38838839	0.021247361	0.034108209	0.032470460	0.124764510	0.023933337	0.026191854
-2.38138138	0.021586928	0.034578397	0.032913683	0.126107791	0.024247632	0.026528027
-2.37437437	0.021932409	0.035055853	0.033363785	0.127465283	0.024566754	0.026869281
-2.36736737	0.022283917	0.035540706	0.033820889	0.128837125	0.024890789	0.027215708
-2.36036036	0.022641568	0.036033083	0.034285119	0.130223455	0.025219826	0.027567398
-2.35335335	0.023005479	0.036533118	0.034756603	0.131624412	0.025553955	0.027924446
-2.34634635	0.023375772	0.037040944	0.035235470	0.133040138	0.025893269	0.028286948
-2.33933934	0.023752569	0.037556698	0.035721853	0.134470772	0.026237861	0.028655003
-2.33233233	0.024135996	0.038080520	0.036215887	0.135916458	0.026587829	0.029028710
-2.32532533	0.024526181	0.038612554	0.036717710	0.137377337	0.026943270	0.029408172
-2.31831832	0.024923255	0.039152943	0.037227462	0.138853552	0.027304285	0.029793493
-2.31131131	0.025327352	0.039701836	0.037745289	0.140345249	0.027670976	0.030184780
-2.30430430	0.025738609	0.040259386	0.038271336	0.141852572	0.028043447	0.030582142
-2.29729730	0.026157166	0.040825745	0.038805752	0.143375666	0.028421807	0.030985690
-2.29029029	0.026583165	0.041401072	0.039348692	0.144914677	0.028806164	0.031395537
-2.28328328	0.027016752	0.041985527	0.039900310	0.146469752	0.029196629	0.031811800
-2.27627628	0.027458077	0.042579275	0.040460767	0.148041037	0.029593317	0.032234596
-2.26926927	0.027907292	0.043182481	0.041030225	0.149628682	0.029996344	0.032664048
-2.26226226	0.028364552	0.043795317	0.041608850	0.151232833	0.030405829	0.033100279
-2.25525526	0.028830017	0.044417958	0.042196811	0.152853641	0.030821894	0.033543414
-2.24824825	0.029303849	0.045050580	0.042794282	0.154491253	0.031244663	0.033993584
-2.24124124	0.029786214	0.045693365	0.043401440	0.156145820	0.031674263	0.034450920
-2.23423423	0.030277282	0.046346498	0.044018465	0.157817492	0.032110823	0.034915556
-2.22722723	0.030777227	0.047010168	0.044645542	0.159506418	0.032554478	0.035387632
-2.22022022	0.031286227	0.047684567	0.045282859	0.161212750	0.033005361	0.035867286
-2.21321321	0.031804463	0.048369893	0.045930608	0.162936638	0.033463613	0.036354664
-2.20620621	0.032332119	0.049066346	0.046588986	0.164678234	0.033929374	0.036849911
-2.19919920	0.032869387	0.049774131	0.047258195	0.166437689	0.034402789	0.037353180
-2.19219219	0.033416460	0.050493458	0.047938438	0.168215154	0.034884007	0.037864622
-2.18518519	0.033973537	0.051224540	0.048629926	0.170010781	0.035373179	0.038384395
-2.17817818	0.034540819	0.051967595	0.049332872	0.171824721	0.035870460	0.038912660
-2.17117117	0.035118516	0.052722846	0.050047496	0.173657126	0.036376009	0.039449581
-2.16416416	0.035706837	0.053490520	0.050774020	0.175508147	0.036889987	0.039995325
-2.15715716	0.036306002	0.054270849	0.051512674	0.177377935	0.037412560	0.040550065
-2.15015015	0.036916231	0.055064071	0.052263690	0.179266641	0.037943898	0.041113975
-2.14314314	0.037537752	0.055870427	0.053027307	0.181174416	0.038484174	0.041687236
-2.13613614	0.038170797	0.056690165	0.053803769	0.183101411	0.039033566	0.042270031
-2.12912913	0.038815603	0.057523538	0.054593324	0.185047774	0.039592254	0.042862547
-2.12212212	0.039472413	0.058370802	0.055396229	0.187013657	0.040160425	0.043464976
-2.11511512	0.040141476	0.059232223	0.056212741	0.188999208	0.040738269	0.044077516
-2.10810811	0.040823047	0.060108067	0.057043129	0.191004575	0.041325980	0.044700367
-2.10110110	0.041517386	0.060998611	0.057887663	0.193029906	0.041923757	0.045333734
-2.09409409	0.042224758	0.061904135	0.058746621	0.195075347	0.042531803	0.045977829
-2.08708709	0.042945438	0.062824926	0.059620289	0.197141045	0.043150327	0.046632866
-2.08008008	0.043679703	0.063761277	0.060508955	0.199227146	0.043779543	0.047299065
-2.07307307	0.044427840	0.064713487	0.061412918	0.201333792	0.044419668	0.047976652
-2.06606607	0.045190141	0.065681861	0.062332481	0.203461126	0.045070927	0.048665858
-2.05905906	0.045966905	0.066666713	0.063267955	0.205609292	0.045733547	0.049366919
-2.05205205	0.046758438	0.067668361	0.064219657	0.207778427	0.046407764	0.050080076
-2.04504505	0.047565054	0.068687132	0.065187912	0.209968673	0.047093817	0.050805578
-2.03803804	0.048387074	0.069723360	0.066173052	0.212180165	0.047791952	0.051543676
-2.03103103	0.049224827	0.070777383	0.067175417	0.214413041	0.048502421	0.052294630
-2.02402402	0.050078649	0.071849552	0.068195354	0.216667432	0.049225480	0.053058707
-2.01701702	0.050948885	0.072940222	0.069233219	0.218943473	0.049961395	0.053836176
-2.01001001	0.051835887	0.074049755	0.070289375	0.221241292	0.050710435	0.054627318
-2.00300300	0.052740019	0.075178525	0.071364194	0.223561018	0.051472877	0.055432416
-1.99599600	0.053661648	0.076326910	0.072458056	0.225902777	0.052249005	0.056251763
-1.98898899	0.054601156	0.077495300	0.073571351	0.228266691	0.053039110	0.057085657
-1.98198198	0.055558930	0.078684091	0.074704476	0.230652882	0.053843489	0.057934404
-1.97497497	0.056535367	0.079893689	0.075857838	0.233061468	0.054662447	0.058798319
-1.96796797	0.057530876	0.081124509	0.077031855	0.235492563	0.055496297	0.059677722
-1.96096096	0.058545875	0.082376974	0.078226953	0.237946281	0.056345360	0.060572942
-1.95395395	0.059580790	0.083651519	0.079443567	0.240422731	0.057209963	0.061484316
-1.94694695	0.060636061	0.084948587	0.080682144	0.242922019	0.058090444	0.062412190
-1.93993994	0.061712136	0.086268631	0.081943141	0.245444246	0.058987147	0.063356918
-1.93293293	0.062809475	0.087612115	0.083227025	0.247989513	0.059900425	0.064318861
-1.92592593	0.063928551	0.088979512	0.084534274	0.250557915	0.060830643	0.065298393
-1.91891892	0.065069846	0.090371308	0.085865378	0.253149542	0.061778170	0.066295892
-1.91191191	0.066233857	0.091787997	0.087220838	0.255764482	0.062743388	0.067311750
-1.90490490	0.067421090	0.093230086	0.088601167	0.258402818	0.063726688	0.068346367
-1.89789790	0.068632066	0.094698094	0.090006888	0.261064628	0.064728471	0.069400152
-1.89089089	0.069867319	0.096192551	0.091438540	0.263749986	0.065749147	0.070473526
-1.88388388	0.071127396	0.097713998	0.092896671	0.266458960	0.066789138	0.071566920
-1.87687688	0.072412857	0.099262991	0.094381845	0.269191614	0.067848876	0.072680775
-1.86986987	0.073724277	0.100840096	0.095894638	0.271948007	0.068928805	0.073815544
-1.86286286	0.075062246	0.102445893	0.097435638	0.274728191	0.070029379	0.074971691
-1.85585586	0.076427367	0.104080975	0.099005450	0.277532213	0.071151065	0.076149693
-1.84884885	0.077820261	0.105745949	0.100604691	0.280360114	0.072294341	0.077350037
-1.84184184	0.079241562	0.107441435	0.102233994	0.283211928	0.073459699	0.078573224
-1.83483483	0.080691923	0.109168069	0.103894007	0.286087685	0.074647642	0.079819768
-1.82782783	0.082172011	0.110926500	0.105585391	0.288987406	0.075858688	0.081090196
-1.82082082	0.083682513	0.112717392	0.107308825	0.291911106	0.077093367	0.082385046
-1.81381381	0.085224130	0.114541425	0.109065005	0.294858791	0.078352224	0.083704873
-1.80680681	0.086797584	0.116399293	0.110854641	0.297830461	0.079635818	0.085050247
-1.79979980	0.088403615	0.118291708	0.112678461	0.300826110	0.080944722	0.086421748
-1.79279279	0.090042981	0.120219397	0.114537212	0.303845720	0.082279525	0.087819976
-1.78578579	0.091716460	0.122183105	0.116431655	0.306889269	0.083640832	0.089245544
-1.77877878	0.093424850	0.124183592	0.118362573	0.309956722	0.085029264	0.090699081
-1.77177177	0.095168971	0.126221638	0.120330766	0.313048038	0.086445457	0.092181233
-1.76476476	0.096949663	0.128298039	0.122337051	0.316163167	0.087890065	0.093692664
-1.75775776	0.098767788	0.130413611	0.124382269	0.319302047	0.089363761	0.095234053
-1.75075075	0.100624229	0.132569186	0.126467277	0.322464609	0.090867234	0.096806099
-1.74374374	0.102519896	0.134765619	0.128592955	0.325650773	0.092401192	0.098409516
-1.73673674	0.104455718	0.137003782	0.130760201	0.328860446	0.093966363	0.100045042
-1.72972973	0.106432652	0.139284568	0.132969938	0.332093529	0.095563493	0.101713429
-1.72272272	0.108451678	0.141608889	0.135223109	0.335349908	0.097193350	0.103415453
-1.71571572	0.110513801	0.143977680	0.137520678	0.338629458	0.098856722	0.105151907
-1.70870871	0.112620055	0.146391897	0.139863635	0.341932045	0.100554418	0.106923609
-1.70170170	0.114771499	0.148852517	0.142252990	0.345257519	0.102287270	0.108731395
-1.69469469	0.116969220	0.151360540	0.144689780	0.348605720	0.104056131	0.110576126
-1.68768769	0.119214333	0.153916989	0.147175065	0.351976475	0.105861881	0.112458683
-1.68068068	0.121507984	0.156522911	0.149709930	0.355369595	0.107705419	0.114379973
-1.67367367	0.123851348	0.159179374	0.152295486	0.358784882	0.109587673	0.116340926
-1.66666667	0.126245631	0.161887474	0.154932869	0.362222120	0.111509593	0.118342497
-1.65965966	0.128692070	0.164648330	0.157623243	0.365681081	0.113472159	0.120385667
-1.65265265	0.131191936	0.167463086	0.160367798	0.369161520	0.115476374	0.122471442
-1.64564565	0.133746531	0.170332913	0.163167753	0.372663179	0.117523272	0.124600856
-1.63863864	0.136357193	0.173259007	0.166024354	0.376185783	0.119613913	0.126774970
-1.63163163	0.139025296	0.176242594	0.168938876	0.379729041	0.121749388	0.128994873
-1.62462462	0.141752248	0.179284923	0.171912626	0.383292647	0.123930817	0.131261686
-1.61761762	0.144539494	0.182387275	0.174946938	0.386876277	0.126159352	0.133576557
-1.61061061	0.147388517	0.185550957	0.178043177	0.390479590	0.128436178	0.135940665
-1.60360360	0.150300841	0.188777306	0.181202740	0.394102226	0.130762509	0.138355222
-1.59659660	0.153278026	0.192067688	0.184427057	0.397743810	0.133139597	0.140821473
-1.58958959	0.156321675	0.195423499	0.187717587	0.401403945	0.135568727	0.143340693
-1.58258258	0.159433434	0.198846168	0.191075824	0.405082218	0.138051219	0.145914196
-1.57557558	0.162614988	0.202337151	0.194503297	0.408778194	0.140588431	0.148543327
-1.56856857	0.165868068	0.205897939	0.198001564	0.412491421	0.143181759	0.151229471
-1.56156156	0.169194450	0.209530054	0.201572223	0.416221423	0.145832637	0.153974045
-1.55455455	0.172595955	0.213235049	0.205216904	0.419967708	0.148542538	0.156778510
-1.54754755	0.176074452	0.217014513	0.208937273	0.423729758	0.151312979	0.159644361
-1.54054054	0.179631855	0.220870066	0.212735033	0.427507038	0.154145517	0.162573136
-1.53353353	0.183270129	0.224803364	0.216611921	0.431298987	0.157041752	0.165566413
-1.52652653	0.186991290	0.228816096	0.220569713	0.435105023	0.160003331	0.168625812
-1.51951952	0.190797403	0.232909985	0.224610223	0.438924543	0.163031943	0.171752997
-1.51251251	0.194690586	0.237086793	0.228735301	0.442756918	0.166129327	0.174949675
-1.50550551	0.198673009	0.241348312	0.232946836	0.446601496	0.169297270	0.178217598
-1.49849850	0.202746898	0.245696375	0.237246755	0.450457602	0.172537607	0.181558567
-1.49149149	0.206914533	0.250132849	0.241637025	0.454324534	0.175852225	0.184974427
-1.48448448	0.211178251	0.254659636	0.246119650	0.458201568	0.179243063	0.188467075
-1.47747748	0.215540444	0.259278677	0.250696675	0.462087952	0.182712112	0.192038455
-1.47047047	0.220003564	0.263991949	0.255370184	0.465982909	0.186261420	0.195690563
-1.46346346	0.224570123	0.268801467	0.260142300	0.469885636	0.189893090	0.199425448
-1.45645646	0.229242691	0.273709280	0.265015186	0.473795303	0.193609282	0.203245210
-1.44944945	0.234023900	0.278717478	0.269991044	0.477711052	0.197412217	0.207152006
-1.44244244	0.238916442	0.283828184	0.275072115	0.481632000	0.201304175	0.211148046
-1.43543544	0.243923075	0.289043562	0.280260681	0.485557234	0.205287497	0.215235597
-1.42842843	0.249046616	0.294365810	0.285559062	0.489485813	0.209364588	0.219416987
-1.42142142	0.254289949	0.299797164	0.290969615	0.493416768	0.213537920	0.223694598
-1.41441441	0.259656021	0.305339893	0.296494737	0.497349102	0.217810027	0.228070876
-1.40740741	0.265147844	0.310996306	0.302136862	0.501281787	0.222183513	0.232548325
-1.40040040	0.270768495	0.316768744	0.307898461	0.505213766	0.226661052	0.237129515
-1.39339339	0.276521117	0.322659583	0.313782040	0.509143953	0.231245385	0.241817075
-1.38638639	0.282408920	0.328671233	0.319790141	0.513071231	0.235939327	0.246613701
-1.37937938	0.288435177	0.334806138	0.325925339	0.516994454	0.240745767	0.251522153
-1.37237237	0.294603228	0.341066769	0.332190243	0.520912443	0.245667667	0.256545259
-1.36536537	0.300916480	0.347455633	0.338587491	0.524823991	0.250708065	0.261685912
-1.35835836	0.307378404	0.353975262	0.345119752	0.528727858	0.255870076	0.266947073
-1.35135135	0.313992533	0.360628217	0.351789723	0.532622774	0.261156894	0.272331773
-1.34434434	0.320762468	0.367417085	0.358600124	0.536507435	0.266571792	0.277843112
-1.33733734	0.327691868	0.374344474	0.365553701	0.540380511	0.272118124	0.283484258
-1.33033033	0.334784458	0.381413016	0.372653218	0.544240634	0.277799323	0.289258451
-1.32332332	0.342044018	0.388625361	0.379901459	0.548086409	0.283618909	0.295169002
-1.31631632	0.349474390	0.395984176	0.387301223	0.551916407	0.289580481	0.301219291
-1.30930931	0.357079468	0.403492142	0.394855317	0.555729169	0.295687725	0.307412773
-1.30230230	0.364863202	0.411151947	0.402566560	0.559523203	0.301944409	0.313752969
-1.29529530	0.372829591	0.418966289	0.410437771	0.563296985	0.308354388	0.320243474
-1.28828829	0.380982682	0.426937867	0.418471769	0.567048960	0.314921601	0.326887953
-1.28128128	0.389326564	0.435069379	0.426671368	0.570777543	0.321650073	0.333690140
-1.27427427	0.397865365	0.443363518	0.435039372	0.574481116	0.328543912	0.340653840
-1.26726727	0.406603250	0.451822964	0.443578566	0.578158030	0.335607314	0.347782924
-1.26026026	0.415544411	0.460450383	0.452291713	0.581806606	0.342844557	0.355081329
-1.25325325	0.424693063	0.469248415	0.461181548	0.585425135	0.350260003	0.362553061
-1.24624625	0.434053441	0.478219677	0.470250768	0.589011874	0.357858095	0.370202184
-1.23923924	0.443629786	0.487366746	0.479502026	0.592565056	0.365643358	0.378032828
-1.23223223	0.453426345	0.496692158	0.488937925	0.596082880	0.373620395	0.386049177
-1.22522523	0.463447357	0.506198400	0.498561004	0.599563518	0.381793886	0.394255473
-1.21821822	0.473697043	0.515887898	0.508373733	0.603005113	0.390168583	0.402656009
-1.21121121	0.484179603	0.525763010	0.518378501	0.606405781	0.398749311	0.411255127
-1.20420420	0.494899195	0.535826018	0.528577605	0.609763609	0.407540958	0.420057209
-1.19719720	0.505859930	0.546079114	0.538973239	0.613076658	0.416548480	0.429066679
-1.19019019	0.517065857	0.556524393	0.549567483	0.616342966	0.425776886	0.438287993
-1.18318318	0.528520946	0.567163835	0.560362286	0.619560541	0.435231240	0.447725634
-1.17617618	0.540229078	0.577999300	0.571359457	0.622727370	0.444916651	0.457384103
-1.16916917	0.552194021	0.589032509	0.582560646	0.625841416	0.454838266	0.467267915
-1.16216216	0.564419418	0.600265030	0.593967331	0.628900619	0.465001266	0.477381588
-1.15515516	0.576908767	0.611698264	0.605580801	0.631902899	0.475410852	0.487729635
-1.14814815	0.589665395	0.623333431	0.617402135	0.634846154	0.486072239	0.498316553
-1.14114114	0.602692442	0.635171547	0.629432188	0.637728264	0.496990645	0.509146811
-1.13413413	0.615992832	0.647213410	0.641671570	0.640547091	0.508171278	0.520224842
-1.12712713	0.629569251	0.659459581	0.654120624	0.643300479	0.519619321	0.531555025
-1.12012012	0.643424116	0.671910359	0.666779402	0.645986259	0.531339925	0.543141671
-1.11311311	0.657559550	0.684565764	0.679647649	0.648602247	0.543338185	0.554989011
-1.10610611	0.671977344	0.697425512	0.692724771	0.651146245	0.555619128	0.567101176
-1.09909910	0.686678933	0.710488990	0.706009816	0.653616046	0.568187693	0.579482178
-1.09209209	0.701665351	0.723755235	0.719501442	0.656009434	0.581048710	0.592135894
-1.08508509	0.716937200	0.737222901	0.733197894	0.658324184	0.594206880	0.605066039
-1.07807808	0.732494608	0.750890236	0.747096971	0.660558066	0.607666749	0.618276148
-1.07107107	0.748337189	0.764755048	0.761195999	0.662708846	0.621432683	0.631769547
-1.06406406	0.764463993	0.778814680	0.775491798	0.664774287	0.635508842	0.645549330
-1.05705706	0.780873468	0.793065975	0.789980648	0.666752152	0.649899144	0.659618327
-1.05005005	0.797563403	0.807505239	0.804658258	0.668640208	0.664607241	0.673979076
-1.04304304	0.814530883	0.822128212	0.819519729	0.670436222	0.679636475	0.688633788
-1.03603604	0.831772230	0.836930030	0.834559519	0.672137970	0.694989849	0.703584313
-1.02902903	0.849282951	0.851905184	0.849771405	0.673743235	0.710669981	0.718832103
-1.02202202	0.867057674	0.867047483	0.865148443	0.675249813	0.726679060	0.734378171
-1.01501502	0.885090094	0.882350017	0.880682931	0.676655509	0.743018807	0.750223050
-1.00800801	0.903372903	0.897805108	0.896366369	0.677958145	0.759690420	0.766366745
-1.00100100	0.921897731	0.913404273	0.912189417	0.679155563	0.776694520	0.782808690
-0.99399399	0.940655071	0.929138179	0.928141851	0.680245623	0.794031101	0.799547695
-0.98698699	0.959634217	0.944996596	0.944212525	0.681226208	0.811699470	0.816581892
-0.97997998	0.978823185	0.960968349	0.960389325	0.682095228	0.829698178	0.833908681
-0.97297297	0.998208649	0.977041278	0.976659130	0.682850620	0.848024962	0.851524669
-0.96596597	1.017775858	0.993202183	0.993007762	0.683490353	0.866676670	0.869425609
-0.95895896	1.037508566	1.009436779	1.009419950	0.684012429	0.885649190	0.887606334
-0.95195195	1.057388957	1.025729650	1.025879287	0.684414888	0.904937368	0.906060690
-0.94494494	1.077397565	1.042064194	1.042368183	0.684695809	0.924534934	0.924781466
-0.93793794	1.097513200	1.058422582	1.058867831	0.684853313	0.944434412	0.943760316
-0.93093093	1.117712874	1.074785703	1.075358161	0.684885568	0.964627030	0.962987685
-0.92392392	1.137971727	1.091133124	1.091817810	0.684790790	0.985102633	0.982452732
-0.91691692	1.158262951	1.107443038	1.108224079	0.684567247	1.005849582	1.002143239
-0.90990991	1.178557727	1.123692223	1.124552904	0.684213260	1.026854657	1.022045536
-0.90290290	1.198825153	1.139855998	1.140778823	0.683727210	1.048102955	1.042144408
-0.89589590	1.219032186	1.155908186	1.156874954	0.683107539	1.069577782	1.062423006
-0.88888889	1.239143585	1.171821070	1.172812965	0.682352750	1.091260547	1.082862759
-0.88188188	1.259121856	1.187565370	1.188563061	0.681461417	1.113130652	1.103443279
-0.87487487	1.278927216	1.203110203	1.204093965	0.680432181	1.135165376	1.124142269
-0.86786787	1.298517551	1.218423066	1.219372917	0.679263760	1.157339770	1.144935427
-0.86086086	1.317848393	1.233469814	1.234365664	0.677954945	1.179626533	1.165796357
-0.85385385	1.336872905	1.248214649	1.249036473	0.676504610	1.201995905	1.186696471
-0.84684685	1.355541879	1.262620111	1.263348136	0.674911708	1.224415554	1.207604900
-0.83983984	1.373803745	1.276647085	1.277261996	0.673175280	1.246850460	1.228488402
-0.83283283	1.391604598	1.290254808	1.290737976	0.671294457	1.269262812	1.249311280
-0.82582583	1.408888238	1.303400894	1.303734617	0.669268459	1.291611903	1.270035295
-0.81881882	1.425596233	1.316041362	1.316209129	0.667096603	1.313854028	1.290619592
-0.81181181	1.441667996	1.328130684	1.328117453	0.664778301	1.335942395	1.311020624
-0.80480480	1.457040887	1.339621836	1.339414333	0.662313070	1.357827039	1.331192095
-0.79779780	1.471650338	1.350466373	1.350053403	0.659700525	1.379454748	1.351084900
-0.79079079	1.485429997	1.360614513	1.359987289	0.656940390	1.400769002	1.370647081
-0.78378378	1.498311905	1.370015237	1.369167717	0.654032496	1.421709921	1.389823799
-0.77677678	1.510226695	1.378616412	1.377545651	0.650976788	1.442214234	1.408557307
-0.76976977	1.521103821	1.386364922	1.385071427	0.647773321	1.462215259	1.426786955
-0.76276276	1.530871816	1.393206832	1.391694926	0.644422267	1.481642914	1.444449196
-0.75575576	1.539458585	1.399087559	1.397365739	0.640923916	1.500423734	1.461477627
-0.74874875	1.546791722	1.403952075	1.402033374	0.637278679	1.518480931	1.477803034
-0.74174174	1.552798866	1.407745126	1.405647460	0.633487088	1.535734467	1.493353480
-0.73473473	1.557408086	1.410411477	1.408157980	0.629549801	1.552101170	1.508054401
-0.72772773	1.560548304	1.411896183	1.409515525	0.625467598	1.567494867	1.521828742
-0.72072072	1.562149740	1.412144879	1.409671553	0.621241389	1.581826571	1.534597118
-0.71371371	1.562144404	1.411104097	1.408578679	0.616872214	1.595004695	1.546278010
-0.70670671	1.560466605	1.408721615	1.406190979	0.612361239	1.606935311	1.556787995
-0.69969970	1.557053503	1.404946822	1.402464306	0.607709764	1.617522454	1.566042017
-0.69269269	1.551845675	1.399731111	1.397356633	0.602919220	1.626668474	1.573953688
-0.68568569	1.544787722	1.393028302	1.390828404	0.597991172	1.634274434	1.580435649
-0.67867868	1.535828887	1.384795077	1.382842902	0.592927316	1.640240572	1.585399955
-0.67167167	1.524923699	1.374991453	1.373366634	0.587729484	1.644466801	1.588758523
-0.66466466	1.512032630	1.363581260	1.362369725	0.582399640	1.646853286	1.590423622
-0.65765766	1.497122764	1.350532651	1.349826323	0.576939884	1.647301063	1.590308410
-0.65065065	1.480168468	1.335818620	1.335715011	0.571352448	1.645712734	1.588327527
-0.64364364	1.461152071	1.319417540	1.320019234	0.565639697	1.641993213	1.584397741
-0.63663664	1.440064529	1.301313703	1.302727714	0.559804129	1.636050549	1.578438647
-0.62962963	1.416906074	1.281497875	1.283834877	0.553848375	1.627796802	1.570373416
-0.62262262	1.391686848	1.259967846	1.263341277	0.547775195	1.617148987	1.560129604
-0.61561562	1.364427504	1.236728979	1.241254004	0.541587478	1.604030090	1.547640011
-0.60860861	1.335159759	1.211794748	1.217587088	0.535288241	1.588370135	1.532843589
-0.60160160	1.303926912	1.185187260	1.192361889	0.528880629	1.570107324	1.515686410
-0.59459459	1.270784284	1.156937753	1.165607461	0.522367908	1.549189226	1.496122666
-0.58758759	1.235799604	1.127087061	1.137360891	0.515753466	1.525574026	1.474115728
-0.58058058	1.199053302	1.095686042	1.107667610	0.509040812	1.499231824	1.449639231
-0.57357357	1.160638708	1.062795954	1.076581665	0.502233569	1.470145972	1.422678201
-0.56656657	1.120662151	1.028488767	1.044165943	0.495335476	1.438314450	1.393230198
-0.55955956	1.079242936	0.992847417	1.010492346	0.488350379	1.403751268	1.361306483
-0.55255255	1.036513192	0.955965961	0.975641912	0.481282234	1.366487879	1.326933190
-0.54554555	0.992617581	0.917949655	0.939704860	0.474135098	1.326574587	1.290152483
-0.53853854	0.947712850	0.878914917	0.902780569	0.466913127	1.284081942	1.251023698
-0.53153153	0.901967229	0.838989177	0.864977471	0.459620573	1.239102090	1.209624448
-0.52452452	0.855559646	0.798310593	0.826412853	0.452261778	1.191750063	1.166051659
-0.51751752	0.808678771	0.757027629	0.787212565	0.444841169	1.142164963	1.120422533
-0.51051051	0.761521868	0.715298474	0.747510610	0.437363258	1.090511034	1.072875397
-0.50350350	0.714293457	0.673290300	0.707448628	0.429832628	1.036978548	1.023570412
-0.49649650	0.667203781	0.631178335	0.667175253	0.422253935	0.981784486	0.972690108
-0.48948949	0.620467080	0.589144754	0.626845334	0.414631902	0.925172942	0.920439709
-0.48248248	0.574299672	0.547377373	0.586619024	0.406971310	0.867415200	0.867047196
-0.47547548	0.528917853	0.506068135	0.546660721	0.399276994	0.808809402	0.812763067
-0.46846847	0.484535622	0.465411397	0.507137862	0.391553838	0.749679740	0.757859733
-0.46146146	0.441362253	0.425602000	0.468219562	0.383806766	0.690375069	0.702630495
-0.45445445	0.399599725	0.386833134	0.430075099	0.376040740	0.631266853	0.647388039
-0.44744745	0.359440053	0.349294009	0.392872253	0.368260750	0.572746337	0.592462368
-0.44044044	0.321062536	0.313167326	0.356775490	0.360471806	0.515220821	0.538198110
-0.43343343	0.284630981	0.278626595	0.321944009	0.352678938	0.459108924	0.484951120
-0.42642643	0.250290940	0.245833297	0.288529664	0.344887181	0.404834728	0.433084294
-0.41941942	0.218167019	0.214933950	0.256674773	0.337101575	0.352820663	0.382962528
-0.41241241	0.188360335	0.186057116	0.226509847	0.329327152	0.303479080	0.334946754
-0.40540541	0.160946187	0.159310414	0.198151261	0.321568933	0.257202398	0.289387001
-0.39839840	0.135972039	0.134777614	0.171698921	0.313831921	0.214351870	0.246614451
-0.39139139	0.113455889	0.112515914	0.147233958	0.306121089	0.175244997	0.206932522
-0.38438438	0.093385151	0.092553497	0.124816542	0.298441379	0.140141820	0.170607025
-0.37737738	0.075716138	0.074887530	0.104483854	0.290797691	0.109230462	0.137855589
-0.37037037	0.060374263	0.059482728	0.086248338	0.283194876	0.082612549	0.108836614
-0.36336336	0.047255053	0.046270688	0.070096313	0.275637729	0.060289479	0.083638215
-0.35635636	0.036226077	0.035150149	0.055987078	0.268130983	0.042150940	0.062267819
-0.34934935	0.027129849	0.025988395	0.043852623	0.260679300	0.027967584	0.044643376
-0.34234234	0.019787740	0.018623969	0.033598091	0.253287265	0.017390314	0.030587437
-0.33533534	0.014004880	0.012870833	0.025103119	0.245959379	0.009959114	0.019825757
-0.32832833	0.009575958	0.008524074	0.018224192	0.238700051	0.005124443	0.011992365
-0.32132132	0.006291759	0.005367099	0.012798086	0.231513593	0.002283559	0.006643197
-0.31431431	0.003946143	0.003180140	0.008646466	0.224404210	0.000831872	0.003280129
-0.30730731	0.002343091	0.001749647	0.005581591	0.217375998	0.000224754	0.001386151
-0.30030030	0.001303336	0.000877901	0.003412991	0.210432934	0.000037548	0.000470024
-0.29329329	0.000669995	0.000391877	0.001954809	0.203578872	0.000002608	0.000114482
-0.28628629	0.000312637	0.000150191	0.001033354	0.196817533	0.000000024	0.000016200
-0.27927928	0.000129241	0.000046869	0.000494190	0.190152506	0.000000000	0.000000821
-0.27227227	0.000045751	0.000010951	0.000207944	0.183587237	0.000000000	0.000000003
-0.26526527	0.000013202	0.000001661	0.000073947	0.177125024	0.000000000	0.000000000
-0.25825826	0.000002881	0.000000125	0.000020908	0.170769014	0.000000000	0.000000000
-0.25125125	0.000000421	0.000000003	0.000004260	0.164522198	0.000000000	0.000000000
-0.24424424	0.000000033	0.000000000	0.000000526	0.158387404	0.000000000	0.000000000
-0.23723724	0.000000001	0.000000000	0.000000028	0.152367298	0.000000000	0.000000000
-0.23023023	0.000000000	0.000000000	0.000000000	0.146464372	0.000000000	0.000000000
-0.22322322	0.000000000	0.000000000	0.000000000	0.140680949	0.000000000	0.000000000
-0.21621622	0.000000000	0.000000000	0.000000000	0.135019173	0.000000000	0.000000000
-0.20920921	0.000000000	0.000000000	0.000000000	0.129481011	0.000000000	0.000000000
-0.20220220	0.000000000	0.000000000	0.000000000	0.124068247	0.000000000	0.000000000
-0.19519520	0.000000000	0.000000000	0.000000000	0.118782483	0.000000000	0.000000000
-0.18818819	0.000000000	0.000000000	0.000000000	0.113625133	0.000000000	0.000000000
-0.18118118	0.000000000	0.000000000	0.000000000	0.108597427	0.000000000	0.000000000
-0.17417417	0.000000000	0.000000000	0.000000000	0.103700404	0.000000000	0.000000000
-0.16716717	0.000000000	0.000000000	0.000000000	0.098934917	0.000000000	0.000000000
-0.16016016	0.000000000	0.000000000	0.000000000	0.094301630	0.000000000	0.000000000
-0.15315315	0.000000000	0.000000000	0.000000000	0.089801018	0.000000000	0.000000000
-0.14614615	0.000000000	0.000000000	0.000000000	0.085433369	0.000000000	0.000000000
-0.13913914	0.000000000	0.000000000	0.000000000	0.081198785	0.000000000	0.000000000
-0.13213213	0.000000000	0.000000000	0.000000000	0.077097180	0.000000000	0.000000000
-0.12512513	0.000000000	0.000000000	0.000000000	0.073128289	0.000000000	0.000000000
-0.11811812	0.000000000	0.000000000	0.000000000	0.069291665	0.000000000	0.000000000
-0.11111111	0.000000000	0.000000000	0.000000000	0.065586681	0.000000000	0.000000000
-0.10410410	0.000000000	0.000000000	0.000000000	0.062012537	0.000000000	0.000000000
-0.09709710	0.000000000	0.000000000	0.000000000	0.058568263	0.000000000	0.000000000
-0.09009009	0.000000000	0.000000000	0.000000000	0.055252721	0.000000000	0.000000000
-0.08308308	0.000000000	0.000000000	0.000000000	0.052064609	0.000000000	0.000000000
-0.07607608	0.000000000	0.000000000	0.000000000	0.049002468	0.000000000	0.000000000
-0.06906907	0.000000000	0.000000000	0.000000000	0.046064689	0.000000000	0.000000000
-0.06206206	0.000000000	0.000000000	0.000000000	0.043249511	0.000000000	0.000000000
-0.05505506	0.000000000	0.000000000	0.000000000	0.040555036	0.000000000	0.000000000
-0.04804805	0.000000000	0.000000000	0.000000000	0.037979230	0.000000000	0.000000000
-0.04104104	0.000000000	0.000000000	0.000000000	0.035519929	0.000000000	0.000000000
-0.03403403	0.000000000	0.000000000	0.000000000	0.033174849	0.000000000	0.000000000
-0.02702703	0.000000000	0.000000000	0.000000000	0.030941592	0.000000000	0.000000000
-0.02002002	0.000000000	0.000000000	0.000000000	0.028817651	0.000000000	0.000000000
-0.01301301	0.000000000	0.000000000	0.000000000	0.026800423	0.000000000	0.000000000
-0.00600601	0.000000000	0.000000000	0.000000000	0.024887210	0.000000000	0.000000000
0.00100100	0.000000000	0.000000000	0.000000000	0.023075233	0.000000000	0.000000000
0.00800801	0.000000000	0.000000000	0.000000000	0.021361637	0.000000000	0.000000000
0.01501502	0.000000000	0.000000000	0.000000000	0.019743501	0.000000000	0.000000000
0.02202202	0.000000000	0.000000000	0.000000000	0.018217844	0.000000000	0.000000000
0.02902903	0.000000000	0.000000000	0.000000000	0.016781638	0.000000000	0.000000000
0.03603604	0.000000000	0.000000000	0.000000000	0.015431811	0.000000000	0.000000000
0.04304304	0.000000000	0.000000000	0.000000000	0.014165261	0.000000000	0.000000000
0.05005005	0.000000000	0.000000000	0.000000000	0.012978860	0.000000000	0.000000000
0.05705706	0.000000000	0.000000000	0.000000000	0.011869466	0.000000000	0.000000000
0.06406406	0.000000000	0.000000000	0.000000000	0.010833931	0.000000000	0.000000000
0.07107107	0.000000000	0.000000000	0.000000000	0.009869107	0.000000000	0.000000000
0.07807808	0.000000000	0.000000000	0.000000000	0.008971856	0.000000000	0.000000000
0.08508509	0.000000000	0.000000000	0.000000000	0.008139060	0.000000000	0.000000000
0.09209209	0.000000000	0.000000000	0.000000000	0.007367624	0.000000000	0.000000000
0.09909910	0.000000000	0.000000000	0.000000000	0.006654489	0.000000000	0.000000000
0.10610611	0.000000000	0.000000000	0.000000000	0.005996635	0.000000000	0.000000000
0.11311311	0.000000000	0.000000000	0.000000000	0.005391090	0.000000000	0.000000000
0.12012012	0.000000000	0.000000000	0.000000000	0.004834938	0.000000000	0.000000000
0.12712713	0.000000000	0.000000000	0.000000000	0.004325322	0.000000000	0.000000000
0.13413413	0.000000000	0.000000000	0.000000000	0.003859454	0.000000000	0.000000000
0.14114114	0.000000000	0.000000000	0.000000000	0.003434615	0.000000000	0.000000000
0.14814815	0.000000000	0.000000000	0.000000000	0.003048168	0.000000000	0.000000000
0.15515516	0.000000000	0.000000000	0.000000000	0.002697554	0.000000000	0.000000000
0.16216216	0.000000000	0.000000000	0.000000000	0.002380302	0.000000000	0.000000000
0.16916917	0.000000000	0.000000000	0.000000000	0.002094031	0.000000000	0.000000000
0.17617618	0.000000000	0.000000000	0.000000000	0.001836454	0.000000000	0.000000000
0.18318318	0.000000000	0.000000000	0.000000000	0.001605378	0.000000000	0.000000000
0.19019019	0.000000000	0.000000000	0.000000000	0.001398709	0.000000000	0.000000000
0.19719720	0.000000000	0.000000000	0.000000000	0.001214451	0.000000000	0.000000000
0.20420420	0.000000000	0.000000000	0.000000000	0.001050711	0.000000000	0.000000000
0.21121121	0.000000000	0.000000000	0.000000000	0.000905696	0.000000000	0.000000000
0.21821822	0.000000000	0.000000000	0.000000000	0.000777714	0.000000000	0.000000000
0.22522523	0.000000000	0.000000000	0.000000000	0.000665173	0.000000000	0.000000000
0.23223223	0.000000000	0.000000000	0.000000000	0.000566584	0.000000000	0.000000000
0.23923924	0.000000000	0.000000000	0.000000000	0.000480552	0.000000000	0.000000000
0.24624625	0.000000000	0.000000000	0.000000000	0.000405783	0.000000000	0.000000000
0.25325325	0.000000000	0.000000000	0.000000000	0.000341075	0.000000000	0.000000000
0.26026026	0.000000000	0.000000000	0.000000000	0.000285319	0.000000000	0.000000000
0.26726727	0.000000000	0.000000000	0.000000000	0.000237494	0.000000000	0.000000000
0.27427427	0.000000000	0.000000000	0.000000000	0.000196667	0.000000000	0.000000000
0.28128128	0.000000000	0.000000000	0.000000000	0.000161984	0.000000000	0.000000000
0.28828829	0.000000000	0.000000000	0.000000000	0.000132672	0.000000000	0.000000000
0.29529530	0.000000000	0.000000000	0.000000000	0.000108031	0.000000000	0.000000000
0.30230230	0.000000000	0.000000000	0.000000000	0.000087432	0.000000000	0.000000000
0.30930931	0.000000000	0.000000000	0.000000000	0.000070312	0.000000000	0.000000000
0.31631632	0.000000000	0.000000000	0.000000000	0.000056169	0.000000000	0.000000000
0.32332332	0.000000000	0.000000000	0.000000000	0.000044561	0.000000000	0.000000000
0.33033033	0.000000000	0.000000000	0.000000000	0.000035096	0.000000000	0.000000000
0.33733734	0.000000000	0.000000000	0.000000000	0.000027432	0.000000000	0.000000000
0.34434434	0.000000000	0.000000000	0.000000000	0.000021271	0.000000000	0.000000000
0.35135135	0.000000000	0.000000000	0.000000000	0.000016356	0.000000000	0.000000000
0.35835836	0.000000000	0.000000000	0.000000000	0.000012467	0.000000000	0.000000000
0.36536537	0.000000000	0.000000000	0.000000000	0.000009415	0.000000000	0.000000000
0.37237237	0.000000000	0.000000000	0.000000000	0.000007042	0.000000000	0.000000000
0.37937938	0.000000000	0.000000000	0.000000000	0.000005213	0.000000000	0.000000000
0.38638639	0.000000000	0.000000000	0.000000000	0.000003818	0.000000000	0.000000000
0.39339339	0.000000000	0.000000000	0.000000000	0.000002765	0.000000000	0.000000000
0.40040040	0.000000000	0.000000000	0.000000000	0.000001978	0.000000000	0.000000000
0.40740741	0.000000000	0.000000000	0.000000000	0.000001397	0.000000000	0.000000000
0.41441441	0.000000000	0.000000000	0.000000000	0.000000974	0.000000000	0.000000000
0.42142142	0.000000000	0.000000000	0.000000000	0.000000669	0.000000000	0.000000000
0.42842843	0.000000000	0.000000000	0.000000000	0.000000453	0.000000000	0.000000000
0.43543544	0.000000000	0.000000000	0.000000000	0.000000302	0.000000000	0.000000000
0.44244244	0.000000000	0.000000000	0.000000000	0.000000197	0.000000000	0.000000000
0.44944945	0.000000000	0.000000000	0.000000000	0.000000127	0.000000000	0.000000000
0.45645646	0.000000000	0.000000000	0.000000000	0.000000080	0.000000000	0.000000000
0.46346346	0.000000000	0.000000000	0.000000000	0.000000049	0.000000000	0.000000000
0.47047047	0.000000000	0.000000000	0.000000000	0.000000030	0.000000000	0.000000000
0.47747748	0.000000000	0.000000000	0.000000000	0.000000018	0.000000000	0.000000000
0.48448448	0.000000000	0.000000000	0.000000000	0.000000010	0.000000000	0.000000000
0.49149149	0.000000000	0.000000000	0.000000000	0.000000006	0.000000000	0.000000000
0.49849850	0.000000000	0.000000000	0.000000000	0.000000003	0.000000000	0.000000000
0.50550551	0.000000000	0.000000000	0.000000000	0.000000002	0.000000000	0.000000000
0.51251251	0.000000000	0.000000000	0.000000000	0.000000001	0.000000000	0.000000000
0.51951952	0.000000000	0.000000000	0.000000000	0.000000000	0.000000000	0.000000000
0.52652653	0.000000000	0.000000000	0.000000000	0.000000000	0.000000000	0.000000000
0.53353353	0.000000000	0.000000000	0.000000000	0.000000000	0.000000000	0.000000000
0.54054054	0.000000000	0.000000000	0.000000000	0.000000000	0.000000000	0.000000000
0.54754755	0.000000000	0.000000000	0.000000000	0.000000000	0.000000000	0.000000000
0.55455455	0.000000000	0.000000000	0.000000000	0.000000000	0.000000000	0.000000000
0.56156156	0.000000000	0.000000000	0.000000000	0.000000000	0.000000000	0.000000000
0.56856857	0.000000000	0.000000000	0.000000000	0.000000000	0.000000000	0.000000000
0.57557558	0.000000000	0.000000000	0.000000000	0.000000000	0.000000000	0.000000000
0.58258258	0.000000000	0.000000000	0.000000000	0.000000000	0.000000000	0.000000000
0.58958959	0.000000000	0.000000000	0.000000000	0.000000000	0.000000000	0.000000000
0.59659660	0.000000000	0.000000000	0.000000000	0.000000000	0.000000000	0.000000000
0.60360360	0.000000000	0.000000000	0.000000000	0.000000000	0.000000000	0.000000000
0.61061061	0.000000000	0.000000000	0.000000000	0.000000000	0.000000000	0.000000000
0.61761762	0.000000000	0.000000000	0.000000000	0.000000000	0.000000000	0.000000000
0.62462462	0.000000000	0.000000000	0.000000000	0.000000000	0.000000000	0.000000000
0.63163163	0.000000000	0.000000000	0.000000000	0.000000000	0.000000000	0.000000000
0.63863864	0.000000000	0.000000000	0.000000000	0.000000000	0.000000000	0.000000000
0.64564565	0.000000000	0.000000000	0.000000000	0.000000000	0.000000000	0.000000000
0.65265265	0.000000000	0.000000000	0.000000000	0.000000000	0.000000000	0.000000000
0.65965966	0.000000000	0.000000000	0.000000000	0.000000000	0.000000000	0.000000000
0.66666667	0.000000000	0.000000000	0.000000000	0.000000000	0.000000000	0.000000000
0.67367367	0.000000000	0.000000000	0.000000000	0.000000000	0.000000000	0.000000000
0.68068068	0.000000000	0.000000000	0.000000000	0.000000000	0.000000000	0.000000000
0.68768769	0.000000000	0.000000000	0.000000000	0.000000000	0.000000000	0.000000000
0.69469469	0.000000000	0.000000000	0.000000000	0.000000000	0.000000000	0.000000000
0.70170170	0.000000000	0.000000000	0.000000000	0.000000000	0.000000000	0.000000000
0.70870871	0.000000000	0.000000000	0.000000000	0.000000000	0.000000000	0.000000000
0.71571572	0.000000000	0.000000000	0.000000000	0.000000000	0.000000000	0.000000000
0.72272272	0.000000000	0.000000000	0.000000000	0.000000000	0.000000000	0.000000000
0.72972973	0.000000000	0.000000000	0.000000000	0.000000000	0.000000000	0.000000000
0.73673674	0.000000000	0.000000000	0.000000000	0.000000000	0.000000000	0.000000000
0.74374374	0.000000000	0.000000000	0.000000000	0.000000000	0.000000000	0.000000000
0.75075075	0.000000000	0.000000000	0.000000000	0.000000000	0.000000000	0.000000000
0.75775776	0.000000000	0.000000000	0.000000000	0.000000000	0.000000000	0.000000000
0.76476476	0.000000000	0.000000000	0.000000000	0.000000000	0.000000000	0.000000000
0.77177177	0.000000000	0.000000000	0.000000000	0.000000000	0.000000000	0.000000000
0.77877878	0.000000000	0.000000000	0.000000000	0.000000000	0.000000000	0.000000000
0.78578579	0.000000000	0.000000000	0.000000000	0.000000000	0.000000000	0.000000000
0.79279279	0.000000000	0.000000000	0.000000000	0.000000000	0.000000000	0.000000000
0.79979980	0.000000000	0.000000000	0.000000000	0.000000000	0.000000000	0.000000000
0.80680681	0.000000000	0.000000000	0.000000000	0.000000000	0.000000000	0.000000000
0.81381381	0.000000000	0.000000000	0.000000000	0.000000000	0.000000000	0.000000000
0.82082082	0.000000000	0.000000000	0.000000000	0.000000000	0.000000000	0.000000000
0.82782783	0.000000000	0.000000000	0.000000000	0.000000000	0.000000000	0.000000000
0.83483483	0.000000000	0.000000000	0.000000000	0.000000000	0.000000000	0.000000000
0.84184184	0.000000000	0.000000000	0.000000000	0.000000000	0.000000000	0.000000000
0.84884885	0.000000000	0.000000000	0.000000000	0.000000000	0.000000000	0.000000000
0.85585586	0.000000000	0.000000000	0.000000000	0.000000000	0.000000000	0.000000000
0.86286286	0.000000000	0.000000000	0.000000000	0.000000000	0.000000000	0.000000000
0.86986987	0.000000000	0.000000000	0.000000000	0.000000000	0.000000000	0.000000000
0.87687688	0.000000000	0.000000000	0.000000000	0.000000000	0.000000000	0.000000000
0.88388388	0.000000000	0.000000000	0.000000000	0.000000000	0.000000000	0.000000000
0.89089089	0.000000000	0.000000000	0.000000000	0.000000000	0.000000000	0.000000000
0.89789790	0.000000000	0.000000000	0.000000000	0.000000000	0.000000000	0.000000000
0.90490490	0.000000000	0.000000000	0.000000000	0.000000000	0.000000000	0.000000000
0.91191191	0.000000000	0.000000000	0.000000000	0.000000000	0.000000000	0.000000000
0.91891892	0.000000000	0.000000000	0.000000000	0.000000000	0.000000000	0.000000000
0.92592593	0.000000000	0.000000000	0.000000000	0.000000000	0.000000000	0.000000000
0.93293293	0.000000000	0.000000000	0.000000000	0.000000000	0.000000000	0.000000000
0.93993994	0.000000000	0.000000000	0.000000000	0.000000000	0.000000000	0.000000000
0.94694695	0.000000000	0.000000000	0.000000000	0.000000000	0.000000000	0.000000000
0.95395395	0.000000000	0.000000000	0.000000000	0.000000000	0.000000000	0.000000000
0.96096096	0.000000000	0.000000000	0.000000000	0.000000000	0.000000000	0.000000000
0.96796797	0.000000000	0.000000000	0.000000000	0.000000000	0.000000000	0.000000000
0.97497497	0.000000000	0.000000000	0.000000000	0.000000000	0.000000000	0.000000000
0.98198198	0.000000000	0.000000000	0.000000000	0.000000000	0.000000000	0.000000000
0.98898899	0.000000000	0.000000000	0.000000000	0.000000000	0.000000000	0.000000000
0.99599600	0.000000000	0.000000000	0.000000000	0.000000000	0.000000000	0.000000000
1.00300300	0.000000000	0.000000000	0.000000000	0.000000000	0.000000000	0.000000000
1.01001001	0.000000000	0.000000000	0.000000000	0.000000000	0.000000000	0.000000000
1.01701702	0.000000000	0.000000000	0.000000000	0.000000000	0.000000000	0.000000000
1.02402402	0.000000000	0.000000000	0.000000000	0.000000000	0.000000000	0.000000000
1.03103103	0.000000000	0.000000000	0.000000000	0.000000000	0.000000000	0.000000000
1.03803804	0.000000000	0.000000000	0.000000000	0.000000000	0.000000000	0.000000000
1.04504505	0.000000000	0.000000000	0.000000000	0.000000000	0.000000000	0.000000000
1.05205205	0.000000000	0.000000000	0.000000000	0.000000000	0.000000000	0.000000000
1.05905906	0.000000000	0.000000000	0.000000000	0.000000000	0.000000000	0.000000000
1.06606607	0.000000000	0.000000000	0.000000000	0.000000000	0.000000000	0.000000000
1.07307307	0.000000000	0.000000000	0.000000000	0.000000000	0.000000000	0.000000000
1.08008008	0.000000000	0.000000000	0.000000000	0.000000000	0.000000000	0.000000000
1.08708709	0.000000000	0.000000000	0.000000000	0.000000000	0.000000000	0.000000000
1.09409409	0.000000000	0.000000000	0.000000000	0.000000000	0.000000000	0.000000000
1.10110110	0.000000000	0.000000000	0.000000000	0.000000000	0.000000000	0.000000000
1.10810811	0.000000000	0.000000000	0.000000000	0.000000000	0.000000000	0.000000000
1.11511512	0.000000000	0.000000000	0.000000000	0.000000000	0.000000000	0.000000000
1.12212212	0.000000000	0.000000000	0.000000000	0.000000000	0.000000000	0.000000000
1.12912913	0.000000000	0.000000000	0.000000000	0.000000000	0.000000000	0.000000000
1.13613614	0.000000000	0.000000000	0.000000000	0.000000000	0.000000000	0.000000000
1.14314314	0.000000000	0.000000000	0.000000000	0.000000000	0.000000000	0.000000000
1.15015015	0.000000000	0.000000000	0.000000000	0.000000000	0.000000000	0.000000000
1.15715716	0.000000000	0.000000000	0.000000000	0.000000000	0.000000000	0.000000000
1.16416416	0.000000000	0.000000000	0.000000000	0.000000000	0.000000000	0.000000000
1.17117117	0.000000000	0.000000000	0.000000000	0.000000000	0.000000000	0.000000000
1.17817818	0.000000000	0.000000000	0.000000000	0.000000000	0.000000000	0.000000000
1.18518519	0.000000000	0.000000000	0.000000000	0.000000000	0.000000000	0.000000000
1.19219219	0.000000000	0.000000000	0.000000000	0.000000000	0.000000000	0.000000000
1.19919920	0.000000000	0.000000000	0.000000000	0.000000000	0.000000000	0.000000000
1.20620621	0.000000000	0.000000000	0.000000000	0.000000000	0.000000000	0.000000000
1.21321321	0.000000000	0.000000000	0.000000000	0.000000000	0.000000000	0.000000000
1.22022022	0.000000000	0.000000000	0.000000000	0.000000000	0.000000000	0.000000000
1.22722723	0.000000000	0.000000000	0.000000000	0.000000000	0.000000000	0.000000000
1.23423423	0.000000000	0.000000000	0.000000000	0.000000000	0.000000000	0.000000000
1.24124124	0.000000000	0.000000000	0.000000000	0.000000000	0.000000000	0.000000000
1.24824825	0.000000000	0.000000000	0.000000000	0.000000000	0.000000000	0.000000000
1.25525526	0.000000000	0.000000000	0.000000000	0.000000000	0.000000000	0.000000000
1.26226226	0.000000000	0.000000000	0.000000000	0.000000000	0.000000000	0.000000000
1.26926927	0.000000000	0.000000000	0.000000000	0.000000000	0.000000000	0.000000000
1.27627628	0.000000000	0.000000000	0.000000000	0.000000000	0.000000000	0.000000000
1.28328328	0.000000000	0.000000000	0.000000000	0.000000000	0.000000000	0.000000000
1.29029029	0.000000000	0.000000000	0.000000000	0.000000000	0.000000000	0.000000000
1.29729730	0.000000000	0.000000000	0.000000000	0.000000000	0.000000000	0.000000000
1.30430430	0.000000000	0.000000000	0.000000000	0.000000000	0.000000000	0.000000000
1.31131131	0.000000000	0.000000000	0.000000000	0.000000000	0.000000000	0.000000000
1.31831832	0.000000000	0.000000000	0.000000000	0.000000000	0.000000000	0.000000000
1.32532533	0.000000000	0.000000000	0.000000000	0.000000000	0.000000000	0.000000000
1.33233233	0.000000000	0.000000000	0.000000000	0.000000000	0.000000000	0.000000000
1.33933934	0.000000000	0.000000000	0.000000000	0.000000000	0.000000000	0.000000000
1.34634635	0.000000000	0.000000000	0.000000000	0.000000000	0.000000000	0.000000000
1.35335335	0.000000000	0.000000000	0.000000000	0.000000000	0.000000000	0.000000000
1.36036036	0.000000000	0.000000000	0.000000000	0.000000000	0.000000000	0.000000000
1.36736737	0.000000000	0.000000000	0.000000000	0.000000000	0.000000000	0.000000000
1.37437437	0.000000000	0.000000000	0.000000000	0.000000000	0.000000000	0.000000000
1.38138138	0.000000000	0.000000000	0.000000000	0.000000000	0.000000000	0.000000000
1.38838839	0.000000000	0.000000000	0.000000000	0.000000000	0.000000000	0.000000000
1.39539540	0.000000000	0.000000000	0.000000000	0.000000000	0.000000000	0.000000000
1.40240240	0.000000000	0.000000000	0.000000000	0.000000000	0.000000000	0.000000000
1.40940941	0.000000000	0.000000000	0.000000000	0.000000000	0.000000000	0.000000000
1.41641642	0.000000000	0.000000000	0.000000000	0.000000000	0.000000000	0.000000000
1.42342342	0.000000000	0.000000000	0.000000000	0.000000000	0.000000000	0.000000000
1.43043043	0.000000000	0.000000000	0.000000000	0.000000000	0.000000000	0.000000000
1.43743744	0.000000000	0.000000000	0.000000000	0.000000000	0.000000000	0.000000000
1.44444444	0.000000000	0.000000000	0.000000000	0.000000000	0.000000000	0.000000000
1.45145145	0.000000000	0.000000000	0.000000000	0.000000000	0.000000000	0.000000000
1.45845846	0.000000000	0.000000000	0.000000000	0.000000000	0.000000000	0.000000000
1.46546547	0.000000000	0.000000000	0.000000000	0.000000000	0.000000000	0.000000000
1.47247247	0.000000000	0.000000000	0.000000000	0.000000000	0.000000000	0.000000000
1.47947948	0.000000000	0.000000000	0.000000000	0.000000000	0.000000000	0.000000000
1.48648649	0.000000000	0.000000000	0.000000000	0.000000000	0.000000000	0.000000000
1.49349349	0.000000000	0.000000000	0.000000000	0.000000000	0.000000000	0.000000000
1.50050050	0.000000000	0.000000000	0.000000000	0.000000000	0.000000000	0.000000000
1.50750751	0.000000000	0.000000000	0.000000000	0.000000000	0.000000000	0.000000000
1.51451451	0.000000000	0.000000000	0.000000000	0.000000000	0.000000000	0.000000000
1.52152152	0.000000000	0.000000000	0.000000000	0.000000000	0.000000000	0.000000000
1.52852853	0.000000000	0.000000000	0.000000000	0.000000000	0.000000000	0.000000000
1.53553554	0.000000000	0.000000000	0.000000000	0.000000000	0.000000000	0.000000000
1.54254254	0.000000000	0.000000000	0.000000000	0.000000000	0.000000000	0.000000000
1.54954955	0.000000000	0.000000000	0.000000000	0.000000000	0.000000000	0.000000000
1.55655656	0.000000000	0.000000000	0.000000000	0.000000000	0.000000000	0.000000000
1.56356356	0.000000000	0.000000000	0.000000000	0.000000000	0.000000000	0.000000000
1.57057057	0.000000000	0.000000000	0.000000000	0.000000000	0.000000000	0.000000000
1.57757758	0.000000000	0.000000000	0.000000000	0.000000000	0.000000000	0.000000000
1.58458458	0.000000000	0.000000000	0.000000000	0.000000000	0.000000000	0.000000000
1.59159159	0.000000000	0.000000000	0.000000000	0.000000000	0.000000000	0.000000000
1.59859860	0.000000000	0.000000000	0.000000000	0.000000000	0.000000000	0.000000000
1.60560561	0.000000000	0.000000000	0.000000000	0.000000000	0.000000000	0.000000000
1.61261261	0.000000000	0.000000000	0.000000000	0.000000000	0.000000000	0.000000000
1.61961962	0.000000000	0.000000000	0.000000000	0.000000000	0.000000000	0.000000000
1.62662663	0.000000000	0.000000000	0.000000000	0.000000000	0.000000000	0.000000000
1.63363363	0.000000000	0.000000000	0.000000000	0.000000000	0.000000000	0.000000000
1.64064064	0.000000000	0.000000000	0.000000000	0.000000000	0.000000000	0.000000000
1.64764765	0.000000000	0.000000000	0.000000000	0.000000000	0.000000000	0.000000000
1.65465465	0.000000000	0.000000000	0.000000000	0.000000000	0.000000000	0.000000000
1.66166166	0.000000000	0.000000000	0.000000000	0.000000000	0.000000000	0.000000000
1.66866867	0.000000000	0.000000000	0.000000000	0.000000000	0.000000000	0.000000000
1.67567568	0.000000000	0.000000000	0.000000000	0.000000000	0.000000000	0.000000000
1.68268268	0.000000000	0.000000000	0.000000000	0.000000000	0.000000000	0.000000000
1.68968969	0.000000000	0.000000000	0.000000000	0.000000000	0.000000000	0.000000000
1.69669670	0.000000000	0.000000000	0.000000000	0.000000000	0.000000000	0.000000000
1.70370370	0.000000000	0.000000000	0.000000000	0.000000000	0.000000000	0.000000000
1.71071071	0.000000000	0.000000000	0.000000000	0.000000000	0.000000000	0.000000000
1.71771772	0.000000000	0.000000000	0.000000000	0.000000000	0.000000000	0.000000000
1.72472472	0.000000000	0.000000000	0.000000000	0.000000000	0.000000000	0.000000000
1.73173173	0.000000000	0.000000000	0.000000000	0.000000000	0.000000000	0.000000000
1.73873874	0.000000000	0.000000000	0.000000000	0.000000000	0.000000000	0.000000000
1.74574575	0.000000000	0.000000000	0.000000000	0.000000000	0.000000000	0.000000000
1.75275275	0.000000000	0.000000000	0.000000000	0.000000000	0.000000000	0.000000000
1.75975976	0.000000000	0.000000000	0.000000000	0.000000000	0.000000000	0.000000000
1.76676677	0.000000000	0.000000000	0.000000000	0.000000000	0.000000000	0.000000000
1.77377377	0.000000000	0.000000000	0.000000000	0.000000000	0.000000000	0.000000000
1.78078078	0.000000000	0.000000000	0.000000000	0.000000000	0.000000000	0.000000000
1.78778779	0.000000000	0.000000000	0.000000000	0.000000000	0.000000000	0.000000000
1.79479479	0.000000000	0.000000000	0.000000000	0.000000000	0.000000000	0.000000000
1.80180180	0.000000000	0.000000000	0.000000000	0.000000000	0.000000000	0.000000000
1.80880881	0.000000000	0.000000000	0.000000000	0.000000000	0.000000000	0.000000000
1.81581582	0.000000000	0.000000000	0.000000000	0.000000000	0.000000000	0.000000000
1.82282282	0.000000000	0.000000000	0.000000000	0.000000000	0.000000000	0.000000000
1.82982983	0.000000000	0.000000000	0.000000000	0.000000000	0.000000000	0.000000000
1.83683684	0.000000000	0.000000000	0.000000000	0.000000000	0.000000000	0.000000000
1.84384384	0.000000000	0.000000000	0.000000000	0.000000000	0.000000000	0.000000000
1.85085085	0.000000000	0.000000000	0.000000000	0.000000000	0.000000000	0.000000000
1.85785786	0.000000000	0.000000000	0.000000000	0.000000000	0.000000000	0.000000000
1.86486486	0.000000000	0.000000000	0.000000000	0.000000000	0.000000000	0.000000000
1.87187187	0.000000000	0.000000000	0.000000000	0.000000000	0.000000000	0.000000000
1.87887888	0.000000000	0.000000000	0.000000000	0.000000000	0.000000000	0.000000000
1.88588589	0.000000000	0.000000000	0.000000000	0.000000000	0.000000000	0.000000000
1.89289289	0.000000000	0.000000000	0.000000000	0.000000000	0.000000000	0.000000000
1.89989990	0.000000000	0.000000000	0.000000000	0.000000000	0.000000000	0.000000000
1.90690691	0.000000000	0.000000000	0.000000000	0.000000000	0.000000000	0.000000000
1.91391391	0.000000000	0.000000000	0.000000000	0.000000000	0.000000000	0.000000000
1.92092092	0.000000000	0.000000000	0.000000000	0.000000000	0.000000000	0.000000000
1.92792793	0.000000000	0.000000000	0.000000000	0.000000000	0.000000000	0.000000000
1.93493493	0.000000000	0.000000000	0.000000000	0.000000000	0.000000000	0.000000000
1.94194194	0.000000000	0.000000000	0.000000000	0.000000000	0.000000000	0.000000000
1.94894895	0.000000000	0.000000000	0.000000000	0.000000000	0.000000000	0.000000000
1.95595596	0.000000000	0.000000000	0.000000000	0.000000000	0.000000000	0.000000000
1.96296296	0.000000000	0.000000000	0.000000000	0.000000000	0.000000000	0.000000000
1.96996997	0.000000000	0.000000000	0.000000000	0.000000000	0.000000000	0.000000000
1.97697698	0.000000000	0.000000000	0.000000000	0.000000000	0.000000000	0.000000000
1.98398398	0.000000000	0.000000000	0.000000000	0.000000000	0.000000000	0.000000000
1.99099099	0.000000000	0.000000000	0.000000000	0.000000000	0.000000000	0.000000000
1.99799800	0.000000000	0.000000000	0.000000000	0.000000000	0.000000000	0.000000000
2.00500501	0.000000000	0.000000000	0.000000000	0.000000000	0.000000000	0.000000000
2.01201201	0.000000000	0.000000000	0.000000000	0.000000000	0.000000000	0.000000000
2.01901902	0.000000000	0.000000000	0.000000000	0.000000000	0.000000000	0.000000000
2.02602603	0.000000000	0.000000000	0.000000000	0.000000000	0.000000000	0.000000000
2.03303303	0.000000000	0.000000000	0.000000000	0.000000000	0.000000000	0.000000000
2.04004004	0.000000000	0.000000000	0.000000000	0.000000000	0.000000000	0.000000000
2.04704705	0.000000000	0.000000000	0.000000000	0.000000000	0.000000000	0.000000000
2.05405405	0.000000000	0.000000000	0.000000000	0.000000000	0.000000000	0.000000000
2.06106106	0.000000000	0.000000000	0.000000000	0.000000000	0.000000000	0.000000000
2.06806807	0.000000000	0.000000000	0.000000000	0.000000000	0.000000000	0.000000000
2.07507508	0.000000000	0.000000000	0.000000000	0.000000000	0.000000000	0.000000000
2.08208208	0.000000000	0.000000000	0.000000000	0.000000000	0.000000000	0.000000000
2.08908909	0.000000000	0.000000000	0.000000000	0.000000000	0.000000000	0.000000000
2.09609610	0.000000000	0.000000000	0.000000000	0.000000000	0.000000000	0.000000000
2.10310310	0.000000000	0.000000000	0.000000000	0.000000000	0.000000000	0.000000000
2.11011011	0.000000000	0.000000000	0.000000000	0.000000000	0.000000000	0.000000000
2.11711712	0.000000000	0.000000000	0.000000000	0.000000000	0.000000000	0.000000000
2.12412412	0.000000000	0.000000000	0.000000000	0.000000000	0.000000000	0.000000000
2.13113113	0.000000000	0.000000000	0.000000000	0.000000000	0.000000000	0.000000000
2.13813814	0.000000000	0.000000000	0.000000000	0.000000000	0.000000000	0.000000000
2.14514515	0.000000000	0.000000000	0.000000000	0.000000000	0.000000000	0.000000000
2.15215215	0.000000000	0.000000000	0.000000000	0.000000000	0.000000000	0.000000000
2.15915916	0.000000000	0.000000000	0.000000000	0.000000000	0.000000000	0.000000000
2.16616617	0.000000000	0.000000000	0.000000000	0.000000000	0.000000000	0.000000000
2.17317317	0.000000000	0.000000000	0.000000000	0.000000000	0.000000000	0.000000000
2.18018018	0.000000000	0.000000000	0.000000000	0.000000000	0.000000000	0.000000000
2.18718719	0.000000000	0.000000000	0.000000000	0.000000000	0.000000000	0.000000000
2.19419419	0.000000000	0.000000000	0.000000000	0.000000000	0.000000000	0.000000000
2.20120120	0.000000000	0.000000000	0.000000000	0.000000000	0.000000000	0.000000000
2.20820821	0.000000000	0.000000000	0.000000000	0.000000000	0.000000000	0.000000000
2.21521522	0.000000000	0.000000000	0.000000000	0.000000000	0.000000000	0.000000000
2.22222222	0.000000000	0.000000000	0.000000000	0.000000000	0.000000000	0.000000000
2.22922923	0.000000000	0.000000000	0.000000000	0.000000000	0.000000000	0.000000000
2.23623624	0.000000000	0.000000000	0.000000000	0.000000000	0.000000000	0.000000000
2.24324324	0.000000000	0.000000000	0.000000000	0.000000000	0.000000000	0.000000000
2.25025025	0.000000000	0.000000000	0.000000000	0.000000000	0.000000000	0.000000000
2.25725726	0.000000000	0.000000000	0.000000000	0.000000000	0.000000000	0.000000000
2.26426426	0.000000000	0.000000000	0.000000000	0.000000000	0.000000000	0.000000000
2.27127127	0.000000000	0.000000000	0.000000000	0.000000000	0.000000000	0.000000000
2.27827828	0.000000000	0.000000000	0.000000000	0.000000000	0.000000000	0.000000000
2.28528529	0.000000000	0.000000000	0.000000000	0.000000000	0.000000000	0.000000000
2.29229229	0.000000000	0.000000000	0.000000000	0.000000000	0.000000000	0.000000000
2.29929930	0.000000000	0.000000000	0.000000000	0.000000000	0.000000000	0.000000000
2.30630631	0.000000000	0.000000000	0.000000000	0.000000000	0.000000000	0.000000000
2.31331331	0.000000000	0.000000000	0.000000000	0.000000000	0.000000000	0.000000000
2.32032032	0.000000000	0.000000000	0.000000000	0.000000000	0.000000000	0.000000000
2.32732733	0.000000000	0.000000000	0.000000000	0.000000000	0.000000000	0.000000000
2.33433433	0.000000000	0.000000000	0.000000000	0.000000000	0.000000000	0.000000000
2.34134134	0.000000000	0.000000000	0.000000000	0.000000000	0.000000000	0.000000000
2.34834835	0.000000000	0.000000000	0.000000000	0.000000000	0.000000000	0.000000000
2.35535536	0.000000000	0.000000000	0.000000000	0.000000000	0.000000000	0.000000000
2.36236236	0.000000000	0.000000000	0.000000000	0.000000000	0.000000000	0.000000000
2.36936937	0.000000000	0.000000000	0.000000000	0.000000000	0.000000000	0.000000000
2.37637638	0.000000000	0.000000000	0.000000000	0.000000000	0.000000000	0.000000000
2.38338338	0.000000000	0.000000000	0.000000000	0.000000000	0.000000000	0.000000000
2.39039039	0.000000000	0.000000000	0.000000000	0.000000000	0.000000000	0.000000000
2.39739740	0.000000000	0.000000000	0.000000000	0.000000000	0.000000000	0.000000000
2.40440440	0.000000000	0.000000000	0.000000000	0.000000000	0.000000000	0.000000000
2.41141141	0.000000000	0.000000000	0.000000000	0.000000000	0.000000000	0.000000000
2.41841842	0.000000000	0.000000000	0.000000000	0.000000000	0.000000000	0.000000000
2.42542543	0.000000000	0.000000000	0.000000000	0.000000000	0.000000000	0.000000000
2.43243243	0.000000000	0.000000000	0.000000000	0.000000000	0.000000000	0.000000000
2.43943944	0.000000000	0.000000000	0.000000000	0.000000000	0.000000000	0.000000000
2.44644645	0.000000000	0.000000000	0.000000000	0.000000000	0.000000000	0.000000000
2.45345345	0.000000000	0.000000000	0.000000000	0.000000000	0.000000000	0.000000000
2.46046046	0.000000000	0.000000000	0.000000000	0.000000000	0.000000000	0.000000000
2.46746747	0.000000000	0.000000000	0.000000000	0.000000000	0.000000000	0.000000000
2.47447447	0.000000000	0.000000000	0.000000000	0.000000000	0.000000000	0.000000000
2.48148148	0.000000000	0.000000000	0.000000000	0.000000000	0.000000000	0.000000000
2.48848849	0.000000000	0.000000000	0.000000000	0.000000000	0.000000000	0.000000000
2.49549550	0.000000000	0.000000000	0.000000000	0.000000000	0.000000000	0.000000000
2.50250250	0.000000000	0.000000000	0.000000000	0.000000000	0.000000000	0.000000000
2.50950951	0.000000000	0.000000000	0.000000000	0.000000000	0.000000000	0.000000000
2.51651652	0.000000000	0.000000000	0.000000000	0.000000000	0.000000000	0.000000000
2.52352352	0.000000000	0.000000000	0.000000000	0.000000000	0.000000000	0.000000000
2.53053053	0.000000000	0.000000000	0.000000000	0.000000000	0.000000000	0.000000000
2.53753754	0.000000000	0.000000000	0.000000000	0.000000000	0.000000000	0.000000000
2.54454454	0.000000000	0.000000000	0.000000000	0.000000000	0.000000000	0.000000000
2.55155155	0.000000000	0.000000000	0.000000000	0.000000000	0.000000000	0.000000000
2.55855856	0.000000000	0.000000000	0.000000000	0.000000000	0.000000000	0.000000000
2.56556557	0.000000000	0.000000000	0.000000000	0.000000000	0.000000000	0.000000000
2.57257257	0.000000000	0.000000000	0.000000000	0.000000000	0.000000000	0.000000000
2.57957958	0.000000000	0.000000000	0.000000000	0.000000000	0.000000000	0.000000000
2.58658659	0.000000000	0.000000000	0.000000000	0.000000000	0.000000000	0.000000000
2.59359359	0.000000000	0.000000000	0.000000000	0.000000000	0.000000000	0.000000000
2.60060060	0.000000000	0.000000000	0.000000000	0.000000000	0.000000000	0.000000000
2.60760761	0.000000000	0.000000000	0.000000000	0.000000000	0.000000000	0.000000000
2.61461461	0.000000000	0.000000000	0.000000000	0.000000000	0.000000000	0.000000000
2.62162162	0.000000000	0.000000000	0.000000000	0.000000000	0.000000000	0.000000000
2.62862863	0.000000000	0.000000000	0.000000000	0.000000000	0.000000000	0.000000000
2.63563564	0.000000000	0.000000000	0.000000000	0.000000000	0.000000000	0.000000000
2.64264264	0.000000000	0.000000000	0.000000000	0.000000000	0.000000000	0.000000000
2.64964965	0.000000000	0.000000000	0.000000000	0.000000000	0.000000000	0.000000000
2.65665666	0.000000000	0.000000000	0.000000000	0.000000000	0.000000000	0.000000000
2.66366366	0.000000000	0.000000000	0.000000000	0.000000000	0.000000000	0.000000000
2.67067067	0.000000000	0.000000000	0.000000000	0.000000000	0.000000000	0.000000000
2.67767768	0.000000000	0.000000000	0.000000000	0.000000000	0.000000000	0.000000000
2.68468468	0.000000000	0.000000000	0.000000000	0.000000000	0.000000000	0.000000000
2.69169169	0.000000000	0.000000000	0.000000000	0.000000000	0.000000000	0.000000000
2.69869870	0.000000000	0.000000000	0.000000000	0.000000000	0.000000000	0.000000000
2.70570571	0.000000000	0.000000000	0.000000000	0.000000000	0.000000000	0.000000000
2.71271271	0.000000000	0.000000000	0.000000000	0.000000000	0.000000000	0.000000000
2.71971972	0.000000000	0.000000000	0.000000000	0.000000000	0.000000000	0.000000000
2.72672673	0.000000000	0.000000000	0.000000000	0.000000000	0.000000000	0.000000000
2.73373373	0.000000000	0.000000000	0.000000000	0.000000000	0.000000000	0.000000000
2.74074074	0.000000000	0.000000000	0.000000000	0.000000000	0.000000000	0.000000000
2.74774775	0.000000000	0.000000000	0.000000000	0.000000000	0.000000000	0.000000000
2.75475475	0.000000000	0.000000000	0.000000000	0.000000000	0.000000000	0.000000000
2.76176176	0.000000000	0.000000000	0.000000000	0.000000000	0.000000000	0.000000000
2.76876877	0.000000000	0.000000000	0.000000000	0.000000000	0.000000000	0.000000000
2.77577578	0.000000000	0.000000000	0.000000000	0.000000000	0.000000000	0.000000000
2.78278278	0.000000000	0.000000000	0.000000000	0.000000000	0.000000000	0.000000000
2.78978979	0.000000000	0.000000000	0.000000000	0.000000000	0.000000000	0.000000000
2.79679680	0.000000000	0.000000000	0.000000000	0.000000000	0.000000000	0.000000000
2.80380380	0.000000000	0.000000000	0.000000000	0.000000000	0.000000000	0.000000000
2.81081081	0.000000000	0.000000000	0.000000000	0.000000000	0.000000000	0.000000000
2.81781782	0.000000000	0.000000000	0.000000000	0.000000000	0.000000000	0.000000000
2.82482482	0.000000000	0.000000000	0.000000000	0.000000000	0.000000000	0.000000000
2.83183183	0.000000000	0.000000000	0.000000000	0.000000000	0.000000000	0.000000000
2.83883884	0.000000000	0.000000000	0.000000000	0.000000000	0.000000000	0.000000000
2.84584585	0.000000000	0.000000000	0.000000000	0.000000000	0.000000000	0.000000000
2.85285285	0.000000000	0.000000000	0.000000000	0.000000000	0.000000000	0.000000000
2.85985986	0.000000000	0.000000000	0.000000000	0.000000000	0.000000000	0.000000000
2.86686687	0.000000000	0.000000000	0.000000000	0.000000000	0.000000000	0.000000000
2.87387387	0.000000000	0.000000000	0.000000000	0.000000000	0.000000000	0.000000000
2.88088088	0.000000000	0.000000000	0.000000000	0.000000000	0.000000000	0.000000000
2.88788789	0.000000000	0.000000000	0.000000000	0.000000000	0.000000000	0.000000000
2.89489489	0.000000000	0.000000000	0.000000000	0.000000000	0.000000000	0.000000000
2.90190190	0.000000000	0.000000000	0.000000000	0.000000000	0.000000000	0.000000000
2.90890891	0.000000000	0.000000000	0.000000000	0.000000000	0.000000000	0.000000000
2.91591592	0.000000000	0.000000000	0.000000000	0.000000000	0.000000000	0.000000000
2.92292292	0.000000000	0.000000000	0.000000000	0.000000000	0.000000000	0.000000000
2.92992993	0.000000000	0.000000000	0.000000000	0.000000000	0.000000000	0.000000000
2.93693694	0.000000000	0.000000000	0.000000000	0.000000000	0.000000000	0.000000000
2.94394394	0.000000000	0.000000000	0.000000000	0.000000000	0.000000000	0.000000000
2.95095095	0.000000000	0.000000000	0.000000000	0.000000000	0.000000000	0.000000000
2.95795796	0.000000000	0.000000000	0.000000000	0.000000000	0.000000000	0.000000000
2.96496496	0.000000000	0.000000000	0.000000000	0.000000000	0.000000000	0.000000000
2.97197197	0.000000000	0.000000000	0.000000000	0.000000000	0.000000000	0.000000000
2.97897898	0.000000000	0.000000000	0.000000000	0.000000000	0.000000000	0.000000000
2.98598599	0.000000000	0.000000000	0.000000000	0.000000000	0.000000000	0.000000000
2.99299299	0.000000000	0.000000000	0.000000000	0.000000000	0.000000000	0.000000000
3.00000000	0.000000000	0.000000000	0.000000000	0.000000000	0.000000000	0.000000000