-4.00000000	0.000707919	0.001954805	0.001703897	0.008090836	0.001744501	0.002169300
-3.99299299	0.000717538	0.001976991	0.001724068	0.008182415	0.001762002	0.002190324
-3.98598599	0.000727296	0.001999447	0.001744491	0.008275035	0.001779697	0.002211573
-3.97897898	0.000737194	0.002022177	0.001765172	0.008368709	0.001797587	0.002233047
-3.97197197	0.000747234	0.002045183	0.001786113	0.008463449	0.001815674	0.002254752
-3.96496496	0.000757418	0.002068471	0.001807318	0.008559266	0.001833962	0.002276688
-3.95795796	0.000767749	0.002092042	0.001828790	0.008656173	0.001852452	0.002298859
-3.95095095	0.000778228	0.002115902	0.001850532	0.008754182	0.001871146	0.002321268
-3.94394394	0.000788858	0.002140053	0.001872550	0.008853306	0.001890048	0.002343918
-3.93693694	0.000799641	0.002164501	0.001894845	0.008953558	0.001909160	0.002366810
-3.92992993	0.000810580	0.002189247	0.001917422	0.009054951	0.001928484	0.002389949
-3.92292292	0.000821677	0.002214297	0.001940285	0.009157496	0.001948023	0.002413336
-3.91591592	0.000832934	0.002239655	0.001963437	0.009261209	0.001967780	0.002436976
-3.90890891	0.000844353	0.002265324	0.001986883	0.009366101	0.001987757	0.002460871
-3.90190190	0.000855938	0.002291309	0.002010626	0.009472187	0.002007957	0.002485023
-3.89489489	0.000867691	0.002317613	0.002034670	0.009579480	0.002028383	0.002509437
-3.88788789	0.000879614	0.002344241	0.002059019	0.009687994	0.002049037	0.002534115
-3.88088088	0.000891709	0.002371197	0.002083678	0.009797743	0.002069923	0.002559060
-3.87387387	0.000903980	0.002398486	0.002108651	0.009908740	0.002091042	0.002584276
-3.86686687	0.000916429	0.002426112	0.002133941	0.010021001	0.002112399	0.002609765
-3.85985986	0.000929059	0.002454079	0.002159554	0.010134539	0.002133995	0.002635532
-3.85285285	0.000941873	0.002482392	0.002185493	0.010249370	0.002155834	0.002661579
-3.84584585	0.000954873	0.002511055	0.002211763	0.010365507	0.002177919	0.002687909
-3.83883884	0.000968063	0.002540074	0.002238368	0.010482966	0.002200253	0.002714527
-3.83183183	0.000981444	0.002569452	0.002265313	0.010601762	0.002222839	0.002741435
-3.82482482	0.000995021	0.002599195	0.002292603	0.010721910	0.002245681	0.002768638
-3.81781782	0.001008796	0.002629307	0.002320242	0.010843426	0.002268780	0.002796138
-3.81081081	0.001022772	0.002659794	0.002348235	0.010966325	0.002292141	0.002823939
-3.80380380	0.001036953	0.002690660	0.002376587	0.011090624	0.002315766	0.002852045
-3.79679680	0.001051341	0.002721910	0.002405303	0.011216337	0.002339660	0.002880460
-3.78978979	0.001065939	0.002753549	0.002434387	0.011343482	0.002363825	0.002909187
-3.78278278	0.001080751	0.002785584	0.002463844	0.011472074	0.002388265	0.002938230
-3.77577578	0.001095781	0.002818018	0.002493681	0.011602131	0.002412982	0.002967593
-3.76876877	0.001111031	0.002850858	0.002523901	0.011733668	0.002437982	0.002997280
-3.76176176	0.001126505	0.002884108	0.002554511	0.011866703	0.002463267	0.003027295
-3.75475475	0.001142206	0.002917774	0.002585515	0.012001254	0.002488840	0.003057642
-3.74774775	0.001158138	0.002951863	0.002616919	0.012137336	0.002514706	0.003088324
-3.74074074	0.001174304	0.002986378	0.002648728	0.012274969	0.002540868	0.003119346
-3.73373373	0.001190709	0.003021327	0.002680948	0.012414169	0.002567330	0.003150713
-3.72672673	0.001207355	0.003056715	0.002713585	0.012554955	0.002594095	0.003182428
-3.71971972	0.001224247	0.003092548	0.002746644	0.012697344	0.002621168	0.003214495
-3.71271271	0.001241389	0.003128832	0.002780131	0.012841356	0.002648552	0.003246920
-3.70570571	0.001258783	0.003165573	0.002814052	0.012987008	0.002676251	0.003279705
-3.69869870	0.001276435	0.003202777	0.002848413	0.013134320	0.002704270	0.003312857
-3.69169169	0.001294347	0.003240450	0.002883220	0.013283310	0.002732612	0.003346379
-3.68468468	0.001312525	0.003278599	0.002918479	0.013433997	0.002761281	0.003380276
-3.67767768	0.001330972	0.003317230	0.002954197	0.013586402	0.002790281	0.003414552
-3.67067067	0.001349693	0.003356351	0.002990379	0.013740544	0.002819618	0.003449213
-3.66366366	0.001368692	0.003395966	0.003027033	0.013896442	0.002849294	0.003484263
-3.65665666	0.001387973	0.003436084	0.003064164	0.014054117	0.002879315	0.003519706
-3.64964965	0.001407540	0.003476710	0.003101780	0.014213590	0.002909685	0.003555549
-3.64264264	0.001427398	0.003517852	0.003139887	0.014374880	0.002940408	0.003591795
-3.63563564	0.001447552	0.003559517	0.003178491	0.014538009	0.002971489	0.003628450
-3.62862863	0.001468006	0.003601713	0.003217601	0.014702998	0.003002932	0.003665519
-3.62162162	0.001488765	0.003644445	0.003257222	0.014869868	0.003034742	0.003703007
-3.61461461	0.001509834	0.003687722	0.003297362	0.015038640	0.003066924	0.003740919
-3.60760761	0.001531218	0.003731551	0.003338029	0.015209338	0.003099482	0.003779262
-3.60060060	0.001552921	0.003775939	0.003379228	0.015381982	0.003132422	0.003818039
-3.59359359	0.001574948	0.003820895	0.003420969	0.015556595	0.003165748	0.003857257
-3.58658659	0.001597305	0.003866425	0.003463259	0.015733199	0.003199466	0.003896921
-3.57957958	0.001619997	0.003912539	0.003506104	0.015911818	0.003233580	0.003937036
-3.57257257	0.001643030	0.003959243	0.003549514	0.016092475	0.003268095	0.003977610
-3.56556557	0.001666407	0.004006546	0.003593496	0.016275193	0.003303017	0.004018646
-3.55855856	0.001690136	0.004054457	0.003638057	0.016459996	0.003338352	0.004060152
-3.55155155	0.001714221	0.004102983	0.003683207	0.016646907	0.003374103	0.004102133
-3.54454454	0.001738669	0.004152133	0.003728953	0.016835952	0.003410278	0.004144595
-3.53753754	0.001763484	0.004201916	0.003775303	0.017027154	0.003446880	0.004187544
-3.53053053	0.001788673	0.004252340	0.003822267	0.017220538	0.003483917	0.004230987
-3.52352352	0.001814241	0.004303415	0.003869853	0.017416131	0.003521394	0.004274930
-3.51651652	0.001840196	0.004355149	0.003918070	0.017613956	0.003559316	0.004319379
-3.50950951	0.001866542	0.004407551	0.003966926	0.017814039	0.003597689	0.004364341
-3.50250250	0.001893286	0.004460631	0.004016431	0.018016408	0.003636519	0.004409822
-3.49549550	0.001920434	0.004514398	0.004066593	0.018221087	0.003675813	0.004455829
-3.48848849	0.001947994	0.004568862	0.004117423	0.018428104	0.003715576	0.004502369
-3.48148148	0.001975970	0.004624033	0.004168929	0.018637485	0.003755814	0.004549448
-3.47447447	0.002004371	0.004679919	0.004221122	0.018849259	0.003796534	0.004597075
-3.46746747	0.002033202	0.004736532	0.004274011	0.019063452	0.003837743	0.004645254
-3.46046046	0.002062471	0.004793881	0.004327605	0.019280092	0.003879446	0.004693995
-3.45345345	0.002092185	0.004851977	0.004381916	0.019499208	0.003921650	0.004743304
-3.44644645	0.002122351	0.004910830	0.004436952	0.019720828	0.003964363	0.004793189
-3.43943944	0.002152975	0.004970450	0.004492726	0.019944981	0.004007590	0.004843656
-3.43243243	0.002184066	0.005030849	0.004549246	0.020171696	0.004051338	0.004894714
-3.42542543	0.002215631	0.005092037	0.004606524	0.020401003	0.004095615	0.004946371
-3.41841842	0.002247677	0.005154026	0.004664570	0.020632932	0.004140428	0.004998633
-3.41141141	0.002280212	0.005216827	0.004723396	0.020867514	0.004185783	0.005051510
-3.40440440	0.002313245	0.005280450	0.004783013	0.021104778	0.004231688	0.005105009
-3.39739740	0.002346782	0.005344909	0.004843432	0.021344756	0.004278151	0.005159138
-3.39039039	0.002380833	0.005410214	0.004904665	0.021587479	0.004325178	0.005213906
-3.38338338	0.002415406	0.005476377	0.004966723	0.021832980	0.004372779	0.005269322
-3.37637638	0.002450508	0.005543411	0.005029618	0.022081289	0.004420959	0.005325392
-3.36936937	0.002486148	0.005611328	0.005093363	0.022332441	0.004469727	0.005382127
-3.36236236	0.002522336	0.005680141	0.005157969	0.022586467	0.004519092	0.005439535
-3.35535536	0.002559080	0.005749861	0.005223449	0.022843401	0.004569060	0.005497626
-3.34834835	0.002596389	0.005820503	0.005289816	0.023103277	0.004619641	0.005556407
-3.34134134	0.002634272	0.005892079	0.005357083	0.023366128	0.004670843	0.005615889
-3.33433433	0.002672739	0.005964602	0.005425262	0.023631990	0.004722673	0.005676080
-3.32732733	0.002711799	0.006038086	0.005494367	0.023900897	0.004775142	0.005736990
-3.32032032	0.002751461	0.006112545	0.005564412	0.024172884	0.004828256	0.005798630
-3.31331331	0.002791736	0.006187992	0.005635409	0.024447988	0.004882026	0.005861007
-3.30630631	0.002832633	0.006264443	0.005707374	0.024726244	0.004936460	0.005924134
-3.29929930	0.002874163	0.006341910	0.005780319	0.025007689	0.004991568	0.005988018
-3.29229229	0.002916335	0.006420409	0.005854260	0.025292361	0.005047358	0.006052672
-3.28528529	0.002959161	0.006499954	0.005929210	0.025580296	0.005103840	0.006118104
-3.27827828	0.003002652	0.006580561	0.006005185	0.025871533	0.005161023	0.006184327
-3.27127127	0.003046817	0.006662244	0.006082200	0.026166110	0.005218917	0.006251349
-3.26426426	0.003091668	0.006745020	0.006160270	0.026464065	0.005277533	0.006319183
-3.25725726	0.003137216	0.006828904	0.006239410	0.026765439	0.005336879	0.006387839
-3.25025025	0.003183473	0.006913911	0.006319636	0.027070271	0.005396967	0.006457328
-3.24324324	0.003230450	0.007000059	0.006400965	0.027378601	0.005457806	0.006527663
-3.23623624	0.003278160	0.007087364	0.006483412	0.027690471	0.005519407	0.006598853
-3.22922923	0.003326613	0.007175842	0.006566994	0.028005920	0.005581781	0.006670912
-3.22222222	0.003375823	0.007265510	0.006651727	0.028324992	0.005644937	0.006743850
-3.21521522	0.003425802	0.007356386	0.006737629	0.028647728	0.005708888	0.006817681
-3.20820821	0.003476563	0.007448487	0.006824717	0.028974171	0.005773645	0.006892416
-3.20120120	0.003528118	0.007541832	0.006913009	0.029304364	0.005839217	0.006968068
-3.19419419	0.003580480	0.007636437	0.007002522	0.029638351	0.005905619	0.007044649
-3.18718719	0.003633664	0.007732323	0.007093275	0.029976177	0.005972859	0.007122172
-3.18018018	0.003687682	0.007829506	0.007185286	0.030317886	0.006040952	0.007200651
-3.17317317	0.003742549	0.007928007	0.007278574	0.030663524	0.006109908	0.007280099
-3.16616617	0.003798278	0.008027844	0.007373158	0.031013137	0.006179740	0.007360528
-3.15915916	0.003854884	0.008129038	0.007469057	0.031366770	0.006250460	0.007441954
-3.15215215	0.003912382	0.008231607	0.007566291	0.031724472	0.006322081	0.007524389
-3.14514515	0.003970785	0.008335573	0.007664880	0.032086289	0.006394616	0.007607848
-3.13813814	0.004030110	0.008440955	0.007764844	0.032452270	0.006468078	0.007692345
-3.13113113	0.004090372	0.008547775	0.007866204	0.032822464	0.006542479	0.007777894
-3.12412412	0.004151586	0.008656054	0.007968981	0.033196920	0.006617834	0.007864512
-3.11711712	0.004213768	0.008765813	0.008073196	0.033575689	0.006694155	0.007952212
-3.11011011	0.004276935	0.008877074	0.008178871	0.033958819	0.006771458	0.008041009
-3.10310310	0.004341102	0.008989860	0.008286028	0.034346364	0.006849755	0.008130921
-3.09609610	0.004406288	0.009104193	0.008394690	0.034738374	0.006929062	0.008221961
-3.08908909	0.004472508	0.009220096	0.008504878	0.035134902	0.007009392	0.008314147
-3.08208208	0.004539780	0.009337592	0.008616617	0.035536001	0.007090761	0.008407494
-3.07507508	0.004608122	0.009456706	0.008729930	0.035941725	0.007173184	0.008502019
-3.06806807	0.004677552	0.009577460	0.008844840	0.036352128	0.007256675	0.008597739
-3.06106106	0.004748088	0.009699880	0.008961372	0.036767265	0.007341251	0.008694671
-3.05405405	0.004819748	0.009823991	0.009079552	0.037187192	0.007426927	0.008792833
-3.04704705	0.004892553	0.009949817	0.009199403	0.037611965	0.007513719	0.008892241
-3.04004004	0.004966521	0.010077385	0.009320951	0.038041641	0.007601644	0.008992915
-3.03303303	0.005041671	0.010206720	0.009444223	0.038476278	0.007690717	0.009094872
-3.02602603	0.005118024	0.010337849	0.009569245	0.038915934	0.007780956	0.009198130
-3.01901902	0.005195601	0.010470800	0.009696044	0.039360668	0.007872378	0.009302709
-3.01201201	0.005274421	0.010605598	0.009824646	0.039810541	0.007965001	0.009408628
-3.00500501	0.005354507	0.010742274	0.009955080	0.040265612	0.008058841	0.009515907
-2.99799800	0.005435879	0.010880853	0.010087375	0.040725943	0.008153918	0.009624564
-2.99099099	0.005518559	0.011021367	0.010221558	0.041191597	0.008250248	0.009734621
-2.98398398	0.005602571	0.011163843	0.010357659	0.041662635	0.008347852	0.009846097
-2.97697698	0.005687935	0.011308311	0.010495707	0.042139122	0.008446747	0.009959014
-2.96996997	0.005774677	0.011454802	0.010635734	0.042621121	0.008546952	0.010073393
-2.96296296	0.005862819	0.011603347	0.010777768	0.043108698	0.008648488	0.010189254
-2.95595596	0.005952384	0.011753976	0.010921843	0.043601919	0.008751375	0.010306621
-2.94894895	0.006043399	0.011906721	0.011067989	0.044100851	0.008855632	0.010425515
-2.94194194	0.006135886	0.012061616	0.011216239	0.044605560	0.008961279	0.010545959
-2.93493493	0.006229873	0.012218691	0.011366625	0.045116115	0.009068339	0.010667976
-2.92792793	0.006325384	0.012377982	0.011519182	0.045632586	0.009176831	0.010791590
-2.92092092	0.006422446	0.012539522	0.011673942	0.046155042	0.009286778	0.010916823
-2.91391391	0.006521085	0.012703345	0.011830942	0.046683554	0.009398201	0.011043701
-2.90690691	0.006621328	0.012869486	0.011990215	0.047218193	0.009511124	0.011172248
-2.89989990	0.006723205	0.013037982	0.012151797	0.047759033	0.009625567	0.011302489
-2.89289289	0.006826742	0.013208868	0.012315726	0.048306147	0.009741556	0.011434450
-2.88588589	0.006931968	0.013382181	0.012482038	0.048859609	0.009859113	0.011568155
-2.87887888	0.007038913	0.013557959	0.012650771	0.049419493	0.009978261	0.011703633
-2.87187187	0.007147606	0.013736241	0.012821963	0.049985878	0.010099026	0.011840909
-2.86486486	0.007258079	0.013917064	0.012995653	0.050558838	0.010221432	0.011980011
-2.85785786	0.007370361	0.014100468	0.013171880	0.051138452	0.010345504	0.012120967
-2.85085085	0.007484485	0.014286494	0.013350686	0.051724800	0.010471268	0.012263804
-2.84384384	0.007600482	0.014475181	0.013532112	0.052317961	0.010598750	0.012408552
-2.83683684	0.007718385	0.014666573	0.013716198	0.052918015	0.010727976	0.012555240
-2.82982983	0.007838229	0.014860711	0.013902988	0.053525045	0.010858974	0.012703897
-2.82282282	0.007960045	0.015057637	0.014092525	0.054139133	0.010991770	0.012854555
-2.81581582	0.008083870	0.015257397	0.014284854	0.054760363	0.011126393	0.013007243
-2.80880881	0.008209738	0.015460033	0.014480018	0.055388819	0.011262871	0.013161992
-2.80180180	0.008337686	0.015665591	0.014678064	0.056024588	0.011401233	0.013318836
-2.79479479	0.008467750	0.015874118	0.014879038	0.056667756	0.011541508	0.013477807
-2.78778779	0.008599966	0.016085660	0.015082988	0.057318411	0.011683727	0.013638936
-2.78078078	0.008734374	0.016300264	0.015289961	0.057976642	0.011827919	0.013802259
-2.77377377	0.008871012	0.016517980	0.015500007	0.058642539	0.011974116	0.013967809
-2.76676677	0.009009920	0.016738855	0.015713175	0.059316193	0.012122350	0.014135622
-2.75975976	0.009151136	0.016962942	0.015929517	0.059997695	0.012272652	0.014305732
-2.75275275	0.009294704	0.017190289	0.016149084	0.060687139	0.012425055	0.014478176
-2.74574575	0.009440664	0.017420950	0.016371928	0.061384619	0.012579593	0.014652991
-2.73873874	0.009589058	0.017654977	0.016598104	0.062090231	0.012736300	0.014830213
-2.73173173	0.009739931	0.017892425	0.016827666	0.062804071	0.012895209	0.015009883
-2.72472472	0.009893327	0.018133346	0.017060669	0.063526237	0.013056356	0.015192037
-2.71771772	0.010049290	0.018377798	0.017297170	0.064256827	0.013219777	0.015376716
-2.71071071	0.010207866	0.018625837	0.017537227	0.064995942	0.013385509	0.015563960
-2.70370370	0.010369103	0.018877520	0.017780898	0.065743682	0.013553588	0.015753810
-2.69669670	0.010533047	0.019132906	0.018028244	0.066500150	0.013724052	0.015946308
-2.68968969	0.010699748	0.019392056	0.018279324	0.067265449	0.013896940	0.016141496
-2.68268268	0.010869256	0.019655028	0.018534202	0.068039684	0.014072291	0.016339417
-2.67567568	0.011041620	0.019921887	0.018792939	0.068822962	0.014250144	0.016540117
-2.66866867	0.011216892	0.020192693	0.019055602	0.069615388	0.014430541	0.016743639
-2.66166166	0.011395126	0.020467512	0.019322254	0.070417072	0.014613523	0.016950030
-2.65465465	0.011576373	0.020746409	0.019592962	0.071228123	0.014799132	0.017159336
-2.64764765	0.011760690	0.021029450	0.019867795	0.072048652	0.014987411	0.017371605
-2.64064064	0.011948132	0.021316702	0.020146823	0.072878771	0.015178403	0.017586886
-2.63363363	0.012138755	0.021608235	0.020430114	0.073718593	0.015372154	0.017805226
-2.62662663	0.012332617	0.021904119	0.020717742	0.074568234	0.015568708	0.018026678
-2.61961962	0.012529778	0.022204425	0.021009779	0.075427810	0.015768112	0.018251292
-2.61261261	0.012730298	0.022509225	0.021306300	0.076297437	0.015970414	0.018479120
-2.60560561	0.012934238	0.022818593	0.021607381	0.077177235	0.016175660	0.018710216
-2.59859860	0.013141660	0.023132606	0.021913100	0.078067323	0.016383901	0.018944634
-2.59159159	0.013352630	0.023451339	0.022223535	0.078967823	0.016595186	0.019182428
-2.58458458	0.013567211	0.023774870	0.022538766	0.079878858	0.016809565	0.019423656
-2.57757758	0.013785471	0.024103280	0.022858877	0.080800551	0.017027092	0.019668375
-2.57057057	0.014007476	0.024436648	0.023183950	0.081733029	0.017247817	0.019916644
-2.56356356	0.014233298	0.024775059	0.023514070	0.082676418	0.017471796	0.020168521
-2.55655656	0.014463004	0.025118594	0.023849324	0.083630846	0.017699083	0.020424069
-2.54954955	0.014696669	0.025467341	0.024189801	0.084596443	0.017929734	0.020683348
-2.54254254	0.014934365	0.025821386	0.024535590	0.085573341	0.018163806	0.020946422
-2.53553554	0.015176168	0.026180819	0.024886784	0.086561671	0.018401357	0.021213357
-2.52852853	0.015422153	0.026545728	0.025243476	0.087561567	0.018642447	0.021484216
-2.52152152	0.015672398	0.026916207	0.025605762	0.088573166	0.018887135	0.021759068
-2.51451451	0.015926984	0.027292350	0.025973739	0.089596604	0.019135483	0.022037981
-2.50750751	0.016185992	0.027674251	0.026347506	0.090632018	0.019387555	0.022321024
-2.50050050	0.016449504	0.028062009	0.026727165	0.091679550	0.019643414	0.022608269
-2.49349349	0.016717604	0.028455723	0.027112818	0.092739339	0.019903126	0.022899788
-2.48648649	0.016990380	0.028855493	0.027504571	0.093811530	0.020166756	0.023195655
-2.47947948	0.017267920	0.029261422	0.027902532	0.094896265	0.020434374	0.023495946
-2.47247247	0.017550312	0.029673617	0.028306808	0.095993691	0.020706048	0.023800738
-2.46546547	0.017837650	0.030092182	0.028717513	0.097103955	0.020981849	0.024110108
-2.45845846	0.018130026	0.030517229	0.029134760	0.098227205	0.021261848	0.024424138
-2.45145145	0.018427537	0.030948866	0.029558665	0.099363592	0.021546121	0.024742908
-2.44444444	0.018730280	0.031387209	0.029989345	0.100513268	0.021834740	0.025066503
-2.43743744	0.019038354	0.031832372	0.030426923	0.101676385	0.022127784	0.025395007
-2.43043043	0.019351862	0.032284472	0.030871521	0.102853098	0.022425330	0.025728508
-2.42342342	0.019670907	0.032743630	0.031323265	0.104043563	0.022727458	0.026067093
-2.41641642	0.019995595	0.033209967	0.031782283	0.105247938	0.023034248	0.026410854
-2.40940941	0.020326035	0.033683609	0.032248705	0.106466383	0.023345785	0.026759883
-2.40240240	0.020662338	0.034164681	0.032722666	0.107699058	0.023662152	0.027114273
-2.39539540	0.021004615	0.034653314	0.033204300	0.108946125	0.023983436	0.027474121
-2.38838839	0.021352984	0.035149639	0.033693748	0.110207748	0.024309725	0.027839525
-2.38138138	0.021707560	0.035653791	0.034191150	0.111484093	0.024641109	0.028210585
-2.37437437	0.022068466	0.036165907	0.034696651	0.112775326	0.024977680	0.028587404
-2.36736737	0.022435823	0.036686126	0.035210399	0.114081615	0.025319532	0.028970086
-2.36036036	0.022809757	0.037214591	0.035732545	0.115403130	0.025666760	0.029358738
-2.35335335	0.023190396	0.037751448	0.036263241	0.116740043	0.026019462	0.029753468
-2.34634635	0.023577871	0.038296844	0.036802646	0.118092527	0.026377738	0.030154388
-2.33933934	0.023972317	0.038850931	0.037350918	0.119460754	0.026741689	0.030561611
-2.33233233	0.024373870	0.039413862	0.037908222	0.120844902	0.027111420	0.030975253
-2.32532533	0.024782669	0.039985795	0.038474723	0.122245147	0.027487037	0.031395432
-2.31831832	0.025198857	0.040566891	0.039050593	0.123661668	0.027868648	0.031822270
-2.31131131	0.025622580	0.041157311	0.039636005	0.125094645	0.028256364	0.032255889
-2.30430430	0.026053987	0.041757224	0.040231136	0.126544260	0.028650298	0.032696417
-2.29729730	0.026493231	0.042366800	0.040836168	0.128010695	0.029050566	0.033143982
-2.29029029	0.026940467	0.042986211	0.041451286	0.129494134	0.029457285	0.033598715
-2.28328328	0.027395853	0.043615635	0.042076678	0.130994763	0.029870576	0.034060752
-2.27627628	0.027859554	0.044255252	0.042712537	0.132512770	0.030290563	0.034530228
-2.26926927	0.028331734	0.044905247	0.043359061	0.134048342	0.030717370	0.035007286
-2.26226226	0.028812564	0.045565806	0.044016449	0.135601669	0.031151127	0.035492068
-2.25525526	0.029302217	0.046237123	0.044684908	0.137172941	0.031591965	0.035984721
-2.24824825	0.029800870	0.046919392	0.045364647	0.138762352	0.032040018	0.036485395
-2.24124124	0.030308707	0.047612813	0.046055881	0.140370094	0.032495424	0.036994243
-2.23423423	0.030825911	0.048317590	0.046758827	0.141996362	0.032958321	0.037511421
-2.22722723	0.031352672	0.049033931	0.047473710	0.143641351	0.033428854	0.038037090
-2.22022022	0.031889186	0.049762046	0.048200757	0.145305259	0.033907169	0.038571413
-2.21321321	0.032435649	0.050502154	0.048940202	0.146988283	0.034393415	0.039114556
-2.20620621	0.032992265	0.051254475	0.049692283	0.148690623	0.034887746	0.039666692
-2.19919920	0.033559242	0.052019233	0.050457243	0.150412478	0.035390317	0.040227994
-2.19219219	0.034136791	0.052796660	0.051235331	0.152154049	0.035901289	0.040798641
-2.18518519	0.034725130	0.053586989	0.052026800	0.153915538	0.036420825	0.041378816
-2.17817818	0.035324481	0.054390461	0.052831910	0.155697149	0.036949093	0.041968705
-2.17117117	0.035935070	0.055207321	0.053650926	0.157499084	0.037486262	0.042568499
-2.16416416	0.036557131	0.056037817	0.054484118	0.159321549	0.038032507	0.043178395
-2.15715716	0.037190901	0.056882206	0.055331764	0.161164747	0.038588008	0.043798590
-2.15015015	0.037836622	0.057740746	0.056194147	0.163028886	0.039152947	0.044429290
-2.14314314	0.038494545	0.058613705	0.057071555	0.164914171	0.039727510	0.045070704
-2.13613614	0.039164924	0.059501353	0.057964283	0.166820810	0.040311890	0.045723044
-2.12912913	0.039848019	0.060403967	0.058872634	0.168749010	0.040906281	0.046386531
-2.12212212	0.040544096	0.061321831	0.059796915	0.170698978	0.041510883	0.047061386
-2.11511512	0.041253430	0.062255232	0.060737443	0.172670923	0.042125902	0.047747839
-2.10810811	0.041976298	0.063204466	0.061694539	0.174665054	0.042751546	0.048446125
-2.10110110	0.042712988	0.064169834	0.062668534	0.176681579	0.043388030	0.049156481
-2.09409409	0.043463791	0.065151644	0.063659762	0.178720706	0.044035572	0.049879154
-2.08708709	0.044229007	0.066150210	0.064668570	0.180782645	0.044694398	0.050614395
-2.08008008	0.045008943	0.067165852	0.065695308	0.182867604	0.045364736	0.051362458
-2.07307307	0.045803913	0.068198898	0.066740336	0.184975791	0.046046822	0.052123608
-2.06606607	0.046614238	0.069249683	0.067804022	0.187107415	0.046740895	0.052898113
-2.05905906	0.047440247	0.070318549	0.068886742	0.189262683	0.047447203	0.053686248
-2.05205205	0.048282277	0.071405844	0.069988880	0.191441804	0.048165997	0.054488294
-2.04504505	0.049140674	0.072511926	0.071110829	0.193644982	0.048897534	0.055304540
-2.03803804	0.050015790	0.073637158	0.072252991	0.195872426	0.049642079	0.056135280
-2.03103103	0.050907988	0.074781913	0.073415777	0.198124339	0.050399903	0.056980817
-2.02402402	0.051817638	0.075946571	0.074599606	0.200400926	0.051171281	0.057841459
-2.01701702	0.052745120	0.077131521	0.075804908	0.202702389	0.051956498	0.058717524
-2.01001001	0.053690823	0.078337158	0.077032123	0.205028932	0.052755843	0.059609335
-2.00300300	0.054655144	0.079563890	0.078281700	0.207380754	0.053569613	0.060517223
-1.99599600	0.055638493	0.080812129	0.079554097	0.209758054	0.054398114	0.061441530
-1.98898899	0.056641286	0.082082299	0.080849784	0.212161030	0.055241657	0.062382602
-1.98198198	0.057663953	0.083374832	0.082169241	0.214589876	0.056100560	0.063340796
-1.97497497	0.058706932	0.084690171	0.083512961	0.217044788	0.056975152	0.064316478
-1.96796797	0.059770672	0.086028767	0.084881444	0.219525956	0.057865767	0.065310020
-1.96096096	0.060855635	0.087391081	0.086275205	0.222033568	0.058772749	0.066321805
-1.95395395	0.061962291	0.088777585	0.087694768	0.224567813	0.059696449	0.067352227
-1.94694695	0.063091126	0.090188760	0.089140672	0.227128872	0.060637228	0.068401685
-1.93993994	0.064242634	0.091625100	0.090613465	0.229716928	0.061595454	0.069470593
-1.93293293	0.065417324	0.093087106	0.092113710	0.232332159	0.062571507	0.070559371
-1.92592593	0.066615716	0.094575293	0.093641981	0.234974738	0.063565774	0.071668451
-1.91891892	0.067838345	0.096090188	0.095198866	0.237644837	0.064578653	0.072798276
-1.91191191	0.069085756	0.097632326	0.096784966	0.240342624	0.065610550	0.073949299
-1.90490490	0.070358512	0.099202257	0.098400896	0.243068261	0.066661884	0.075121984
-1.89789790	0.071657186	0.100800542	0.100047285	0.245821909	0.067733082	0.076316808
-1.89089089	0.072982368	0.102427754	0.101724776	0.248603721	0.068824583	0.077534257
-1.88388388	0.074334663	0.104084479	0.103434027	0.251413848	0.069936837	0.078774833
-1.87687688	0.075714689	0.105771316	0.105175710	0.254252436	0.071070305	0.080039046
-1.86986987	0.077123081	0.107488878	0.106950513	0.257119623	0.072225459	0.081327422
-1.86286286	0.078560491	0.109237790	0.108759141	0.260015546	0.073402785	0.082640499
-1.85585586	0.080027587	0.111018691	0.110602311	0.262940332	0.074602779	0.083978828
-1.84884885	0.081525052	0.112832236	0.112480762	0.265894105	0.075825952	0.085342973
-1.84184184	0.083053589	0.114679092	0.114395244	0.268876981	0.077072825	0.086733515
-1.83483483	0.084613917	0.116559943	0.116346529	0.271889071	0.078343936	0.088151046
-1.82782783	0.086206774	0.118475486	0.118335401	0.274930476	0.079639833	0.089596176
-1.82082082	0.087832918	0.120426435	0.120362668	0.278001292	0.080961081	0.091069527
-1.81381381	0.089493125	0.122413519	0.122429150	0.281101609	0.082308258	0.092571739
-1.80680681	0.091188191	0.124437483	0.124535691	0.284231506	0.083681958	0.094103469
-1.79979980	0.092918932	0.126499089	0.126683149	0.287391054	0.085082789	0.095665386
-1.79279279	0.094686185	0.128599115	0.128872406	0.290580318	0.086511376	0.097258181
-1.78578579	0.096490810	0.130738358	0.131104359	0.293799352	0.087968359	0.098882560
-1.77877878	0.098333687	0.132917630	0.133379929	0.297048201	0.089454396	0.100539245
-1.77177177	0.100215719	0.135137762	0.135700055	0.300326899	0.090970161	0.102228981
-1.76476476	0.102137834	0.137399603	0.138065698	0.303635472	0.092516346	0.103952527
-1.75775776	0.104100981	0.139704022	0.140477840	0.306973935	0.094093662	0.105710664
-1.75075075	0.106106135	0.142051906	0.142937485	0.310342292	0.095702836	0.107504191
-1.74374374	0.108154296	0.144444160	0.145445659	0.313740534	0.097344617	0.109333930
-1.73673674	0.110246489	0.146881712	0.148003409	0.317168642	0.099019772	0.111200719
-1.72972973	0.112383767	0.149365506	0.150611807	0.320626584	0.100729089	0.113105423
-1.72272272	0.114567207	0.151896511	0.153271947	0.324114316	0.102473375	0.115048924
-1.71571572	0.116797916	0.154475713	0.155984947	0.327631781	0.104253461	0.117032129
-1.70870871	0.119077029	0.157104123	0.158751950	0.331178907	0.106070198	0.119055967
-1.70170170	0.121405709	0.159782771	0.161574122	0.334755609	0.107924460	0.121121390
-1.69469469	0.123785151	0.162512709	0.164452655	0.338361787	0.109817143	0.123229376
-1.68768769	0.126216577	0.165295015	0.167388766	0.341997327	0.111749169	0.125380926
-1.68068068	0.128701244	0.168130786	0.170383697	0.345662099	0.113721484	0.127577066
-1.67367367	0.131240439	0.171021145	0.173438716	0.349355955	0.115735056	0.129818850
-1.66666667	0.133835482	0.173967237	0.176555118	0.353078733	0.117790882	0.132107356
-1.65965966	0.136487726	0.176970232	0.179734226	0.356830253	0.119889986	0.134443690
-1.65265265	0.139198559	0.180031325	0.182977387	0.360610317	0.122033415	0.136828988
-1.64564565	0.141969405	0.183151736	0.186285978	0.364418709	0.124222249	0.139264410
-1.63863864	0.144801722	0.186332709	0.189661403	0.368255195	0.126457593	0.141751150
-1.63163163	0.147697006	0.189575515	0.193105092	0.372119521	0.128740582	0.144290429
-1.62462462	0.150656791	0.192881451	0.196618507	0.376011412	0.131072383	0.146883500
-1.61761762	0.153682647	0.196251840	0.200203136	0.379930576	0.133454193	0.149531644
-1.61061061	0.156776186	0.199688031	0.203860496	0.383876696	0.135887240	0.152236179
-1.60360360	0.159939058	0.203191403	0.207592134	0.387849436	0.138372786	0.154998451
-1.59659660	0.163172955	0.206763360	0.211399624	0.391848437	0.140912126	0.157819844
-1.58958959	0.166479611	0.210405334	0.215284573	0.395873317	0.143506588	0.160701771
-1.58258258	0.169860800	0.214118787	0.219248613	0.399923671	0.146157539	0.163645683
-1.57557558	0.173318342	0.217905207	0.223293409	0.403999071	0.148866378	0.166653067
-1.56856857	0.176854100	0.221766112	0.227420653	0.408099061	0.151634543	0.169725445
-1.56156156	0.180469983	0.225703048	0.231632069	0.412223163	0.154463512	0.172864376
-1.55455455	0.184167943	0.229717593	0.235929408	0.416370873	0.157354798	0.176071458
-1.54754755	0.187949981	0.233811350	0.240314451	0.420541660	0.160309957	0.179348326
-1.54054054	0.191818144	0.237985955	0.244789010	0.424734964	0.163330586	0.182696655
-1.53353353	0.195774528	0.242243071	0.249354923	0.428950200	0.166418321	0.186118161
-1.52652653	0.199821277	0.246584392	0.254014060	0.433186754	0.169574845	0.189614599
-1.51951952	0.203960584	0.251011643	0.258768315	0.437443982	0.172801883	0.193187767
-1.51251251	0.208194692	0.255526576	0.263619614	0.441721212	0.176101204	0.196839505
-1.50550551	0.212525896	0.260130975	0.268569908	0.446017740	0.179474626	0.200571694
-1.49849850	0.216956540	0.264826651	0.273621174	0.450332833	0.182924010	0.204386262
-1.49149149	0.221489021	0.269615447	0.278775419	0.454665725	0.186451270	0.208285178
-1.48448448	0.226125789	0.274499235	0.284034669	0.459015619	0.190058366	0.212270457
-1.47747748	0.230869343	0.279479914	0.289400981	0.463381686	0.193747309	0.216344162
-1.47047047	0.235722239	0.284559412	0.294876430	0.467763063	0.197520162	0.220508397
-1.46346346	0.240687084	0.289739688	0.300463115	0.472158852	0.201379040	0.224765317
-1.45645646	0.245766538	0.295022725	0.306163157	0.476568122	0.205326112	0.229117122
-1.44944945	0.250963315	0.300410536	0.311978696	0.480989907	0.209363600	0.233566060
-1.44244244	0.256280182	0.305905157	0.317911887	0.485423206	0.213493784	0.238114429
-1.43543544	0.261719960	0.311508652	0.323964905	0.489866981	0.217718999	0.242764572
-1.42842843	0.267285521	0.317223110	0.330139938	0.494320158	0.222041638	0.247518882
-1.42142142	0.272979790	0.323050643	0.336439185	0.498781625	0.226464152	0.252379804
-1.41441441	0.278805747	0.328993384	0.342864857	0.503250234	0.230989054	0.257349827
-1.40740741	0.284766418	0.335053489	0.349419170	0.507724799	0.235618913	0.262431493
-1.40040040	0.290864884	0.341233133	0.356104348	0.512204093	0.240356365	0.267627393
-1.39339339	0.297104273	0.347534509	0.362922614	0.516686852	0.245204102	0.272940165
-1.38638639	0.303487760	0.353959829	0.369876192	0.521171774	0.250164885	0.278372498
-1.37937938	0.310018570	0.360511315	0.376967300	0.525657516	0.255241534	0.283927129
-1.37237237	0.316699969	0.367191205	0.384198149	0.530142693	0.260436936	0.289606843
-1.36536537	0.323535269	0.374001746	0.391570937	0.534625883	0.265754041	0.295414474
-1.35835836	0.330527820	0.380945192	0.399087848	0.539105621	0.271195868	0.301352903
-1.35135135	0.337681012	0.388023803	0.406751041	0.543580403	0.276765497	0.307425054
-1.34434434	0.344998270	0.395239840	0.414562655	0.548048683	0.282466077	0.313633901
-1.33733734	0.352483049	0.402595564	0.422524794	0.552508872	0.288300824	0.319982458
-1.33033033	0.360138836	0.410093230	0.430639527	0.556959343	0.294273018	0.326473784
-1.32332332	0.367969140	0.417735085	0.438908882	0.561398424	0.300386007	0.333110978
-1.31631632	0.375977490	0.425523362	0.447334839	0.565824404	0.306643205	0.339897177
-1.30930931	0.384167433	0.433460279	0.455919320	0.570235528	0.313048090	0.346835558
-1.30230230	0.392542523	0.441548032	0.464664189	0.574630002	0.319604208	0.353929330
-1.29529530	0.401106321	0.449788789	0.473571237	0.579005989	0.326315166	0.361181735
-1.28828829	0.409862384	0.458184687	0.482642180	0.583361609	0.333184635	0.368596043
-1.28128128	0.418814262	0.466737823	0.491878646	0.587694944	0.340216351	0.376175551
-1.27427427	0.427965488	0.475450253	0.501282170	0.592004033	0.347414106	0.383923579
-1.26726727	0.437319571	0.484323978	0.510854182	0.596286875	0.354781752	0.391843462
-1.26026026	0.446879985	0.493360945	0.520595996	0.600541427	0.362323200	0.399938551
-1.25325325	0.456650166	0.502563032	0.530508803	0.604765608	0.370042411	0.408212206
-1.24624625	0.466633492	0.511932044	0.540593658	0.608957297	0.377943400	0.416667790
-1.23923924	0.476833281	0.521469705	0.550851466	0.613114334	0.386030228	0.425308664
-1.23223223	0.487252774	0.531177646	0.561282976	0.617234519	0.394307000	0.434138181
-1.22522523	0.497895123	0.541057397	0.571888759	0.621315617	0.402777863	0.443159677
-1.21821822	0.508763378	0.551110375	0.582669205	0.625355355	0.411446997	0.452376468
-1.21121121	0.519860475	0.561337877	0.593624499	0.629351423	0.420318614	0.461791838
-1.20420420	0.531189216	0.571741063	0.604754614	0.633301476	0.429396949	0.471409032
-1.19719720	0.542752252	0.582320948	0.616059289	0.637203136	0.438686255	0.481231246
-1.19019019	0.554552071	0.593078387	0.627538018	0.641053991	0.448190799	0.491261618
-1.18318318	0.566590974	0.604014060	0.639190032	0.644851597	0.457914846	0.501503217
-1.17617618	0.578871056	0.615128462	0.651014277	0.648593478	0.467862660	0.511959029
-1.16916917	0.591394187	0.626421884	0.663009405	0.652277131	0.478038489	0.522631950
-1.16216216	0.604161985	0.637894395	0.675173744	0.655900022	0.488446555	0.533524766
-1.15515516	0.617175798	0.649545833	0.687505288	0.659459593	0.499091047	0.544640144
-1.14814815	0.630436672	0.661375778	0.700001671	0.662953258	0.509976103	0.555980613
-1.14114114	0.643945332	0.673383540	0.712660148	0.666378410	0.521105801	0.567548551
-1.13413413	0.657702148	0.685568137	0.725477574	0.669732419	0.532484146	0.579346166
-1.12712713	0.671707108	0.697928274	0.738450382	0.673012635	0.544115048	0.591375478
-1.12012012	0.685959788	0.710462324	0.751574559	0.676216391	0.556002314	0.603638299
-1.11311311	0.700459317	0.723168304	0.764845622	0.679341002	0.568149622	0.616136213
-1.10610611	0.715204347	0.736043853	0.778258599	0.682383771	0.580560508	0.628870553
-1.09909910	0.730193016	0.749086205	0.791807999	0.685341989	0.593238341	0.641842379
-1.09209209	0.745422909	0.762292170	0.805487789	0.688212936	0.606186305	0.655052452
-1.08508509	0.760891026	0.775658103	0.819291373	0.690993887	0.619407368	0.668501210
-1.07807808	0.776593735	0.789179878	0.833211562	0.693682111	0.632904265	0.682188739
-1.07107107	0.792526738	0.802852861	0.847240550	0.696274876	0.646679463	0.696114746
-1.06406406	0.808685025	0.816671885	0.861369889	0.698769449	0.660735138	0.710278527
-1.05705706	0.825062830	0.830631212	0.875590464	0.701163102	0.675073140	0.724678935
-1.05005005	0.841653591	0.844724513	0.889892464	0.703453112	0.689694959	0.739314350
-1.04304304	0.858449898	0.858944828	0.904265364	0.705636767	0.704601695	0.754182640
-1.03603604	0.875443454	0.873284543	0.918697892	0.707711364	0.719794014	0.769281129
-1.02902903	0.892625020	0.887735348	0.933178011	0.709674218	0.735272115	0.784606557
-1.02202202	0.909984373	0.902288214	0.947692892	0.711522662	0.751035681	0.800155041
-1.01501502	0.927510256	0.916933354	0.962228891	0.713254048	0.767083841	0.815922033
-1.00800801	0.945190328	0.931660190	0.976771530	0.714865755	0.783415122	0.831902282
-1.00100100	0.963011117	0.946457321	0.991305475	0.716355191	0.800027397	0.848089785
-0.99399399	0.980957970	0.961312490	1.005814516	0.717719795	0.816917836	0.864477746
-0.98698699	0.999015010	0.976212546	1.020281550	0.718957039	0.834082852	0.881058531
-0.97997998	1.017165083	0.991143416	1.034688567	0.720064437	0.851518044	0.897823613
-0.97297297	1.035389717	1.006090069	1.049016635	0.721039545	0.869218138	0.914763533
-0.96596597	1.053669077	1.021036484	1.063245891	0.721879963	0.887176927	0.931867845
-0.95895896	1.071981922	1.035965619	1.077355530	0.722583343	0.905387205	0.949125065
-0.95195195	1.090305567	1.050859382	1.091323801	0.723147390	0.923840703	0.966522626
-0.94494494	1.108615848	1.065698602	1.105128009	0.723569866	0.942528017	0.984046820
-0.93793794	1.126887088	1.080463000	1.118744509	0.723848595	0.961438544	1.001682748
-0.93093093	1.145092067	1.095131169	1.132148720	0.723981467	0.980560404	1.019414273
-0.92392392	1.163202001	1.109680546	1.145315128	0.723966440	0.999880367	1.037223962
-0.91691692	1.181186523	1.124087399	1.158217305	0.723801545	1.019383779	1.055093043
-0.90990991	1.199013668	1.138326804	1.170827929	0.723484889	1.039054483	1.073001346
-0.90290290	1.216649871	1.152372639	1.183118806	0.723014663	1.058874744	1.090927264
-0.89589590	1.234059963	1.166197573	1.195060901	0.722389140	1.078825167	1.108847700
-0.88888889	1.251207187	1.179773062	1.206624377	0.721606683	1.098884618	1.126738028
-0.88188188	1.268053211	1.193069351	1.217778638	0.720665746	1.119030152	1.144572046
-0.87487487	1.284558157	1.206055484	1.228492374	0.719564883	1.139236926	1.162321942
-0.86786787	1.300680641	1.218699314	1.238733623	0.718302743	1.159478130	1.179958257
-0.86086086	1.316377820	1.230967525	1.248469834	0.716878083	1.179724909	1.197449859
-0.85385385	1.331605451	1.242825663	1.257667934	0.715289766	1.199946296	1.214763913
-0.84684685	1.346317969	1.254238167	1.266294414	0.713536767	1.220109137	1.231865866
-0.83983984	1.360468569	1.265168416	1.274315411	0.711618176	1.240178035	1.248719433
-0.83283283	1.374009306	1.275578787	1.281696807	0.709533199	1.260115287	1.265286594
-0.82582583	1.386891215	1.285430713	1.288404331	0.707281168	1.279880837	1.281527593
-0.81881882	1.399064431	1.294684760	1.294403671	0.704861536	1.299432225	1.297400957
-0.81181181	1.410478342	1.303300715	1.299660599	0.702273885	1.318724562	1.312863512
-0.80480480	1.421081746	1.311237683	1.304141095	0.699517931	1.337710493	1.327870418
-0.79779780	1.430823027	1.318454193	1.307811487	0.696593522	1.356340195	1.342375216
-0.79079079	1.439650351	1.324908327	1.310638600	0.693500642	1.374561364	1.356329884
-0.78378378	1.447511871	1.330557852	1.312589906	0.690239417	1.392319237	1.369684907
-0.77677678	1.454355958	1.335360373	1.313633688	0.686810114	1.409556617	1.382389366
-0.76976977	1.460131438	1.339273494	1.313739210	0.683213144	1.426213918	1.394391035
-0.76276276	1.464787850	1.342255000	1.312876890	0.679449066	1.442229231	1.405636504
-0.75575576	1.468275725	1.344263048	1.311018490	0.675518587	1.457538411	1.416071310
-0.74874875	1.470546863	1.345256376	1.308137293	0.671422565	1.472075181	1.425640094
-0.74174174	1.471554643	1.345194528	1.304208307	0.667162008	1.485771270	1.434286772
-0.73473473	1.471254333	1.344038085	1.299208456	0.662738080	1.498556564	1.441954727
-0.72772773	1.469603411	1.341748922	1.293116782	0.658152098	1.510359294	1.448587024
-0.72072072	1.466561907	1.338290472	1.285914645	0.653405537	1.521106253	1.454126641
-0.71371371	1.462092737	1.333628001	1.277585930	0.648500024	1.530723035	1.458516727
-0.70670671	1.456162055	1.327728900	1.268117242	0.643437348	1.539134316	1.461700880
-0.69969970	1.448739606	1.320562987	1.257498115	0.638219451	1.546264163	1.463623442
-0.69269269	1.439799076	1.312102815	1.245721201	0.632848433	1.552036381	1.464229824
-0.68568569	1.429318443	1.302323992	1.232782462	0.627326554	1.556374888	1.463466846
-0.67867868	1.417280328	1.291205508	1.218681360	0.621656225	1.559204139	1.461283100
-0.67167167	1.403672330	1.278730059	1.203421024	0.615840017	1.560449577	1.457629339
-0.66466466	1.388487358	1.264884383	1.187008423	0.609880654	1.560038124	1.452458872
-0.65765766	1.371723948	1.249659589	1.169454510	0.603781013	1.557898709	1.445727993
-0.65065065	1.353386557	1.233051483	1.150774367	0.597544123	1.553962838	1.437396416
-0.64364364	1.333485842	1.215060888	1.130987324	0.591173163	1.548165192	1.427427728
-0.63663664	1.312038910	1.195693958	1.110117059	0.584671459	1.540444262	1.415789853
-0.62962963	1.289069541	1.174962467	1.088191682	0.578042482	1.530743025	1.402455531
-0.62262262	1.264608380	1.152884096	1.065243798	0.571289849	1.519009636	1.387402796
-0.61561562	1.238693087	1.129482683	1.041310535	0.564417311	1.505198161	1.370615463
-0.60860861	1.211368451	1.104788458	1.016433558	0.557428761	1.489269327	1.352083615
-0.60160160	1.182686459	1.078838243	0.990659050	0.550328220	1.471191291	1.331804081
-0.59459459	1.152706314	1.051675614	0.964037657	0.543119842	1.450940433	1.309780905
-0.58758759	1.121494408	1.023351029	0.936624413	0.535807904	1.428502144	1.286025811
-0.58058058	1.089124233	0.993921910	0.908478623	0.528396804	1.403871628	1.260558630
-0.57357357	1.055676238	0.963452671	0.879663719	0.520891055	1.377054690	1.233407719
-0.56656657	1.021237626	0.932014697	0.850247074	0.513295283	1.348068518	1.204610337
-0.55955956	0.985902092	0.899686263	0.820299785	0.505614220	1.316942437	1.174212985
-0.55255255	0.949769485	0.866552388	0.789896421	0.497852697	1.283718625	1.142271701
-0.54554555	0.912945421	0.832704627	0.759114731	0.490015641	1.248452793	1.108852301
-0.53853854	0.875540814	0.798240790	0.728035320	0.482108069	1.211214797	1.074030558
-0.53153153	0.837671354	0.763264583	0.696741284	0.474135080	1.172089182	1.037892314
-0.52452452	0.799456911	0.727885180	0.665317821	0.466101850	1.131175636	1.000533513
-0.51751752	0.761020878	0.692216711	0.633851793	0.458013626	1.088589340	0.962060146
-0.51051051	0.722489452	0.656377674	0.602431275	0.449875720	1.044461199	0.922588113
-0.50350350	0.683990854	0.620490262	0.571145057	0.441693498	0.998937925	0.882242967
-0.49649650	0.645654496	0.584679616	0.540082132	0.433472377	0.952181968	0.841159562
-0.48948949	0.607610097	0.549072994	0.509331152	0.425217819	0.904371257	0.799481572
-0.48248248	0.569986753	0.513798864	0.478979870	0.416935317	0.855698751	0.757360898
-0.47547548	0.532911973	0.478985930	0.449114557	0.408630397	0.806371747	0.714956929
-0.46846847	0.496510676	0.444762085	0.419819414	0.400308600	0.756610963	0.672435674
-0.46146146	0.460904176	0.411253302	0.391175972	0.391975484	0.706649330	0.629968751
-0.45445445	0.426209153	0.378582479	0.363262489	0.383636610	0.656730509	0.587732220
-0.44744745	0.392536614	0.346868231	0.336153350	0.375297536	0.607107087	0.545905281
-0.44044044	0.359990877	0.316223657	0.309918477	0.366963809	0.558038449	0.504668806
-0.43343343	0.328668572	0.286755086	0.284622750	0.358640959	0.509788297	0.464203737
-0.42642643	0.298657675	0.258560813	0.260325454	0.350334487	0.462621815	0.424689323
-0.41941942	0.270036601	0.231729860	0.237079751	0.342049861	0.416802472	0.386301231
-0.41241241	0.242873354	0.206340762	0.214932186	0.333792505	0.372588452	0.349209522
-0.40540541	0.217224770	0.182460406	0.193922240	0.325567794	0.330228744	0.313576507
-0.39839840	0.193135845	0.160142961	0.174081934	0.317381044	0.289958888	0.279554515
-0.39139139	0.170639185	0.139428900	0.155435487	0.309237504	0.251996447	0.247283581
-0.38438438	0.149754586	0.120344167	0.137999045	0.301142351	0.216536229	0.216889097
-0.37737738	0.130488760	0.102899509	0.121780486	0.293100678	0.183745377	0.188479454
-0.37037037	0.112835225	0.087090006	0.106779303	0.285117492	0.153758421	0.162143731
-0.36336336	0.096774366	0.072894834	0.092986584	0.277197700	0.126672445	0.137949485
-0.35635636	0.082273697	0.060277304	0.080385083	0.269346109	0.102542579	0.115940710
-0.34934935	0.069288313	0.049185196	0.068949403	0.261567414	0.081378043	0.096136047
-0.34234234	0.057761560	0.039551429	0.058646282	0.253866191	0.063139060	0.078527345
-0.33533534	0.047625909	0.031295095	0.049434999	0.246246894	0.047734977	0.063078670
-0.32832833	0.038804049	0.024322864	0.041267891	0.238713846	0.035024022	0.049725895
-0.32132132	0.031210178	0.018530782	0.034090993	0.231271232	0.024815110	0.038376994
-0.31431431	0.024751493	0.013806440	0.027844790	0.223923095	0.016872162	0.028913177
-0.30730731	0.019329843	0.010031493	0.022465074	0.216673331	0.010921305	0.021190991
-0.30030030	0.014843526	0.007084479	0.017883914	0.209525679	0.006661198	0.015045504
-0.29329329	0.011189183	0.004843846	0.014030698	0.202483722	0.003776434	0.010294630
-0.28628629	0.008263749	0.003191084	0.010833256	0.195550877	0.001953546	0.006744612
-0.27927928	0.005966391	0.002013816	0.008219024	0.188730394	0.000898508	0.004196566
-0.27227227	0.004200378	0.001208666	0.006116231	0.182025351	0.000353840	0.002453848
-0.26526527	0.002874809	0.000683716	0.004455065	0.175438648	0.000112641	0.001329852
-0.25825826	0.001906116	0.000360357	0.003168804	0.168973005	0.000026397	0.000655627
-0.25125125	0.001219286	0.000174339	0.002194840	0.162630962	0.000003858	0.000286524
-0.24424424	0.000748730	0.000075902	0.001475586	0.156414870	0.000000252	0.000106939
-0.23723724	0.000438747	0.000028945	0.000959210	0.150326893	0.000000003	0.000032227
-0.23023023	0.000243562	0.000009308	0.000600158	0.144369006	0.000000000	0.000007169
-0.22322322	0.000126944	0.000002387	0.000359445	0.138542992	0.000000000	0.000001008
-0.21621622	0.000061425	0.000000448	0.000204700	0.132850438	0.000000000	0.000000066
-0.20920921	0.000027203	0.000000054	0.000109939	0.127292742	0.000000000	0.000000001
-0.20220220	0.000010824	0.000000003	0.000055118	0.121871105	0.000000000	0.000000000
-0.19519520	0.000003776	0.000000000	0.000025463	0.116586534	0.000000000	0.000000000
-0.18818819	0.000001117	0.000000000	0.000010660	0.111439842	0.000000000	0.000000000
-0.18118118	0.000000268	0.000000000	0.000003956	0.106431650	0.000000000	0.000000000
-0.17417417	0.000000048	0.000000000	0.000001264	0.101562386	0.000000000	0.000000000
-0.16716717	0.000000006	0.000000000	0.000000333	0.096832289	0.000000000	0.000000000
-0.16016016	0.000000000	0.000000000	0.000000068	0.092241408	0.000000000	0.000000000
-0.15315315	0.000000000	0.000000000	0.000000010	0.087789608	0.000000000	0.000000000
-0.14614615	0.000000000	0.000000000	0.000000001	0.083476569	0.000000000	0.000000000
-0.13913914	0.000000000	0.000000000	0.000000000	0.079301792	0.000000000	0.000000000
-0.13213213	0.000000000	0.000000000	0.000000000	0.075264601	0.000000000	0.000000000
-0.12512513	0.000000000	0.000000000	0.000000000	0.071364148	0.000000000	0.000000000
-0.11811812	0.000000000	0.000000000	0.000000000	0.067599417	0.000000000	0.000000000
-0.11111111	0.000000000	0.000000000	0.000000000	0.063969227	0.000000000	0.000000000
-0.10410410	0.000000000	0.000000000	0.000000000	0.060472238	0.000000000	0.000000000
-0.09709710	0.000000000	0.000000000	0.000000000	0.057106958	0.000000000	0.000000000
-0.09009009	0.000000000	0.000000000	0.000000000	0.053871745	0.000000000	0.000000000
-0.08308308	0.000000000	0.000000000	0.000000000	0.050764817	0.000000000	0.000000000
-0.07607608	0.000000000	0.000000000	0.000000000	0.047784253	0.000000000	0.000000000
-0.06906907	0.000000000	0.000000000	0.000000000	0.044928005	0.000000000	0.000000000
-0.06206206	0.000000000	0.000000000	0.000000000	0.042193901	0.000000000	0.000000000
-0.05505506	0.000000000	0.000000000	0.000000000	0.039579651	0.000000000	0.000000000
-0.04804805	0.000000000	0.000000000	0.000000000	0.037082859	0.000000000	0.000000000
-0.04104104	0.000000000	0.000000000	0.000000000	0.034701025	0.000000000	0.000000000
-0.03403403	0.000000000	0.000000000	0.000000000	0.032431555	0.000000000	0.000000000
-0.02702703	0.000000000	0.000000000	0.000000000	0.030271767	0.000000000	0.000000000
-0.02002002	0.000000000	0.000000000	0.000000000	0.028218902	0.000000000	0.000000000
-0.01301301	0.000000000	0.000000000	0.000000000	0.026270128	0.000000000	0.000000000
-0.00600601	0.000000000	0.000000000	0.000000000	0.024422548	0.000000000	0.000000000
0.00100100	0.000000000	0.000000000	0.000000000	0.022673213	0.000000000	0.000000000
0.00800801	0.000000000	0.000000000	0.000000000	0.021019122	0.000000000	0.000000000
0.01501502	0.000000000	0.000000000	0.000000000	0.019457237	0.000000000	0.000000000
0.02202202	0.000000000	0.000000000	0.000000000	0.017984488	0.000000000	0.000000000
0.02902903	0.000000000	0.000000000	0.000000000	0.016597778	0.000000000	0.000000000
0.03603604	0.000000000	0.000000000	0.000000000	0.015293998	0.000000000	0.000000000
0.04304304	0.000000000	0.000000000	0.000000000	0.014070026	0.000000000	0.000000000
0.05005005	0.000000000	0.000000000	0.000000000	0.012922742	0.000000000	0.000000000
0.05705706	0.000000000	0.000000000	0.000000000	0.011849031	0.000000000	0.000000000
0.06406406	0.000000000	0.000000000	0.000000000	0.010845793	0.000000000	0.000000000
0.07107107	0.000000000	0.000000000	0.000000000	0.009909946	0.000000000	0.000000000
0.07807808	0.000000000	0.000000000	0.000000000	0.009038439	0.000000000	0.000000000
0.08508509	0.000000000	0.000000000	0.000000000	0.008228251	0.000000000	0.000000000
0.09209209	0.000000000	0.000000000	0.000000000	0.007476406	0.000000000	0.000000000
0.09909910	0.000000000	0.000000000	0.000000000	0.006779970	0.000000000	0.000000000
0.10610611	0.000000000	0.000000000	0.000000000	0.006136064	0.000000000	0.000000000
0.11311311	0.000000000	0.000000000	0.000000000	0.005541865	0.000000000	0.000000000
0.12012012	0.000000000	0.000000000	0.000000000	0.004994614	0.000000000	0.000000000
0.12712713	0.000000000	0.000000000	0.000000000	0.004491618	0.000000000	0.000000000
0.13413413	0.000000000	0.000000000	0.000000000	0.004030256	0.000000000	0.000000000
0.14114114	0.000000000	0.000000000	0.000000000	0.003607983	0.000000000	0.000000000
0.14814815	0.000000000	0.000000000	0.000000000	0.003222332	0.000000000	0.000000000
0.15515516	0.000000000	0.000000000	0.000000000	0.002870920	0.000000000	0.000000000
0.16216216	0.000000000	0.000000000	0.000000000	0.002551447	0.000000000	0.000000000
0.16916917	0.000000000	0.000000000	0.000000000	0.002261700	0.000000000	0.000000000
0.17617618	0.000000000	0.000000000	0.000000000	0.001999558	0.000000000	0.000000000
0.18318318	0.000000000	0.000000000	0.000000000	0.001762988	0.000000000	0.000000000
0.19019019	0.000000000	0.000000000	0.000000000	0.001550049	0.000000000	0.000000000
0.19719720	0.000000000	0.000000000	0.000000000	0.001358894	0.000000000	0.000000000
0.20420420	0.000000000	0.000000000	0.000000000	0.001187766	0.000000000	0.000000000
0.21121121	0.000000000	0.000000000	0.000000000	0.001035001	0.000000000	0.000000000
0.21821822	0.000000000	0.000000000	0.000000000	0.000899030	0.000000000	0.000000000
0.22522523	0.000000000	0.000000000	0.000000000	0.000778371	0.000000000	0.000000000
0.23223223	0.000000000	0.000000000	0.000000000	0.000671634	0.000000000	0.000000000
0.23923924	0.000000000	0.000000000	0.000000000	0.000577516	0.000000000	0.000000000
0.24624625	0.000000000	0.000000000	0.000000000	0.000494802	0.000000000	0.000000000
0.25325325	0.000000000	0.000000000	0.000000000	0.000422358	0.000000000	0.000000000
0.26026026	0.000000000	0.000000000	0.000000000	0.000359137	0.000000000	0.000000000
0.26726727	0.000000000	0.000000000	0.000000000	0.000304165	0.000000000	0.000000000
0.27427427	0.000000000	0.000000000	0.000000000	0.000256548	0.000000000	0.000000000
0.28128128	0.000000000	0.000000000	0.000000000	0.000215465	0.000000000	0.000000000
0.28828829	0.000000000	0.000000000	0.000000000	0.000180163	0.000000000	0.000000000
0.29529530	0.000000000	0.000000000	0.000000000	0.000149957	0.000000000	0.000000000
0.30230230	0.000000000	0.000000000	0.000000000	0.000124225	0.000000000	0.000000000
0.30930931	0.000000000	0.000000000	0.000000000	0.000102402	0.000000000	0.000000000
0.31631632	0.000000000	0.000000000	0.000000000	0.000083983	0.000000000	0.000000000
0.32332332	0.000000000	0.000000000	0.000000000	0.000068512	0.000000000	0.000000000
0.33033033	0.000000000	0.000000000	0.000000000	0.000055584	0.000000000	0.000000000
0.33733734	0.000000000	0.000000000	0.000000000	0.000044838	0.000000000	0.000000000
0.34434434	0.000000000	0.000000000	0.000000000	0.000035954	0.000000000	0.000000000
0.35135135	0.000000000	0.000000000	0.000000000	0.000028652	0.000000000	0.000000000
0.35835836	0.000000000	0.000000000	0.000000000	0.000022686	0.000000000	0.000000000
0.36536537	0.000000000	0.000000000	0.000000000	0.000017842	0.000000000	0.000000000
0.37237237	0.000000000	0.000000000	0.000000000	0.000013934	0.000000000	0.000000000
0.37937938	0.000000000	0.000000000	0.000000000	0.000010802	0.000000000	0.000000000
0.38638639	0.000000000	0.000000000	0.000000000	0.000008310	0.000000000	0.000000000
0.39339339	0.000000000	0.000000000	0.000000000	0.000006342	0.000000000	0.000000000
0.40040040	0.000000000	0.000000000	0.000000000	0.000004800	0.000000000	0.000000000
0.40740741	0.000000000	0.000000000	0.000000000	0.000003601	0.000000000	0.000000000
0.41441441	0.000000000	0.000000000	0.000000000	0.000002677	0.000000000	0.000000000
0.42142142	0.000000000	0.000000000	0.000000000	0.000001971	0.000000000	0.000000000
0.42842843	0.000000000	0.000000000	0.000000000	0.000001436	0.000000000	0.000000000
0.43543544	0.000000000	0.000000000	0.000000000	0.000001036	0.000000000	0.000000000
0.44244244	0.000000000	0.000000000	0.000000000	0.000000739	0.000000000	0.000000000
0.44944945	0.000000000	0.000000000	0.000000000	0.000000521	0.000000000	0.000000000
0.45645646	0.000000000	0.000000000	0.000000000	0.000000362	0.000000000	0.000000000
0.46346346	0.000000000	0.000000000	0.000000000	0.000000249	0.000000000	0.000000000
0.47047047	0.000000000	0.000000000	0.000000000	0.000000169	0.000000000	0.000000000
0.47747748	0.000000000	0.000000000	0.000000000	0.000000113	0.000000000	0.000000000
0.48448448	0.000000000	0.000000000	0.000000000	0.000000074	0.000000000	0.000000000
0.49149149	0.000000000	0.000000000	0.000000000	0.000000048	0.000000000	0.000000000
0.49849850	0.000000000	0.000000000	0.000000000	0.000000030	0.000000000	0.000000000
0.50550551	0.000000000	0.000000000	0.000000000	0.000000019	0.000000000	0.000000000
0.51251251	0.000000000	0.000000000	0.000000000	0.000000012	0.000000000	0.000000000
0.51951952	0.000000000	0.000000000	0.000000000	0.000000007	0.000000000	0.000000000
0.52652653	0.000000000	0.000000000	0.000000000	0.000000004	0.000000000	0.000000000
0.53353353	0.000000000	0.000000000	0.000000000	0.000000002	0.000000000	0.000000000
0.54054054	0.000000000	0.000000000	0.000000000	0.000000001	0.000000000	0.000000000
0.54754755	0.000000000	0.000000000	0.000000000	0.000000001	0.000000000	0.000000000
0.55455455	0.000000000	0.000000000	0.000000000	0.000000000	0.000000000	0.000000000
0.56156156	0.000000000	0.000000000	0.000000000	0.000000000	0.000000000	0.000000000
0.56856857	0.000000000	0.000000000	0.000000000	0.000000000	0.000000000	0.000000000
0.57557558	0.000000000	0.000000000	0.000000000	0.000000000	0.000000000	0.000000000
0.58258258	0.000000000	0.000000000	0.000000000	0.000000000	0.000000000	0.000000000
0.58958959	0.000000000	0.000000000	0.000000000	0.000000000	0.000000000	0.000000000
0.59659660	0.000000000	0.000000000	0.000000000	0.000000000	0.000000000	0.000000000
0.60360360	0.000000000	0.000000000	0.000000000	0.000000000	0.000000000	0.000000000
0.61061061	0.000000000	0.000000000	0.000000000	0.000000000	0.000000000	0.000000000
0.61761762	0.000000000	0.000000000	0.000000000	0.000000000	0.000000000	0.000000000
0.62462462	0.000000000	0.000000000	0.000000000	0.000000000	0.000000000	0.000000000
0.63163163	0.000000000	0.000000000	0.000000000	0.000000000	0.000000000	0.000000000
0.63863864	0.000000000	0.000000000	0.000000000	0.000000000	0.000000000	0.000000000
0.64564565	0.000000000	0.000000000	0.000000000	0.000000000	0.000000000	0.000000000
0.65265265	0.000000000	0.000000000	0.000000000	0.000000000	0.000000000	0.000000000
0.65965966	0.000000000	0.000000000	0.000000000	0.000000000	0.000000000	0.000000000
0.66666667	0.000000000	0.000000000	0.000000000	0.000000000	0.000000000	0.000000000
0.67367367	0.000000000	0.000000000	0.000000000	0.000000000	0.000000000	0.000000000
0.68068068	0.000000000	0.000000000	0.000000000	0.000000000	0.000000000	0.000000000
0.68768769	0.000000000	0.000000000	0.000000000	0.000000000	0.000000000	0.000000000
0.69469469	0.000000000	0.000000000	0.000000000	0.000000000	0.000000000	0.000000000
0.70170170	0.000000000	0.000000000	0.000000000	0.000000000	0.000000000	0.000000000
0.70870871	0.000000000	0.000000000	0.000000000	0.000000000	0.000000000	0.000000000
0.71571572	0.000000000	0.000000000	0.000000000	0.000000000	0.000000000	0.000000000
0.72272272	0.000000000	0.000000000	0.000000000	0.000000000	0.000000000	0.000000000
0.72972973	0.000000000	0.000000000	0.000000000	0.000000000	0.000000000	0.000000000
0.73673674	0.000000000	0.000000000	0.000000000	0.000000000	0.000000000	0.000000000
0.74374374	0.000000000	0.000000000	0.000000000	0.000000000	0.000000000	0.000000000
0.75075075	0.000000000	0.000000000	0.000000000	0.000000000	0.000000000	0.000000000
0.75775776	0.000000000	0.000000000	0.000000000	0.000000000	0.000000000	0.000000000
0.76476476	0.000000000	0.000000000	0.000000000	0.000000000	0.000000000	0.000000000
0.77177177	0.000000000	0.000000000	0.000000000	0.000000000	0.000000000	0.000000000
0.77877878	0.000000000	0.000000000	0.000000000	0.000000000	0.000000000	0.000000000
0.78578579	0.000000000	0.000000000	0.000000000	0.000000000	0.000000000	0.000000000
0.79279279	0.000000000	0.000000000	0.000000000	0.000000000	0.000000000	0.000000000
0.79979980	0.000000000	0.000000000	0.000000000	0.000000000	0.000000000	0.000000000
0.80680681	0.000000000	0.000000000	0.000000000	0.000000000	0.000000000	0.000000000
0.81381381	0.000000000	0.000000000	0.000000000	0.000000000	0.000000000	0.000000000
0.82082082	0.000000000	0.000000000	0.000000000	0.000000000	0.000000000	0.000000000
0.82782783	0.000000000	0.000000000	0.000000000	0.000000000	0.000000000	0.000000000
0.83483483	0.000000000	0.000000000	0.000000000	0.000000000	0.000000000	0.000000000
0.84184184	0.000000000	0.000000000	0.000000000	0.000000000	0.000000000	0.000000000
0.84884885	0.000000000	0.000000000	0.000000000	0.000000000	0.000000000	0.000000000
0.85585586	0.000000000	0.000000000	0.000000000	0.000000000	0.000000000	0.000000000
0.86286286	0.000000000	0.000000000	0.000000000	0.000000000	0.000000000	0.000000000
0.86986987	0.000000000	0.000000000	0.000000000	0.000000000	0.000000000	0.000000000
0.87687688	0.000000000	0.000000000	0.000000000	0.000000000	0.000000000	0.000000000
0.88388388	0.000000000	0.000000000	0.000000000	0.000000000	0.000000000	0.000000000
0.89089089	0.000000000	0.000000000	0.000000000	0.000000000	0.000000000	0.000000000
0.89789790	0.000000000	0.000000000	0.000000000	0.000000000	0.000000000	0.000000000
0.90490490	0.000000000	0.000000000	0.000000000	0.000000000	0.000000000	0.000000000
0.91191191	0.000000000	0.000000000	0.000000000	0.000000000	0.000000000	0.000000000
0.91891892	0.000000000	0.000000000	0.000000000	0.000000000	0.000000000	0.000000000
0.92592593	0.000000000	0.000000000	0.000000000	0.000000000	0.000000000	0.000000000
0.93293293	0.000000000	0.000000000	0.000000000	0.000000000	0.000000000	0.000000000
0.93993994	0.000000000	0.000000000	0.000000000	0.000000000	0.000000000	0.000000000
0.94694695	0.000000000	0.000000000	0.000000000	0.000000000	0.000000000	0.000000000
0.95395395	0.000000000	0.000000000	0.000000000	0.000000000	0.000000000	0.000000000
0.96096096	0.000000000	0.000000000	0.000000000	0.000000000	0.000000000	0.000000000
0.96796797	0.000000000	0.000000000	0.000000000	0.000000000	0.000000000	0.000000000
0.97497497	0.000000000	0.000000000	0.000000000	0.000000000	0.000000000	0.000000000
0.98198198	0.000000000	0.000000000	0.000000000	0.000000000	0.000000000	0.000000000
0.98898899	0.000000000	0.000000000	0.000000000	0.000000000	0.000000000	0.000000000
0.99599600	0.000000000	0.000000000	0.000000000	0.000000000	0.000000000	0.000000000
1.00300300	0.000000000	0.000000000	0.000000000	0.000000000	0.000000000	0.000000000
1.01001001	0.000000000	0.000000000	0.000000000	0.000000000	0.000000000	0.000000000
1.01701702	0.000000000	0.000000000	0.000000000	0.000000000	0.000000000	0.000000000
1.02402402	0.000000000	0.000000000	0.000000000	0.000000000	0.000000000	0.000000000
1.03103103	0.000000000	0.000000000	0.000000000	0.000000000	0.000000000	0.000000000
1.03803804	0.000000000	0.000000000	0.000000000	0.000000000	0.000000000	0.000000000
1.04504505	0.000000000	0.000000000	0.000000000	0.000000000	0.000000000	0.000000000
1.05205205	0.000000000	0.000000000	0.000000000	0.000000000	0.000000000	0.000000000
1.05905906	0.000000000	0.000000000	0.000000000	0.000000000	0.000000000	0.000000000
1.06606607	0.000000000	0.000000000	0.000000000	0.000000000	0.000000000	0.000000000
1.07307307	0.000000000	0.000000000	0.000000000	0.000000000	0.000000000	0.000000000
1.08008008	0.000000000	0.000000000	0.000000000	0.000000000	0.000000000	0.000000000
1.08708709	0.000000000	0.000000000	0.000000000	0.000000000	0.000000000	0.000000000
1.09409409	0.000000000	0.000000000	0.000000000	0.000000000	0.000000000	0.000000000
1.10110110	0.000000000	0.000000000	0.000000000	0.000000000	0.000000000	0.000000000
1.10810811	0.000000000	0.000000000	0.000000000	0.000000000	0.000000000	0.000000000
1.11511512	0.000000000	0.000000000	0.000000000	0.000000000	0.000000000	0.000000000
1.12212212	0.000000000	0.000000000	0.000000000	0.000000000	0.000000000	0.000000000
1.12912913	0.000000000	0.000000000	0.000000000	0.000000000	0.000000000	0.000000000
1.13613614	0.000000000	0.000000000	0.000000000	0.000000000	0.000000000	0.000000000
1.14314314	0.000000000	0.000000000	0.000000000	0.000000000	0.000000000	0.000000000
1.15015015	0.000000000	0.000000000	0.000000000	0.000000000	0.000000000	0.000000000
1.15715716	0.000000000	0.000000000	0.000000000	0.000000000	0.000000000	0.000000000
1.16416416	0.000000000	0.000000000	0.000000000	0.000000000	0.000000000	0.000000000
1.17117117	0.000000000	0.000000000	0.000000000	0.000000000	0.000000000	0.000000000
1.17817818	0.000000000	0.000000000	0.000000000	0.000000000	0.000000000	0.000000000
1.18518519	0.000000000	0.000000000	0.000000000	0.000000000	0.000000000	0.000000000
1.19219219	0.000000000	0.000000000	0.000000000	0.000000000	0.000000000	0.000000000
1.19919920	0.000000000	0.000000000	0.000000000	0.000000000	0.000000000	0.000000000
1.20620621	0.000000000	0.000000000	0.000000000	0.000000000	0.000000000	0.000000000
1.21321321	0.000000000	0.000000000	0.000000000	0.000000000	0.000000000	0.000000000
1.22022022	0.000000000	0.000000000	0.000000000	0.000000000	0.000000000	0.000000000
1.22722723	0.000000000	0.000000000	0.000000000	0.000000000	0.000000000	0.000000000
1.23423423	0.000000000	0.000000000	0.000000000	0.000000000	0.000000000	0.000000000
1.24124124	0.000000000	0.000000000	0.000000000	0.000000000	0.000000000	0.000000000
1.24824825	0.000000000	0.000000000	0.000000000	0.000000000	0.000000000	0.000000000
1.25525526	0.000000000	0.000000000	0.000000000	0.000000000	0.000000000	0.000000000
1.26226226	0.000000000	0.000000000	0.000000000	0.000000000	0.000000000	0.000000000
1.26926927	0.000000000	0.000000000	0.000000000	0.000000000	0.000000000	0.000000000
1.27627628	0.000000000	0.000000000	0.000000000	0.000000000	0.000000000	0.000000000
1.28328328	0.000000000	0.000000000	0.000000000	0.000000000	0.000000000	0.000000000
1.29029029	0.000000000	0.000000000	0.000000000	0.000000000	0.000000000	0.000000000
1.29729730	0.000000000	0.000000000	0.000000000	0.000000000	0.000000000	0.000000000
1.30430430	0.000000000	0.000000000	0.000000000	0.000000000	0.000000000	0.000000000
1.31131131	0.000000000	0.000000000	0.000000000	0.000000000	0.000000000	0.000000000
1.31831832	0.000000000	0.000000000	0.000000000	0.000000000	0.000000000	0.000000000
1.32532533	0.000000000	0.000000000	0.000000000	0.000000000	0.000000000	0.000000000
1.33233233	0.000000000	0.000000000	0.000000000	0.000000000	0.000000000	0.000000000
1.33933934	0.000000000	0.000000000	0.000000000	0.000000000	0.000000000	0.000000000
1.34634635	0.000000000	0.000000000	0.000000000	0.000000000	0.000000000	0.000000000
1.35335335	0.000000000	0.000000000	0.000000000	0.000000000	0.000000000	0.000000000
1.36036036	0.000000000	0.000000000	0.000000000	0.000000000	0.000000000	0.000000000
1.36736737	0.000000000	0.000000000	0.000000000	0.000000000	0.000000000	0.000000000
1.37437437	0.000000000	0.000000000	0.000000000	0.000000000	0.000000000	0.000000000
1.38138138	0.000000000	0.000000000	0.000000000	0.000000000	0.000000000	0.000000000
1.38838839	0.000000000	0.000000000	0.000000000	0.000000000	0.000000000	0.000000000
1.39539540	0.000000000	0.000000000	0.000000000	0.000000000	0.000000000	0.000000000
1.40240240	0.000000000	0.000000000	0.000000000	0.000000000	0.000000000	0.000000000
1.40940941	0.000000000	0.000000000	0.000000000	0.000000000	0.000000000	0.000000000
1.41641642	0.000000000	0.000000000	0.000000000	0.000000000	0.000000000	0.000000000
1.42342342	0.000000000	0.000000000	0.000000000	0.000000000	0.000000000	0.000000000
1.43043043	0.000000000	0.000000000	0.000000000	0.000000000	0.000000000	0.000000000
1.43743744	0.000000000	0.000000000	0.000000000	0.000000000	0.000000000	0.000000000
1.44444444	0.000000000	0.000000000	0.000000000	0.000000000	0.000000000	0.000000000
1.45145145	0.000000000	0.000000000	0.000000000	0.000000000	0.000000000	0.000000000
1.45845846	0.000000000	0.000000000	0.000000000	0.000000000	0.000000000	0.000000000
1.46546547	0.000000000	0.000000000	0.000000000	0.000000000	0.000000000	0.000000000
1.47247247	0.000000000	0.000000000	0.000000000	0.000000000	0.000000000	0.000000000
1.47947948	0.000000000	0.000000000	0.000000000	0.000000000	0.000000000	0.000000000
1.48648649	0.000000000	0.000000000	0.000000000	0.000000000	0.000000000	0.000000000
1.49349349	0.000000000	0.000000000	0.000000000	0.000000000	0.000000000	0.000000000
1.50050050	0.000000000	0.000000000	0.000000000	0.000000000	0.000000000	0.000000000
1.50750751	0.000000000	0.000000000	0.000000000	0.000000000	0.000000000	0.000000000
1.51451451	0.000000000	0.000000000	0.000000000	0.000000000	0.000000000	0.000000000
1.52152152	0.000000000	0.000000000	0.000000000	0.000000000	0.000000000	0.000000000
1.52852853	0.000000000	0.000000000	0.000000000	0.000000000	0.000000000	0.000000000
1.53553554	0.000000000	0.000000000	0.000000000	0.000000000	0.000000000	0.000000000
1.54254254	0.000000000	0.000000000	0.000000000	0.000000000	0.000000000	0.000000000
1.54954955	0.000000000	0.000000000	0.000000000	0.000000000	0.000000000	0.000000000
1.55655656	0.000000000	0.000000000	0.000000000	0.000000000	0.000000000	0.000000000
1.56356356	0.000000000	0.000000000	0.000000000	0.000000000	0.000000000	0.000000000
1.57057057	0.000000000	0.000000000	0.000000000	0.000000000	0.000000000	0.000000000
1.57757758	0.000000000	0.000000000	0.000000000	0.000000000	0.000000000	0.000000000
1.58458458	0.000000000	0.000000000	0.000000000	0.000000000	0.000000000	0.000000000
1.59159159	0.000000000	0.000000000	0.000000000	0.000000000	0.000000000	0.000000000
1.59859860	0.000000000	0.000000000	0.000000000	0.000000000	0.000000000	0.000000000
1.60560561	0.000000000	0.000000000	0.000000000	0.000000000	0.000000000	0.000000000
1.61261261	0.000000000	0.000000000	0.000000000	0.000000000	0.000000000	0.000000000
1.61961962	0.000000000	0.000000000	0.000000000	0.000000000	0.000000000	0.000000000
1.62662663	0.000000000	0.000000000	0.000000000	0.000000000	0.000000000	0.000000000
1.63363363	0.000000000	0.000000000	0.000000000	0.000000000	0.000000000	0.000000000
1.64064064	0.000000000	0.000000000	0.000000000	0.000000000	0.000000000	0.000000000
1.64764765	0.000000000	0.000000000	0.000000000	0.000000000	0.000000000	0.000000000
1.65465465	0.000000000	0.000000000	0.000000000	0.000000000	0.000000000	0.000000000
1.66166166	0.000000000	0.000000000	0.000000000	0.000000000	0.000000000	0.000000000
1.66866867	0.000000000	0.000000000	0.000000000	0.000000000	0.000000000	0.000000000
1.67567568	0.000000000	0.000000000	0.000000000	0.000000000	0.000000000	0.000000000
1.68268268	0.000000000	0.000000000	0.000000000	0.000000000	0.000000000	0.000000000
1.68968969	0.000000000	0.000000000	0.000000000	0.000000000	0.000000000	0.000000000
1.69669670	0.000000000	0.000000000	0.000000000	0.000000000	0.000000000	0.000000000
1.70370370	0.000000000	0.000000000	0.000000000	0.000000000	0.000000000	0.000000000
1.71071071	0.000000000	0.000000000	0.000000000	0.000000000	0.000000000	0.000000000
1.71771772	0.000000000	0.000000000	0.000000000	0.000000000	0.000000000	0.000000000
1.72472472	0.000000000	0.000000000	0.000000000	0.000000000	0.000000000	0.000000000
1.73173173	0.000000000	0.000000000	0.000000000	0.000000000	0.000000000	0.000000000
1.73873874	0.000000000	0.000000000	0.000000000	0.000000000	0.000000000	0.000000000
1.74574575	0.000000000	0.000000000	0.000000000	0.000000000	0.000000000	0.000000000
1.75275275	0.000000000	0.000000000	0.000000000	0.000000000	0.000000000	0.000000000
1.75975976	0.000000000	0.000000000	0.000000000	0.000000000	0.000000000	0.000000000
1.76676677	0.000000000	0.000000000	0.000000000	0.000000000	0.000000000	0.000000000
1.77377377	0.000000000	0.000000000	0.000000000	0.000000000	0.000000000	0.000000000
1.78078078	0.000000000	0.000000000	0.000000000	0.000000000	0.000000000	0.000000000
1.78778779	0.000000000	0.000000000	0.000000000	0.000000000	0.000000000	0.000000000
1.79479479	0.000000000	0.000000000	0.000000000	0.000000000	0.000000000	0.000000000
1.80180180	0.000000000	0.000000000	0.000000000	0.000000000	0.000000000	0.000000000
1.80880881	0.000000000	0.000000000	0.000000000	0.000000000	0.000000000	0.000000000
1.81581582	0.000000000	0.000000000	0.000000000	0.000000000	0.000000000	0.000000000
1.82282282	0.000000000	0.000000000	0.000000000	0.000000000	0.000000000	0.000000000
1.82982983	0.000000000	0.000000000	0.000000000	0.000000000	0.000000000	0.000000000
1.83683684	0.000000000	0.000000000	0.000000000	0.000000000	0.000000000	0.000000000
1.84384384	0.000000000	0.000000000	0.000000000	0.000000000	0.000000000	0.000000000
1.85085085	0.000000000	0.000000000	0.000000000	0.000000000	0.000000000	0.000000000
1.85785786	0.000000000	0.000000000	0.000000000	0.000000000	0.000000000	0.000000000
1.86486486	0.000000000	0.000000000	0.000000000	0.000000000	0.000000000	0.000000000
1.87187187	0.000000000	0.000000000	0.000000000	0.000000000	0.000000000	0.000000000
1.87887888	0.000000000	0.000000000	0.000000000	0.000000000	0.000000000	0.000000000
1.88588589	0.000000000	0.000000000	0.000000000	0.000000000	0.000000000	0.000000000
1.89289289	0.000000000	0.000000000	0.000000000	0.000000000	0.000000000	0.000000000
1.89989990	0.000000000	0.000000000	0.000000000	0.000000000	0.000000000	0.000000000
1.90690691	0.000000000	0.000000000	0.000000000	0.000000000	0.000000000	0.000000000
1.91391391	0.000000000	0.000000000	0.000000000	0.000000000	0.000000000	0.000000000
1.92092092	0.000000000	0.000000000	0.000000000	0.000000000	0.000000000	0.000000000
1.92792793	0.000000000	0.000000000	0.000000000	0.000000000	0.000000000	0.000000000
1.93493493	0.000000000	0.000000000	0.000000000	0.000000000	0.000000000	0.000000000
1.94194194	0.000000000	0.000000000	0.000000000	0.000000000	0.000000000	0.000000000
1.94894895	0.000000000	0.000000000	0.000000000	0.000000000	0.000000000	0.000000000
1.95595596	0.000000000	0.000000000	0.000000000	0.000000000	0.000000000	0.000000000
1.96296296	0.000000000	0.000000000	0.000000000	0.000000000	0.000000000	0.000000000
1.96996997	0.000000000	0.000000000	0.000000000	0.000000000	0.000000000	0.000000000
1.97697698	0.000000000	0.000000000	0.000000000	0.000000000	0.000000000	0.000000000
1.98398398	0.000000000	0.000000000	0.000000000	0.000000000	0.000000000	0.000000000
1.99099099	0.000000000	0.000000000	0.000000000	0.000000000	0.000000000	0.000000000
1.99799800	0.000000000	0.000000000	0.000000000	0.000000000	0.000000000	0.000000000
2.00500501	0.000000000	0.000000000	0.000000000	0.000000000	0.000000000	0.000000000
2.01201201	0.000000000	0.000000000	0.000000000	0.000000000	0.000000000	0.000000000
2.01901902	0.000000000	0.000000000	0.000000000	0.000000000	0.000000000	0.000000000
2.02602603	0.000000000	0.000000000	0.000000000	0.000000000	0.000000000	0.000000000
2.03303303	0.000000000	0.000000000	0.000000000	0.000000000	0.000000000	0.000000000
2.04004004	0.000000000	0.000000000	0.000000000	0.000000000	0.000000000	0.000000000
2.04704705	0.000000000	0.000000000	0.000000000	0.000000000	0.000000000	0.000000000
2.05405405	0.000000000	0.000000000	0.000000000	0.000000000	0.000000000	0.000000000
2.06106106	0.000000000	0.000000000	0.000000000	0.000000000	0.000000000	0.000000000
2.06806807	0.000000000	0.000000000	0.000000000	0.000000000	0.000000000	0.000000000
2.07507508	0.000000000	0.000000000	0.000000000	0.000000000	0.000000000	0.000000000
2.08208208	0.000000000	0.000000000	0.000000000	0.000000000	0.000000000	0.000000000
2.08908909	0.000000000	0.000000000	0.000000000	0.000000000	0.000000000	0.000000000
2.09609610	0.000000000	0.000000000	0.000000000	0.000000000	0.000000000	0.000000000
2.10310310	0.000000000	0.000000000	0.000000000	0.000000000	0.000000000	0.000000000
2.11011011	0.000000000	0.000000000	0.000000000	0.000000000	0.000000000	0.000000000
2.11711712	0.000000000	0.000000000	0.000000000	0.000000000	0.000000000	0.000000000
2.12412412	0.000000000	0.000000000	0.000000000	0.000000000	0.000000000	0.000000000
2.13113113	0.000000000	0.000000000	0.000000000	0.000000000	0.000000000	0.000000000
2.13813814	0.000000000	0.000000000	0.000000000	0.000000000	0.000000000	0.000000000
2.14514515	0.000000000	0.000000000	0.000000000	0.000000000	0.000000000	0.000000000
2.15215215	0.000000000	0.000000000	0.000000000	0.000000000	0.000000000	0.000000000
2.15915916	0.000000000	0.000000000	0.000000000	0.000000000	0.000000000	0.000000000
2.16616617	0.000000000	0.000000000	0.000000000	0.000000000	0.000000000	0.000000000
2.17317317	0.000000000	0.000000000	0.000000000	0.000000000	0.000000000	0.000000000
2.18018018	0.000000000	0.000000000	0.000000000	0.000000000	0.000000000	0.000000000
2.18718719	0.000000000	0.000000000	0.000000000	0.000000000	0.000000000	0.000000000
2.19419419	0.000000000	0.000000000	0.000000000	0.000000000	0.000000000	0.000000000
2.20120120	0.000000000	0.000000000	0.000000000	0.000000000	0.000000000	0.000000000
2.20820821	0.000000000	0.000000000	0.000000000	0.000000000	0.000000000	0.000000000
2.21521522	0.000000000	0.000000000	0.000000000	0.000000000	0.000000000	0.000000000
2.22222222	0.000000000	0.000000000	0.000000000	0.000000000	0.000000000	0.000000000
2.22922923	0.000000000	0.000000000	0.000000000	0.000000000	0.000000000	0.000000000
2.23623624	0.000000000	0.000000000	0.000000000	0.000000000	0.000000000	0.000000000
2.24324324	0.000000000	0.000000000	0.000000000	0.000000000	0.000000000	0.000000000
2.25025025	0.000000000	0.000000000	0.000000000	0.000000000	0.000000000	0.000000000
2.25725726	0.000000000	0.000000000	0.000000000	0.000000000	0.000000000	0.000000000
2.26426426	0.000000000	0.000000000	0.000000000	0.000000000	0.000000000	0.000000000
2.27127127	0.000000000	0.000000000	0.000000000	0.000000000	0.000000000	0.000000000
2.27827828	0.000000000	0.000000000	0.000000000	0.000000000	0.000000000	0.000000000
2.28528529	0.000000000	0.000000000	0.000000000	0.000000000	0.000000000	0.000000000
2.29229229	0.000000000	0.000000000	0.000000000	0.000000000	0.000000000	0.000000000
2.29929930	0.000000000	0.000000000	0.000000000	0.000000000	0.000000000	0.000000000
2.30630631	0.000000000	0.000000000	0.000000000	0.000000000	0.000000000	0.000000000
2.31331331	0.000000000	0.000000000	0.000000000	0.000000000	0.000000000	0.000000000
2.32032032	0.000000000	0.000000000	0.000000000	0.000000000	0.000000000	0.000000000
2.32732733	0.000000000	0.000000000	0.000000000	0.000000000	0.000000000	0.000000000
2.33433433	0.000000000	0.000000000	0.000000000	0.000000000	0.000000000	0.000000000
2.34134134	0.000000000	0.000000000	0.000000000	0.000000000	0.000000000	0.000000000
2.34834835	0.000000000	0.000000000	0.000000000	0.000000000	0.000000000	0.000000000
2.35535536	0.000000000	0.000000000	0.000000000	0.000000000	0.000000000	0.000000000
2.36236236	0.000000000	0.000000000	0.000000000	0.000000000	0.000000000	0.000000000
2.36936937	0.000000000	0.000000000	0.000000000	0.000000000	0.000000000	0.000000000
2.37637638	0.000000000	0.000000000	0.000000000	0.000000000	0.000000000	0.000000000
2.38338338	0.000000000	0.000000000	0.000000000	0.000000000	0.000000000	0.000000000
2.39039039	0.000000000	0.000000000	0.000000000	0.000000000	0.000000000	0.000000000
2.39739740	0.000000000	0.000000000	0.000000000	0.000000000	0.000000000	0.000000000
2.40440440	0.000000000	0.000000000	0.000000000	0.000000000	0.000000000	0.000000000
2.41141141	0.000000000	0.000000000	0.000000000	0.000000000	0.000000000	0.000000000
2.41841842	0.000000000	0.000000000	0.000000000	0.000000000	0.000000000	0.000000000
2.42542543	0.000000000	0.000000000	0.000000000	0.000000000	0.000000000	0.000000000
2.43243243	0.000000000	0.000000000	0.000000000	0.000000000	0.000000000	0.000000000
2.43943944	0.000000000	0.000000000	0.000000000	0.000000000	0.000000000	0.000000000
2.44644645	0.000000000	0.000000000	0.000000000	0.000000000	0.000000000	0.000000000
2.45345345	0.000000000	0.000000000	0.000000000	0.000000000	0.000000000	0.000000000
2.46046046	0.000000000	0.000000000	0.000000000	0.000000000	0.000000000	0.000000000
2.46746747	0.000000000	0.000000000	0.000000000	0.000000000	0.000000000	0.000000000
2.47447447	0.000000000	0.000000000	0.000000000	0.000000000	0.000000000	0.000000000
2.48148148	0.000000000	0.000000000	0.000000000	0.000000000	0.000000000	0.000000000
2.48848849	0.000000000	0.000000000	0.000000000	0.000000000	0.000000000	0.000000000
2.49549550	0.000000000	0.000000000	0.000000000	0.000000000	0.000000000	0.000000000
2.50250250	0.000000000	0.000000000	0.000000000	0.000000000	0.000000000	0.000000000
2.50950951	0.000000000	0.000000000	0.000000000	0.000000000	0.000000000	0.000000000
2.51651652	0.000000000	0.000000000	0.000000000	0.000000000	0.000000000	0.000000000
2.52352352	0.000000000	0.000000000	0.000000000	0.000000000	0.000000000	0.000000000
2.53053053	0.000000000	0.000000000	0.000000000	0.000000000	0.000000000	0.000000000
2.53753754	0.000000000	0.000000000	0.000000000	0.000000000	0.000000000	0.000000000
2.54454454	0.000000000	0.000000000	0.000000000	0.000000000	0.000000000	0.000000000
2.55155155	0.000000000	0.000000000	0.000000000	0.000000000	0.000000000	0.000000000
2.55855856	0.000000000	0.000000000	0.000000000	0.000000000	0.000000000	0.000000000
2.56556557	0.000000000	0.000000000	0.000000000	0.000000000	0.000000000	0.000000000
2.57257257	0.000000000	0.000000000	0.000000000	0.000000000	0.000000000	0.000000000
2.57957958	0.000000000	0.000000000	0.000000000	0.000000000	0.000000000	0.000000000
2.58658659	0.000000000	0.000000000	0.000000000	0.000000000	0.000000000	0.000000000
2.59359359	0.000000000	0.000000000	0.000000000	0.000000000	0.000000000	0.000000000
2.60060060	0.000000000	0.000000000	0.000000000	0.000000000	0.000000000	0.000000000
2.60760761	0.000000000	0.000000000	0.000000000	0.000000000	0.000000000	0.000000000
2.61461461	0.000000000	0.000000000	0.000000000	0.000000000	0.000000000	0.000000000
2.62162162	0.000000000	0.000000000	0.000000000	0.000000000	0.000000000	0.000000000
2.62862863	0.000000000	0.000000000	0.000000000	0.000000000	0.000000000	0.000000000
2.63563564	0.000000000	0.000000000	0.000000000	0.000000000	0.000000000	0.000000000
2.64264264	0.000000000	0.000000000	0.000000000	0.000000000	0.000000000	0.000000000
2.64964965	0.000000000	0.000000000	0.000000000	0.000000000	0.000000000	0.000000000
2.65665666	0.000000000	0.000000000	0.000000000	0.000000000	0.000000000	0.000000000
2.66366366	0.000000000	0.000000000	0.000000000	0.000000000	0.000000000	0.000000000
2.67067067	0.000000000	0.000000000	0.000000000	0.000000000	0.000000000	0.000000000
2.67767768	0.000000000	0.000000000	0.000000000	0.000000000	0.000000000	0.000000000
2.68468468	0.000000000	0.000000000	0.000000000	0.000000000	0.000000000	0.000000000
2.69169169	0.000000000	0.000000000	0.000000000	0.000000000	0.000000000	0.000000000
2.69869870	0.000000000	0.000000000	0.000000000	0.000000000	0.000000000	0.000000000
2.70570571	0.000000000	0.000000000	0.000000000	0.000000000	0.000000000	0.000000000
2.71271271	0.000000000	0.000000000	0.000000000	0.000000000	0.000000000	0.000000000
2.71971972	0.000000000	0.000000000	0.000000000	0.000000000	0.000000000	0.000000000
2.72672673	0.000000000	0.000000000	0.000000000	0.000000000	0.000000000	0.000000000
2.73373373	0.000000000	0.000000000	0.000000000	0.000000000	0.000000000	0.000000000
2.74074074	0.000000000	0.000000000	0.000000000	0.000000000	0.000000000	0.000000000
2.74774775	0.000000000	0.000000000	0.000000000	0.000000000	0.000000000	0.000000000
2.75475475	0.000000000	0.000000000	0.000000000	0.000000000	0.000000000	0.000000000
2.76176176	0.000000000	0.000000000	0.000000000	0.000000000	0.000000000	0.000000000
2.76876877	0.000000000	0.000000000	0.000000000	0.000000000	0.000000000	0.000000000
2.77577578	0.000000000	0.000000000	0.000000000	0.000000000	0.000000000	0.000000000
2.78278278	0.000000000	0.000000000	0.000000000	0.000000000	0.000000000	0.000000000
2.78978979	0.000000000	0.000000000	0.000000000	0.000000000	0.000000000	0.000000000
2.79679680	0.000000000	0.000000000	0.000000000	0.000000000	0.000000000	0.000000000
2.80380380	0.000000000	0.000000000	0.000000000	0.000000000	0.000000000	0.000000000
2.81081081	0.000000000	0.000000000	0.000000000	0.000000000	0.000000000	0.000000000
2.81781782	0.000000000	0.000000000	0.000000000	0.000000000	0.000000000	0.000000000
2.82482482	0.000000000	0.000000000	0.000000000	0.000000000	0.000000000	0.000000000
2.83183183	0.000000000	0.000000000	0.000000000	0.000000000	0.000000000	0.000000000
2.83883884	0.000000000	0.000000000	0.000000000	0.000000000	0.000000000	0.000000000
2.84584585	0.000000000	0.000000000	0.000000000	0.000000000	0.000000000	0.000000000
2.85285285	0.000000000	0.000000000	0.000000000	0.000000000	0.000000000	0.000000000
2.85985986	0.000000000	0.000000000	0.000000000	0.000000000	0.000000000	0.000000000
2.86686687	0.000000000	0.000000000	0.000000000	0.000000000	0.000000000	0.000000000
2.87387387	0.000000000	0.000000000	0.000000000	0.000000000	0.000000000	0.000000000
2.88088088	0.000000000	0.000000000	0.000000000	0.000000000	0.000000000	0.000000000
2.88788789	0.000000000	0.000000000	0.000000000	0.000000000	0.000000000	0.000000000
2.89489489	0.000000000	0.000000000	0.000000000	0.000000000	0.000000000	0.000000000
2.90190190	0.000000000	0.000000000	0.000000000	0.000000000	0.000000000	0.000000000
2.90890891	0.000000000	0.000000000	0.000000000	0.000000000	0.000000000	0.000000000
2.91591592	0.000000000	0.000000000	0.000000000	0.000000000	0.000000000	0.000000000
2.92292292	0.000000000	0.000000000	0.000000000	0.000000000	0.000000000	0.000000000
2.92992993	0.000000000	0.000000000	0.000000000	0.000000000	0.000000000	0.000000000
2.93693694	0.000000000	0.000000000	0.000000000	0.000000000	0.000000000	0.000000000
2.94394394	0.000000000	0.000000000	0.000000000	0.000000000	0.000000000	0.000000000
2.95095095	0.000000000	0.000000000	0.000000000	0.000000000	0.000000000	0.000000000
2.95795796	0.000000000	0.000000000	0.000000000	0.000000000	0.000000000	0.000000000
2.96496496	0.000000000	0.000000000	0.000000000	0.000000000	0.000000000	0.000000000
2.97197197	0.000000000	0.000000000	0.000000000	0.000000000	0.000000000	0.000000000
2.97897898	0.000000000	0.000000000	0.000000000	0.000000000	0.000000000	0.000000000
2.98598599	0.000000000	0.000000000	0.000000000	0.000000000	0.000000000	0.000000000
2.99299299	0.000000000	0.000000000	0.000000000	0.000000000	0.000000000	0.000000000
3.00000000	0.000000000	0.000000000	0.000000000	0.000000000	0.000000000	0.000000000