-4.000000000	0.00422456	0.00130827	0.00035178	0.00159043	0.00272800	0.00049737
-3.992992993	0.00430419	0.00134081	0.00036846	0.00162103	0.00277562	0.00051423
-3.985985986	0.00438518	0.00137409	0.00038586	0.00165219	0.00282400	0.00053161
-3.978978979	0.00446755	0.00140812	0.00040399	0.00168391	0.00287317	0.00054953
-3.971971972	0.00455133	0.00144290	0.00042288	0.00171619	0.00292312	0.00056799
-3.964964965	0.00463652	0.00147847	0.00044256	0.00174906	0.00297387	0.00058702
-3.957957958	0.00472316	0.00151483	0.00046306	0.00178252	0.00302544	0.00060662
-3.950950951	0.00481127	0.00155199	0.00048440	0.00181658	0.00307783	0.00062682
-3.943943944	0.00490086	0.00158998	0.00050663	0.00185124	0.00313105	0.00064762
-3.936936937	0.00499196	0.00162881	0.00052976	0.00188653	0.00318513	0.00066905
-3.929929930	0.00508460	0.00166850	0.00055383	0.00192244	0.00324006	0.00069113
-3.922922923	0.00517878	0.00170905	0.00057888	0.00195900	0.00329587	0.00071386
-3.915915916	0.00527455	0.00175050	0.00060494	0.00199620	0.00335256	0.00073727
-3.908908909	0.00537191	0.00179285	0.00063203	0.00203407	0.00341015	0.00076137
-3.901901902	0.00547089	0.00183613	0.00066021	0.00207260	0.00346865	0.00078618
-3.894894895	0.00557153	0.00188034	0.00068950	0.00211182	0.00352807	0.00081172
-3.887887888	0.00567383	0.00192552	0.00071994	0.00215174	0.00358843	0.00083801
-3.880880881	0.00577782	0.00197167	0.00075157	0.00219235	0.00364974	0.00086506
-3.873873874	0.00588354	0.00201881	0.00078443	0.00223369	0.00371201	0.00089291
-3.866866867	0.00599100	0.00206697	0.00081856	0.00227575	0.00377526	0.00092156
-3.859859860	0.00610022	0.00211616	0.00085400	0.00231855	0.00383951	0.00095103
-3.852852853	0.00621124	0.00216641	0.00089079	0.00236210	0.00390475	0.00098136
-3.845845846	0.00632408	0.00221772	0.00092898	0.00240642	0.00397102	0.00101255
-3.838838839	0.00643877	0.00227012	0.00096862	0.00245151	0.00403832	0.00104464
-3.831831832	0.00655532	0.00232364	0.00100974	0.00249739	0.00410666	0.00107764
-3.824824825	0.00667377	0.00237828	0.00105240	0.00254407	0.00417607	0.00111157
-3.817817818	0.00679415	0.00243408	0.00109664	0.00259157	0.00424656	0.00114646
-3.810810811	0.00691648	0.00249105	0.00114251	0.00263989	0.00431813	0.00118233
-3.803803804	0.00704078	0.00254921	0.00119007	0.00268905	0.00439082	0.00121921
-3.796796797	0.00716710	0.00260859	0.00123935	0.00273907	0.00446463	0.00125712
-3.789789790	0.00729544	0.00266921	0.00129043	0.00278995	0.00453957	0.00129608
-3.782782783	0.00742585	0.00273108	0.00134334	0.00284171	0.00461567	0.00133612
-3.775775776	0.00755835	0.00279424	0.00139815	0.00289437	0.00469294	0.00137727
-3.768768769	0.00769297	0.00285870	0.00145491	0.00294793	0.00477140	0.00141955
-3.761761762	0.00782974	0.00292449	0.00151368	0.00300242	0.00485106	0.00146298
-3.754754755	0.00796868	0.00299162	0.00157452	0.00305784	0.00493194	0.00150761
-3.747747748	0.00810984	0.00306014	0.00163748	0.00311422	0.00501405	0.00155344
-3.740740741	0.00825323	0.00313005	0.00170264	0.00317157	0.00509742	0.00160052
-3.733733734	0.00839890	0.00320138	0.00177004	0.00322989	0.00518206	0.00164887
-3.726726727	0.00854686	0.00327416	0.00183975	0.00328922	0.00526798	0.00169851
-3.719719720	0.00869715	0.00334842	0.00191185	0.00334956	0.00535521	0.00174949
-3.712712713	0.00884981	0.00342417	0.00198639	0.00341092	0.00544376	0.00180182
-3.705705706	0.00900486	0.00350144	0.00206344	0.00347333	0.00553365	0.00185555
-3.698698699	0.00916233	0.00358027	0.00214307	0.00353680	0.00562491	0.00191069
-3.691691692	0.00932227	0.00366067	0.00222535	0.00360135	0.00571753	0.00196729
-3.684684685	0.00948470	0.00374268	0.00231036	0.00366700	0.00581156	0.00202538
-3.677677678	0.00964965	0.00382631	0.00239816	0.00373375	0.00590700	0.00208498
-3.670670671	0.00981716	0.00391160	0.00248882	0.00380163	0.00600387	0.00214614
-3.663663664	0.00998726	0.00399858	0.00258244	0.00387066	0.00610219	0.00220889
-3.656656657	0.01015999	0.00408727	0.00267907	0.00394085	0.00620199	0.00227325
-3.649649650	0.01033538	0.00417770	0.00277880	0.00401222	0.00630328	0.00233928
-3.642642643	0.01051347	0.00426991	0.00288171	0.00408479	0.00640608	0.00240699
-3.635635636	0.01069429	0.00436391	0.00298787	0.00415858	0.00651042	0.00247644
-3.628628629	0.01087787	0.00445975	0.00309738	0.00423360	0.00661631	0.00254765
-3.621621622	0.01106426	0.00455744	0.00321031	0.00430988	0.00672377	0.00262066
-3.614614615	0.01125349	0.00465702	0.00332674	0.00438743	0.00683282	0.00269552
-3.607607608	0.01144559	0.00475853	0.00344677	0.00446627	0.00694349	0.00277226
-3.600600601	0.01164061	0.00486199	0.00357048	0.00454643	0.00705580	0.00285092
-3.593593594	0.01183858	0.00496743	0.00369796	0.00462792	0.00716977	0.00293154
-3.586586587	0.01203954	0.00507488	0.00382929	0.00471075	0.00728542	0.00301417
-3.579579580	0.01224352	0.00518439	0.00396458	0.00479497	0.00740277	0.00309883
-3.572572573	0.01245057	0.00529597	0.00410391	0.00488057	0.00752184	0.00318558
-3.565565566	0.01266072	0.00540967	0.00424737	0.00496759	0.00764267	0.00327446
-3.558558559	0.01287402	0.00552552	0.00439507	0.00505604	0.00776526	0.00336551
-3.551551552	0.01309050	0.00564354	0.00454709	0.00514595	0.00788965	0.00345878
-3.544544545	0.01331021	0.00576379	0.00470353	0.00523734	0.00801586	0.00355430
-3.537537538	0.01353317	0.00588628	0.00486450	0.00533023	0.00814390	0.00365213
-3.530530531	0.01375945	0.00601106	0.00503009	0.00542464	0.00827382	0.00375231
-3.523523524	0.01398907	0.00613815	0.00520041	0.00552059	0.00840562	0.00385489
-3.516516517	0.01422208	0.00626761	0.00537555	0.00561812	0.00853934	0.00395991
-3.509509510	0.01445852	0.00639946	0.00555563	0.00571723	0.00867499	0.00406743
-3.502502503	0.01469843	0.00653373	0.00574074	0.00581796	0.00881262	0.00417749
-3.495495495	0.01494186	0.00667048	0.00593100	0.00592033	0.00895223	0.00429013
-3.488488488	0.01518884	0.00680972	0.00612650	0.00602435	0.00909385	0.00440542
-3.481481481	0.01543943	0.00695151	0.00632736	0.00613007	0.00923752	0.00452340
-3.474474474	0.01569367	0.00709588	0.00653369	0.00623749	0.00938326	0.00464412
-3.467467467	0.01595160	0.00724287	0.00674561	0.00634666	0.00953109	0.00476764
-3.460460460	0.01621326	0.00739252	0.00696321	0.00645758	0.00968104	0.00489400
-3.453453453	0.01647871	0.00754487	0.00718662	0.00657029	0.00983314	0.00502326
-3.446446446	0.01674798	0.00769995	0.00741594	0.00668481	0.00998742	0.00515548
-3.439439439	0.01702113	0.00785782	0.00765131	0.00680117	0.01014390	0.00529071
-3.432432432	0.01729819	0.00801850	0.00789282	0.00691940	0.01030262	0.00542900
-3.425425425	0.01757923	0.00818205	0.00814060	0.00703952	0.01046359	0.00557041
-3.418418418	0.01786428	0.00834850	0.00839477	0.00716156	0.01062686	0.00571500
-3.411411411	0.01815339	0.00851790	0.00865545	0.00728555	0.01079244	0.00586283
-3.404404404	0.01844661	0.00869028	0.00892276	0.00741151	0.01096038	0.00601395
-3.397397397	0.01874399	0.00886570	0.00919681	0.00753947	0.01113069	0.00616843
-3.390390390	0.01904559	0.00904419	0.00947774	0.00766947	0.01130341	0.00632631
-3.383383383	0.01935144	0.00922581	0.00976566	0.00780153	0.01147857	0.00648767
-3.376376376	0.01966160	0.00941058	0.01006071	0.00793568	0.01165620	0.00665257
-3.369369369	0.01997611	0.00959857	0.01036300	0.00807196	0.01183633	0.00682106
-3.362362362	0.02029504	0.00978981	0.01067267	0.00821038	0.01201900	0.00699321
-3.355355355	0.02061843	0.00998435	0.01098983	0.00835098	0.01220423	0.00716909
-3.348348348	0.02094634	0.01018225	0.01131462	0.00849379	0.01239206	0.00734875
-3.341341341	0.02127880	0.01038353	0.01164717	0.00863885	0.01258251	0.00753227
-3.334334334	0.02161589	0.01058826	0.01198761	0.00878618	0.01277563	0.00771970
-3.327327327	0.02195765	0.01079648	0.01233606	0.00893582	0.01297145	0.00791112
-3.320320320	0.02230414	0.01100823	0.01269266	0.00908780	0.01317000	0.00810659
-3.313313313	0.02265540	0.01122358	0.01305754	0.00924215	0.01337131	0.00830618
-3.306306306	0.02301150	0.01144256	0.01343083	0.00939891	0.01357542	0.00850995
-3.299299299	0.02337249	0.01166522	0.01381267	0.00955810	0.01378237	0.00871799
-3.292292292	0.02373842	0.01189163	0.01420319	0.00971977	0.01399218	0.00893035
-3.285285285	0.02410935	0.01212182	0.01460252	0.00988394	0.01420490	0.00914711
-3.278278278	0.02448534	0.01235585	0.01501080	0.01005065	0.01442057	0.00936834
-3.271271271	0.02486644	0.01259377	0.01542817	0.01021994	0.01463921	0.00959412
-3.264264264	0.02525272	0.01283563	0.01585476	0.01039185	0.01486086	0.00982451
-3.257257257	0.02564422	0.01308149	0.01629071	0.01056640	0.01508557	0.01005959
-3.250250250	0.02604101	0.01333140	0.01673615	0.01074364	0.01531337	0.01029944
-3.243243243	0.02644315	0.01358541	0.01719123	0.01092360	0.01554430	0.01054412
-3.236236236	0.02685069	0.01384358	0.01765609	0.01110632	0.01577840	0.01079373
-3.229229229	0.02726370	0.01410597	0.01813085	0.01129184	0.01601570	0.01104832
-3.222222222	0.02768223	0.01437262	0.01861567	0.01148019	0.01625625	0.01130799
-3.215215215	0.02810636	0.01464359	0.01911068	0.01167142	0.01650009	0.01157281
-3.208208208	0.02853612	0.01491894	0.01961601	0.01186556	0.01674726	0.01184286
-3.201201201	0.02897160	0.01519874	0.02013182	0.01206265	0.01699779	0.01211822
-3.194194194	0.02941285	0.01548302	0.02065825	0.01226274	0.01725174	0.01239897
-3.187187187	0.02985994	0.01577186	0.02119542	0.01246586	0.01750913	0.01268519
-3.180180180	0.03031292	0.01606531	0.02174349	0.01267205	0.01777002	0.01297696
-3.173173173	0.03077186	0.01636343	0.02230260	0.01288137	0.01803445	0.01327438
-3.166166166	0.03123683	0.01666628	0.02287289	0.01309384	0.01830246	0.01357752
-3.159159159	0.03170789	0.01697392	0.02345450	0.01330951	0.01857410	0.01388646
-3.152152152	0.03218510	0.01728642	0.02404757	0.01352843	0.01884940	0.01420130
-3.145145145	0.03266854	0.01760382	0.02465225	0.01375063	0.01912842	0.01452211
-3.138138138	0.03315826	0.01792620	0.02526868	0.01397616	0.01941120	0.01484899
-3.131131131	0.03365434	0.01825361	0.02589700	0.01420508	0.01969779	0.01518203
-3.124124124	0.03415684	0.01858613	0.02653735	0.01443741	0.01998823	0.01552131
-3.117117117	0.03466583	0.01892380	0.02718989	0.01467321	0.02028257	0.01586692
-3.110110110	0.03518138	0.01926671	0.02785475	0.01491252	0.02058085	0.01621895
-3.103103103	0.03570356	0.01961491	0.02853208	0.01515540	0.02088313	0.01657750
-3.096096096	0.03623243	0.01996846	0.02922201	0.01540188	0.02118946	0.01694266
-3.089089089	0.03676806	0.02032744	0.02992470	0.01565201	0.02149988	0.01731451
-3.082082082	0.03731054	0.02069190	0.03064029	0.01590585	0.02181445	0.01769316
-3.075075075	0.03785992	0.02106193	0.03136891	0.01616344	0.02213321	0.01807870
-3.068068068	0.03841628	0.02143757	0.03211073	0.01642483	0.02245621	0.01847121
-3.061061061	0.03897969	0.02181891	0.03286587	0.01669007	0.02278351	0.01887081
-3.054054054	0.03955022	0.02220601	0.03363449	0.01695921	0.02311516	0.01927758
-3.047047047	0.04012796	0.02259894	0.03441672	0.01723231	0.02345122	0.01969163
-3.040040040	0.04071296	0.02299777	0.03521271	0.01750941	0.02379173	0.02011305
-3.033033033	0.04130530	0.02340258	0.03602261	0.01779057	0.02413675	0.02054194
-3.026026026	0.04190507	0.02381342	0.03684655	0.01807584	0.02448633	0.02097840
-3.019019019	0.04251233	0.02423038	0.03768469	0.01836527	0.02484054	0.02142253
-3.012012012	0.04312716	0.02465353	0.03853716	0.01865892	0.02519942	0.02187444
-3.005005005	0.04374964	0.02508294	0.03940412	0.01895684	0.02556304	0.02233423
-2.997997998	0.04437984	0.02551868	0.04028569	0.01925909	0.02593145	0.02280200
-2.990990991	0.04501784	0.02596083	0.04118203	0.01956572	0.02630470	0.02327785
-2.983983984	0.04566372	0.02640946	0.04209328	0.01987679	0.02668287	0.02376190
-2.976976977	0.04631756	0.02686466	0.04301958	0.02019236	0.02706600	0.02425424
-2.969969970	0.04697943	0.02732648	0.04396107	0.02051249	0.02745416	0.02475499
-2.962962963	0.04764942	0.02779502	0.04491790	0.02083723	0.02784741	0.02526425
-2.955955956	0.04832761	0.02827036	0.04589021	0.02116664	0.02824580	0.02578213
-2.948948949	0.04901407	0.02875256	0.04687814	0.02150078	0.02864942	0.02630874
-2.941941942	0.04970889	0.02924171	0.04788184	0.02183972	0.02905830	0.02684420
-2.934934935	0.05041216	0.02973788	0.04890144	0.02218352	0.02947253	0.02738861
-2.927927928	0.05112394	0.03024117	0.04993709	0.02253223	0.02989216	0.02794209
-2.920920921	0.05184433	0.03075164	0.05098893	0.02288592	0.03031726	0.02850475
-2.913913914	0.05257341	0.03126938	0.05205709	0.02324465	0.03074789	0.02907670
-2.906906907	0.05331126	0.03179448	0.05314173	0.02360849	0.03118413	0.02965806
-2.899899900	0.05405797	0.03232702	0.05424298	0.02397750	0.03162604	0.03024894
-2.892892893	0.05481363	0.03286708	0.05536099	0.02435175	0.03207369	0.03084947
-2.885885886	0.05557831	0.03341474	0.05649588	0.02473131	0.03252715	0.03145976
-2.878878879	0.05635210	0.03397009	0.05764781	0.02511623	0.03298649	0.03207993
-2.871871872	0.05713510	0.03453322	0.05881691	0.02550659	0.03345178	0.03271011
-2.864864865	0.05792739	0.03510422	0.06000331	0.02590246	0.03392309	0.03335040
-2.857857858	0.05872906	0.03568317	0.06120717	0.02630390	0.03440049	0.03400093
-2.850850851	0.05954019	0.03627016	0.06242862	0.02671100	0.03488407	0.03466183
-2.843843844	0.06036087	0.03686527	0.06366779	0.02712380	0.03537389	0.03533322
-2.836836837	0.06119120	0.03746861	0.06492482	0.02754240	0.03587003	0.03601523
-2.829829830	0.06203127	0.03808026	0.06619986	0.02796686	0.03637256	0.03670798
-2.822822823	0.06288116	0.03870031	0.06749303	0.02839725	0.03688157	0.03741159
-2.815815816	0.06374097	0.03932885	0.06880448	0.02883365	0.03739713	0.03812620
-2.808808809	0.06461079	0.03996598	0.07013433	0.02927613	0.03791932	0.03885194
-2.801801802	0.06549070	0.04061180	0.07148273	0.02972478	0.03844822	0.03958893
-2.794794795	0.06638082	0.04126638	0.07284981	0.03017965	0.03898391	0.04033730
-2.787787788	0.06728121	0.04192984	0.07423571	0.03064084	0.03952648	0.04109720
-2.780780781	0.06819200	0.04260227	0.07564055	0.03110843	0.04007601	0.04186874
-2.773773774	0.06911325	0.04328376	0.07706447	0.03158248	0.04063258	0.04265207
-2.766766767	0.07004508	0.04397441	0.07850760	0.03206308	0.04119627	0.04344733
-2.759759760	0.07098758	0.04467433	0.07997008	0.03255032	0.04176719	0.04425463
-2.752752753	0.07194083	0.04538361	0.08145204	0.03304427	0.04234540	0.04507414
-2.745745746	0.07290495	0.04610234	0.08295359	0.03354501	0.04293100	0.04590597
-2.738738739	0.07388003	0.04683065	0.08447489	0.03405264	0.04352408	0.04675028
-2.731731732	0.07486616	0.04756861	0.08601605	0.03456722	0.04412474	0.04760721
-2.724724725	0.07586344	0.04831635	0.08757719	0.03508886	0.04473305	0.04847689
-2.717717718	0.07687198	0.04907395	0.08915846	0.03561764	0.04534912	0.04935946
-2.710710711	0.07789186	0.04984154	0.09075997	0.03615364	0.04597304	0.05025508
-2.703703704	0.07892320	0.05061920	0.09238185	0.03669695	0.04660490	0.05116389
-2.696696697	0.07996609	0.05140706	0.09402422	0.03724767	0.04724481	0.05208603
-2.689689690	0.08102062	0.05220521	0.09568721	0.03780587	0.04789285	0.05302166
-2.682682683	0.08208692	0.05301377	0.09737093	0.03837166	0.04854913	0.05397091
-2.675675676	0.08316506	0.05383284	0.09907551	0.03894513	0.04921375	0.05493395
-2.668668669	0.08425517	0.05466254	0.10080107	0.03952637	0.04988680	0.05591092
-2.661661662	0.08535733	0.05550297	0.10254772	0.04011547	0.05056840	0.05690197
-2.654654655	0.08647166	0.05635426	0.10431558	0.04071254	0.05125864	0.05790726
-2.647647648	0.08759825	0.05721650	0.10610476	0.04131766	0.05195763	0.05892694
-2.640640641	0.08873722	0.05808982	0.10791539	0.04193093	0.05266548	0.05996116
-2.633633634	0.08988865	0.05897433	0.10974756	0.04255246	0.05338230	0.06101010
-2.626626627	0.09105267	0.05987014	0.11160140	0.04318234	0.05410818	0.06207389
-2.619619620	0.09222937	0.06077738	0.11347700	0.04382068	0.05484325	0.06315271
-2.612612613	0.09341886	0.06169616	0.11537448	0.04446757	0.05558762	0.06424670
-2.605605606	0.09462125	0.06262660	0.11729393	0.04512313	0.05634139	0.06535605
-2.598598599	0.09583664	0.06356881	0.11923547	0.04578744	0.05710468	0.06648089
-2.591591592	0.09706514	0.06452293	0.12119919	0.04646063	0.05787762	0.06762141
-2.584584585	0.09830686	0.06548907	0.12318519	0.04714280	0.05866031	0.06877777
-2.577577578	0.09956190	0.06646735	0.12519357	0.04783406	0.05945287	0.06995012
-2.570570571	0.10083037	0.06745790	0.12722442	0.04853450	0.06025543	0.07113865
-2.563563564	0.10211238	0.06846084	0.12927783	0.04924426	0.06106811	0.07234351
-2.556556557	0.10340804	0.06947630	0.13135388	0.04996343	0.06189103	0.07356489
-2.549549550	0.10471745	0.07050440	0.13345267	0.05069213	0.06272431	0.07480294
-2.542542543	0.10604073	0.07154528	0.13557428	0.05143048	0.06356808	0.07605784
-2.535535536	0.10737798	0.07259906	0.13771879	0.05217858	0.06442247	0.07732976
-2.528528529	0.10872932	0.07366586	0.13988627	0.05293656	0.06528761	0.07861888
-2.521521522	0.11009485	0.07474583	0.14207680	0.05370454	0.06616363	0.07992538
-2.514514515	0.11147468	0.07583909	0.14429045	0.05448264	0.06705066	0.08124943
-2.507507508	0.11286893	0.07694577	0.14652728	0.05527096	0.06794884	0.08259120
-2.500500501	0.11427770	0.07806602	0.14878736	0.05606965	0.06885830	0.08395088
-2.493493493	0.11570110	0.07919995	0.15107075	0.05687882	0.06977917	0.08532865
-2.486486486	0.11713924	0.08034771	0.15337750	0.05769859	0.07071161	0.08672468
-2.479479479	0.11859224	0.08150944	0.15570766	0.05852910	0.07165574	0.08813916
-2.472472472	0.12006020	0.08268527	0.15806130	0.05937047	0.07261172	0.08957228
-2.465465465	0.12154323	0.08387533	0.16043843	0.06022282	0.07357968	0.09102420
-2.458458458	0.12304145	0.08507978	0.16283911	0.06108630	0.07455977	0.09249513
-2.451451451	0.12455496	0.08629875	0.16526338	0.06196103	0.07555214	0.09398524
-2.444444444	0.12608388	0.08753238	0.16771125	0.06284714	0.07655694	0.09549472
-2.437437437	0.12762831	0.08878081	0.17018275	0.06374478	0.07757431	0.09702376
-2.430430430	0.12918837	0.09004418	0.17267791	0.06465407	0.07860443	0.09857254
-2.423423423	0.13076416	0.09132265	0.17519674	0.06557516	0.07964742	0.10014126
-2.416416416	0.13235580	0.09261635	0.17773924	0.06650819	0.08070347	0.10173010
-2.409409409	0.13396339	0.09392544	0.18030542	0.06745329	0.08177271	0.10333926
-2.402402402	0.13558704	0.09525005	0.18289528	0.06841061	0.08285532	0.10496892
-2.395395395	0.13722686	0.09659033	0.18550880	0.06938030	0.08395145	0.10661928
-2.388388388	0.13888297	0.09794644	0.18814598	0.07036250	0.08506127	0.10829052
-2.381381381	0.14055546	0.09931853	0.19080680	0.07135735	0.08618494	0.10998284
-2.374374374	0.14224445	0.10070674	0.19349122	0.07236501	0.08732264	0.11169644
-2.367367367	0.14395005	0.10211122	0.19619921	0.07338563	0.08847453	0.11343150
-2.360360360	0.14567235	0.10353213	0.19893073	0.07441936	0.08964079	0.11518822
-2.353353353	0.14741147	0.10496962	0.20168573	0.07546636	0.09082158	0.11696679
-2.346346346	0.14916752	0.10642384	0.20446416	0.07652678	0.09201709	0.11876741
-2.339339339	0.15094059	0.10789495	0.20726595	0.07760077	0.09322748	0.12059026
-2.332332332	0.15273080	0.10938310	0.21009103	0.07868851	0.09445295	0.12243555
-2.325325325	0.15453824	0.11088844	0.21293933	0.07979014	0.09569367	0.12430347
-2.318318318	0.15636302	0.11241115	0.21581076	0.08090584	0.09694983	0.12619421
-2.311311311	0.15820524	0.11395136	0.21870522	0.08203577	0.09822160	0.12810797
-2.304304304	0.16006501	0.11550924	0.22162261	0.08318009	0.09950919	0.13004493
-2.297297297	0.16194241	0.11708494	0.22456282	0.08433898	0.10081277	0.13200530
-2.290290290	0.16383756	0.11867864	0.22752572	0.08551260	0.10213255	0.13398926
-2.283283283	0.16575055	0.12029047	0.23051119	0.08670113	0.10346870	0.13599700
-2.276276276	0.16768148	0.12192061	0.23351909	0.08790473	0.10482144	0.13802872
-2.269269269	0.16963044	0.12356922	0.23654926	0.08912360	0.10619096	0.14008461
-2.262262262	0.17159753	0.12523645	0.23960156	0.09035790	0.10757745	0.14216485
-2.255255255	0.17358284	0.12692247	0.24267580	0.09160781	0.10898112	0.14426964
-2.248248248	0.17558646	0.12862743	0.24577182	0.09287353	0.11040218	0.14639916
-2.241241241	0.17760849	0.13035150	0.24888942	0.09415522	0.11184082	0.14855360
-2.234234234	0.17964901	0.13209485	0.25202841	0.09545308	0.11329726	0.15073314
-2.227227227	0.18170811	0.13385763	0.25518856	0.09676730	0.11477171	0.15293797
-2.220220220	0.18378588	0.13564000	0.25836967	0.09809806	0.11626438	0.15516827
-2.213213213	0.18588240	0.13744213	0.26157150	0.09944556	0.11777549	0.15742421
-2.206206206	0.18799775	0.13926418	0.26479380	0.10080999	0.11930524	0.15970598
-2.199199199	0.19013201	0.14110632	0.26803633	0.10219155	0.12085386	0.16201375
-2.192192192	0.19228526	0.14296869	0.27129880	0.10359044	0.12242157	0.16434769
-2.185185185	0.19445758	0.14485148	0.27458095	0.10500685	0.12400860	0.16670798
-2.178178178	0.19664905	0.14675484	0.27788248	0.10644099	0.12561515	0.16909478
-2.171171171	0.19885972	0.14867893	0.28120309	0.10789307	0.12724147	0.17150827
-2.164164164	0.20108968	0.15062391	0.28454246	0.10936328	0.12888779	0.17394859
-2.157157157	0.20333898	0.15258994	0.28790026	0.11085185	0.13055432	0.17641592
-2.150150150	0.20560770	0.15457719	0.29127616	0.11235898	0.13224131	0.17891041
-2.143143143	0.20789590	0.15658582	0.29466980	0.11388488	0.13394898	0.18143221
-2.136136136	0.21020363	0.15861598	0.29808080	0.11542977	0.13567758	0.18398147
-2.129129129	0.21253095	0.16066783	0.30150880	0.11699387	0.13742734	0.18655833
-2.122122122	0.21487792	0.16274154	0.30495339	0.11857739	0.13919850	0.18916295
-2.115115115	0.21724458	0.16483725	0.30841417	0.12018057	0.14099131	0.19179545
-2.108108108	0.21963098	0.16695513	0.31189071	0.12180362	0.14280600	0.19445597
-2.101101101	0.22203716	0.16909533	0.31538258	0.12344678	0.14464282	0.19714463
-2.094094094	0.22446317	0.17125800	0.31888933	0.12511026	0.14650203	0.19986156
-2.087087087	0.22690905	0.17344331	0.32241050	0.12679430	0.14838386	0.20260688
-2.080080080	0.22937482	0.17565139	0.32594561	0.12849914	0.15028858	0.20538070
-2.073073073	0.23186051	0.17788240	0.32949416	0.13022501	0.15221642	0.20818312
-2.066066066	0.23436616	0.18013648	0.33305565	0.13197215	0.15416765	0.21101424
-2.059059059	0.23689177	0.18241379	0.33662956	0.13374080	0.15614251	0.21387417
-2.052052052	0.23943738	0.18471448	0.34021536	0.13553121	0.15814128	0.21676298
-2.045045045	0.24200299	0.18703867	0.34381249	0.13734361	0.16016420	0.21968076
-2.038038038	0.24458861	0.18938652	0.34742038	0.13917825	0.16221153	0.22262759
-2.031031031	0.24719425	0.19175816	0.35103846	0.14103539	0.16428353	0.22560352
-2.024024024	0.24981990	0.19415374	0.35466614	0.14291528	0.16638047	0.22860863
-2.017017017	0.25246556	0.19657337	0.35830280	0.14481817	0.16850261	0.23164295
-2.010010010	0.25513122	0.19901721	0.36194783	0.14674431	0.17065022	0.23470654
-2.003003003	0.25781687	0.20148537	0.36560057	0.14869397	0.17282355	0.23779943
-1.995995996	0.26052248	0.20397798	0.36926039	0.15066741	0.17502287	0.24092164
-1.988988989	0.26324802	0.20649517	0.37292660	0.15266489	0.17724846	0.24407320
-1.981981982	0.26599348	0.20903705	0.37659853	0.15468667	0.17950057	0.24725410
-1.974974975	0.26875880	0.21160375	0.38027548	0.15673303	0.18177948	0.25046435
-1.967967968	0.27154395	0.21419538	0.38395675	0.15880424	0.18408546	0.25370394
-1.960960961	0.27434887	0.21681204	0.38764159	0.16090056	0.18641877	0.25697283
-1.953953954	0.27717352	0.21945385	0.39132927	0.16302227	0.18877969	0.26027101
-1.946946947	0.28001782	0.22212090	0.39501903	0.16516965	0.19116848	0.26359842
-1.939939940	0.28288172	0.22481330	0.39871012	0.16734297	0.19358541	0.26695502
-1.932932933	0.28576513	0.22753113	0.40240173	0.16954253	0.19603076	0.27034072
-1.925925926	0.28866798	0.23027450	0.40609307	0.17176859	0.19850479	0.27375546
-1.918918919	0.29159018	0.23304347	0.40978334	0.17402145	0.20100778	0.27719913
-1.911911912	0.29453162	0.23583814	0.41347171	0.17630140	0.20353999	0.28067165
-1.904904905	0.29749221	0.23865858	0.41715733	0.17860872	0.20610169	0.28417288
-1.897897898	0.30047184	0.24150486	0.42083936	0.18094370	0.20869315	0.28770270
-1.890890891	0.30347038	0.24437703	0.42451693	0.18330664	0.21131463	0.29126096
-1.883883884	0.30648771	0.24727517	0.42818917	0.18569783	0.21396641	0.29484751
-1.876876877	0.30952370	0.25019932	0.43185518	0.18811757	0.21664874	0.29846216
-1.869869870	0.31257820	0.25314954	0.43551406	0.19056616	0.21936189	0.30210473
-1.862862863	0.31565106	0.25612585	0.43916490	0.19304389	0.22210613	0.30577502
-1.855855856	0.31874212	0.25912830	0.44280677	0.19555108	0.22488170	0.30947281
-1.848848849	0.32185121	0.26215691	0.44643874	0.19808803	0.22768888	0.31319785
-1.841841842	0.32497815	0.26521170	0.45005985	0.20065503	0.23052791	0.31694991
-1.834834835	0.32812277	0.26829269	0.45366915	0.20325240	0.23339906	0.32072870
-1.827827828	0.33128485	0.27139987	0.45726566	0.20588044	0.23630256	0.32453394
-1.820820821	0.33446419	0.27453326	0.46084841	0.20853948	0.23923867	0.32836534
-1.813813814	0.33766059	0.27769283	0.46441641	0.21122980	0.24220763	0.33222256
-1.806806807	0.34087380	0.28087858	0.46796866	0.21395174	0.24520969	0.33610526
-1.799799800	0.34410360	0.28409046	0.47150416	0.21670560	0.24824509	0.34001310
-1.792792793	0.34734974	0.28732846	0.47502187	0.21949169	0.25131405	0.34394568
-1.785785786	0.35061196	0.29059251	0.47852080	0.22231034	0.25441681	0.34790262
-1.778778779	0.35389000	0.29388258	0.48199989	0.22516185	0.25755359	0.35188350
-1.771771772	0.35718357	0.29719858	0.48545812	0.22804655	0.26072462	0.35588787
-1.764764765	0.36049238	0.30054046	0.48889445	0.23096475	0.26393011	0.35991529
-1.757757758	0.36381614	0.30390813	0.49230781	0.23391677	0.26717028	0.36396528
-1.750750751	0.36715453	0.30730149	0.49569715	0.23690293	0.27044532	0.36803733
-1.743743744	0.37050723	0.31072044	0.49906142	0.23992354	0.27375545	0.37213093
-1.736736737	0.37387390	0.31416486	0.50239955	0.24297893	0.27710084	0.37624553
-1.729729730	0.37725419	0.31763463	0.50571046	0.24606942	0.28048169	0.38038058
-1.722722723	0.38064775	0.32112960	0.50899309	0.24919532	0.28389819	0.38453549
-1.715715716	0.38405419	0.32464964	0.51224636	0.25235694	0.28735049	0.38870964
-1.708708709	0.38747314	0.32819457	0.51546920	0.25555462	0.29083877	0.39290241
-1.701701702	0.39090419	0.33176422	0.51866052	0.25878866	0.29436318	0.39711315
-1.694694695	0.39434694	0.33535840	0.52181924	0.26205938	0.29792387	0.40134117
-1.687687688	0.39780096	0.33897692	0.52494429	0.26536710	0.30152098	0.40558577
-1.680680681	0.40126581	0.34261955	0.52803459	0.26871212	0.30515464	0.40984624
-1.673673674	0.40474105	0.34628607	0.53108905	0.27209477	0.30882498	0.41412182
-1.666666667	0.40822620	0.34997624	0.53410660	0.27551535	0.31253209	0.41841174
-1.659659660	0.41172079	0.35368980	0.53708617	0.27897417	0.31627609	0.42271521
-1.652652653	0.41522432	0.35742648	0.54002667	0.28247153	0.32005706	0.42703139
-1.645645646	0.41873630	0.36118599	0.54292705	0.28600775	0.32387507	0.43135945
-1.638638639	0.42225620	0.36496803	0.54578624	0.28958312	0.32773020	0.43569852
-1.631631632	0.42578349	0.36877230	0.54860318	0.29319794	0.33162249	0.44004769
-1.624624625	0.42931761	0.37259844	0.55137682	0.29685250	0.33555198	0.44440606
-1.617617618	0.43285800	0.37644612	0.55410610	0.30054710	0.33951871	0.44877267
-1.610610611	0.43640410	0.38031497	0.55678999	0.30428203	0.34352268	0.45314655
-1.603603604	0.43995529	0.38420460	0.55942745	0.30805757	0.34756388	0.45752670
-1.596596597	0.44351098	0.38811462	0.56201747	0.31187399	0.35164231	0.46191212
-1.589589590	0.44707053	0.39204460	0.56455902	0.31573159	0.35575793	0.46630174
-1.582582583	0.45063333	0.39599412	0.56705110	0.31963062	0.35991068	0.47069451
-1.575575576	0.45419870	0.39996272	0.56949271	0.32357134	0.36410051	0.47508931
-1.568568569	0.45776598	0.40394993	0.57188287	0.32755403	0.36832732	0.47948504
-1.561561562	0.46133450	0.40795526	0.57422061	0.33157893	0.37259102	0.48388055
-1.554554555	0.46490354	0.41197820	0.57650496	0.33564628	0.37689149	0.48827466
-1.547547548	0.46847240	0.41601821	0.57873499	0.33975634	0.38122857	0.49266619
-1.540540541	0.47204034	0.42007476	0.58090975	0.34390932	0.38560212	0.49705390
-1.533533534	0.47560663	0.42414727	0.58302833	0.34810546	0.39001196	0.50143657
-1.526526527	0.47917050	0.42823516	0.58508982	0.35234497	0.39445787	0.50581292
-1.519519520	0.48273117	0.43233781	0.58709334	0.35662806	0.39893964	0.51018166
-1.512512513	0.48628785	0.43645460	0.58903802	0.36095492	0.40345702	0.51454147
-1.505505506	0.48983974	0.44058488	0.59092300	0.36532575	0.40800975	0.51889103
-1.498498498	0.49338601	0.44472796	0.59274745	0.36974072	0.41259751	0.52322897
-1.491491491	0.49692583	0.44888317	0.59451054	0.37420000	0.41722001	0.52755391
-1.484484484	0.50045834	0.45304979	0.59621149	0.37870375	0.42187689	0.53186444
-1.477477477	0.50398268	0.45722707	0.59784951	0.38325212	0.42656779	0.53615915
-1.470470470	0.50749796	0.46141425	0.59942384	0.38784522	0.43129231	0.54043658
-1.463463463	0.51100328	0.46561057	0.60093375	0.39248320	0.43605002	0.54469527
-1.456456456	0.51449773	0.46981521	0.60237851	0.39716614	0.44084047	0.54893374
-1.449449449	0.51798038	0.47402734	0.60375744	0.40189414	0.44566319	0.55315048
-1.442442442	0.52145029	0.47824611	0.60506986	0.40666728	0.45051765	0.55734396
-1.435435435	0.52490650	0.48247066	0.60631512	0.41148562	0.45540333	0.56151265
-1.428428428	0.52834804	0.48670008	0.60749260	0.41634920	0.46031964	0.56565498
-1.421421421	0.53177392	0.49093345	0.60860169	0.42125805	0.46526599	0.56976938
-1.414414414	0.53518314	0.49516984	0.60964182	0.42621218	0.47024174	0.57385426
-1.407407407	0.53857468	0.49940826	0.61061244	0.43121158	0.47524621	0.57790802
-1.400400400	0.54194753	0.50364774	0.61151302	0.43625622	0.48027871	0.58192903
-1.393393393	0.54530063	0.50788725	0.61234306	0.44134606	0.48533849	0.58591566
-1.386386386	0.54863293	0.51212575	0.61310208	0.44648102	0.49042479	0.58986625
-1.379379379	0.55194336	0.51636219	0.61378963	0.45166101	0.49553678	0.59377917
-1.372372372	0.55523085	0.52059547	0.61440530	0.45688592	0.50067362	0.59765272
-1.365365365	0.55849430	0.52482449	0.61494869	0.46215561	0.50583444	0.60148525
-1.358358358	0.56173261	0.52904810	0.61541944	0.46746992	0.51101829	0.60527505
-1.351351351	0.56494465	0.53326514	0.61581720	0.47282865	0.51622423	0.60902043
-1.344344344	0.56812930	0.53747444	0.61614167	0.47823161	0.52145125	0.61271969
-1.337337337	0.57128543	0.54167478	0.61639256	0.48367853	0.52669830	0.61637112
-1.330330330	0.57441187	0.54586494	0.61656962	0.48916916	0.53196431	0.61997300
-1.323323323	0.57750748	0.55004365	0.61667264	0.49470319	0.53724814	0.62352363
-1.316316316	0.58057108	0.55420964	0.61670141	0.50028028	0.54254863	0.62702128
-1.309309309	0.58360149	0.55836159	0.61665576	0.50590009	0.54786456	0.63046422
-1.302302302	0.58659752	0.56249820	0.61653557	0.51156220	0.55319469	0.63385075
-1.295295295	0.58955798	0.56661810	0.61634073	0.51726620	0.55853771	0.63717913
-1.288288288	0.59248165	0.57071992	0.61607116	0.52301160	0.56389228	0.64044766
-1.281281281	0.59536734	0.57480226	0.61572681	0.52879792	0.56925701	0.64365461
-1.274274274	0.59821381	0.57886371	0.61530766	0.53462461	0.57463047	0.64679828
-1.267267267	0.60101984	0.58290283	0.61481374	0.54049110	0.58001117	0.64987696
-1.260260260	0.60378420	0.58691814	0.61424508	0.54639675	0.58539759	0.65288895
-1.253253253	0.60650564	0.59090818	0.61360176	0.55234091	0.59078815	0.65583257
-1.246246246	0.60918293	0.59487142	0.61288388	0.55832288	0.59618122	0.65870615
-1.239239239	0.61181481	0.59880634	0.61209156	0.56434190	0.60157514	0.66150800
-1.232232232	0.61440003	0.60271140	0.61122498	0.57039718	0.60696819	0.66423648
-1.225225225	0.61693735	0.60658502	0.61028433	0.57648788	0.61235860	0.66688995
-1.218218218	0.61942549	0.61042563	0.60926983	0.58261310	0.61774455	0.66946678
-1.211211211	0.62186319	0.61423159	0.60818172	0.58877189	0.62312418	0.67196536
-1.204204204	0.62424921	0.61800131	0.60702028	0.59496327	0.62849557	0.67438409
-1.197197197	0.62658226	0.62173312	0.60578584	0.60118619	0.63385676	0.67672142
-1.190190190	0.62886110	0.62542537	0.60447872	0.60743954	0.63920572	0.67897577
-1.183183183	0.63108445	0.62907638	0.60309929	0.61372215	0.64454041	0.68114563
-1.176176176	0.63325105	0.63268445	0.60164794	0.62003282	0.64985870	0.68322949
-1.169169169	0.63535965	0.63624787	0.60012511	0.62637026	0.65515843	0.68522586
-1.162162162	0.63740898	0.63976491	0.59853122	0.63273312	0.66043738	0.68713328
-1.155155155	0.63939779	0.64323384	0.59686678	0.63912000	0.66569330	0.68895033
-1.148148148	0.64132484	0.64665290	0.59513227	0.64552944	0.67092387	0.69067560
-1.141141141	0.64318886	0.65002033	0.59332824	0.65195988	0.67612673	0.69230772
-1.134134134	0.64498863	0.65333433	0.59145523	0.65840972	0.68129947	0.69384535
-1.127127127	0.64672290	0.65659313	0.58951384	0.66487728	0.68643963	0.69528719
-1.120120120	0.64839045	0.65979491	0.58750467	0.67136081	0.69154471	0.69663194
-1.113113113	0.64999006	0.66293788	0.58542835	0.67785848	0.69661214	0.69787838
-1.106106106	0.65152050	0.66602021	0.58328555	0.68436838	0.70163934	0.69902529
-1.099099099	0.65298058	0.66904007	0.58107695	0.69088853	0.70662364	0.70007152
-1.092092092	0.65436910	0.67199564	0.57880326	0.69741687	0.71156235	0.70101592
-1.085085085	0.65568487	0.67488506	0.57646520	0.70395124	0.71645275	0.70185741
-1.078078078	0.65692672	0.67770650	0.57406353	0.71048942	0.72129203	0.70259493
-1.071071071	0.65809349	0.68045811	0.57159902	0.71702907	0.72607737	0.70322748
-1.064064064	0.65918402	0.68313803	0.56907248	0.72356780	0.73080590	0.70375408
-1.057057057	0.66019717	0.68574442	0.56648471	0.73010310	0.73547471	0.70417382
-1.050050050	0.66113182	0.68827542	0.56383657	0.73663237	0.74008084	0.70448582
-1.043043043	0.66198686	0.69072918	0.56112890	0.74315292	0.74462130	0.70468923
-1.036036036	0.66276119	0.69310385	0.55836259	0.74966196	0.74909305	0.70478328
-1.029029029	0.66345373	0.69539758	0.55553853	0.75615661	0.75349302	0.70476721
-1.022022022	0.66406341	0.69760852	0.55265764	0.76263387	0.75781810	0.70464035
-1.015015015	0.66458920	0.69973485	0.54972085	0.76909065	0.76206514	0.70440203
-1.008008008	0.66503005	0.70177473	0.54672912	0.77552373	0.76623097	0.70405168
-1.001001001	0.66538496	0.70372633	0.54368341	0.78192982	0.77031238	0.70358873
-0.993993994	0.66565293	0.70558784	0.54058471	0.78830547	0.77430612	0.70301271
-0.986986987	0.66583299	0.70735746	0.53743400	0.79464716	0.77820892	0.70232315
-0.979979980	0.66592419	0.70903339	0.53423232	0.80095122	0.78201748	0.70151968
-0.972972973	0.66592558	0.71061386	0.53098067	0.80721388	0.78572847	0.70060195
-0.965965966	0.66583625	0.71209711	0.52768011	0.81343125	0.78933852	0.69956968
-0.958958959	0.66565532	0.71348137	0.52433169	0.81959931	0.79284428	0.69842263
-0.951951952	0.66538191	0.71476492	0.52093647	0.82571391	0.79624232	0.69716062
-0.944944945	0.66501517	0.71594605	0.51749553	0.83177078	0.79952924	0.69578353
-0.937937938	0.66455428	0.71702307	0.51400996	0.83776550	0.80270159	0.69429129
-0.930930931	0.66399844	0.71799429	0.51048085	0.84369356	0.80575592	0.69268389
-0.923923924	0.66334686	0.71885808	0.50690931	0.84955026	0.80868875	0.69096135
-0.916916917	0.66259880	0.71961280	0.50329647	0.85533080	0.81149659	0.68912377
-0.909909910	0.66175351	0.72025685	0.49964343	0.86103022	0.81417596	0.68717131
-0.902902903	0.66081031	0.72078867	0.49595134	0.86664344	0.81672333	0.68510416
-0.895895896	0.65976849	0.72120670	0.49222134	0.87216519	0.81913519	0.68292258
-0.888888889	0.65862742	0.72150944	0.48845456	0.87759010	0.82140802	0.68062688
-0.881881882	0.65738645	0.72169539	0.48465216	0.88291261	0.82353829	0.67821744
-0.874874875	0.65604498	0.72176310	0.48081530	0.88812704	0.82552246	0.67569468
-0.867867868	0.65460244	0.72171115	0.47694514	0.89322752	0.82735702	0.67305907
-0.860860861	0.65305826	0.72153817	0.47304283	0.89820804	0.82903842	0.67031115
-0.853853854	0.65141193	0.72124279	0.46910956	0.90306244	0.83056313	0.66745150
-0.846846847	0.64966294	0.72082373	0.46514648	0.90778436	0.83192762	0.66448075
-0.839839840	0.64781081	0.72027969	0.46115476	0.91236730	0.83312838	0.66139962
-0.832832833	0.64585510	0.71960946	0.45713559	0.91680457	0.83416190	0.65820883
-0.825825826	0.64379538	0.71881185	0.45309014	0.92108933	0.83502465	0.65490920
-0.818818819	0.64163127	0.71788571	0.44901957	0.92521454	0.83571315	0.65150156
-0.811811812	0.63936237	0.71682994	0.44492506	0.92917298	0.83622390	0.64798683
-0.804804805	0.63698836	0.71564350	0.44080778	0.93295727	0.83655344	0.64436596
-0.797797798	0.63450892	0.71432536	0.43666891	0.93655982	0.83669831	0.64063994
-0.790790791	0.63192374	0.71287457	0.43250961	0.93997285	0.83665504	0.63680984
-0.783783784	0.62923256	0.71129023	0.42833105	0.94318839	0.83642021	0.63287676
-0.776776777	0.62643515	0.70957148	0.42413439	0.94619827	0.83599041	0.62884185
-0.769769770	0.62353127	0.70771750	0.41992079	0.94899413	0.83536223	0.62470630
-0.762762763	0.62052074	0.70572755	0.41569140	0.95156737	0.83453227	0.62047137
-0.755755756	0.61740339	0.70360092	0.41144738	0.95390920	0.83349719	0.61613835
-0.748748749	0.61417907	0.70133698	0.40718986	0.95601061	0.83225361	0.61170857
-0.741741742	0.61084766	0.69893512	0.40291998	0.95786237	0.83079820	0.60718342
-0.734734735	0.60740906	0.69639483	0.39863888	0.95945500	0.82912765	0.60256432
-0.727727728	0.60386318	0.69371562	0.39434769	0.96077881	0.82723864	0.59785273
-0.720720721	0.60020999	0.69089709	0.39004751	0.96182384	0.82512789	0.59305018
-0.713713714	0.59644943	0.68793888	0.38573946	0.96257990	0.82279211	0.58815821
-0.706706707	0.59258150	0.68484070	0.38142465	0.96303654	0.82022804	0.58317842
-0.699699700	0.58860619	0.68160231	0.37710417	0.96318301	0.81743242	0.57811242
-0.692692693	0.58452354	0.67822356	0.37277910	0.96300832	0.81440199	0.57296189
-0.685685686	0.58033358	0.67470433	0.36845051	0.96250116	0.81113351	0.56772853
-0.678678679	0.57603638	0.67104458	0.36411948	0.96164994	0.80762374	0.56241409
-0.671671672	0.57163201	0.66724435	0.35978706	0.96044273	0.80386942	0.55702034
-0.664664665	0.56712055	0.66330371	0.35545430	0.95886729	0.79986731	0.55154908
-0.657657658	0.56250212	0.65922282	0.35112222	0.95691100	0.79561413	0.54600216
-0.650650651	0.55777684	0.65500192	0.34679186	0.95456090	0.79110662	0.54038144
-0.643643644	0.55294483	0.65064128	0.34246423	0.95180362	0.78634147	0.53468885
-0.636636637	0.54800624	0.64614127	0.33814032	0.94862538	0.78131535	0.52892629
-0.629629630	0.54296122	0.64150230	0.33382113	0.94501194	0.77602490	0.52309574
-0.622622623	0.53780994	0.63672489	0.32950763	0.94094861	0.77046672	0.51719919
-0.615615616	0.53255256	0.63180958	0.32520079	0.93642016	0.76463735	0.51123865
-0.608608609	0.52718925	0.62675701	0.32090155	0.93141083	0.75853327	0.50521615
-0.601601602	0.52172020	0.62156788	0.31661085	0.92590425	0.75215089	0.49913376
-0.594594595	0.51614560	0.61624297	0.31232962	0.91988340	0.74548653	0.49299357
-0.587587588	0.51046562	0.61078311	0.30805877	0.91333053	0.73853643	0.48679768
-0.580580581	0.50468044	0.60518922	0.30379920	0.90622713	0.73129669	0.48054823
-0.573573574	0.49879026	0.59946227	0.29955178	0.89855381	0.72376330	0.47424735
-0.566566567	0.49279526	0.59360333	0.29531739	0.89029023	0.71593209	0.46789722
-0.559559560	0.48669560	0.58761351	0.29109688	0.88141496	0.70779872	0.46150001
-0.552552553	0.48049145	0.58149401	0.28689110	0.87190539	0.69935866	0.45505794
-0.545545546	0.47418296	0.57524608	0.28270085	0.86173754	0.69060716	0.44857321
-0.538538539	0.46777029	0.56887106	0.27852697	0.85088594	0.68153921	0.44204805
-0.531531532	0.46125355	0.56237036	0.27437023	0.83932334	0.67214953	0.43548471
-0.524524525	0.45463286	0.55574544	0.27023143	0.82702052	0.66243250	0.42888545
-0.517517518	0.44790830	0.54899785	0.26611132	0.81394596	0.65238215	0.42225252
-0.510510511	0.44107995	0.54212920	0.26201065	0.80006548	0.64199208	0.41558822
-0.503503504	0.43414785	0.53514116	0.25793017	0.78534181	0.63125542	0.40889482
-0.496496496	0.42711199	0.52803550	0.25387059	0.76973400	0.62016478	0.40217462
-0.489489489	0.41997236	0.52081402	0.24983260	0.75319680	0.60871212	0.39542992
-0.482482482	0.41272888	0.51347862	0.24581691	0.73567976	0.59688872	0.38866305
-0.475475475	0.40538146	0.50603125	0.24182417	0.71712620	0.58468508	0.38187630
-0.468468468	0.39792994	0.49847392	0.23785505	0.69747179	0.57209072	0.37507201
-0.461461461	0.39037409	0.49080873	0.23391019	0.67664281	0.55909415	0.36825250
-0.454454454	0.38271366	0.48303784	0.22999021	0.65455375	0.54568262	0.36142011
-0.447447447	0.37494831	0.47516346	0.22609572	0.63110416	0.53184194	0.35457716
-0.440440440	0.36707761	0.46718789	0.22222732	0.60617430	0.51755626	0.34772599
-0.433433433	0.35910109	0.45911348	0.21838557	0.57961900	0.50280774	0.34086895
-0.426426426	0.35101815	0.45094264	0.21457104	0.55125882	0.48757619	0.33400837
-0.419419419	0.34282811	0.44267786	0.21078429	0.52086681	0.47183864	0.32714659
-0.412412412	0.33453015	0.43432170	0.20702582	0.48814791	0.45556875	0.32028595
-0.405405405	0.32612336	0.42587676	0.20329617	0.45270524	0.43873608	0.31342879
-0.398398398	0.31760665	0.41734572	0.19959582	0.41398130	0.42130516	0.30657745
-0.391391391	0.30897880	0.40873132	0.19592527	0.37114669	0.40323422	0.29973428
-0.384384384	0.30023838	0.40003637	0.19228498	0.32286406	0.38447358	0.29290160
-0.377377377	0.29138380	0.39126374	0.18867539	0.26669517	0.36496339	0.28608175
-0.370370370	0.28241318	0.38241635	0.18509695	0.19712100	0.34463041	0.27927707
-0.363363363	0.27332444	0.37349722	0.18155008	0.09240209	0.32338349	0.27248988
-0.356356356	0.26411515	0.36450939	0.17803518	0.00000000	0.30110679	0.26572252
-0.349349349	0.25478256	0.35545600	0.17455265	0.00000000	0.27764917	0.25897731
-0.342342342	0.24532353	0.34634023	0.17110285	0.00000000	0.25280704	0.25225657
-0.335335335	0.23573444	0.33716535	0.16768615	0.00000000	0.22629429	0.24556263
-0.328328328	0.22601114	0.32793468	0.16430289	0.00000000	0.19768548	0.23889781
-0.321321321	0.21614884	0.31865160	0.16095340	0.00000000	0.16629469	0.23226442
-0.314314314	0.20614200	0.30931960	0.15763801	0.00000000	0.13086769	0.22566479
-0.307307307	0.19598418	0.29994220	0.15435701	0.00000000	0.08851917	0.21910122
-0.300300300	0.18566783	0.29052300	0.15111068	0.00000000	0.02626643	0.21257604
-0.293293293	0.17518406	0.28106571	0.14789930	0.00000000	0.00000000	0.20609155
-0.286286286	0.16452230	0.27157408	0.14472314	0.00000000	0.00000000	0.19965007
-0.279279279	0.15366987	0.26205197	0.14158242	0.00000000	0.00000000	0.19325392
-0.272272272	0.14261136	0.25250333	0.13847739	0.00000000	0.00000000	0.18690542
-0.265265265	0.13132780	0.24293218	0.13540825	0.00000000	0.00000000	0.18060689
-0.258258258	0.11979538	0.23334268	0.13237522	0.00000000	0.00000000	0.17436066
-0.251251251	0.10798358	0.22373907	0.12937849	0.00000000	0.00000000	0.16816907
-0.244244244	0.09585219	0.21412572	0.12641821	0.00000000	0.00000000	0.16203445
-0.237237237	0.08334631	0.20450714	0.12349457	0.00000000	0.00000000	0.15595916
-0.230230230	0.07038720	0.19488797	0.12060771	0.00000000	0.00000000	0.14994557
-0.223223223	0.05685401	0.18527304	0.11775777	0.00000000	0.00000000	0.14399605
-0.216216216	0.04254069	0.17566733	0.11494487	0.00000000	0.00000000	0.13811299
-0.209209209	0.02702488	0.16607606	0.11216913	0.00000000	0.00000000	0.13229882
-0.202202202	0.00894559	0.15650466	0.10943064	0.00000000	0.00000000	0.12655597
-0.195195195	0.00000000	0.14695886	0.10672948	0.00000000	0.00000000	0.12088691
-0.188188188	0.00000000	0.13744469	0.10406575	0.00000000	0.00000000	0.11529413
-0.181181181	0.00000000	0.12796858	0.10143949	0.00000000	0.00000000	0.10978017
-0.174174174	0.00000000	0.11853740	0.09885077	0.00000000	0.00000000	0.10434759
-0.167167167	0.00000000	0.10915858	0.09629961	0.00000000	0.00000000	0.09899902
-0.160160160	0.00000000	0.09984022	0.09378606	0.00000000	0.00000000	0.09373713
-0.153153153	0.00000000	0.09059128	0.09131012	0.00000000	0.00000000	0.08856466
-0.146146146	0.00000000	0.08142175	0.08887180	0.00000000	0.00000000	0.08348440
-0.139139139	0.00000000	0.07234303	0.08647110	0.00000000	0.00000000	0.07849925
-0.132132132	0.00000000	0.06336838	0.08410801	0.00000000	0.00000000	0.07361217
-0.125125125	0.00000000	0.05451355	0.08178250	0.00000000	0.00000000	0.06882626
-0.118118118	0.00000000	0.04579791	0.07949452	0.00000000	0.00000000	0.06414471
-0.111111111	0.00000000	0.03724622	0.07724405	0.00000000	0.00000000	0.05957086
-0.104104104	0.00000000	0.02889182	0.07503101	0.00000000	0.00000000	0.05510821
-0.097097097	0.00000000	0.02078316	0.07285535	0.00000000	0.00000000	0.05076044
-0.090090090	0.00000000	0.01299939	0.07071698	0.00000000	0.00000000	0.04653146
-0.083083083	0.00000000	0.00570132	0.06861583	0.00000000	0.00000000	0.04242541
-0.076076076	0.00000000	0.00000000	0.06655179	0.00000000	0.00000000	0.03844674
-0.069069069	0.00000000	0.00000000	0.06452477	0.00000000	0.00000000	0.03460025
-0.062062062	0.00000000	0.00000000	0.06253465	0.00000000	0.00000000	0.03089116
-0.055055055	0.00000000	0.00000000	0.06058130	0.00000000	0.00000000	0.02732517
-0.048048048	0.00000000	0.00000000	0.05866461	0.00000000	0.00000000	0.02390864
-0.041041041	0.00000000	0.00000000	0.05678443	0.00000000	0.00000000	0.02064865
-0.034034034	0.00000000	0.00000000	0.05494061	0.00000000	0.00000000	0.01755329
-0.027027027	0.00000000	0.00000000	0.05313299	0.00000000	0.00000000	0.01463184
-0.020020020	0.00000000	0.00000000	0.05136142	0.00000000	0.00000000	0.01189526
-0.013013013	0.00000000	0.00000000	0.04962572	0.00000000	0.00000000	0.00935671
-0.006006006	0.00000000	0.00000000	0.04792572	0.00000000	0.00000000	0.00703254
0.001001001	0.00000000	0.00000000	0.04626121	0.00000000	0.00000000	0.00494391
0.008008008	0.00000000	0.00000000	0.04463202	0.00000000	0.00000000	0.00311982
0.015015015	0.00000000	0.00000000	0.04303793	0.00000000	0.00000000	0.00160398
0.022022022	0.00000000	0.00000000	0.04147875	0.00000000	0.00000000	0.00047509
0.029029029	0.00000000	0.00000000	0.03995424	0.00000000	0.00000000	0.00000000
0.036036036	0.00000000	0.00000000	0.03846420	0.00000000	0.00000000	0.00000000
0.043043043	0.00000000	0.00000000	0.03700838	0.00000000	0.00000000	0.00000000
0.050050050	0.00000000	0.00000000	0.03558656	0.00000000	0.00000000	0.00000000
0.057057057	0.00000000	0.00000000	0.03419848	0.00000000	0.00000000	0.00000000
0.064064064	0.00000000	0.00000000	0.03284390	0.00000000	0.00000000	0.00000000
0.071071071	0.00000000	0.00000000	0.03152257	0.00000000	0.00000000	0.00000000
0.078078078	0.00000000	0.00000000	0.03023421	0.00000000	0.00000000	0.00000000
0.085085085	0.00000000	0.00000000	0.02897856	0.00000000	0.00000000	0.00000000
0.092092092	0.00000000	0.00000000	0.02775535	0.00000000	0.00000000	0.00000000
0.099099099	0.00000000	0.00000000	0.02656430	0.00000000	0.00000000	0.00000000
0.106106106	0.00000000	0.00000000	0.02540511	0.00000000	0.00000000	0.00000000
0.113113113	0.00000000	0.00000000	0.02427750	0.00000000	0.00000000	0.00000000
0.120120120	0.00000000	0.00000000	0.02318116	0.00000000	0.00000000	0.00000000
0.127127127	0.00000000	0.00000000	0.02211580	0.00000000	0.00000000	0.00000000
0.134134134	0.00000000	0.00000000	0.02108110	0.00000000	0.00000000	0.00000000
0.141141141	0.00000000	0.00000000	0.02007675	0.00000000	0.00000000	0.00000000
0.148148148	0.00000000	0.00000000	0.01910244	0.00000000	0.00000000	0.00000000
0.155155155	0.00000000	0.00000000	0.01815782	0.00000000	0.00000000	0.00000000
0.162162162	0.00000000	0.00000000	0.01724258	0.00000000	0.00000000	0.00000000
0.169169169	0.00000000	0.00000000	0.01635638	0.00000000	0.00000000	0.00000000
0.176176176	0.00000000	0.00000000	0.01549887	0.00000000	0.00000000	0.00000000
0.183183183	0.00000000	0.00000000	0.01466971	0.00000000	0.00000000	0.00000000
0.190190190	0.00000000	0.00000000	0.01386855	0.00000000	0.00000000	0.00000000
0.197197197	0.00000000	0.00000000	0.01309504	0.00000000	0.00000000	0.00000000
0.204204204	0.00000000	0.00000000	0.01234880	0.00000000	0.00000000	0.00000000
0.211211211	0.00000000	0.00000000	0.01162948	0.00000000	0.00000000	0.00000000
0.218218218	0.00000000	0.00000000	0.01093670	0.00000000	0.00000000	0.00000000
0.225225225	0.00000000	0.00000000	0.01027009	0.00000000	0.00000000	0.00000000
0.232232232	0.00000000	0.00000000	0.00962926	0.00000000	0.00000000	0.00000000
0.239239239	0.00000000	0.00000000	0.00901382	0.00000000	0.00000000	0.00000000
0.246246246	0.00000000	0.00000000	0.00842340	0.00000000	0.00000000	0.00000000
0.253253253	0.00000000	0.00000000	0.00785758	0.00000000	0.00000000	0.00000000
0.260260260	0.00000000	0.00000000	0.00731597	0.00000000	0.00000000	0.00000000
0.267267267	0.00000000	0.00000000	0.00679816	0.00000000	0.00000000	0.00000000
0.274274274	0.00000000	0.00000000	0.00630373	0.00000000	0.00000000	0.00000000
0.281281281	0.00000000	0.00000000	0.00583227	0.00000000	0.00000000	0.00000000
0.288288288	0.00000000	0.00000000	0.00538336	0.00000000	0.00000000	0.00000000
0.295295295	0.00000000	0.00000000	0.00495656	0.00000000	0.00000000	0.00000000
0.302302302	0.00000000	0.00000000	0.00455144	0.00000000	0.00000000	0.00000000
0.309309309	0.00000000	0.00000000	0.00416757	0.00000000	0.00000000	0.00000000
0.316316316	0.00000000	0.00000000	0.00380448	0.00000000	0.00000000	0.00000000
0.323323323	0.00000000	0.00000000	0.00346174	0.00000000	0.00000000	0.00000000
0.330330330	0.00000000	0.00000000	0.00313887	0.00000000	0.00000000	0.00000000
0.337337337	0.00000000	0.00000000	0.00283543	0.00000000	0.00000000	0.00000000
0.344344344	0.00000000	0.00000000	0.00255092	0.00000000	0.00000000	0.00000000
0.351351351	0.00000000	0.00000000	0.00228487	0.00000000	0.00000000	0.00000000
0.358358358	0.00000000	0.00000000	0.00203680	0.00000000	0.00000000	0.00000000
0.365365365	0.00000000	0.00000000	0.00180620	0.00000000	0.00000000	0.00000000
0.372372372	0.00000000	0.00000000	0.00159258	0.00000000	0.00000000	0.00000000
0.379379379	0.00000000	0.00000000	0.00139543	0.00000000	0.00000000	0.00000000
0.386386386	0.00000000	0.00000000	0.00121421	0.00000000	0.00000000	0.00000000
0.393393393	0.00000000	0.00000000	0.00104840	0.00000000	0.00000000	0.00000000
0.400400400	0.00000000	0.00000000	0.00089745	0.00000000	0.00000000	0.00000000
0.407407407	0.00000000	0.00000000	0.00076082	0.00000000	0.00000000	0.00000000
0.414414414	0.00000000	0.00000000	0.00063794	0.00000000	0.00000000	0.00000000
0.421421421	0.00000000	0.00000000	0.00052822	0.00000000	0.00000000	0.00000000
0.428428428	0.00000000	0.00000000	0.00043108	0.00000000	0.00000000	0.00000000
0.435435435	0.00000000	0.00000000	0.00034590	0.00000000	0.00000000	0.00000000
0.442442442	0.00000000	0.00000000	0.00027206	0.00000000	0.00000000	0.00000000
0.449449449	0.00000000	0.00000000	0.00020892	0.00000000	0.00000000	0.00000000
0.456456456	0.00000000	0.00000000	0.00015580	0.00000000	0.00000000	0.00000000
0.463463463	0.00000000	0.00000000	0.00011200	0.00000000	0.00000000	0.00000000
0.470470470	0.00000000	0.00000000	0.00007682	0.00000000	0.00000000	0.00000000
0.477477477	0.00000000	0.00000000	0.00004948	0.00000000	0.00000000	0.00000000
0.484484484	0.00000000	0.00000000	0.00002919	0.00000000	0.00000000	0.00000000
0.491491491	0.00000000	0.00000000	0.00001508	0.00000000	0.00000000	0.00000000
0.498498498	0.00000000	0.00000000	0.00000625	0.00000000	0.00000000	0.00000000
0.505505506	0.00000000	0.00000000	0.00000165	0.00000000	0.00000000	0.00000000
0.512512513	0.00000000	0.00000000	0.00000010	0.00000000	0.00000000	0.00000000
0.519519520	0.00000000	0.00000000	0.00000000	0.00000000	0.00000000	0.00000000
0.526526527	0.00000000	0.00000000	0.00000000	0.00000000	0.00000000	0.00000000
0.533533534	0.00000000	0.00000000	0.00000000	0.00000000	0.00000000	0.00000000
0.540540541	0.00000000	0.00000000	0.00000000	0.00000000	0.00000000	0.00000000
0.547547548	0.00000000	0.00000000	0.00000000	0.00000000	0.00000000	0.00000000
0.554554555	0.00000000	0.00000000	0.00000000	0.00000000	0.00000000	0.00000000
0.561561562	0.00000000	0.00000000	0.00000000	0.00000000	0.00000000	0.00000000
0.568568569	0.00000000	0.00000000	0.00000000	0.00000000	0.00000000	0.00000000
0.575575576	0.00000000	0.00000000	0.00000000	0.00000000	0.00000000	0.00000000
0.582582583	0.00000000	0.00000000	0.00000000	0.00000000	0.00000000	0.00000000
0.589589590	0.00000000	0.00000000	0.00000000	0.00000000	0.00000000	0.00000000
0.596596597	0.00000000	0.00000000	0.00000000	0.00000000	0.00000000	0.00000000
0.603603604	0.00000000	0.00000000	0.00000000	0.00000000	0.00000000	0.00000000
0.610610611	0.00000000	0.00000000	0.00000000	0.00000000	0.00000000	0.00000000
0.617617618	0.00000000	0.00000000	0.00000000	0.00000000	0.00000000	0.00000000
0.624624625	0.00000000	0.00000000	0.00000000	0.00000000	0.00000000	0.00000000
0.631631632	0.00000000	0.00000000	0.00000000	0.00000000	0.00000000	0.00000000
0.638638639	0.00000000	0.00000000	0.00000000	0.00000000	0.00000000	0.00000000
0.645645646	0.00000000	0.00000000	0.00000000	0.00000000	0.00000000	0.00000000
0.652652653	0.00000000	0.00000000	0.00000000	0.00000000	0.00000000	0.00000000
0.659659660	0.00000000	0.00000000	0.00000000	0.00000000	0.00000000	0.00000000
0.666666667	0.00000000	0.00000000	0.00000000	0.00000000	0.00000000	0.00000000
0.673673674	0.00000000	0.00000000	0.00000000	0.00000000	0.00000000	0.00000000
0.680680681	0.00000000	0.00000000	0.00000000	0.00000000	0.00000000	0.00000000
0.687687688	0.00000000	0.00000000	0.00000000	0.00000000	0.00000000	0.00000000
0.694694695	0.00000000	0.00000000	0.00000000	0.00000000	0.00000000	0.00000000
0.701701702	0.00000000	0.00000000	0.00000000	0.00000000	0.00000000	0.00000000
0.708708709	0.00000000	0.00000000	0.00000000	0.00000000	0.00000000	0.00000000
0.715715716	0.00000000	0.00000000	0.00000000	0.00000000	0.00000000	0.00000000
0.722722723	0.00000000	0.00000000	0.00000000	0.00000000	0.00000000	0.00000000
0.729729730	0.00000000	0.00000000	0.00000000	0.00000000	0.00000000	0.00000000
0.736736737	0.00000000	0.00000000	0.00000000	0.00000000	0.00000000	0.00000000
0.743743744	0.00000000	0.00000000	0.00000000	0.00000000	0.00000000	0.00000000
0.750750751	0.00000000	0.00000000	0.00000000	0.00000000	0.00000000	0.00000000
0.757757758	0.00000000	0.00000000	0.00000000	0.00000000	0.00000000	0.00000000
0.764764765	0.00000000	0.00000000	0.00000000	0.00000000	0.00000000	0.00000000
0.771771772	0.00000000	0.00000000	0.00000000	0.00000000	0.00000000	0.00000000
0.778778779	0.00000000	0.00000000	0.00000000	0.00000000	0.00000000	0.00000000
0.785785786	0.00000000	0.00000000	0.00000000	0.00000000	0.00000000	0.00000000
0.792792793	0.00000000	0.00000000	0.00000000	0.00000000	0.00000000	0.00000000
0.799799800	0.00000000	0.00000000	0.00000000	0.00000000	0.00000000	0.00000000
0.806806807	0.00000000	0.00000000	0.00000000	0.00000000	0.00000000	0.00000000
0.813813814	0.00000000	0.00000000	0.00000000	0.00000000	0.00000000	0.00000000
0.820820821	0.00000000	0.00000000	0.00000000	0.00000000	0.00000000	0.00000000
0.827827828	0.00000000	0.00000000	0.00000000	0.00000000	0.00000000	0.00000000
0.834834835	0.00000000	0.00000000	0.00000000	0.00000000	0.00000000	0.00000000
0.841841842	0.00000000	0.00000000	0.00000000	0.00000000	0.00000000	0.00000000
0.848848849	0.00000000	0.00000000	0.00000000	0.00000000	0.00000000	0.00000000
0.855855856	0.00000000	0.00000000	0.00000000	0.00000000	0.00000000	0.00000000
0.862862863	0.00000000	0.00000000	0.00000000	0.00000000	0.00000000	0.00000000
0.869869870	0.00000000	0.00000000	0.00000000	0.00000000	0.00000000	0.00000000
0.876876877	0.00000000	0.00000000	0.00000000	0.00000000	0.00000000	0.00000000
0.883883884	0.00000000	0.00000000	0.00000000	0.00000000	0.00000000	0.00000000
0.890890891	0.00000000	0.00000000	0.00000000	0.00000000	0.00000000	0.00000000
0.897897898	0.00000000	0.00000000	0.00000000	0.00000000	0.00000000	0.00000000
0.904904905	0.00000000	0.00000000	0.00000000	0.00000000	0.00000000	0.00000000
0.911911912	0.00000000	0.00000000	0.00000000	0.00000000	0.00000000	0.00000000
0.918918919	0.00000000	0.00000000	0.00000000	0.00000000	0.00000000	0.00000000
0.925925926	0.00000000	0.00000000	0.00000000	0.00000000	0.00000000	0.00000000
0.932932933	0.00000000	0.00000000	0.00000000	0.00000000	0.00000000	0.00000000
0.939939940	0.00000000	0.00000000	0.00000000	0.00000000	0.00000000	0.00000000
0.946946947	0.00000000	0.00000000	0.00000000	0.00000000	0.00000000	0.00000000
0.953953954	0.00000000	0.00000000	0.00000000	0.00000000	0.00000000	0.00000000
0.960960961	0.00000000	0.00000000	0.00000000	0.00000000	0.00000000	0.00000000
0.967967968	0.00000000	0.00000000	0.00000000	0.00000000	0.00000000	0.00000000
0.974974975	0.00000000	0.00000000	0.00000000	0.00000000	0.00000000	0.00000000
0.981981982	0.00000000	0.00000000	0.00000000	0.00000000	0.00000000	0.00000000
0.988988989	0.00000000	0.00000000	0.00000000	0.00000000	0.00000000	0.00000000
0.995995996	0.00000000	0.00000000	0.00000000	0.00000000	0.00000000	0.00000000
1.003003003	0.00000000	0.00000000	0.00000000	0.00000000	0.00000000	0.00000000
1.010010010	0.00000000	0.00000000	0.00000000	0.00000000	0.00000000	0.00000000
1.017017017	0.00000000	0.00000000	0.00000000	0.00000000	0.00000000	0.00000000
1.024024024	0.00000000	0.00000000	0.00000000	0.00000000	0.00000000	0.00000000
1.031031031	0.00000000	0.00000000	0.00000000	0.00000000	0.00000000	0.00000000
1.038038038	0.00000000	0.00000000	0.00000000	0.00000000	0.00000000	0.00000000
1.045045045	0.00000000	0.00000000	0.00000000	0.00000000	0.00000000	0.00000000
1.052052052	0.00000000	0.00000000	0.00000000	0.00000000	0.00000000	0.00000000
1.059059059	0.00000000	0.00000000	0.00000000	0.00000000	0.00000000	0.00000000
1.066066066	0.00000000	0.00000000	0.00000000	0.00000000	0.00000000	0.00000000
1.073073073	0.00000000	0.00000000	0.00000000	0.00000000	0.00000000	0.00000000
1.080080080	0.00000000	0.00000000	0.00000000	0.00000000	0.00000000	0.00000000
1.087087087	0.00000000	0.00000000	0.00000000	0.00000000	0.00000000	0.00000000
1.094094094	0.00000000	0.00000000	0.00000000	0.00000000	0.00000000	0.00000000
1.101101101	0.00000000	0.00000000	0.00000000	0.00000000	0.00000000	0.00000000
1.108108108	0.00000000	0.00000000	0.00000000	0.00000000	0.00000000	0.00000000
1.115115115	0.00000000	0.00000000	0.00000000	0.00000000	0.00000000	0.00000000
1.122122122	0.00000000	0.00000000	0.00000000	0.00000000	0.00000000	0.00000000
1.129129129	0.00000000	0.00000000	0.00000000	0.00000000	0.00000000	0.00000000
1.136136136	0.00000000	0.00000000	0.00000000	0.00000000	0.00000000	0.00000000
1.143143143	0.00000000	0.00000000	0.00000000	0.00000000	0.00000000	0.00000000
1.150150150	0.00000000	0.00000000	0.00000000	0.00000000	0.00000000	0.00000000
1.157157157	0.00000000	0.00000000	0.00000000	0.00000000	0.00000000	0.00000000
1.164164164	0.00000000	0.00000000	0.00000000	0.00000000	0.00000000	0.00000000
1.171171171	0.00000000	0.00000000	0.00000000	0.00000000	0.00000000	0.00000000
1.178178178	0.00000000	0.00000000	0.00000000	0.00000000	0.00000000	0.00000000
1.185185185	0.00000000	0.00000000	0.00000000	0.00000000	0.00000000	0.00000000
1.192192192	0.00000000	0.00000000	0.00000000	0.00000000	0.00000000	0.00000000
1.199199199	0.00000000	0.00000000	0.00000000	0.00000000	0.00000000	0.00000000
1.206206206	0.00000000	0.00000000	0.00000000	0.00000000	0.00000000	0.00000000
1.213213213	0.00000000	0.00000000	0.00000000	0.00000000	0.00000000	0.00000000
1.220220220	0.00000000	0.00000000	0.00000000	0.00000000	0.00000000	0.00000000
1.227227227	0.00000000	0.00000000	0.00000000	0.00000000	0.00000000	0.00000000
1.234234234	0.00000000	0.00000000	0.00000000	0.00000000	0.00000000	0.00000000
1.241241241	0.00000000	0.00000000	0.00000000	0.00000000	0.00000000	0.00000000
1.248248248	0.00000000	0.00000000	0.00000000	0.00000000	0.00000000	0.00000000
1.255255255	0.00000000	0.00000000	0.00000000	0.00000000	0.00000000	0.00000000
1.262262262	0.00000000	0.00000000	0.00000000	0.00000000	0.00000000	0.00000000
1.269269269	0.00000000	0.00000000	0.00000000	0.00000000	0.00000000	0.00000000
1.276276276	0.00000000	0.00000000	0.00000000	0.00000000	0.00000000	0.00000000
1.283283283	0.00000000	0.00000000	0.00000000	0.00000000	0.00000000	0.00000000
1.290290290	0.00000000	0.00000000	0.00000000	0.00000000	0.00000000	0.00000000
1.297297297	0.00000000	0.00000000	0.00000000	0.00000000	0.00000000	0.00000000
1.304304304	0.00000000	0.00000000	0.00000000	0.00000000	0.00000000	0.00000000
1.311311311	0.00000000	0.00000000	0.00000000	0.00000000	0.00000000	0.00000000
1.318318318	0.00000000	0.00000000	0.00000000	0.00000000	0.00000000	0.00000000
1.325325325	0.00000000	0.00000000	0.00000000	0.00000000	0.00000000	0.00000000
1.332332332	0.00000000	0.00000000	0.00000000	0.00000000	0.00000000	0.00000000
1.339339339	0.00000000	0.00000000	0.00000000	0.00000000	0.00000000	0.00000000
1.346346346	0.00000000	0.00000000	0.00000000	0.00000000	0.00000000	0.00000000
1.353353353	0.00000000	0.00000000	0.00000000	0.00000000	0.00000000	0.00000000
1.360360360	0.00000000	0.00000000	0.00000000	0.00000000	0.00000000	0.00000000
1.367367367	0.00000000	0.00000000	0.00000000	0.00000000	0.00000000	0.00000000
1.374374374	0.00000000	0.00000000	0.00000000	0.00000000	0.00000000	0.00000000
1.381381381	0.00000000	0.00000000	0.00000000	0.00000000	0.00000000	0.00000000
1.388388388	0.00000000	0.00000000	0.00000000	0.00000000	0.00000000	0.00000000
1.395395395	0.00000000	0.00000000	0.00000000	0.00000000	0.00000000	0.00000000
1.402402402	0.00000000	0.00000000	0.00000000	0.00000000	0.00000000	0.00000000
1.409409409	0.00000000	0.00000000	0.00000000	0.00000000	0.00000000	0.00000000
1.416416416	0.00000000	0.00000000	0.00000000	0.00000000	0.00000000	0.00000000
1.423423423	0.00000000	0.00000000	0.00000000	0.00000000	0.00000000	0.00000000
1.430430430	0.00000000	0.00000000	0.00000000	0.00000000	0.00000000	0.00000000
1.437437437	0.00000000	0.00000000	0.00000000	0.00000000	0.00000000	0.00000000
1.444444444	0.00000000	0.00000000	0.00000000	0.00000000	0.00000000	0.00000000
1.451451451	0.00000000	0.00000000	0.00000000	0.00000000	0.00000000	0.00000000
1.458458458	0.00000000	0.00000000	0.00000000	0.00000000	0.00000000	0.00000000
1.465465465	0.00000000	0.00000000	0.00000000	0.00000000	0.00000000	0.00000000
1.472472472	0.00000000	0.00000000	0.00000000	0.00000000	0.00000000	0.00000000
1.479479479	0.00000000	0.00000000	0.00000000	0.00000000	0.00000000	0.00000000
1.486486486	0.00000000	0.00000000	0.00000000	0.00000000	0.00000000	0.00000000
1.493493493	0.00000000	0.00000000	0.00000000	0.00000000	0.00000000	0.00000000
1.500500501	0.00000000	0.00000000	0.00000000	0.00000000	0.00000000	0.00000000
1.507507508	0.00000000	0.00000000	0.00000000	0.00000000	0.00000000	0.00000000
1.514514515	0.00000000	0.00000000	0.00000000	0.00000000	0.00000000	0.00000000
1.521521522	0.00000000	0.00000000	0.00000000	0.00000000	0.00000000	0.00000000
1.528528529	0.00000000	0.00000000	0.00000000	0.00000000	0.00000000	0.00000000
1.535535536	0.00000000	0.00000000	0.00000000	0.00000000	0.00000000	0.00000000
1.542542543	0.00000000	0.00000000	0.00000000	0.00000000	0.00000000	0.00000000
1.549549550	0.00000000	0.00000000	0.00000000	0.00000000	0.00000000	0.00000000
1.556556557	0.00000000	0.00000000	0.00000000	0.00000000	0.00000000	0.00000000
1.563563564	0.00000000	0.00000000	0.00000000	0.00000000	0.00000000	0.00000000
1.570570571	0.00000000	0.00000000	0.00000000	0.00000000	0.00000000	0.00000000
1.577577578	0.00000000	0.00000000	0.00000000	0.00000000	0.00000000	0.00000000
1.584584585	0.00000000	0.00000000	0.00000000	0.00000000	0.00000000	0.00000000
1.591591592	0.00000000	0.00000000	0.00000000	0.00000000	0.00000000	0.00000000
1.598598599	0.00000000	0.00000000	0.00000000	0.00000000	0.00000000	0.00000000
1.605605606	0.00000000	0.00000000	0.00000000	0.00000000	0.00000000	0.00000000
1.612612613	0.00000000	0.00000000	0.00000000	0.00000000	0.00000000	0.00000000
1.619619620	0.00000000	0.00000000	0.00000000	0.00000000	0.00000000	0.00000000
1.626626627	0.00000000	0.00000000	0.00000000	0.00000000	0.00000000	0.00000000
1.633633634	0.00000000	0.00000000	0.00000000	0.00000000	0.00000000	0.00000000
1.640640641	0.00000000	0.00000000	0.00000000	0.00000000	0.00000000	0.00000000
1.647647648	0.00000000	0.00000000	0.00000000	0.00000000	0.00000000	0.00000000
1.654654655	0.00000000	0.00000000	0.00000000	0.00000000	0.00000000	0.00000000
1.661661662	0.00000000	0.00000000	0.00000000	0.00000000	0.00000000	0.00000000
1.668668669	0.00000000	0.00000000	0.00000000	0.00000000	0.00000000	0.00000000
1.675675676	0.00000000	0.00000000	0.00000000	0.00000000	0.00000000	0.00000000
1.682682683	0.00000000	0.00000000	0.00000000	0.00000000	0.00000000	0.00000000
1.689689690	0.00000000	0.00000000	0.00000000	0.00000000	0.00000000	0.00000000
1.696696697	0.00000000	0.00000000	0.00000000	0.00000000	0.00000000	0.00000000
1.703703704	0.00000000	0.00000000	0.00000000	0.00000000	0.00000000	0.00000000
1.710710711	0.00000000	0.00000000	0.00000000	0.00000000	0.00000000	0.00000000
1.717717718	0.00000000	0.00000000	0.00000000	0.00000000	0.00000000	0.00000000
1.724724725	0.00000000	0.00000000	0.00000000	0.00000000	0.00000000	0.00000000
1.731731732	0.00000000	0.00000000	0.00000000	0.00000000	0.00000000	0.00000000
1.738738739	0.00000000	0.00000000	0.00000000	0.00000000	0.00000000	0.00000000
1.745745746	0.00000000	0.00000000	0.00000000	0.00000000	0.00000000	0.00000000
1.752752753	0.00000000	0.00000000	0.00000000	0.00000000	0.00000000	0.00000000
1.759759760	0.00000000	0.00000000	0.00000000	0.00000000	0.00000000	0.00000000
1.766766767	0.00000000	0.00000000	0.00000000	0.00000000	0.00000000	0.00000000
1.773773774	0.00000000	0.00000000	0.00000000	0.00000000	0.00000000	0.00000000
1.780780781	0.00000000	0.00000000	0.00000000	0.00000000	0.00000000	0.00000000
1.787787788	0.00000000	0.00000000	0.00000000	0.00000000	0.00000000	0.00000000
1.794794795	0.00000000	0.00000000	0.00000000	0.00000000	0.00000000	0.00000000
1.801801802	0.00000000	0.00000000	0.00000000	0.00000000	0.00000000	0.00000000
1.808808809	0.00000000	0.00000000	0.00000000	0.00000000	0.00000000	0.00000000
1.815815816	0.00000000	0.00000000	0.00000000	0.00000000	0.00000000	0.00000000
1.822822823	0.00000000	0.00000000	0.00000000	0.00000000	0.00000000	0.00000000
1.829829830	0.00000000	0.00000000	0.00000000	0.00000000	0.00000000	0.00000000
1.836836837	0.00000000	0.00000000	0.00000000	0.00000000	0.00000000	0.00000000
1.843843844	0.00000000	0.00000000	0.00000000	0.00000000	0.00000000	0.00000000
1.850850851	0.00000000	0.00000000	0.00000000	0.00000000	0.00000000	0.00000000
1.857857858	0.00000000	0.00000000	0.00000000	0.00000000	0.00000000	0.00000000
1.864864865	0.00000000	0.00000000	0.00000000	0.00000000	0.00000000	0.00000000
1.871871872	0.00000000	0.00000000	0.00000000	0.00000000	0.00000000	0.00000000
1.878878879	0.00000000	0.00000000	0.00000000	0.00000000	0.00000000	0.00000000
1.885885886	0.00000000	0.00000000	0.00000000	0.00000000	0.00000000	0.00000000
1.892892893	0.00000000	0.00000000	0.00000000	0.00000000	0.00000000	0.00000000
1.899899900	0.00000000	0.00000000	0.00000000	0.00000000	0.00000000	0.00000000
1.906906907	0.00000000	0.00000000	0.00000000	0.00000000	0.00000000	0.00000000
1.913913914	0.00000000	0.00000000	0.00000000	0.00000000	0.00000000	0.00000000
1.920920921	0.00000000	0.00000000	0.00000000	0.00000000	0.00000000	0.00000000
1.927927928	0.00000000	0.00000000	0.00000000	0.00000000	0.00000000	0.00000000
1.934934935	0.00000000	0.00000000	0.00000000	0.00000000	0.00000000	0.00000000
1.941941942	0.00000000	0.00000000	0.00000000	0.00000000	0.00000000	0.00000000
1.948948949	0.00000000	0.00000000	0.00000000	0.00000000	0.00000000	0.00000000
1.955955956	0.00000000	0.00000000	0.00000000	0.00000000	0.00000000	0.00000000
1.962962963	0.00000000	0.00000000	0.00000000	0.00000000	0.00000000	0.00000000
1.969969970	0.00000000	0.00000000	0.00000000	0.00000000	0.00000000	0.00000000
1.976976977	0.00000000	0.00000000	0.00000000	0.00000000	0.00000000	0.00000000
1.983983984	0.00000000	0.00000000	0.00000000	0.00000000	0.00000000	0.00000000
1.990990991	0.00000000	0.00000000	0.00000000	0.00000000	0.00000000	0.00000000
1.997997998	0.00000000	0.00000000	0.00000000	0.00000000	0.00000000	0.00000000
2.005005005	0.00000000	0.00000000	0.00000000	0.00000000	0.00000000	0.00000000
2.012012012	0.00000000	0.00000000	0.00000000	0.00000000	0.00000000	0.00000000
2.019019019	0.00000000	0.00000000	0.00000000	0.00000000	0.00000000	0.00000000
2.026026026	0.00000000	0.00000000	0.00000000	0.00000000	0.00000000	0.00000000
2.033033033	0.00000000	0.00000000	0.00000000	0.00000000	0.00000000	0.00000000
2.040040040	0.00000000	0.00000000	0.00000000	0.00000000	0.00000000	0.00000000
2.047047047	0.00000000	0.00000000	0.00000000	0.00000000	0.00000000	0.00000000
2.054054054	0.00000000	0.00000000	0.00000000	0.00000000	0.00000000	0.00000000
2.061061061	0.00000000	0.00000000	0.00000000	0.00000000	0.00000000	0.00000000
2.068068068	0.00000000	0.00000000	0.00000000	0.00000000	0.00000000	0.00000000
2.075075075	0.00000000	0.00000000	0.00000000	0.00000000	0.00000000	0.00000000
2.082082082	0.00000000	0.00000000	0.00000000	0.00000000	0.00000000	0.00000000
2.089089089	0.00000000	0.00000000	0.00000000	0.00000000	0.00000000	0.00000000
2.096096096	0.00000000	0.00000000	0.00000000	0.00000000	0.00000000	0.00000000
2.103103103	0.00000000	0.00000000	0.00000000	0.00000000	0.00000000	0.00000000
2.110110110	0.00000000	0.00000000	0.00000000	0.00000000	0.00000000	0.00000000
2.117117117	0.00000000	0.00000000	0.00000000	0.00000000	0.00000000	0.00000000
2.124124124	0.00000000	0.00000000	0.00000000	0.00000000	0.00000000	0.00000000
2.131131131	0.00000000	0.00000000	0.00000000	0.00000000	0.00000000	0.00000000
2.138138138	0.00000000	0.00000000	0.00000000	0.00000000	0.00000000	0.00000000
2.145145145	0.00000000	0.00000000	0.00000000	0.00000000	0.00000000	0.00000000
2.152152152	0.00000000	0.00000000	0.00000000	0.00000000	0.00000000	0.00000000
2.159159159	0.00000000	0.00000000	0.00000000	0.00000000	0.00000000	0.00000000
2.166166166	0.00000000	0.00000000	0.00000000	0.00000000	0.00000000	0.00000000
2.173173173	0.00000000	0.00000000	0.00000000	0.00000000	0.00000000	0.00000000
2.180180180	0.00000000	0.00000000	0.00000000	0.00000000	0.00000000	0.00000000
2.187187187	0.00000000	0.00000000	0.00000000	0.00000000	0.00000000	0.00000000
2.194194194	0.00000000	0.00000000	0.00000000	0.00000000	0.00000000	0.00000000
2.201201201	0.00000000	0.00000000	0.00000000	0.00000000	0.00000000	0.00000000
2.208208208	0.00000000	0.00000000	0.00000000	0.00000000	0.00000000	0.00000000
2.215215215	0.00000000	0.00000000	0.00000000	0.00000000	0.00000000	0.00000000
2.222222222	0.00000000	0.00000000	0.00000000	0.00000000	0.00000000	0.00000000
2.229229229	0.00000000	0.00000000	0.00000000	0.00000000	0.00000000	0.00000000
2.236236236	0.00000000	0.00000000	0.00000000	0.00000000	0.00000000	0.00000000
2.243243243	0.00000000	0.00000000	0.00000000	0.00000000	0.00000000	0.00000000
2.250250250	0.00000000	0.00000000	0.00000000	0.00000000	0.00000000	0.00000000
2.257257257	0.00000000	0.00000000	0.00000000	0.00000000	0.00000000	0.00000000
2.264264264	0.00000000	0.00000000	0.00000000	0.00000000	0.00000000	0.00000000
2.271271271	0.00000000	0.00000000	0.00000000	0.00000000	0.00000000	0.00000000
2.278278278	0.00000000	0.00000000	0.00000000	0.00000000	0.00000000	0.00000000
2.285285285	0.00000000	0.00000000	0.00000000	0.00000000	0.00000000	0.00000000
2.292292292	0.00000000	0.00000000	0.00000000	0.00000000	0.00000000	0.00000000
2.299299299	0.00000000	0.00000000	0.00000000	0.00000000	0.00000000	0.00000000
2.306306306	0.00000000	0.00000000	0.00000000	0.00000000	0.00000000	0.00000000
2.313313313	0.00000000	0.00000000	0.00000000	0.00000000	0.00000000	0.00000000
2.320320320	0.00000000	0.00000000	0.00000000	0.00000000	0.00000000	0.00000000
2.327327327	0.00000000	0.00000000	0.00000000	0.00000000	0.00000000	0.00000000
2.334334334	0.00000000	0.00000000	0.00000000	0.00000000	0.00000000	0.00000000
2.341341341	0.00000000	0.00000000	0.00000000	0.00000000	0.00000000	0.00000000
2.348348348	0.00000000	0.00000000	0.00000000	0.00000000	0.00000000	0.00000000
2.355355355	0.00000000	0.00000000	0.00000000	0.00000000	0.00000000	0.00000000
2.362362362	0.00000000	0.00000000	0.00000000	0.00000000	0.00000000	0.00000000
2.369369369	0.00000000	0.00000000	0.00000000	0.00000000	0.00000000	0.00000000
2.376376376	0.00000000	0.00000000	0.00000000	0.00000000	0.00000000	0.00000000
2.383383383	0.00000000	0.00000000	0.00000000	0.00000000	0.00000000	0.00000000
2.390390390	0.00000000	0.00000000	0.00000000	0.00000000	0.00000000	0.00000000
2.397397397	0.00000000	0.00000000	0.00000000	0.00000000	0.00000000	0.00000000
2.404404404	0.00000000	0.00000000	0.00000000	0.00000000	0.00000000	0.00000000
2.411411411	0.00000000	0.00000000	0.00000000	0.00000000	0.00000000	0.00000000
2.418418418	0.00000000	0.00000000	0.00000000	0.00000000	0.00000000	0.00000000
2.425425425	0.00000000	0.00000000	0.00000000	0.00000000	0.00000000	0.00000000
2.432432432	0.00000000	0.00000000	0.00000000	0.00000000	0.00000000	0.00000000
2.439439439	0.00000000	0.00000000	0.00000000	0.00000000	0.00000000	0.00000000
2.446446446	0.00000000	0.00000000	0.00000000	0.00000000	0.00000000	0.00000000
2.453453453	0.00000000	0.00000000	0.00000000	0.00000000	0.00000000	0.00000000
2.460460460	0.00000000	0.00000000	0.00000000	0.00000000	0.00000000	0.00000000
2.467467467	0.00000000	0.00000000	0.00000000	0.00000000	0.00000000	0.00000000
2.474474474	0.00000000	0.00000000	0.00000000	0.00000000	0.00000000	0.00000000
2.481481481	0.00000000	0.00000000	0.00000000	0.00000000	0.00000000	0.00000000
2.488488488	0.00000000	0.00000000	0.00000000	0.00000000	0.00000000	0.00000000
2.495495495	0.00000000	0.00000000	0.00000000	0.00000000	0.00000000	0.00000000
2.502502503	0.00000000	0.00000000	0.00000000	0.00000000	0.00000000	0.00000000
2.509509510	0.00000000	0.00000000	0.00000000	0.00000000	0.00000000	0.00000000
2.516516517	0.00000000	0.00000000	0.00000000	0.00000000	0.00000000	0.00000000
2.523523524	0.00000000	0.00000000	0.00000000	0.00000000	0.00000000	0.00000000
2.530530531	0.00000000	0.00000000	0.00000000	0.00000000	0.00000000	0.00000000
2.537537538	0.00000000	0.00000000	0.00000000	0.00000000	0.00000000	0.00000000
2.544544545	0.00000000	0.00000000	0.00000000	0.00000000	0.00000000	0.00000000
2.551551552	0.00000000	0.00000000	0.00000000	0.00000000	0.00000000	0.00000000
2.558558559	0.00000000	0.00000000	0.00000000	0.00000000	0.00000000	0.00000000
2.565565566	0.00000000	0.00000000	0.00000000	0.00000000	0.00000000	0.00000000
2.572572573	0.00000000	0.00000000	0.00000000	0.00000000	0.00000000	0.00000000
2.579579580	0.00000000	0.00000000	0.00000000	0.00000000	0.00000000	0.00000000
2.586586587	0.00000000	0.00000000	0.00000000	0.00000000	0.00000000	0.00000000
2.593593594	0.00000000	0.00000000	0.00000000	0.00000000	0.00000000	0.00000000
2.600600601	0.00000000	0.00000000	0.00000000	0.00000000	0.00000000	0.00000000
2.607607608	0.00000000	0.00000000	0.00000000	0.00000000	0.00000000	0.00000000
2.614614615	0.00000000	0.00000000	0.00000000	0.00000000	0.00000000	0.00000000
2.621621622	0.00000000	0.00000000	0.00000000	0.00000000	0.00000000	0.00000000
2.628628629	0.00000000	0.00000000	0.00000000	0.00000000	0.00000000	0.00000000
2.635635636	0.00000000	0.00000000	0.00000000	0.00000000	0.00000000	0.00000000
2.642642643	0.00000000	0.00000000	0.00000000	0.00000000	0.00000000	0.00000000
2.649649650	0.00000000	0.00000000	0.00000000	0.00000000	0.00000000	0.00000000
2.656656657	0.00000000	0.00000000	0.00000000	0.00000000	0.00000000	0.00000000
2.663663664	0.00000000	0.00000000	0.00000000	0.00000000	0.00000000	0.00000000
2.670670671	0.00000000	0.00000000	0.00000000	0.00000000	0.00000000	0.00000000
2.677677678	0.00000000	0.00000000	0.00000000	0.00000000	0.00000000	0.00000000
2.684684685	0.00000000	0.00000000	0.00000000	0.00000000	0.00000000	0.00000000
2.691691692	0.00000000	0.00000000	0.00000000	0.00000000	0.00000000	0.00000000
2.698698699	0.00000000	0.00000000	0.00000000	0.00000000	0.00000000	0.00000000
2.705705706	0.00000000	0.00000000	0.00000000	0.00000000	0.00000000	0.00000000
2.712712713	0.00000000	0.00000000	0.00000000	0.00000000	0.00000000	0.00000000
2.719719720	0.00000000	0.00000000	0.00000000	0.00000000	0.00000000	0.00000000
2.726726727	0.00000000	0.00000000	0.00000000	0.00000000	0.00000000	0.00000000
2.733733734	0.00000000	0.00000000	0.00000000	0.00000000	0.00000000	0.00000000
2.740740741	0.00000000	0.00000000	0.00000000	0.00000000	0.00000000	0.00000000
2.747747748	0.00000000	0.00000000	0.00000000	0.00000000	0.00000000	0.00000000
2.754754755	0.00000000	0.00000000	0.00000000	0.00000000	0.00000000	0.00000000
2.761761762	0.00000000	0.00000000	0.00000000	0.00000000	0.00000000	0.00000000
2.768768769	0.00000000	0.00000000	0.00000000	0.00000000	0.00000000	0.00000000
2.775775776	0.00000000	0.00000000	0.00000000	0.00000000	0.00000000	0.00000000
2.782782783	0.00000000	0.00000000	0.00000000	0.00000000	0.00000000	0.00000000
2.789789790	0.00000000	0.00000000	0.00000000	0.00000000	0.00000000	0.00000000
2.796796797	0.00000000	0.00000000	0.00000000	0.00000000	0.00000000	0.00000000
2.803803804	0.00000000	0.00000000	0.00000000	0.00000000	0.00000000	0.00000000
2.810810811	0.00000000	0.00000000	0.00000000	0.00000000	0.00000000	0.00000000
2.817817818	0.00000000	0.00000000	0.00000000	0.00000000	0.00000000	0.00000000
2.824824825	0.00000000	0.00000000	0.00000000	0.00000000	0.00000000	0.00000000
2.831831832	0.00000000	0.00000000	0.00000000	0.00000000	0.00000000	0.00000000
2.838838839	0.00000000	0.00000000	0.00000000	0.00000000	0.00000000	0.00000000
2.845845846	0.00000000	0.00000000	0.00000000	0.00000000	0.00000000	0.00000000
2.852852853	0.00000000	0.00000000	0.00000000	0.00000000	0.00000000	0.00000000
2.859859860	0.00000000	0.00000000	0.00000000	0.00000000	0.00000000	0.00000000
2.866866867	0.00000000	0.00000000	0.00000000	0.00000000	0.00000000	0.00000000
2.873873874	0.00000000	0.00000000	0.00000000	0.00000000	0.00000000	0.00000000
2.880880881	0.00000000	0.00000000	0.00000000	0.00000000	0.00000000	0.00000000
2.887887888	0.00000000	0.00000000	0.00000000	0.00000000	0.00000000	0.00000000
2.894894895	0.00000000	0.00000000	0.00000000	0.00000000	0.00000000	0.00000000
2.901901902	0.00000000	0.00000000	0.00000000	0.00000000	0.00000000	0.00000000
2.908908909	0.00000000	0.00000000	0.00000000	0.00000000	0.00000000	0.00000000
2.915915916	0.00000000	0.00000000	0.00000000	0.00000000	0.00000000	0.00000000
2.922922923	0.00000000	0.00000000	0.00000000	0.00000000	0.00000000	0.00000000
2.929929930	0.00000000	0.00000000	0.00000000	0.00000000	0.00000000	0.00000000
2.936936937	0.00000000	0.00000000	0.00000000	0.00000000	0.00000000	0.00000000
2.943943944	0.00000000	0.00000000	0.00000000	0.00000000	0.00000000	0.00000000
2.950950951	0.00000000	0.00000000	0.00000000	0.00000000	0.00000000	0.00000000
2.957957958	0.00000000	0.00000000	0.00000000	0.00000000	0.00000000	0.00000000
2.964964965	0.00000000	0.00000000	0.00000000	0.00000000	0.00000000	0.00000000
2.971971972	0.00000000	0.00000000	0.00000000	0.00000000	0.00000000	0.00000000
2.978978979	0.00000000	0.00000000	0.00000000	0.00000000	0.00000000	0.00000000
2.985985986	0.00000000	0.00000000	0.00000000	0.00000000	0.00000000	0.00000000
2.992992993	0.00000000	0.00000000	0.00000000	0.00000000	0.00000000	0.00000000
3.000000000	0.00000000	0.00000000	0.00000000	0.00000000	0.00000000	0.00000000
