-4.000000000	0.002835782	0.001049783	0.001476824	0.000713306	0.002502985	0.001432922
-3.992992993	0.002886811	0.001072626	0.001511093	0.000727263	0.002540414	0.001460316
-3.985985986	0.002938708	0.001095938	0.001546097	0.000741486	0.002578391	0.001488210
-3.978978979	0.002991484	0.001119729	0.001581849	0.000755978	0.002616921	0.001516612
-3.971971972	0.003045155	0.001144007	0.001618364	0.000770744	0.002656014	0.001545531
-3.964964965	0.003099734	0.001168782	0.001655657	0.000785789	0.002695677	0.001574977
-3.957957958	0.003155236	0.001194063	0.001693742	0.000801118	0.002735918	0.001604958
-3.950950951	0.003211675	0.001219860	0.001732634	0.000816737	0.002776746	0.001635483
-3.943943944	0.003269065	0.001246183	0.001772350	0.000832651	0.002818168	0.001666561
-3.936936937	0.003327423	0.001273042	0.001812905	0.000848864	0.002860193	0.001698203
-3.929929930	0.003386761	0.001300446	0.001854314	0.000865383	0.002902831	0.001730418
-3.922922923	0.003447097	0.001328407	0.001896595	0.000882213	0.002946088	0.001763215
-3.915915916	0.003508446	0.001356934	0.001939763	0.000899360	0.002989975	0.001796605
-3.908908909	0.003570823	0.001386039	0.001983835	0.000916829	0.003034499	0.001830597
-3.901901902	0.003634244	0.001415732	0.002028828	0.000934627	0.003079671	0.001865202
-3.894894895	0.003698726	0.001446024	0.002074760	0.000952758	0.003125499	0.001900430
-3.887887888	0.003764285	0.001476926	0.002121647	0.000971230	0.003171992	0.001936293
-3.880880881	0.003830937	0.001508451	0.002169509	0.000990048	0.003219160	0.001972799
-3.873873874	0.003898700	0.001540608	0.002218362	0.001009219	0.003267012	0.002009962
-3.866866867	0.003967590	0.001573411	0.002268226	0.001028748	0.003315558	0.002047790
-3.859859860	0.004037626	0.001606872	0.002319120	0.001048643	0.003364808	0.002086297
-3.852852853	0.004108824	0.001641002	0.002371061	0.001068910	0.003414772	0.002125493
-3.845845846	0.004181203	0.001675813	0.002424070	0.001089555	0.003465460	0.002165390
-3.838838839	0.004254780	0.001711319	0.002478166	0.001110586	0.003516881	0.002205999
-3.831831832	0.004329574	0.001747533	0.002533369	0.001132009	0.003569046	0.002247333
-3.824824825	0.004405604	0.001784467	0.002589699	0.001153831	0.003621967	0.002289404
-3.817817818	0.004482888	0.001822135	0.002647177	0.001176060	0.003675652	0.002332225
-3.810810811	0.004561445	0.001860549	0.002705824	0.001198703	0.003730114	0.002375807
-3.803803804	0.004641295	0.001899725	0.002765661	0.001221766	0.003785362	0.002420163
-3.796796797	0.004722458	0.001939675	0.002826709	0.001245259	0.003841409	0.002465307
-3.789789790	0.004804953	0.001980414	0.002888990	0.001269187	0.003898264	0.002511251
-3.782782783	0.004888801	0.002021957	0.002952527	0.001293560	0.003955941	0.002558009
-3.775775776	0.004974022	0.002064318	0.003017342	0.001318385	0.004014449	0.002605595
-3.768768769	0.005060636	0.002107511	0.003083458	0.001343670	0.004073801	0.002654022
-3.761761762	0.005148665	0.002151552	0.003150898	0.001369422	0.004134008	0.002703304
-3.754754755	0.005238131	0.002196457	0.003219685	0.001395652	0.004195083	0.002753455
-3.747747748	0.005329053	0.002242241	0.003289844	0.001422366	0.004257037	0.002804490
-3.740740741	0.005421456	0.002288919	0.003361400	0.001449574	0.004319883	0.002856424
-3.733733734	0.005515360	0.002336508	0.003434375	0.001477285	0.004383634	0.002909270
-3.726726727	0.005610787	0.002385025	0.003508796	0.001505506	0.004448302	0.002963045
-3.719719720	0.005707762	0.002434485	0.003584689	0.001534248	0.004513899	0.003017763
-3.712712713	0.005806307	0.002484907	0.003662078	0.001563519	0.004580439	0.003073441
-3.705705706	0.005906445	0.002536306	0.003740989	0.001593329	0.004647935	0.003130093
-3.698698699	0.006008200	0.002588701	0.003821450	0.001623688	0.004716400	0.003187736
-3.691691692	0.006111595	0.002642109	0.003903488	0.001654604	0.004785848	0.003246386
-3.684684685	0.006216656	0.002696549	0.003987129	0.001686088	0.004856292	0.003306059
-3.677677678	0.006323407	0.002752038	0.004072401	0.001718149	0.004927747	0.003366773
-3.670670671	0.006431872	0.002808595	0.004159333	0.001750799	0.005000226	0.003428544
-3.663663664	0.006542078	0.002866239	0.004247953	0.001784047	0.005073744	0.003491390
-3.656656657	0.006654049	0.002924990	0.004338290	0.001817904	0.005148314	0.003555328
-3.649649650	0.006767812	0.002984866	0.004430372	0.001852380	0.005223953	0.003620375
-3.642642643	0.006883392	0.003045888	0.004524231	0.001887486	0.005300674	0.003686550
-3.635635636	0.007000817	0.003108076	0.004619896	0.001923233	0.005378492	0.003753871
-3.628628629	0.007120114	0.003171449	0.004717398	0.001959633	0.005457423	0.003822357
-3.621621622	0.007241309	0.003236030	0.004816767	0.001996697	0.005537483	0.003892026
-3.614614615	0.007364430	0.003301838	0.004918036	0.002034437	0.005618686	0.003962898
-3.607607608	0.007489506	0.003368896	0.005021236	0.002072863	0.005701049	0.004034992
-3.600600601	0.007616565	0.003437225	0.005126400	0.002111989	0.005784588	0.004108327
-3.593593594	0.007745635	0.003506847	0.005233559	0.002151826	0.005869318	0.004182924
-3.586586587	0.007876746	0.003577784	0.005342749	0.002192387	0.005955257	0.004258804
-3.579579580	0.008009926	0.003650059	0.005454001	0.002233684	0.006042422	0.004335985
-3.572572573	0.008145207	0.003723696	0.005567352	0.002275730	0.006130829	0.004414490
-3.565565566	0.008282618	0.003798718	0.005682834	0.002318539	0.006220495	0.004494340
-3.558558559	0.008422190	0.003875148	0.005800484	0.002362123	0.006311438	0.004575555
-3.551551552	0.008563954	0.003953011	0.005920337	0.002406495	0.006403675	0.004658159
-3.544544545	0.008707940	0.004032331	0.006042429	0.002451670	0.006497224	0.004742172
-3.537537538	0.008854182	0.004113133	0.006166796	0.002497661	0.006592104	0.004827618
-3.530530531	0.009002711	0.004195443	0.006293476	0.002544482	0.006688332	0.004914519
-3.523523524	0.009153560	0.004279286	0.006422507	0.002592148	0.006785928	0.005002899
-3.516516517	0.009306761	0.004364688	0.006553926	0.002640673	0.006884910	0.005092780
-3.509509510	0.009462349	0.004451675	0.006687771	0.002690072	0.006985297	0.005184187
-3.502502503	0.009620357	0.004540275	0.006824083	0.002740360	0.007087108	0.005277143
-3.495495495	0.009780819	0.004630514	0.006962901	0.002791552	0.007190364	0.005371674
-3.488488488	0.009943770	0.004722421	0.007104264	0.002843664	0.007295084	0.005467804
-3.481481481	0.010109245	0.004816023	0.007248214	0.002896711	0.007401287	0.005565557
-3.474474474	0.010277279	0.004911348	0.007394791	0.002950711	0.007508996	0.005664961
-3.467467467	0.010447909	0.005008426	0.007544038	0.003005678	0.007618229	0.005766040
-3.460460460	0.010621171	0.005107287	0.007695996	0.003061629	0.007729008	0.005868821
-3.453453453	0.010797102	0.005207958	0.007850709	0.003118582	0.007841355	0.005973330
-3.446446446	0.010975739	0.005310472	0.008008219	0.003176553	0.007955290	0.006079595
-3.439439439	0.011157119	0.005414858	0.008168572	0.003235560	0.008070836	0.006187643
-3.432432432	0.011341282	0.005521147	0.008331811	0.003295620	0.008188015	0.006297502
-3.425425425	0.011528266	0.005629371	0.008497981	0.003356751	0.008306848	0.006409200
-3.418418418	0.011718109	0.005739562	0.008667128	0.003418972	0.008427359	0.006522765
-3.411411411	0.011910852	0.005851753	0.008839299	0.003482301	0.008549571	0.006638227
-3.404404404	0.012106535	0.005965975	0.009014539	0.003546757	0.008673506	0.006755615
-3.397397397	0.012305198	0.006082263	0.009192897	0.003612359	0.008799189	0.006874959
-3.390390390	0.012506882	0.006200651	0.009374420	0.003679126	0.008926643	0.006996290
-3.383383383	0.012711629	0.006321172	0.009559157	0.003747078	0.009055893	0.007119637
-3.376376376	0.012919481	0.006443862	0.009747158	0.003816235	0.009186962	0.007245031
-3.369369369	0.013130480	0.006568755	0.009938471	0.003886618	0.009319876	0.007372506
-3.362362362	0.013344670	0.006695888	0.010133148	0.003958247	0.009454660	0.007502092
-3.355355355	0.013562094	0.006825297	0.010331240	0.004031143	0.009591339	0.007633822
-3.348348348	0.013782796	0.006957018	0.010532797	0.004105327	0.009729940	0.007767728
-3.341341341	0.014006820	0.007091090	0.010737873	0.004180822	0.009870488	0.007903845
-3.334334334	0.014234213	0.007227549	0.010946520	0.004257649	0.010013010	0.008042206
-3.327327327	0.014465018	0.007366434	0.011158793	0.004335831	0.010157532	0.008182844
-3.320320320	0.014699284	0.007507785	0.011374744	0.004415390	0.010304082	0.008325796
-3.313313313	0.014937056	0.007651640	0.011594430	0.004496350	0.010452688	0.008471096
-3.306306306	0.015178381	0.007798040	0.011817906	0.004578733	0.010603378	0.008618780
-3.299299299	0.015423308	0.007947026	0.012045227	0.004662565	0.010756179	0.008768885
-3.292292292	0.015671885	0.008098637	0.012276451	0.004747868	0.010911120	0.008921446
-3.285285285	0.015924160	0.008252916	0.012511636	0.004834668	0.011068231	0.009076501
-3.278278278	0.016180184	0.008409906	0.012750840	0.004922989	0.011227541	0.009234088
-3.271271271	0.016440005	0.008569649	0.012994121	0.005012857	0.011389079	0.009394244
-3.264264264	0.016703676	0.008732188	0.013241539	0.005104298	0.011552876	0.009557010
-3.257257257	0.016971246	0.008897568	0.013493156	0.005197338	0.011718963	0.009722424
-3.250250250	0.017242768	0.009065832	0.013749031	0.005292003	0.011887370	0.009890526
-3.243243243	0.017518294	0.009237027	0.014009227	0.005388321	0.012058129	0.010061355
-3.236236236	0.017797878	0.009411199	0.014273806	0.005486318	0.012231272	0.010234955
-3.229229229	0.018081571	0.009588392	0.014542831	0.005586024	0.012406831	0.010411364
-3.222222222	0.018369430	0.009768656	0.014816367	0.005687465	0.012584838	0.010590627
-3.215215215	0.018661508	0.009952036	0.015094478	0.005790670	0.012765326	0.010772785
-3.208208208	0.018957861	0.010138582	0.015377229	0.005895670	0.012948330	0.010957881
-3.201201201	0.019258545	0.010328343	0.015664688	0.006002493	0.013133883	0.011145959
-3.194194194	0.019563616	0.010521368	0.015956920	0.006111170	0.013322020	0.011337064
-3.187187187	0.019873132	0.010717707	0.016253994	0.006221731	0.013512775	0.011531241
-3.180180180	0.020187150	0.010917412	0.016555978	0.006334207	0.013706183	0.011728535
-3.173173173	0.020505730	0.011120534	0.016862942	0.006448630	0.013902281	0.011928991
-3.166166166	0.020828929	0.011327125	0.017174956	0.006565031	0.014101104	0.012132658
-3.159159159	0.021156809	0.011537238	0.017492090	0.006683444	0.014302690	0.012339582
-3.152152152	0.021489429	0.011750927	0.017814416	0.006803900	0.014507075	0.012549812
-3.145145145	0.021826850	0.011968246	0.018142008	0.006926435	0.014714297	0.012763395
-3.138138138	0.022169135	0.012189251	0.018474937	0.007051081	0.014924395	0.012980382
-3.131131131	0.022516345	0.012413997	0.018813279	0.007177873	0.015137407	0.013200822
-3.124124124	0.022868545	0.012642540	0.019157109	0.007306847	0.015353371	0.013424767
-3.117117117	0.023225797	0.012874938	0.019506502	0.007438037	0.015572329	0.013652266
-3.110110110	0.023588166	0.013111248	0.019861535	0.007571481	0.015794319	0.013883373
-3.103103103	0.023955717	0.013351530	0.020222285	0.007707214	0.016019383	0.014118139
-3.096096096	0.024328516	0.013595843	0.020588832	0.007845274	0.016247561	0.014356619
-3.089089089	0.024706630	0.013844247	0.020961253	0.007985700	0.016478897	0.014598865
-3.082082082	0.025090126	0.014096803	0.021339631	0.008128529	0.016713431	0.014844934
-3.075075075	0.025479072	0.014353573	0.021724045	0.008273800	0.016951207	0.015094881
-3.068068068	0.025873536	0.014614619	0.022114577	0.008421553	0.017192268	0.015348760
-3.061061061	0.026273589	0.014880004	0.022511311	0.008571829	0.017436659	0.015606631
-3.054054054	0.026679300	0.015149793	0.022914330	0.008724667	0.017684423	0.015868550
-3.047047047	0.027090740	0.015424051	0.023323719	0.008880110	0.017935606	0.016134575
-3.040040040	0.027507980	0.015702843	0.023739563	0.009038200	0.018190254	0.016404766
-3.033033033	0.027931094	0.015986236	0.024161950	0.009198979	0.018448412	0.016679183
-3.026026026	0.028360153	0.016274297	0.024590966	0.009362491	0.018710128	0.016957887
-3.019019019	0.028795233	0.016567094	0.025026700	0.009528779	0.018975450	0.017240939
-3.012012012	0.029236408	0.016864696	0.025469241	0.009697890	0.019244425	0.017528400
-3.005005005	0.029683752	0.017167174	0.025918680	0.009869866	0.019517102	0.017820336
-2.997997998	0.030137343	0.017474598	0.026375108	0.010044756	0.019793531	0.018116808
-2.990990991	0.030597256	0.017787039	0.026838618	0.010222606	0.020073761	0.018417883
-2.983983984	0.031063571	0.018104571	0.027309303	0.010403463	0.020357844	0.018723625
-2.976976977	0.031536365	0.018427265	0.027787257	0.010587375	0.020645830	0.019034102
-2.969969970	0.032015718	0.018755198	0.028272575	0.010774392	0.020937772	0.019349379
-2.962962963	0.032501709	0.019088443	0.028765355	0.010964562	0.021233722	0.019669526
-2.955955956	0.032994420	0.019427078	0.029265692	0.011157937	0.021533734	0.019994612
-2.948948949	0.033493933	0.019771178	0.029773687	0.011354568	0.021837862	0.020324705
-2.941941942	0.034000329	0.020120822	0.030289438	0.011554506	0.022146160	0.020659878
-2.934934935	0.034513692	0.020476088	0.030813046	0.011757804	0.022458684	0.021000202
-2.927927928	0.035034107	0.020837057	0.031344613	0.011964517	0.022775490	0.021345748
-2.920920921	0.035561659	0.021203809	0.031884240	0.012174697	0.023096635	0.021696592
-2.913913914	0.036096432	0.021576426	0.032432033	0.012388400	0.023422176	0.022052806
-2.906906907	0.036638514	0.021954991	0.032988096	0.012605683	0.023752173	0.022414467
-2.899899900	0.037187993	0.022339586	0.033552536	0.012826601	0.024086684	0.022781650
-2.892892893	0.037744956	0.022730298	0.034125458	0.013051214	0.024425768	0.023154434
-2.885885886	0.038309493	0.023127211	0.034706972	0.013279578	0.024769488	0.023532896
-2.878878879	0.038881694	0.023530412	0.035297187	0.013511754	0.025117903	0.023917115
-2.871871872	0.039461650	0.023939988	0.035896214	0.013747802	0.025471077	0.024307172
-2.864864865	0.040049452	0.024356029	0.036504163	0.013987782	0.025829073	0.024703148
-2.857857858	0.040645194	0.024778625	0.037121149	0.014231758	0.026191954	0.025105125
-2.850850851	0.041248969	0.025207865	0.037747286	0.014479792	0.026559785	0.025513186
-2.843843844	0.041860871	0.025643841	0.038382687	0.014731948	0.026932631	0.025927416
-2.836836837	0.042480996	0.026086648	0.039027471	0.014988291	0.027310559	0.026347900
-2.829829830	0.043109439	0.026536377	0.039681755	0.015248887	0.027693637	0.026774724
-2.822822823	0.043746299	0.026993126	0.040345658	0.015513803	0.028081932	0.027207976
-2.815815816	0.044391672	0.027456988	0.041019299	0.015783106	0.028475513	0.027647744
-2.808808809	0.045045659	0.027928063	0.041702801	0.016056866	0.028874450	0.028094118
-2.801801802	0.045708358	0.028406448	0.042396285	0.016335152	0.029278814	0.028547190
-2.794794795	0.046379870	0.028892242	0.043099877	0.016618035	0.029688677	0.029007049
-2.787787788	0.047060298	0.029385547	0.043813701	0.016905587	0.030104111	0.029473791
-2.780780781	0.047749744	0.029886463	0.044537883	0.017197882	0.030525190	0.029947508
-2.773773774	0.048448311	0.030395094	0.045272552	0.017494993	0.030951988	0.030428297
-2.766766767	0.049156103	0.030911544	0.046017836	0.017796996	0.031384581	0.030916253
-2.759759760	0.049873227	0.031435917	0.046773867	0.018103967	0.031823045	0.031411475
-2.752752753	0.050599788	0.031968321	0.047540776	0.018415983	0.032267458	0.031914061
-2.745745746	0.051335894	0.032508863	0.048318695	0.018733123	0.032717897	0.032424111
-2.738738739	0.052081652	0.033057652	0.049107760	0.019055467	0.033174443	0.032941726
-2.731731732	0.052837173	0.033614797	0.049908106	0.019383096	0.033637176	0.033467010
-2.724724725	0.053602566	0.034180409	0.050719871	0.019716092	0.034106178	0.034000066
-2.717717718	0.054377943	0.034754602	0.051543194	0.020054538	0.034581530	0.034540999
-2.710710711	0.055163415	0.035337489	0.052378213	0.020398519	0.035063317	0.035089915
-2.703703704	0.055959095	0.035929185	0.053225072	0.020748121	0.035551624	0.035646922
-2.696696697	0.056765098	0.036529806	0.054083912	0.021103431	0.036046535	0.036212128
-2.689689690	0.057581538	0.037139469	0.054954877	0.021464537	0.036548138	0.036785645
-2.682682683	0.058408532	0.037758293	0.055838115	0.021831529	0.037056521	0.037367584
-2.675675676	0.059246195	0.038386399	0.056733771	0.022204498	0.037571774	0.037958057
-2.668668669	0.060094647	0.039023907	0.057641995	0.022583536	0.038093985	0.038557178
-2.661661662	0.060954006	0.039670940	0.058562937	0.022968738	0.038623248	0.039165065
-2.654654655	0.061824392	0.040327623	0.059496747	0.023360198	0.039159654	0.039781833
-2.647647648	0.062705925	0.040994080	0.060443581	0.023758012	0.039703297	0.040407600
-2.640640641	0.063598728	0.041670438	0.061403591	0.024162280	0.040254273	0.041042488
-2.633633634	0.064502924	0.042356826	0.062376934	0.024573099	0.040812677	0.041686617
-2.626626627	0.065418635	0.043053373	0.063363768	0.024990571	0.041378608	0.042340110
-2.619619620	0.066345988	0.043760209	0.064364252	0.025414799	0.041952163	0.043003091
-2.612612613	0.067285107	0.044477467	0.065378547	0.025845885	0.042533443	0.043675685
-2.605605606	0.068236120	0.045205280	0.066406815	0.026283936	0.043122549	0.044358021
-2.598598599	0.069199154	0.045943784	0.067449220	0.026729059	0.043719585	0.045050226
-2.591591592	0.070174339	0.046693114	0.068505927	0.027181361	0.044324653	0.045752432
-2.584584585	0.071161803	0.047453410	0.069577103	0.027640953	0.044937859	0.046464769
-2.577577578	0.072161678	0.048224809	0.070662916	0.028107946	0.045559310	0.047187371
-2.570570571	0.073174096	0.049007453	0.071763538	0.028582454	0.046189114	0.047920373
-2.563563564	0.074199189	0.049801485	0.072879139	0.029064593	0.046827379	0.048663911
-2.556556557	0.075237091	0.050607047	0.074009892	0.029554477	0.047474218	0.049418124
-2.549549550	0.076287937	0.051424286	0.075155974	0.030052227	0.048129742	0.050183151
-2.542542543	0.077351862	0.052253348	0.076317559	0.030557962	0.048794066	0.050959134
-2.535535536	0.078429003	0.053094381	0.077494827	0.031071804	0.049467303	0.051746216
-2.528528529	0.079519499	0.053947536	0.078687957	0.031593876	0.050149571	0.052544540
-2.521521522	0.080623487	0.054812963	0.079897130	0.032124305	0.050840988	0.053354255
-2.514514515	0.081741108	0.055690815	0.081122529	0.032663217	0.051541673	0.054175507
-2.507507508	0.082872501	0.056581247	0.082364339	0.033210742	0.052251748	0.055008447
-2.500500501	0.084017810	0.057484416	0.083622746	0.033767011	0.052971336	0.055853226
-2.493493493	0.085177175	0.058400478	0.084897938	0.034332157	0.053700560	0.056709998
-2.486486486	0.086350742	0.059329593	0.086190104	0.034906315	0.054439548	0.057578917
-2.479479479	0.087538653	0.060271922	0.087499435	0.035489622	0.055188426	0.058460140
-2.472472472	0.088741056	0.061227627	0.088826124	0.036082217	0.055947323	0.059353826
-2.465465465	0.089958096	0.062196873	0.090170365	0.036684241	0.056716371	0.060260136
-2.458458458	0.091189921	0.063179824	0.091532353	0.037295837	0.057495701	0.061179232
-2.451451451	0.092436679	0.064176650	0.092912287	0.037917150	0.058285449	0.062111278
-2.444444444	0.093698519	0.065187518	0.094310365	0.038548329	0.059085750	0.063056440
-2.437437437	0.094975592	0.066212599	0.095726787	0.039189521	0.059896743	0.064014886
-2.430430430	0.096268048	0.067252067	0.097161757	0.039840879	0.060718565	0.064986786
-2.423423423	0.097576040	0.068306094	0.098615477	0.040502557	0.061551359	0.065972312
-2.416416416	0.098899720	0.069374857	0.100088153	0.041174712	0.062395268	0.066971638
-2.409409409	0.100239242	0.070458533	0.101579991	0.041857501	0.063250437	0.067984938
-2.402402402	0.101594761	0.071557302	0.103091200	0.042551085	0.064117013	0.069012392
-2.395395395	0.102966433	0.072671345	0.104621989	0.043255628	0.064995143	0.070054178
-2.388388388	0.104354414	0.073800843	0.106172570	0.043971296	0.065884980	0.071110478
-2.381381381	0.105758860	0.074945983	0.107743156	0.044698255	0.066786674	0.072181476
-2.374374374	0.107179930	0.076106950	0.109333960	0.045436678	0.067700382	0.073267358
-2.367367367	0.108617784	0.077283931	0.110945198	0.046186737	0.068626258	0.074368311
-2.360360360	0.110072579	0.078477118	0.112577087	0.046948606	0.069564462	0.075484526
-2.353353353	0.111544478	0.079686701	0.114229846	0.047722466	0.070515155	0.076616194
-2.346346346	0.113033640	0.080912874	0.115903693	0.048508496	0.071478498	0.077763510
-2.339339339	0.114540229	0.082155831	0.117598850	0.049306880	0.072454656	0.078926670
-2.332332332	0.116064406	0.083415771	0.119315538	0.050117803	0.073443797	0.080105871
-2.325325325	0.117606336	0.084692891	0.121053982	0.050941456	0.074446088	0.081301316
-2.318318318	0.119166181	0.085987393	0.122814406	0.051778029	0.075461700	0.082513205
-2.311311311	0.120744107	0.087299478	0.124597035	0.052627717	0.076490808	0.083741745
-2.304304304	0.122340279	0.088629352	0.126402096	0.053490717	0.077533586	0.084987142
-2.297297297	0.123954864	0.089977219	0.128229818	0.054367230	0.078590212	0.086249606
-2.290290290	0.125588027	0.091343288	0.130080428	0.055257459	0.079660866	0.087529348
-2.283283283	0.127239936	0.092727769	0.131954157	0.056161610	0.080745730	0.088826582
-2.276276276	0.128910759	0.094130873	0.133851235	0.057079892	0.081844988	0.090141523
-2.269269269	0.130600663	0.095552814	0.135771895	0.058012518	0.082958828	0.091474391
-2.262262262	0.132309819	0.096993807	0.137716367	0.058959702	0.084087438	0.092825406
-2.255255255	0.134038393	0.098454069	0.139684886	0.059921665	0.085231010	0.094194791
-2.248248248	0.135786558	0.099933819	0.141677684	0.060898627	0.086389738	0.095582771
-2.241241241	0.137554481	0.101433278	0.143694996	0.061890813	0.087563818	0.096989573
-2.234234234	0.139342335	0.102952669	0.145737057	0.062898453	0.088753450	0.098415427
-2.227227227	0.141150288	0.104492216	0.147804102	0.063921777	0.089958834	0.099860566
-2.220220220	0.142978514	0.106052145	0.149896366	0.064961022	0.091180176	0.101325224
-2.213213213	0.144827182	0.107632684	0.152014085	0.066016425	0.092417681	0.102809637
-2.206206206	0.146696464	0.109234065	0.154157494	0.067088230	0.093671558	0.104314046
-2.199199199	0.148586532	0.110856518	0.156326830	0.068176681	0.094942019	0.105838691
-2.192192192	0.150497557	0.112500277	0.158522329	0.069282028	0.096229280	0.107383818
-2.185185185	0.152429712	0.114165577	0.160744225	0.070404525	0.097533556	0.108949671
-2.178178178	0.154383168	0.115852656	0.162992755	0.071544427	0.098855068	0.110536500
-2.171171171	0.156358097	0.117561754	0.165268153	0.072701996	0.100194038	0.112144556
-2.164164164	0.158354672	0.119293110	0.167570655	0.073877496	0.101550691	0.113774092
-2.157157157	0.160373063	0.121046967	0.169900493	0.075071195	0.102925257	0.115425365
-2.150150150	0.162413442	0.122823570	0.172257902	0.076283366	0.104317965	0.117098632
-2.143143143	0.164475981	0.124623164	0.174643113	0.077514284	0.105729049	0.118794155
-2.136136136	0.166560851	0.126445999	0.177056358	0.078764230	0.107158747	0.120512196
-2.129129129	0.168668222	0.128292322	0.179497866	0.080033488	0.108607298	0.122253022
-2.122122122	0.170798264	0.130162385	0.181967867	0.081322347	0.110074944	0.124016898
-2.115115115	0.172951148	0.132056441	0.184466589	0.082631100	0.111561932	0.125804097
-2.108108108	0.175127043	0.133974745	0.186994255	0.083960044	0.113068509	0.127614891
-2.101101101	0.177326118	0.135917551	0.189551092	0.085309479	0.114594927	0.129449553
-2.094094094	0.179548540	0.137885119	0.192137320	0.086679713	0.116141442	0.131308363
-2.087087087	0.181794477	0.139877708	0.194753158	0.088071055	0.117708310	0.133191599
-2.080080080	0.184064096	0.141895576	0.197398826	0.089483820	0.119295793	0.135099543
-2.073073073	0.186357562	0.143938988	0.200074536	0.090918328	0.120904155	0.137032479
-2.066066066	0.188675040	0.146008207	0.202780502	0.092374902	0.122533663	0.138990695
-2.059059059	0.191016693	0.148103497	0.205516933	0.093853871	0.124184587	0.140974478
-2.052052052	0.193382684	0.150225125	0.208284033	0.095355569	0.125857202	0.142984119
-2.045045045	0.195773173	0.152373358	0.211082007	0.096880335	0.127551784	0.145019912
-2.038038038	0.198188322	0.154548466	0.213911052	0.098428511	0.129268613	0.147082152
-2.031031031	0.200628288	0.156750719	0.216771364	0.100000446	0.131007973	0.149171137
-2.024024024	0.203093228	0.158980387	0.219663133	0.101596493	0.132770152	0.151287166
-2.017017017	0.205583298	0.161237744	0.222586547	0.103217010	0.134555438	0.153430541
-2.010010010	0.208098651	0.163523063	0.225541786	0.104862362	0.136364127	0.155601565
-2.003003003	0.210639439	0.165836617	0.228529028	0.106532916	0.138196515	0.157800544
-1.995995996	0.213205811	0.168178684	0.231548444	0.108229047	0.140052903	0.160027786
-1.988988989	0.215797916	0.170549538	0.234600201	0.109951134	0.141933595	0.162283600
-1.981981982	0.218415899	0.172949457	0.237684459	0.111699562	0.143838897	0.164568298
-1.974974975	0.221059904	0.175378719	0.240801373	0.113474722	0.145769123	0.166882193
-1.967967968	0.223730071	0.177837602	0.243951090	0.115277008	0.147724585	0.169225599
-1.960960961	0.226426538	0.180326384	0.247133752	0.117106823	0.149705602	0.171598834
-1.953953954	0.229149442	0.182845346	0.250349493	0.118964573	0.151712497	0.174002215
-1.946946947	0.231898914	0.185394767	0.253598439	0.120850671	0.153745593	0.176436063
-1.939939940	0.234675086	0.187974927	0.256880710	0.122765536	0.155805221	0.178900698
-1.932932933	0.237478083	0.190586106	0.260196417	0.124709592	0.157891712	0.181396442
-1.925925926	0.240308029	0.193228584	0.263545662	0.126683270	0.160005404	0.183923620
-1.918918919	0.243165045	0.195902642	0.266928538	0.128687006	0.162146635	0.186482557
-1.911911912	0.246049247	0.198608559	0.270345131	0.130721241	0.164315749	0.189073578
-1.904904905	0.248960747	0.201346616	0.273795514	0.132786425	0.166513093	0.191697011
-1.897897898	0.251899655	0.204117091	0.277279753	0.134883012	0.168739019	0.194353184
-1.890890891	0.254866075	0.206920264	0.280797902	0.137011463	0.170993881	0.197042425
-1.883883884	0.257860109	0.209756413	0.284350004	0.139172244	0.173278037	0.199765064
-1.876876877	0.260881852	0.212625814	0.287936090	0.141365829	0.175591849	0.202521431
-1.869869870	0.263931396	0.215528744	0.291556183	0.143592698	0.177935683	0.205311856
-1.862862863	0.267008828	0.218465479	0.295210289	0.145853336	0.180309908	0.208136670
-1.855855856	0.270114231	0.221436292	0.298898403	0.148148236	0.182714897	0.210996205
-1.848848849	0.273247680	0.224441456	0.302620510	0.150477897	0.185151027	0.213890789
-1.841841842	0.276409247	0.227481241	0.306376576	0.152842823	0.187618678	0.216820755
-1.834834835	0.279598998	0.230555918	0.310166556	0.155243528	0.190118235	0.219786432
-1.827827828	0.282816993	0.233665752	0.313990391	0.157680530	0.192650085	0.222788151
-1.820820821	0.286063286	0.236811008	0.317848005	0.160154354	0.195214620	0.225826240
-1.813813814	0.289337924	0.239991950	0.321739308	0.162665531	0.197812234	0.228901028
-1.806806807	0.292640950	0.243208837	0.325664193	0.165214601	0.200443326	0.232012841
-1.799799800	0.295972398	0.246461926	0.329622536	0.167802109	0.203108299	0.235162006
-1.792792793	0.299332294	0.249751471	0.333614197	0.170428607	0.205807558	0.238348847
-1.785785786	0.302720661	0.253077723	0.337639017	0.173094652	0.208541512	0.241573687
-1.778778779	0.306137510	0.256440929	0.341696819	0.175800812	0.211310574	0.244836846
-1.771771772	0.309582848	0.259841332	0.345787408	0.178547658	0.214115161	0.248138643
-1.764764765	0.313056672	0.263279172	0.349910568	0.181335769	0.216955691	0.251479395
-1.757757758	0.316558970	0.266754684	0.354066066	0.184165731	0.219832588	0.254859414
-1.750750751	0.320089725	0.270268099	0.358253645	0.187038136	0.222746278	0.258279011
-1.743743744	0.323648907	0.273819641	0.362473030	0.189953584	0.225697189	0.261738493
-1.736736737	0.327236480	0.277409532	0.366723920	0.192912680	0.228685756	0.265238164
-1.729729730	0.330852397	0.281037987	0.371005997	0.195916037	0.231712413	0.268778324
-1.722722723	0.334496602	0.284705213	0.375318917	0.198964274	0.234777598	0.272359268
-1.715715716	0.338169030	0.288411416	0.379662312	0.202058017	0.237881755	0.275981288
-1.708708709	0.341869604	0.292156790	0.384035793	0.205197898	0.241025326	0.279644668
-1.701701702	0.345598237	0.295941526	0.388438943	0.208384556	0.244208759	0.283349692
-1.694694695	0.349354832	0.299765806	0.392871322	0.211618635	0.247432503	0.287096633
-1.687687688	0.353139280	0.303629805	0.397332463	0.214900788	0.250697012	0.290885762
-1.680680681	0.356951461	0.307533691	0.401821873	0.218231671	0.254002740	0.294717341
-1.673673674	0.360791243	0.311477620	0.406339032	0.221611949	0.257350144	0.298591626
-1.666666667	0.364658481	0.315461745	0.410883393	0.225042290	0.260739682	0.302508868
-1.659659660	0.368553019	0.319486204	0.415454380	0.228523372	0.264171818	0.306469306
-1.652652653	0.372474686	0.323551129	0.420051389	0.232055874	0.267647012	0.310473175
-1.645645646	0.376423300	0.327656642	0.424673786	0.235640483	0.271165731	0.314520699
-1.638638639	0.380398664	0.331802852	0.429320906	0.239277892	0.274728441	0.318612094
-1.631631632	0.384400569	0.335989859	0.433992058	0.242968798	0.278335610	0.322747566
-1.624624625	0.388428788	0.340217750	0.438686514	0.246713903	0.281987706	0.326927311
-1.617617618	0.392483082	0.344486603	0.443403520	0.250513915	0.285685200	0.331151514
-1.610610611	0.396563197	0.348796479	0.448142285	0.254369545	0.289428562	0.335420349
-1.603603604	0.400668863	0.353147431	0.452901990	0.258281510	0.293218265	0.339733979
-1.596596597	0.404799794	0.357539494	0.457681781	0.262250528	0.297054778	0.344092553
-1.589589590	0.408955687	0.361972690	0.462480769	0.266277325	0.300938576	0.348496209
-1.582582583	0.413136224	0.366447030	0.467298033	0.270362628	0.304870129	0.352945070
-1.575575576	0.417341069	0.370962504	0.472132617	0.274507167	0.308849908	0.357439245
-1.568568569	0.421569869	0.375519090	0.476983531	0.278711675	0.312878384	0.361978829
-1.561561562	0.425822252	0.380116748	0.481849748	0.282976888	0.316956027	0.366563899
-1.554554555	0.430097829	0.384755422	0.486730207	0.287303543	0.321083306	0.371194519
-1.547547548	0.434396191	0.389435037	0.491623809	0.291692380	0.325260686	0.375870734
-1.540540541	0.438716913	0.394155500	0.496529421	0.296144140	0.329488632	0.380592571
-1.533533534	0.443059547	0.398916699	0.501445872	0.300659562	0.333767608	0.385360040
-1.526526527	0.447423626	0.403718503	0.506371955	0.305239389	0.338098072	0.390173129
-1.519519520	0.451808665	0.408560760	0.511306425	0.309884360	0.342480481	0.395031810
-1.512512513	0.456214154	0.413443296	0.516247999	0.314595217	0.346915289	0.399936029
-1.505505506	0.460639565	0.418365916	0.521195358	0.319372696	0.351402944	0.404885715
-1.498498498	0.465084348	0.423328402	0.526147144	0.324217535	0.355943892	0.409880771
-1.491491491	0.469547931	0.428330513	0.531101962	0.329130466	0.360538571	0.414921078
-1.484484484	0.474029718	0.433371984	0.536058380	0.334112218	0.365187418	0.420006493
-1.477477477	0.478529091	0.438452524	0.541014925	0.339163518	0.369890860	0.425136846
-1.470470470	0.483045410	0.443571817	0.545970089	0.344285086	0.374649320	0.430311943
-1.463463463	0.487578010	0.448729522	0.550922325	0.349477635	0.379463213	0.435531559
-1.456456456	0.492126203	0.453925267	0.555870049	0.354741873	0.384332948	0.440795445
-1.449449449	0.496689273	0.459158655	0.560811637	0.360078500	0.389258924	0.446103321
-1.442442442	0.501266485	0.464429259	0.565745430	0.365488207	0.394241531	0.451454876
-1.435435435	0.505857073	0.469736621	0.570669730	0.370971676	0.399281153	0.456849768
-1.428428428	0.510460249	0.475080255	0.575582805	0.376529576	0.404378159	0.462287623
-1.421421421	0.515075197	0.480459639	0.580482883	0.382162568	0.409532911	0.467768035
-1.414414414	0.519701075	0.485874223	0.585368158	0.387871297	0.414745758	0.473290560
-1.407407407	0.524337014	0.491323421	0.590236787	0.393656394	0.420017037	0.478854722
-1.400400400	0.528982118	0.496806613	0.595086891	0.399518476	0.425347071	0.484460006
-1.393393393	0.533635464	0.502323144	0.599916560	0.405458142	0.430736171	0.490105859
-1.386386386	0.538296100	0.507872323	0.604723845	0.411475974	0.436184631	0.495791690
-1.379379379	0.542963045	0.513453420	0.609506766	0.417572533	0.441692730	0.501516869
-1.372372372	0.547635292	0.519065671	0.614263312	0.423748359	0.447260732	0.507280721
-1.365365365	0.552311801	0.524708268	0.618991437	0.430003971	0.452888881	0.513082532
-1.358358358	0.556991507	0.530380367	0.623689066	0.436339861	0.458577405	0.518921541
-1.351351351	0.561673313	0.536081081	0.628354092	0.442756497	0.464326509	0.524796945
-1.344344344	0.566356091	0.541809482	0.632984380	0.449254319	0.470136380	0.530707894
-1.337337337	0.571038686	0.547564597	0.637577769	0.455833735	0.476007183	0.536653488
-1.330330330	0.575719910	0.553345413	0.642132066	0.462495125	0.481939059	0.542632782
-1.323323323	0.580398546	0.559150869	0.646645057	0.469238833	0.487932125	0.548644780
-1.316316316	0.585073344	0.564979859	0.651114500	0.476065167	0.493986475	0.554688432
-1.309309309	0.589743026	0.570831230	0.655538132	0.482974398	0.500102173	0.560762640
-1.302302302	0.594406278	0.576703784	0.659913667	0.489966757	0.506279257	0.566866249
-1.295295295	0.599061760	0.582596270	0.664238797	0.497042432	0.512517735	0.572998052
-1.288288288	0.603708097	0.588507390	0.668511198	0.504201567	0.518817586	0.579156783
-1.281281281	0.608343882	0.594435795	0.672728526	0.511444258	0.525178754	0.585341121
-1.274274274	0.612967677	0.600380085	0.676888422	0.518770550	0.531601153	0.591549685
-1.267267267	0.617578013	0.606338806	0.680988512	0.526180438	0.538084658	0.597781037
-1.260260260	0.622173387	0.612310453	0.685026410	0.533673859	0.544629110	0.604033674
-1.253253253	0.626752266	0.618293465	0.688999720	0.541250693	0.551234312	0.610306034
-1.246246246	0.631313083	0.624286226	0.692906034	0.548910760	0.557900025	0.616596491
-1.239239239	0.635854239	0.630287065	0.696742939	0.556653812	0.564625969	0.622903356
-1.232232232	0.640374105	0.636294253	0.700508018	0.564479539	0.571411823	0.629224872
-1.225225225	0.644871017	0.642306004	0.704198847	0.572387557	0.578257216	0.635559218
-1.218218218	0.649343281	0.648320474	0.707813005	0.580377408	0.585161735	0.641904504
-1.211211211	0.653789171	0.654335759	0.711348068	0.588448558	0.592124913	0.648258774
-1.204204204	0.658206929	0.660349895	0.714801617	0.596600392	0.599146236	0.654619999
-1.197197197	0.662594764	0.666360857	0.718171237	0.604832211	0.606225135	0.660986083
-1.190190190	0.666950858	0.672366561	0.721454520	0.613143228	0.613360987	0.667354857
-1.183183183	0.671273356	0.678364856	0.724649069	0.621532563	0.620553109	0.673724081
-1.176176176	0.675560377	0.684353534	0.727752496	0.629999241	0.627800763	0.680091441
-1.169169169	0.679810007	0.690330319	0.730762429	0.638542189	0.635103145	0.686454551
-1.162162162	0.684020303	0.696292873	0.733676511	0.647160229	0.642459390	0.692810951
-1.155155155	0.688189291	0.702238794	0.736492403	0.655852074	0.649868566	0.699158105
-1.148148148	0.692314967	0.708165613	0.739207786	0.664616328	0.657329672	0.705493403
-1.141141141	0.696395301	0.714070799	0.741820366	0.673451477	0.664841635	0.711814159
-1.134134134	0.700428230	0.719951752	0.744327873	0.682355886	0.672403310	0.718117609
-1.127127127	0.704411667	0.725805807	0.746728064	0.691327797	0.680013476	0.724400917
-1.120120120	0.708343495	0.731630233	0.749018725	0.700365322	0.687670833	0.730661166
-1.113113113	0.712221569	0.737422230	0.751197677	0.709466436	0.695373999	0.736895366
-1.106106106	0.716043720	0.743178935	0.753262772	0.718628981	0.703121508	0.743100448
-1.099099099	0.719807751	0.748897415	0.755211901	0.727850650	0.710911809	0.749273265
-1.092092092	0.723511442	0.754574669	0.757042992	0.737128993	0.718743259	0.755410598
-1.085085085	0.727152544	0.760207631	0.758754015	0.746461404	0.726614125	0.761509147
-1.078078078	0.730728789	0.765793166	0.760342981	0.755845121	0.734522578	0.767565539
-1.071071071	0.734237883	0.771328073	0.761807950	0.765277219	0.742466690	0.773576323
-1.064064064	0.737677510	0.776809083	0.763147026	0.774754607	0.750444433	0.779537975
-1.057057057	0.741045330	0.782232859	0.764358363	0.784274022	0.758453676	0.785446896
-1.050050050	0.744338987	0.787595999	0.765440167	0.793832023	0.766492178	0.791299412
-1.043043043	0.747556099	0.792895034	0.766390697	0.803424989	0.774557591	0.797091778
-1.036036036	0.750694269	0.798126428	0.767208267	0.813049112	0.782647452	0.802820176
-1.029029029	0.753751079	0.803286580	0.767891246	0.822700392	0.790759182	0.808480718
-1.022022022	0.756724094	0.808371824	0.768438064	0.832374636	0.798890083	0.814069445
-1.015015015	0.759610862	0.813378426	0.768847209	0.842067447	0.807037333	0.819582331
-1.008008008	0.762408914	0.818302593	0.769117233	0.851774226	0.815197986	0.825015282
-1.001001001	0.765115767	0.823140463	0.769246749	0.861490162	0.823368965	0.830364140
-0.993993994	0.767728923	0.827888115	0.769234436	0.871210231	0.831547061	0.835624682
-0.986986987	0.770245870	0.832541563	0.769079036	0.880929191	0.839728929	0.840792623
-0.979979980	0.772664086	0.837096762	0.768779362	0.890641577	0.847911085	0.845863618
-0.972972973	0.774981033	0.841549603	0.768334291	0.900341696	0.856089902	0.850833263
-0.965965966	0.777194165	0.845895919	0.767742772	0.910023626	0.864261607	0.855697100
-0.958958959	0.779300925	0.850131484	0.767003821	0.919681208	0.872422277	0.860450614
-0.951951952	0.781298746	0.854252014	0.766116528	0.929308046	0.880567836	0.865089239
-0.944944945	0.783185053	0.858253168	0.765080051	0.938897502	0.888694050	0.869608361
-0.937937938	0.784957263	0.862130547	0.763893622	0.948442691	0.896796528	0.874003314
-0.930930931	0.786612785	0.865879698	0.762556543	0.957936482	0.904870711	0.878269393
-0.923923924	0.788149022	0.869496115	0.761068190	0.967371488	0.912911875	0.882401845
-0.916916917	0.789563370	0.872975238	0.759428011	0.976740072	0.920915123	0.886395880
-0.909909910	0.790853221	0.876312453	0.757635527	0.986034335	0.928875383	0.890246670
-0.902902903	0.792015960	0.879503097	0.755690330	0.995246122	0.936787402	0.893949351
-0.895895896	0.793048967	0.882542457	0.753592088	1.004367013	0.944645746	0.897499026
-0.888888889	0.793949619	0.885425768	0.751340535	1.013388324	0.952444792	0.900890771
-0.881881882	0.794715287	0.888148220	0.748935483	1.022301106	0.960178723	0.904119629
-0.874874875	0.795343339	0.890704954	0.746376810	1.031096139	0.967841528	0.907180623
-0.867867868	0.795831136	0.893091064	0.743664466	1.039763934	0.975426992	0.910068749
-0.860860861	0.796176036	0.895301597	0.740798471	1.048294731	0.982928694	0.912778985
-0.853853854	0.796375391	0.897331558	0.737778912	1.056678496	0.990340002	0.915306288
-0.846846847	0.796426547	0.899175903	0.734605943	1.064904920	0.997654065	0.917645599
-0.839839840	0.796326845	0.900829546	0.731279786	1.072963416	1.004863809	0.919791844
-0.832832833	0.796073617	0.902287356	0.727800726	1.080843122	1.011961928	0.921739935
-0.825825826	0.795664187	0.903544158	0.724169112	1.088532893	1.018940880	0.923484770
-0.818818819	0.795095867	0.904594732	0.720385352	1.096021303	1.025792877	0.925021238
-0.811811812	0.794365961	0.905433814	0.716449918	1.103296643	1.032509878	0.926344215
-0.804804805	0.793471756	0.906056093	0.712363337	1.110346914	1.039083577	0.927448566
-0.797797798	0.792410526	0.906456213	0.708126193	1.117159831	1.045505396	0.928329146
-0.790790791	0.791179524	0.906628770	0.703739124	1.123722811	1.051766470	0.928980795
-0.783783784	0.789775982	0.906568313	0.699202820	1.130022974	1.057857638	0.929398342
-0.776776777	0.788197110	0.906269336	0.694518019	1.136047135	1.063769424	0.929576601
-0.769769770	0.786440087	0.905726282	0.689685509	1.141781797	1.069492022	0.929510364
-0.762762763	0.784502059	0.904933540	0.684706119	1.147213141	1.075015279	0.929194406
-0.755755756	0.782380137	0.903885436	0.679580723	1.152327020	1.080328672	0.928623471
-0.748748749	0.780071386	0.902576233	0.674310233	1.157108940	1.085421284	0.927792274
-0.741741742	0.777572824	0.901000129	0.668895597	1.161544051	1.090281776	0.926695492
-0.734734735	0.774881413	0.899151247	0.663337799	1.165617124	1.094898353	0.925327754
-0.727727728	0.771994053	0.897023629	0.657637850	1.169312531	1.099258732	0.923683636
-0.720720721	0.768907571	0.894611235	0.651796790	1.172614220	1.103350092	0.921757647
-0.713713714	0.765618716	0.891907926	0.645815686	1.175505680	1.107159030	0.919544218
-0.706706707	0.762124143	0.888907465	0.639695621	1.177969911	1.110671502	0.917037688
-0.699699700	0.758420408	0.885603498	0.633437700	1.179989372	1.113872752	0.914232285
-0.692692693	0.754503951	0.881989548	0.627043040	1.181545934	1.116747237	0.911122113
-0.685685686	0.750371082	0.878059000	0.620512768	1.182620817	1.119278529	0.907701122
-0.678678679	0.746017969	0.873805086	0.613848020	1.183194517	1.121449210	0.903963092
-0.671671672	0.741440614	0.869220870	0.607049934	1.183246721	1.123240737	0.899901597
-0.664664665	0.736634842	0.864299228	0.600119647	1.182756203	1.124633290	0.895509978
-0.657657658	0.731596271	0.859032827	0.593058293	1.181700702	1.125605583	0.890781304
-0.650650651	0.726320293	0.853414099	0.585866995	1.180056781	1.126134641	0.885708333
-0.643643644	0.720802042	0.847435221	0.578546864	1.177799652	1.126195529	0.880283458
-0.636636637	0.715036369	0.841088076	0.571098995	1.174902973	1.125761023	0.874498659
-0.629629630	0.709017802	0.834364225	0.563524459	1.171338604	1.124801207	0.868345436
-0.622622623	0.702740510	0.827254864	0.555824303	1.167076311	1.123282971	0.861814738
-0.615615616	0.696198257	0.819750783	0.547999542	1.162083408	1.121169391	0.854896880
-0.608608609	0.689384352	0.811842312	0.540051154	1.156324333	1.118418950	0.847581448
-0.601601602	0.682291593	0.803519265	0.531980077	1.149760116	1.114984542	0.839857187
-0.594594595	0.674912200	0.794770878	0.523787201	1.142347732	1.110812202	0.831711872
-0.587587588	0.667237738	0.785585725	0.515473367	1.134039309	1.105839443	0.823132156
-0.580580581	0.659259034	0.775951639	0.507039355	1.124781122	1.099993070	0.814103397
-0.573573574	0.650966074	0.765855608	0.498485881	1.114512340	1.093186238	0.804609443
-0.566566567	0.642347886	0.755283655	0.489813591	1.103163427	1.085314436	0.794632391
-0.559559560	0.633392402	0.744220706	0.481023052	1.090654074	1.076249864	0.784152284
-0.552552553	0.624086298	0.732650430	0.472114748	1.076890506	1.065833396	0.773146762
-0.545545546	0.614414806	0.720555044	0.463089067	1.061761900	1.053862719	0.761590626
-0.538538539	0.604361478	0.707915096	0.453946296	1.045135551	1.040074235	0.749455311
-0.531531532	0.593907921	0.694709191	0.444686610	1.026850196	1.024114295	0.736708240
-0.524524525	0.583033460	0.680913673	0.435310065	1.006706604	1.005491081	0.723312008
-0.517517518	0.571714740	0.666502230	0.425816580	0.984453901	0.983488878	0.709223368
-0.510510511	0.559925220	0.651445416	0.416205934	0.959769087	0.957002243	0.694391923
-0.503503504	0.547634559	0.635710062	0.406477742	0.932225106	0.924177482	0.678758445
-0.496496496	0.534807833	0.619258530	0.396631450	0.901238674	0.881502372	0.662252659
-0.489489489	0.521404540	0.602047786	0.386666310	0.865979837	0.820810589	0.644790282
-0.482482482	0.507377307	0.584028200	0.376581365	0.825202809	0.712446423	0.626268979
-0.475475475	0.492670204	0.565141993	0.366375428	0.776895652	0.000000000	0.606562727
-0.468468468	0.477216474	0.545321184	0.356047051	0.717441792	0.000000000	0.585513714
-0.461461461	0.460935444	0.524484830	0.345594506	0.639102117	0.000000000	0.562920371
-0.454454454	0.443728205	0.502535227	0.335015743	0.518347379	0.000000000	0.538518975
-0.447447447	0.425471416	0.479352559	0.324308356	0.000000000	0.000000000	0.511954083
-0.440440440	0.406008111	0.454787129	0.313469538	0.000000000	0.000000000	0.482728246
-0.433433433	0.385133559	0.428647690	0.302496024	0.000000000	0.000000000	0.450110085
-0.426426426	0.362572439	0.400683172	0.291384033	0.000000000	0.000000000	0.412949258
-0.419419419	0.337939833	0.370552529	0.280129184	0.000000000	0.000000000	0.369249947
-0.412412412	0.310669332	0.337771646	0.268726407	0.000000000	0.000000000	0.314958466
-0.405405405	0.279866546	0.301611368	0.257169829	0.000000000	0.000000000	0.238886280
-0.398398398	0.243964365	0.260876736	0.245452627	0.000000000	0.000000000	0.000000000
-0.391391391	0.199704633	0.213334657	0.233566857	0.000000000	0.000000000	0.000000000
-0.384384384	0.137446177	0.153684123	0.221503219	0.000000000	0.000000000	0.000000000
-0.377377377	0.000000000	0.056567162	0.209250769	0.000000000	0.000000000	0.000000000
-0.370370370	0.000000000	0.000000000	0.196796533	0.000000000	0.000000000	0.000000000
-0.363363363	0.000000000	0.000000000	0.184124988	0.000000000	0.000000000	0.000000000
-0.356356356	0.000000000	0.000000000	0.171217361	0.000000000	0.000000000	0.000000000
-0.349349349	0.000000000	0.000000000	0.158050634	0.000000000	0.000000000	0.000000000
-0.342342342	0.000000000	0.000000000	0.144596112	0.000000000	0.000000000	0.000000000
-0.335335335	0.000000000	0.000000000	0.130817270	0.000000000	0.000000000	0.000000000
-0.328328328	0.000000000	0.000000000	0.116666375	0.000000000	0.000000000	0.000000000
-0.321321321	0.000000000	0.000000000	0.102078882	0.000000000	0.000000000	0.000000000
-0.314314314	0.000000000	0.000000000	0.086963437	0.000000000	0.000000000	0.000000000
-0.307307307	0.000000000	0.000000000	0.071182210	0.000000000	0.000000000	0.000000000
-0.300300300	0.000000000	0.000000000	0.054506282	0.000000000	0.000000000	0.000000000
-0.293293293	0.000000000	0.000000000	0.036488434	0.000000000	0.000000000	0.000000000
-0.286286286	0.000000000	0.000000000	0.015880176	0.000000000	0.000000000	0.000000000
-0.279279279	0.000000000	0.000000000	0.000000000	0.000000000	0.000000000	0.000000000
-0.272272272	0.000000000	0.000000000	0.000000000	0.000000000	0.000000000	0.000000000
-0.265265265	0.000000000	0.000000000	0.000000000	0.000000000	0.000000000	0.000000000
-0.258258258	0.000000000	0.000000000	0.000000000	0.000000000	0.000000000	0.000000000
-0.251251251	0.000000000	0.000000000	0.000000000	0.000000000	0.000000000	0.000000000
-0.244244244	0.000000000	0.000000000	0.000000000	0.000000000	0.000000000	0.000000000
-0.237237237	0.000000000	0.000000000	0.000000000	0.000000000	0.000000000	0.000000000
-0.230230230	0.000000000	0.000000000	0.000000000	0.000000000	0.000000000	0.000000000
-0.223223223	0.000000000	0.000000000	0.000000000	0.000000000	0.000000000	0.000000000
-0.216216216	0.000000000	0.000000000	0.000000000	0.000000000	0.000000000	0.000000000
-0.209209209	0.000000000	0.000000000	0.000000000	0.000000000	0.000000000	0.000000000
-0.202202202	0.000000000	0.000000000	0.000000000	0.000000000	0.000000000	0.000000000
-0.195195195	0.000000000	0.000000000	0.000000000	0.000000000	0.000000000	0.000000000
-0.188188188	0.000000000	0.000000000	0.000000000	0.000000000	0.000000000	0.000000000
-0.181181181	0.000000000	0.000000000	0.000000000	0.000000000	0.000000000	0.000000000
-0.174174174	0.000000000	0.000000000	0.000000000	0.000000000	0.000000000	0.000000000
-0.167167167	0.000000000	0.000000000	0.000000000	0.000000000	0.000000000	0.000000000
-0.160160160	0.000000000	0.000000000	0.000000000	0.000000000	0.000000000	0.000000000
-0.153153153	0.000000000	0.000000000	0.000000000	0.000000000	0.000000000	0.000000000
-0.146146146	0.000000000	0.000000000	0.000000000	0.000000000	0.000000000	0.000000000
-0.139139139	0.000000000	0.000000000	0.000000000	0.000000000	0.000000000	0.000000000
-0.132132132	0.000000000	0.000000000	0.000000000	0.000000000	0.000000000	0.000000000
-0.125125125	0.000000000	0.000000000	0.000000000	0.000000000	0.000000000	0.000000000
-0.118118118	0.000000000	0.000000000	0.000000000	0.000000000	0.000000000	0.000000000
-0.111111111	0.000000000	0.000000000	0.000000000	0.000000000	0.000000000	0.000000000
-0.104104104	0.000000000	0.000000000	0.000000000	0.000000000	0.000000000	0.000000000
-0.097097097	0.000000000	0.000000000	0.000000000	0.000000000	0.000000000	0.000000000
-0.090090090	0.000000000	0.000000000	0.000000000	0.000000000	0.000000000	0.000000000
-0.083083083	0.000000000	0.000000000	0.000000000	0.000000000	0.000000000	0.000000000
-0.076076076	0.000000000	0.000000000	0.000000000	0.000000000	0.000000000	0.000000000
-0.069069069	0.000000000	0.000000000	0.000000000	0.000000000	0.000000000	0.000000000
-0.062062062	0.000000000	0.000000000	0.000000000	0.000000000	0.000000000	0.000000000
-0.055055055	0.000000000	0.000000000	0.000000000	0.000000000	0.000000000	0.000000000
-0.048048048	0.000000000	0.000000000	0.000000000	0.000000000	0.000000000	0.000000000
-0.041041041	0.000000000	0.000000000	0.000000000	0.000000000	0.000000000	0.000000000
-0.034034034	0.000000000	0.000000000	0.000000000	0.000000000	0.000000000	0.000000000
-0.027027027	0.000000000	0.000000000	0.000000000	0.000000000	0.000000000	0.000000000
-0.020020020	0.000000000	0.000000000	0.000000000	0.000000000	0.000000000	0.000000000
-0.013013013	0.000000000	0.000000000	0.000000000	0.000000000	0.000000000	0.000000000
-0.006006006	0.000000000	0.000000000	0.000000000	0.000000000	0.000000000	0.000000000
0.001001001	0.000000000	0.000000000	0.000000000	0.000000000	0.000000000	0.000000000
0.008008008	0.000000000	0.000000000	0.000000000	0.000000000	0.000000000	0.000000000
0.015015015	0.000000000	0.000000000	0.000000000	0.000000000	0.000000000	0.000000000
0.022022022	0.000000000	0.000000000	0.000000000	0.000000000	0.000000000	0.000000000
0.029029029	0.000000000	0.000000000	0.000000000	0.000000000	0.000000000	0.000000000
0.036036036	0.000000000	0.000000000	0.000000000	0.000000000	0.000000000	0.000000000
0.043043043	0.000000000	0.000000000	0.000000000	0.000000000	0.000000000	0.000000000
0.050050050	0.000000000	0.000000000	0.000000000	0.000000000	0.000000000	0.000000000
0.057057057	0.000000000	0.000000000	0.000000000	0.000000000	0.000000000	0.000000000
0.064064064	0.000000000	0.000000000	0.000000000	0.000000000	0.000000000	0.000000000
0.071071071	0.000000000	0.000000000	0.000000000	0.000000000	0.000000000	0.000000000
0.078078078	0.000000000	0.000000000	0.000000000	0.000000000	0.000000000	0.000000000
0.085085085	0.000000000	0.000000000	0.000000000	0.000000000	0.000000000	0.000000000
0.092092092	0.000000000	0.000000000	0.000000000	0.000000000	0.000000000	0.000000000
0.099099099	0.000000000	0.000000000	0.000000000	0.000000000	0.000000000	0.000000000
0.106106106	0.000000000	0.000000000	0.000000000	0.000000000	0.000000000	0.000000000
0.113113113	0.000000000	0.000000000	0.000000000	0.000000000	0.000000000	0.000000000
0.120120120	0.000000000	0.000000000	0.000000000	0.000000000	0.000000000	0.000000000
0.127127127	0.000000000	0.000000000	0.000000000	0.000000000	0.000000000	0.000000000
0.134134134	0.000000000	0.000000000	0.000000000	0.000000000	0.000000000	0.000000000
0.141141141	0.000000000	0.000000000	0.000000000	0.000000000	0.000000000	0.000000000
0.148148148	0.000000000	0.000000000	0.000000000	0.000000000	0.000000000	0.000000000
0.155155155	0.000000000	0.000000000	0.000000000	0.000000000	0.000000000	0.000000000
0.162162162	0.000000000	0.000000000	0.000000000	0.000000000	0.000000000	0.000000000
0.169169169	0.000000000	0.000000000	0.000000000	0.000000000	0.000000000	0.000000000
0.176176176	0.000000000	0.000000000	0.000000000	0.000000000	0.000000000	0.000000000
0.183183183	0.000000000	0.000000000	0.000000000	0.000000000	0.000000000	0.000000000
0.190190190	0.000000000	0.000000000	0.000000000	0.000000000	0.000000000	0.000000000
0.197197197	0.000000000	0.000000000	0.000000000	0.000000000	0.000000000	0.000000000
0.204204204	0.000000000	0.000000000	0.000000000	0.000000000	0.000000000	0.000000000
0.211211211	0.000000000	0.000000000	0.000000000	0.000000000	0.000000000	0.000000000
0.218218218	0.000000000	0.000000000	0.000000000	0.000000000	0.000000000	0.000000000
0.225225225	0.000000000	0.000000000	0.000000000	0.000000000	0.000000000	0.000000000
0.232232232	0.000000000	0.000000000	0.000000000	0.000000000	0.000000000	0.000000000
0.239239239	0.000000000	0.000000000	0.000000000	0.000000000	0.000000000	0.000000000
0.246246246	0.000000000	0.000000000	0.000000000	0.000000000	0.000000000	0.000000000
0.253253253	0.000000000	0.000000000	0.000000000	0.000000000	0.000000000	0.000000000
0.260260260	0.000000000	0.000000000	0.000000000	0.000000000	0.000000000	0.000000000
0.267267267	0.000000000	0.000000000	0.000000000	0.000000000	0.000000000	0.000000000
0.274274274	0.000000000	0.000000000	0.000000000	0.000000000	0.000000000	0.000000000
0.281281281	0.000000000	0.000000000	0.000000000	0.000000000	0.000000000	0.000000000
0.288288288	0.000000000	0.000000000	0.000000000	0.000000000	0.000000000	0.000000000
0.295295295	0.000000000	0.000000000	0.000000000	0.000000000	0.000000000	0.000000000
0.302302302	0.000000000	0.000000000	0.000000000	0.000000000	0.000000000	0.000000000
0.309309309	0.000000000	0.000000000	0.000000000	0.000000000	0.000000000	0.000000000
0.316316316	0.000000000	0.000000000	0.000000000	0.000000000	0.000000000	0.000000000
0.323323323	0.000000000	0.000000000	0.000000000	0.000000000	0.000000000	0.000000000
0.330330330	0.000000000	0.000000000	0.000000000	0.000000000	0.000000000	0.000000000
0.337337337	0.000000000	0.000000000	0.000000000	0.000000000	0.000000000	0.000000000
0.344344344	0.000000000	0.000000000	0.000000000	0.000000000	0.000000000	0.000000000
0.351351351	0.000000000	0.000000000	0.000000000	0.000000000	0.000000000	0.000000000
0.358358358	0.000000000	0.000000000	0.000000000	0.000000000	0.000000000	0.000000000
0.365365365	0.000000000	0.000000000	0.000000000	0.000000000	0.000000000	0.000000000
0.372372372	0.000000000	0.000000000	0.000000000	0.000000000	0.000000000	0.000000000
0.379379379	0.000000000	0.000000000	0.000000000	0.000000000	0.000000000	0.000000000
0.386386386	0.000000000	0.000000000	0.000000000	0.000000000	0.000000000	0.000000000
0.393393393	0.000000000	0.000000000	0.000000000	0.000000000	0.000000000	0.000000000
0.400400400	0.000000000	0.000000000	0.000000000	0.000000000	0.000000000	0.000000000
0.407407407	0.000000000	0.000000000	0.000000000	0.000000000	0.000000000	0.000000000
0.414414414	0.000000000	0.000000000	0.000000000	0.000000000	0.000000000	0.000000000
0.421421421	0.000000000	0.000000000	0.000000000	0.000000000	0.000000000	0.000000000
0.428428428	0.000000000	0.000000000	0.000000000	0.000000000	0.000000000	0.000000000
0.435435435	0.000000000	0.000000000	0.000000000	0.000000000	0.000000000	0.000000000
0.442442442	0.000000000	0.000000000	0.000000000	0.000000000	0.000000000	0.000000000
0.449449449	0.000000000	0.000000000	0.000000000	0.000000000	0.000000000	0.000000000
0.456456456	0.000000000	0.000000000	0.000000000	0.000000000	0.000000000	0.000000000
0.463463463	0.000000000	0.000000000	0.000000000	0.000000000	0.000000000	0.000000000
0.470470470	0.000000000	0.000000000	0.000000000	0.000000000	0.000000000	0.000000000
0.477477477	0.000000000	0.000000000	0.000000000	0.000000000	0.000000000	0.000000000
0.484484484	0.000000000	0.000000000	0.000000000	0.000000000	0.000000000	0.000000000
0.491491491	0.000000000	0.000000000	0.000000000	0.000000000	0.000000000	0.000000000
0.498498498	0.000000000	0.000000000	0.000000000	0.000000000	0.000000000	0.000000000
0.505505506	0.000000000	0.000000000	0.000000000	0.000000000	0.000000000	0.000000000
0.512512513	0.000000000	0.000000000	0.000000000	0.000000000	0.000000000	0.000000000
0.519519520	0.000000000	0.000000000	0.000000000	0.000000000	0.000000000	0.000000000
0.526526527	0.000000000	0.000000000	0.000000000	0.000000000	0.000000000	0.000000000
0.533533534	0.000000000	0.000000000	0.000000000	0.000000000	0.000000000	0.000000000
0.540540541	0.000000000	0.000000000	0.000000000	0.000000000	0.000000000	0.000000000
0.547547548	0.000000000	0.000000000	0.000000000	0.000000000	0.000000000	0.000000000
0.554554555	0.000000000	0.000000000	0.000000000	0.000000000	0.000000000	0.000000000
0.561561562	0.000000000	0.000000000	0.000000000	0.000000000	0.000000000	0.000000000
0.568568569	0.000000000	0.000000000	0.000000000	0.000000000	0.000000000	0.000000000
0.575575576	0.000000000	0.000000000	0.000000000	0.000000000	0.000000000	0.000000000
0.582582583	0.000000000	0.000000000	0.000000000	0.000000000	0.000000000	0.000000000
0.589589590	0.000000000	0.000000000	0.000000000	0.000000000	0.000000000	0.000000000
0.596596597	0.000000000	0.000000000	0.000000000	0.000000000	0.000000000	0.000000000
0.603603604	0.000000000	0.000000000	0.000000000	0.000000000	0.000000000	0.000000000
0.610610611	0.000000000	0.000000000	0.000000000	0.000000000	0.000000000	0.000000000
0.617617618	0.000000000	0.000000000	0.000000000	0.000000000	0.000000000	0.000000000
0.624624625	0.000000000	0.000000000	0.000000000	0.000000000	0.000000000	0.000000000
0.631631632	0.000000000	0.000000000	0.000000000	0.000000000	0.000000000	0.000000000
0.638638639	0.000000000	0.000000000	0.000000000	0.000000000	0.000000000	0.000000000
0.645645646	0.000000000	0.000000000	0.000000000	0.000000000	0.000000000	0.000000000
0.652652653	0.000000000	0.000000000	0.000000000	0.000000000	0.000000000	0.000000000
0.659659660	0.000000000	0.000000000	0.000000000	0.000000000	0.000000000	0.000000000
0.666666667	0.000000000	0.000000000	0.000000000	0.000000000	0.000000000	0.000000000
0.673673674	0.000000000	0.000000000	0.000000000	0.000000000	0.000000000	0.000000000
0.680680681	0.000000000	0.000000000	0.000000000	0.000000000	0.000000000	0.000000000
0.687687688	0.000000000	0.000000000	0.000000000	0.000000000	0.000000000	0.000000000
0.694694695	0.000000000	0.000000000	0.000000000	0.000000000	0.000000000	0.000000000
0.701701702	0.000000000	0.000000000	0.000000000	0.000000000	0.000000000	0.000000000
0.708708709	0.000000000	0.000000000	0.000000000	0.000000000	0.000000000	0.000000000
0.715715716	0.000000000	0.000000000	0.000000000	0.000000000	0.000000000	0.000000000
0.722722723	0.000000000	0.000000000	0.000000000	0.000000000	0.000000000	0.000000000
0.729729730	0.000000000	0.000000000	0.000000000	0.000000000	0.000000000	0.000000000
0.736736737	0.000000000	0.000000000	0.000000000	0.000000000	0.000000000	0.000000000
0.743743744	0.000000000	0.000000000	0.000000000	0.000000000	0.000000000	0.000000000
0.750750751	0.000000000	0.000000000	0.000000000	0.000000000	0.000000000	0.000000000
0.757757758	0.000000000	0.000000000	0.000000000	0.000000000	0.000000000	0.000000000
0.764764765	0.000000000	0.000000000	0.000000000	0.000000000	0.000000000	0.000000000
0.771771772	0.000000000	0.000000000	0.000000000	0.000000000	0.000000000	0.000000000
0.778778779	0.000000000	0.000000000	0.000000000	0.000000000	0.000000000	0.000000000
0.785785786	0.000000000	0.000000000	0.000000000	0.000000000	0.000000000	0.000000000
0.792792793	0.000000000	0.000000000	0.000000000	0.000000000	0.000000000	0.000000000
0.799799800	0.000000000	0.000000000	0.000000000	0.000000000	0.000000000	0.000000000
0.806806807	0.000000000	0.000000000	0.000000000	0.000000000	0.000000000	0.000000000
0.813813814	0.000000000	0.000000000	0.000000000	0.000000000	0.000000000	0.000000000
0.820820821	0.000000000	0.000000000	0.000000000	0.000000000	0.000000000	0.000000000
0.827827828	0.000000000	0.000000000	0.000000000	0.000000000	0.000000000	0.000000000
0.834834835	0.000000000	0.000000000	0.000000000	0.000000000	0.000000000	0.000000000
0.841841842	0.000000000	0.000000000	0.000000000	0.000000000	0.000000000	0.000000000
0.848848849	0.000000000	0.000000000	0.000000000	0.000000000	0.000000000	0.000000000
0.855855856	0.000000000	0.000000000	0.000000000	0.000000000	0.000000000	0.000000000
0.862862863	0.000000000	0.000000000	0.000000000	0.000000000	0.000000000	0.000000000
0.869869870	0.000000000	0.000000000	0.000000000	0.000000000	0.000000000	0.000000000
0.876876877	0.000000000	0.000000000	0.000000000	0.000000000	0.000000000	0.000000000
0.883883884	0.000000000	0.000000000	0.000000000	0.000000000	0.000000000	0.000000000
0.890890891	0.000000000	0.000000000	0.000000000	0.000000000	0.000000000	0.000000000
0.897897898	0.000000000	0.000000000	0.000000000	0.000000000	0.000000000	0.000000000
0.904904905	0.000000000	0.000000000	0.000000000	0.000000000	0.000000000	0.000000000
0.911911912	0.000000000	0.000000000	0.000000000	0.000000000	0.000000000	0.000000000
0.918918919	0.000000000	0.000000000	0.000000000	0.000000000	0.000000000	0.000000000
0.925925926	0.000000000	0.000000000	0.000000000	0.000000000	0.000000000	0.000000000
0.932932933	0.000000000	0.000000000	0.000000000	0.000000000	0.000000000	0.000000000
0.939939940	0.000000000	0.000000000	0.000000000	0.000000000	0.000000000	0.000000000
0.946946947	0.000000000	0.000000000	0.000000000	0.000000000	0.000000000	0.000000000
0.953953954	0.000000000	0.000000000	0.000000000	0.000000000	0.000000000	0.000000000
0.960960961	0.000000000	0.000000000	0.000000000	0.000000000	0.000000000	0.000000000
0.967967968	0.000000000	0.000000000	0.000000000	0.000000000	0.000000000	0.000000000
0.974974975	0.000000000	0.000000000	0.000000000	0.000000000	0.000000000	0.000000000
0.981981982	0.000000000	0.000000000	0.000000000	0.000000000	0.000000000	0.000000000
0.988988989	0.000000000	0.000000000	0.000000000	0.000000000	0.000000000	0.000000000
0.995995996	0.000000000	0.000000000	0.000000000	0.000000000	0.000000000	0.000000000
1.003003003	0.000000000	0.000000000	0.000000000	0.000000000	0.000000000	0.000000000
1.010010010	0.000000000	0.000000000	0.000000000	0.000000000	0.000000000	0.000000000
1.017017017	0.000000000	0.000000000	0.000000000	0.000000000	0.000000000	0.000000000
1.024024024	0.000000000	0.000000000	0.000000000	0.000000000	0.000000000	0.000000000
1.031031031	0.000000000	0.000000000	0.000000000	0.000000000	0.000000000	0.000000000
1.038038038	0.000000000	0.000000000	0.000000000	0.000000000	0.000000000	0.000000000
1.045045045	0.000000000	0.000000000	0.000000000	0.000000000	0.000000000	0.000000000
1.052052052	0.000000000	0.000000000	0.000000000	0.000000000	0.000000000	0.000000000
1.059059059	0.000000000	0.000000000	0.000000000	0.000000000	0.000000000	0.000000000
1.066066066	0.000000000	0.000000000	0.000000000	0.000000000	0.000000000	0.000000000
1.073073073	0.000000000	0.000000000	0.000000000	0.000000000	0.000000000	0.000000000
1.080080080	0.000000000	0.000000000	0.000000000	0.000000000	0.000000000	0.000000000
1.087087087	0.000000000	0.000000000	0.000000000	0.000000000	0.000000000	0.000000000
1.094094094	0.000000000	0.000000000	0.000000000	0.000000000	0.000000000	0.000000000
1.101101101	0.000000000	0.000000000	0.000000000	0.000000000	0.000000000	0.000000000
1.108108108	0.000000000	0.000000000	0.000000000	0.000000000	0.000000000	0.000000000
1.115115115	0.000000000	0.000000000	0.000000000	0.000000000	0.000000000	0.000000000
1.122122122	0.000000000	0.000000000	0.000000000	0.000000000	0.000000000	0.000000000
1.129129129	0.000000000	0.000000000	0.000000000	0.000000000	0.000000000	0.000000000
1.136136136	0.000000000	0.000000000	0.000000000	0.000000000	0.000000000	0.000000000
1.143143143	0.000000000	0.000000000	0.000000000	0.000000000	0.000000000	0.000000000
1.150150150	0.000000000	0.000000000	0.000000000	0.000000000	0.000000000	0.000000000
1.157157157	0.000000000	0.000000000	0.000000000	0.000000000	0.000000000	0.000000000
1.164164164	0.000000000	0.000000000	0.000000000	0.000000000	0.000000000	0.000000000
1.171171171	0.000000000	0.000000000	0.000000000	0.000000000	0.000000000	0.000000000
1.178178178	0.000000000	0.000000000	0.000000000	0.000000000	0.000000000	0.000000000
1.185185185	0.000000000	0.000000000	0.000000000	0.000000000	0.000000000	0.000000000
1.192192192	0.000000000	0.000000000	0.000000000	0.000000000	0.000000000	0.000000000
1.199199199	0.000000000	0.000000000	0.000000000	0.000000000	0.000000000	0.000000000
1.206206206	0.000000000	0.000000000	0.000000000	0.000000000	0.000000000	0.000000000
1.213213213	0.000000000	0.000000000	0.000000000	0.000000000	0.000000000	0.000000000
1.220220220	0.000000000	0.000000000	0.000000000	0.000000000	0.000000000	0.000000000
1.227227227	0.000000000	0.000000000	0.000000000	0.000000000	0.000000000	0.000000000
1.234234234	0.000000000	0.000000000	0.000000000	0.000000000	0.000000000	0.000000000
1.241241241	0.000000000	0.000000000	0.000000000	0.000000000	0.000000000	0.000000000
1.248248248	0.000000000	0.000000000	0.000000000	0.000000000	0.000000000	0.000000000
1.255255255	0.000000000	0.000000000	0.000000000	0.000000000	0.000000000	0.000000000
1.262262262	0.000000000	0.000000000	0.000000000	0.000000000	0.000000000	0.000000000
1.269269269	0.000000000	0.000000000	0.000000000	0.000000000	0.000000000	0.000000000
1.276276276	0.000000000	0.000000000	0.000000000	0.000000000	0.000000000	0.000000000
1.283283283	0.000000000	0.000000000	0.000000000	0.000000000	0.000000000	0.000000000
1.290290290	0.000000000	0.000000000	0.000000000	0.000000000	0.000000000	0.000000000
1.297297297	0.000000000	0.000000000	0.000000000	0.000000000	0.000000000	0.000000000
1.304304304	0.000000000	0.000000000	0.000000000	0.000000000	0.000000000	0.000000000
1.311311311	0.000000000	0.000000000	0.000000000	0.000000000	0.000000000	0.000000000
1.318318318	0.000000000	0.000000000	0.000000000	0.000000000	0.000000000	0.000000000
1.325325325	0.000000000	0.000000000	0.000000000	0.000000000	0.000000000	0.000000000
1.332332332	0.000000000	0.000000000	0.000000000	0.000000000	0.000000000	0.000000000
1.339339339	0.000000000	0.000000000	0.000000000	0.000000000	0.000000000	0.000000000
1.346346346	0.000000000	0.000000000	0.000000000	0.000000000	0.000000000	0.000000000
1.353353353	0.000000000	0.000000000	0.000000000	0.000000000	0.000000000	0.000000000
1.360360360	0.000000000	0.000000000	0.000000000	0.000000000	0.000000000	0.000000000
1.367367367	0.000000000	0.000000000	0.000000000	0.000000000	0.000000000	0.000000000
1.374374374	0.000000000	0.000000000	0.000000000	0.000000000	0.000000000	0.000000000
1.381381381	0.000000000	0.000000000	0.000000000	0.000000000	0.000000000	0.000000000
1.388388388	0.000000000	0.000000000	0.000000000	0.000000000	0.000000000	0.000000000
1.395395395	0.000000000	0.000000000	0.000000000	0.000000000	0.000000000	0.000000000
1.402402402	0.000000000	0.000000000	0.000000000	0.000000000	0.000000000	0.000000000
1.409409409	0.000000000	0.000000000	0.000000000	0.000000000	0.000000000	0.000000000
1.416416416	0.000000000	0.000000000	0.000000000	0.000000000	0.000000000	0.000000000
1.423423423	0.000000000	0.000000000	0.000000000	0.000000000	0.000000000	0.000000000
1.430430430	0.000000000	0.000000000	0.000000000	0.000000000	0.000000000	0.000000000
1.437437437	0.000000000	0.000000000	0.000000000	0.000000000	0.000000000	0.000000000
1.444444444	0.000000000	0.000000000	0.000000000	0.000000000	0.000000000	0.000000000
1.451451451	0.000000000	0.000000000	0.000000000	0.000000000	0.000000000	0.000000000
1.458458458	0.000000000	0.000000000	0.000000000	0.000000000	0.000000000	0.000000000
1.465465465	0.000000000	0.000000000	0.000000000	0.000000000	0.000000000	0.000000000
1.472472472	0.000000000	0.000000000	0.000000000	0.000000000	0.000000000	0.000000000
1.479479479	0.000000000	0.000000000	0.000000000	0.000000000	0.000000000	0.000000000
1.486486486	0.000000000	0.000000000	0.000000000	0.000000000	0.000000000	0.000000000
1.493493493	0.000000000	0.000000000	0.000000000	0.000000000	0.000000000	0.000000000
1.500500501	0.000000000	0.000000000	0.000000000	0.000000000	0.000000000	0.000000000
1.507507508	0.000000000	0.000000000	0.000000000	0.000000000	0.000000000	0.000000000
1.514514515	0.000000000	0.000000000	0.000000000	0.000000000	0.000000000	0.000000000
1.521521522	0.000000000	0.000000000	0.000000000	0.000000000	0.000000000	0.000000000
1.528528529	0.000000000	0.000000000	0.000000000	0.000000000	0.000000000	0.000000000
1.535535536	0.000000000	0.000000000	0.000000000	0.000000000	0.000000000	0.000000000
1.542542543	0.000000000	0.000000000	0.000000000	0.000000000	0.000000000	0.000000000
1.549549550	0.000000000	0.000000000	0.000000000	0.000000000	0.000000000	0.000000000
1.556556557	0.000000000	0.000000000	0.000000000	0.000000000	0.000000000	0.000000000
1.563563564	0.000000000	0.000000000	0.000000000	0.000000000	0.000000000	0.000000000
1.570570571	0.000000000	0.000000000	0.000000000	0.000000000	0.000000000	0.000000000
1.577577578	0.000000000	0.000000000	0.000000000	0.000000000	0.000000000	0.000000000
1.584584585	0.000000000	0.000000000	0.000000000	0.000000000	0.000000000	0.000000000
1.591591592	0.000000000	0.000000000	0.000000000	0.000000000	0.000000000	0.000000000
1.598598599	0.000000000	0.000000000	0.000000000	0.000000000	0.000000000	0.000000000
1.605605606	0.000000000	0.000000000	0.000000000	0.000000000	0.000000000	0.000000000
1.612612613	0.000000000	0.000000000	0.000000000	0.000000000	0.000000000	0.000000000
1.619619620	0.000000000	0.000000000	0.000000000	0.000000000	0.000000000	0.000000000
1.626626627	0.000000000	0.000000000	0.000000000	0.000000000	0.000000000	0.000000000
1.633633634	0.000000000	0.000000000	0.000000000	0.000000000	0.000000000	0.000000000
1.640640641	0.000000000	0.000000000	0.000000000	0.000000000	0.000000000	0.000000000
1.647647648	0.000000000	0.000000000	0.000000000	0.000000000	0.000000000	0.000000000
1.654654655	0.000000000	0.000000000	0.000000000	0.000000000	0.000000000	0.000000000
1.661661662	0.000000000	0.000000000	0.000000000	0.000000000	0.000000000	0.000000000
1.668668669	0.000000000	0.000000000	0.000000000	0.000000000	0.000000000	0.000000000
1.675675676	0.000000000	0.000000000	0.000000000	0.000000000	0.000000000	0.000000000
1.682682683	0.000000000	0.000000000	0.000000000	0.000000000	0.000000000	0.000000000
1.689689690	0.000000000	0.000000000	0.000000000	0.000000000	0.000000000	0.000000000
1.696696697	0.000000000	0.000000000	0.000000000	0.000000000	0.000000000	0.000000000
1.703703704	0.000000000	0.000000000	0.000000000	0.000000000	0.000000000	0.000000000
1.710710711	0.000000000	0.000000000	0.000000000	0.000000000	0.000000000	0.000000000
1.717717718	0.000000000	0.000000000	0.000000000	0.000000000	0.000000000	0.000000000
1.724724725	0.000000000	0.000000000	0.000000000	0.000000000	0.000000000	0.000000000
1.731731732	0.000000000	0.000000000	0.000000000	0.000000000	0.000000000	0.000000000
1.738738739	0.000000000	0.000000000	0.000000000	0.000000000	0.000000000	0.000000000
1.745745746	0.000000000	0.000000000	0.000000000	0.000000000	0.000000000	0.000000000
1.752752753	0.000000000	0.000000000	0.000000000	0.000000000	0.000000000	0.000000000
1.759759760	0.000000000	0.000000000	0.000000000	0.000000000	0.000000000	0.000000000
1.766766767	0.000000000	0.000000000	0.000000000	0.000000000	0.000000000	0.000000000
1.773773774	0.000000000	0.000000000	0.000000000	0.000000000	0.000000000	0.000000000
1.780780781	0.000000000	0.000000000	0.000000000	0.000000000	0.000000000	0.000000000
1.787787788	0.000000000	0.000000000	0.000000000	0.000000000	0.000000000	0.000000000
1.794794795	0.000000000	0.000000000	0.000000000	0.000000000	0.000000000	0.000000000
1.801801802	0.000000000	0.000000000	0.000000000	0.000000000	0.000000000	0.000000000
1.808808809	0.000000000	0.000000000	0.000000000	0.000000000	0.000000000	0.000000000
1.815815816	0.000000000	0.000000000	0.000000000	0.000000000	0.000000000	0.000000000
1.822822823	0.000000000	0.000000000	0.000000000	0.000000000	0.000000000	0.000000000
1.829829830	0.000000000	0.000000000	0.000000000	0.000000000	0.000000000	0.000000000
1.836836837	0.000000000	0.000000000	0.000000000	0.000000000	0.000000000	0.000000000
1.843843844	0.000000000	0.000000000	0.000000000	0.000000000	0.000000000	0.000000000
1.850850851	0.000000000	0.000000000	0.000000000	0.000000000	0.000000000	0.000000000
1.857857858	0.000000000	0.000000000	0.000000000	0.000000000	0.000000000	0.000000000
1.864864865	0.000000000	0.000000000	0.000000000	0.000000000	0.000000000	0.000000000
1.871871872	0.000000000	0.000000000	0.000000000	0.000000000	0.000000000	0.000000000
1.878878879	0.000000000	0.000000000	0.000000000	0.000000000	0.000000000	0.000000000
1.885885886	0.000000000	0.000000000	0.000000000	0.000000000	0.000000000	0.000000000
1.892892893	0.000000000	0.000000000	0.000000000	0.000000000	0.000000000	0.000000000
1.899899900	0.000000000	0.000000000	0.000000000	0.000000000	0.000000000	0.000000000
1.906906907	0.000000000	0.000000000	0.000000000	0.000000000	0.000000000	0.000000000
1.913913914	0.000000000	0.000000000	0.000000000	0.000000000	0.000000000	0.000000000
1.920920921	0.000000000	0.000000000	0.000000000	0.000000000	0.000000000	0.000000000
1.927927928	0.000000000	0.000000000	0.000000000	0.000000000	0.000000000	0.000000000
1.934934935	0.000000000	0.000000000	0.000000000	0.000000000	0.000000000	0.000000000
1.941941942	0.000000000	0.000000000	0.000000000	0.000000000	0.000000000	0.000000000
1.948948949	0.000000000	0.000000000	0.000000000	0.000000000	0.000000000	0.000000000
1.955955956	0.000000000	0.000000000	0.000000000	0.000000000	0.000000000	0.000000000
1.962962963	0.000000000	0.000000000	0.000000000	0.000000000	0.000000000	0.000000000
1.969969970	0.000000000	0.000000000	0.000000000	0.000000000	0.000000000	0.000000000
1.976976977	0.000000000	0.000000000	0.000000000	0.000000000	0.000000000	0.000000000
1.983983984	0.000000000	0.000000000	0.000000000	0.000000000	0.000000000	0.000000000
1.990990991	0.000000000	0.000000000	0.000000000	0.000000000	0.000000000	0.000000000
1.997997998	0.000000000	0.000000000	0.000000000	0.000000000	0.000000000	0.000000000
2.005005005	0.000000000	0.000000000	0.000000000	0.000000000	0.000000000	0.000000000
2.012012012	0.000000000	0.000000000	0.000000000	0.000000000	0.000000000	0.000000000
2.019019019	0.000000000	0.000000000	0.000000000	0.000000000	0.000000000	0.000000000
2.026026026	0.000000000	0.000000000	0.000000000	0.000000000	0.000000000	0.000000000
2.033033033	0.000000000	0.000000000	0.000000000	0.000000000	0.000000000	0.000000000
2.040040040	0.000000000	0.000000000	0.000000000	0.000000000	0.000000000	0.000000000
2.047047047	0.000000000	0.000000000	0.000000000	0.000000000	0.000000000	0.000000000
2.054054054	0.000000000	0.000000000	0.000000000	0.000000000	0.000000000	0.000000000
2.061061061	0.000000000	0.000000000	0.000000000	0.000000000	0.000000000	0.000000000
2.068068068	0.000000000	0.000000000	0.000000000	0.000000000	0.000000000	0.000000000
2.075075075	0.000000000	0.000000000	0.000000000	0.000000000	0.000000000	0.000000000
2.082082082	0.000000000	0.000000000	0.000000000	0.000000000	0.000000000	0.000000000
2.089089089	0.000000000	0.000000000	0.000000000	0.000000000	0.000000000	0.000000000
2.096096096	0.000000000	0.000000000	0.000000000	0.000000000	0.000000000	0.000000000
2.103103103	0.000000000	0.000000000	0.000000000	0.000000000	0.000000000	0.000000000
2.110110110	0.000000000	0.000000000	0.000000000	0.000000000	0.000000000	0.000000000
2.117117117	0.000000000	0.000000000	0.000000000	0.000000000	0.000000000	0.000000000
2.124124124	0.000000000	0.000000000	0.000000000	0.000000000	0.000000000	0.000000000
2.131131131	0.000000000	0.000000000	0.000000000	0.000000000	0.000000000	0.000000000
2.138138138	0.000000000	0.000000000	0.000000000	0.000000000	0.000000000	0.000000000
2.145145145	0.000000000	0.000000000	0.000000000	0.000000000	0.000000000	0.000000000
2.152152152	0.000000000	0.000000000	0.000000000	0.000000000	0.000000000	0.000000000
2.159159159	0.000000000	0.000000000	0.000000000	0.000000000	0.000000000	0.000000000
2.166166166	0.000000000	0.000000000	0.000000000	0.000000000	0.000000000	0.000000000
2.173173173	0.000000000	0.000000000	0.000000000	0.000000000	0.000000000	0.000000000
2.180180180	0.000000000	0.000000000	0.000000000	0.000000000	0.000000000	0.000000000
2.187187187	0.000000000	0.000000000	0.000000000	0.000000000	0.000000000	0.000000000
2.194194194	0.000000000	0.000000000	0.000000000	0.000000000	0.000000000	0.000000000
2.201201201	0.000000000	0.000000000	0.000000000	0.000000000	0.000000000	0.000000000
2.208208208	0.000000000	0.000000000	0.000000000	0.000000000	0.000000000	0.000000000
2.215215215	0.000000000	0.000000000	0.000000000	0.000000000	0.000000000	0.000000000
2.222222222	0.000000000	0.000000000	0.000000000	0.000000000	0.000000000	0.000000000
2.229229229	0.000000000	0.000000000	0.000000000	0.000000000	0.000000000	0.000000000
2.236236236	0.000000000	0.000000000	0.000000000	0.000000000	0.000000000	0.000000000
2.243243243	0.000000000	0.000000000	0.000000000	0.000000000	0.000000000	0.000000000
2.250250250	0.000000000	0.000000000	0.000000000	0.000000000	0.000000000	0.000000000
2.257257257	0.000000000	0.000000000	0.000000000	0.000000000	0.000000000	0.000000000
2.264264264	0.000000000	0.000000000	0.000000000	0.000000000	0.000000000	0.000000000
2.271271271	0.000000000	0.000000000	0.000000000	0.000000000	0.000000000	0.000000000
2.278278278	0.000000000	0.000000000	0.000000000	0.000000000	0.000000000	0.000000000
2.285285285	0.000000000	0.000000000	0.000000000	0.000000000	0.000000000	0.000000000
2.292292292	0.000000000	0.000000000	0.000000000	0.000000000	0.000000000	0.000000000
2.299299299	0.000000000	0.000000000	0.000000000	0.000000000	0.000000000	0.000000000
2.306306306	0.000000000	0.000000000	0.000000000	0.000000000	0.000000000	0.000000000
2.313313313	0.000000000	0.000000000	0.000000000	0.000000000	0.000000000	0.000000000
2.320320320	0.000000000	0.000000000	0.000000000	0.000000000	0.000000000	0.000000000
2.327327327	0.000000000	0.000000000	0.000000000	0.000000000	0.000000000	0.000000000
2.334334334	0.000000000	0.000000000	0.000000000	0.000000000	0.000000000	0.000000000
2.341341341	0.000000000	0.000000000	0.000000000	0.000000000	0.000000000	0.000000000
2.348348348	0.000000000	0.000000000	0.000000000	0.000000000	0.000000000	0.000000000
2.355355355	0.000000000	0.000000000	0.000000000	0.000000000	0.000000000	0.000000000
2.362362362	0.000000000	0.000000000	0.000000000	0.000000000	0.000000000	0.000000000
2.369369369	0.000000000	0.000000000	0.000000000	0.000000000	0.000000000	0.000000000
2.376376376	0.000000000	0.000000000	0.000000000	0.000000000	0.000000000	0.000000000
2.383383383	0.000000000	0.000000000	0.000000000	0.000000000	0.000000000	0.000000000
2.390390390	0.000000000	0.000000000	0.000000000	0.000000000	0.000000000	0.000000000
2.397397397	0.000000000	0.000000000	0.000000000	0.000000000	0.000000000	0.000000000
2.404404404	0.000000000	0.000000000	0.000000000	0.000000000	0.000000000	0.000000000
2.411411411	0.000000000	0.000000000	0.000000000	0.000000000	0.000000000	0.000000000
2.418418418	0.000000000	0.000000000	0.000000000	0.000000000	0.000000000	0.000000000
2.425425425	0.000000000	0.000000000	0.000000000	0.000000000	0.000000000	0.000000000
2.432432432	0.000000000	0.000000000	0.000000000	0.000000000	0.000000000	0.000000000
2.439439439	0.000000000	0.000000000	0.000000000	0.000000000	0.000000000	0.000000000
2.446446446	0.000000000	0.000000000	0.000000000	0.000000000	0.000000000	0.000000000
2.453453453	0.000000000	0.000000000	0.000000000	0.000000000	0.000000000	0.000000000
2.460460460	0.000000000	0.000000000	0.000000000	0.000000000	0.000000000	0.000000000
2.467467467	0.000000000	0.000000000	0.000000000	0.000000000	0.000000000	0.000000000
2.474474474	0.000000000	0.000000000	0.000000000	0.000000000	0.000000000	0.000000000
2.481481481	0.000000000	0.000000000	0.000000000	0.000000000	0.000000000	0.000000000
2.488488488	0.000000000	0.000000000	0.000000000	0.000000000	0.000000000	0.000000000
2.495495495	0.000000000	0.000000000	0.000000000	0.000000000	0.000000000	0.000000000
2.502502503	0.000000000	0.000000000	0.000000000	0.000000000	0.000000000	0.000000000
2.509509510	0.000000000	0.000000000	0.000000000	0.000000000	0.000000000	0.000000000
2.516516517	0.000000000	0.000000000	0.000000000	0.000000000	0.000000000	0.000000000
2.523523524	0.000000000	0.000000000	0.000000000	0.000000000	0.000000000	0.000000000
2.530530531	0.000000000	0.000000000	0.000000000	0.000000000	0.000000000	0.000000000
2.537537538	0.000000000	0.000000000	0.000000000	0.000000000	0.000000000	0.000000000
2.544544545	0.000000000	0.000000000	0.000000000	0.000000000	0.000000000	0.000000000
2.551551552	0.000000000	0.000000000	0.000000000	0.000000000	0.000000000	0.000000000
2.558558559	0.000000000	0.000000000	0.000000000	0.000000000	0.000000000	0.000000000
2.565565566	0.000000000	0.000000000	0.000000000	0.000000000	0.000000000	0.000000000
2.572572573	0.000000000	0.000000000	0.000000000	0.000000000	0.000000000	0.000000000
2.579579580	0.000000000	0.000000000	0.000000000	0.000000000	0.000000000	0.000000000
2.586586587	0.000000000	0.000000000	0.000000000	0.000000000	0.000000000	0.000000000
2.593593594	0.000000000	0.000000000	0.000000000	0.000000000	0.000000000	0.000000000
2.600600601	0.000000000	0.000000000	0.000000000	0.000000000	0.000000000	0.000000000
2.607607608	0.000000000	0.000000000	0.000000000	0.000000000	0.000000000	0.000000000
2.614614615	0.000000000	0.000000000	0.000000000	0.000000000	0.000000000	0.000000000
2.621621622	0.000000000	0.000000000	0.000000000	0.000000000	0.000000000	0.000000000
2.628628629	0.000000000	0.000000000	0.000000000	0.000000000	0.000000000	0.000000000
2.635635636	0.000000000	0.000000000	0.000000000	0.000000000	0.000000000	0.000000000
2.642642643	0.000000000	0.000000000	0.000000000	0.000000000	0.000000000	0.000000000
2.649649650	0.000000000	0.000000000	0.000000000	0.000000000	0.000000000	0.000000000
2.656656657	0.000000000	0.000000000	0.000000000	0.000000000	0.000000000	0.000000000
2.663663664	0.000000000	0.000000000	0.000000000	0.000000000	0.000000000	0.000000000
2.670670671	0.000000000	0.000000000	0.000000000	0.000000000	0.000000000	0.000000000
2.677677678	0.000000000	0.000000000	0.000000000	0.000000000	0.000000000	0.000000000
2.684684685	0.000000000	0.000000000	0.000000000	0.000000000	0.000000000	0.000000000
2.691691692	0.000000000	0.000000000	0.000000000	0.000000000	0.000000000	0.000000000
2.698698699	0.000000000	0.000000000	0.000000000	0.000000000	0.000000000	0.000000000
2.705705706	0.000000000	0.000000000	0.000000000	0.000000000	0.000000000	0.000000000
2.712712713	0.000000000	0.000000000	0.000000000	0.000000000	0.000000000	0.000000000
2.719719720	0.000000000	0.000000000	0.000000000	0.000000000	0.000000000	0.000000000
2.726726727	0.000000000	0.000000000	0.000000000	0.000000000	0.000000000	0.000000000
2.733733734	0.000000000	0.000000000	0.000000000	0.000000000	0.000000000	0.000000000
2.740740741	0.000000000	0.000000000	0.000000000	0.000000000	0.000000000	0.000000000
2.747747748	0.000000000	0.000000000	0.000000000	0.000000000	0.000000000	0.000000000
2.754754755	0.000000000	0.000000000	0.000000000	0.000000000	0.000000000	0.000000000
2.761761762	0.000000000	0.000000000	0.000000000	0.000000000	0.000000000	0.000000000
2.768768769	0.000000000	0.000000000	0.000000000	0.000000000	0.000000000	0.000000000
2.775775776	0.000000000	0.000000000	0.000000000	0.000000000	0.000000000	0.000000000
2.782782783	0.000000000	0.000000000	0.000000000	0.000000000	0.000000000	0.000000000
2.789789790	0.000000000	0.000000000	0.000000000	0.000000000	0.000000000	0.000000000
2.796796797	0.000000000	0.000000000	0.000000000	0.000000000	0.000000000	0.000000000
2.803803804	0.000000000	0.000000000	0.000000000	0.000000000	0.000000000	0.000000000
2.810810811	0.000000000	0.000000000	0.000000000	0.000000000	0.000000000	0.000000000
2.817817818	0.000000000	0.000000000	0.000000000	0.000000000	0.000000000	0.000000000
2.824824825	0.000000000	0.000000000	0.000000000	0.000000000	0.000000000	0.000000000
2.831831832	0.000000000	0.000000000	0.000000000	0.000000000	0.000000000	0.000000000
2.838838839	0.000000000	0.000000000	0.000000000	0.000000000	0.000000000	0.000000000
2.845845846	0.000000000	0.000000000	0.000000000	0.000000000	0.000000000	0.000000000
2.852852853	0.000000000	0.000000000	0.000000000	0.000000000	0.000000000	0.000000000
2.859859860	0.000000000	0.000000000	0.000000000	0.000000000	0.000000000	0.000000000
2.866866867	0.000000000	0.000000000	0.000000000	0.000000000	0.000000000	0.000000000
2.873873874	0.000000000	0.000000000	0.000000000	0.000000000	0.000000000	0.000000000
2.880880881	0.000000000	0.000000000	0.000000000	0.000000000	0.000000000	0.000000000
2.887887888	0.000000000	0.000000000	0.000000000	0.000000000	0.000000000	0.000000000
2.894894895	0.000000000	0.000000000	0.000000000	0.000000000	0.000000000	0.000000000
2.901901902	0.000000000	0.000000000	0.000000000	0.000000000	0.000000000	0.000000000
2.908908909	0.000000000	0.000000000	0.000000000	0.000000000	0.000000000	0.000000000
2.915915916	0.000000000	0.000000000	0.000000000	0.000000000	0.000000000	0.000000000
2.922922923	0.000000000	0.000000000	0.000000000	0.000000000	0.000000000	0.000000000
2.929929930	0.000000000	0.000000000	0.000000000	0.000000000	0.000000000	0.000000000
2.936936937	0.000000000	0.000000000	0.000000000	0.000000000	0.000000000	0.000000000
2.943943944	0.000000000	0.000000000	0.000000000	0.000000000	0.000000000	0.000000000
2.950950951	0.000000000	0.000000000	0.000000000	0.000000000	0.000000000	0.000000000
2.957957958	0.000000000	0.000000000	0.000000000	0.000000000	0.000000000	0.000000000
2.964964965	0.000000000	0.000000000	0.000000000	0.000000000	0.000000000	0.000000000
2.971971972	0.000000000	0.000000000	0.000000000	0.000000000	0.000000000	0.000000000
2.978978979	0.000000000	0.000000000	0.000000000	0.000000000	0.000000000	0.000000000
2.985985986	0.000000000	0.000000000	0.000000000	0.000000000	0.000000000	0.000000000
2.992992993	0.000000000	0.000000000	0.000000000	0.000000000	0.000000000	0.000000000
3.000000000	0.000000000	0.000000000	0.000000000	0.000000000	0.000000000	0.000000000
