-4.00000000	0.001625426	0.003468300	0.003661290	0.015675132	0.004804722	0.006170544
-3.99299299	0.001647492	0.003507589	0.003704530	0.015850837	0.004852715	0.006229994
-3.98598599	0.001669875	0.003547353	0.003748310	0.016028501	0.004901233	0.006290070
-3.97897898	0.001692577	0.003587601	0.003792638	0.016208146	0.004950283	0.006350781
-3.97197197	0.001715606	0.003628337	0.003837521	0.016389794	0.004999870	0.006412134
-3.96496496	0.001738964	0.003669569	0.003882968	0.016573467	0.005050001	0.006474135
-3.95795796	0.001762658	0.003711302	0.003928984	0.016759186	0.005100682	0.006536794
-3.95095095	0.001786692	0.003753543	0.003975578	0.016946975	0.005151920	0.006600117
-3.94394394	0.001811071	0.003796299	0.004022758	0.017136855	0.005203722	0.006664111
-3.93693694	0.001835801	0.003839577	0.004070531	0.017328850	0.005256095	0.006728786
-3.92992993	0.001860887	0.003883382	0.004118904	0.017522983	0.005309044	0.006794148
-3.92292292	0.001886334	0.003927723	0.004167887	0.017719278	0.005362578	0.006860206
-3.91591592	0.001912148	0.003972606	0.004217487	0.017917757	0.005416703	0.006926967
-3.90890891	0.001938334	0.004018038	0.004267712	0.018118444	0.005471427	0.006994441
-3.90190190	0.001964898	0.004064027	0.004318571	0.018321365	0.005526756	0.007062634
-3.89489489	0.001991846	0.004110579	0.004370072	0.018526542	0.005582698	0.007131557
-3.88788789	0.002019184	0.004157702	0.004422224	0.018734001	0.005639260	0.007201216
-3.88088088	0.002046917	0.004205403	0.004475035	0.018943766	0.005696450	0.007271622
-3.87387387	0.002075051	0.004253690	0.004528514	0.019155863	0.005754276	0.007342782
-3.86686687	0.002103593	0.004302571	0.004582671	0.019370317	0.005812744	0.007414705
-3.85985986	0.002132549	0.004352054	0.004637513	0.019587154	0.005871864	0.007487400
-3.85285285	0.002161924	0.004402145	0.004693051	0.019806399	0.005931642	0.007560877
-3.84584585	0.002191726	0.004452855	0.004749294	0.020028079	0.005992087	0.007635145
-3.83883884	0.002221961	0.004504189	0.004806250	0.020252220	0.006053207	0.007710212
-3.83183183	0.002252636	0.004556157	0.004863931	0.020478849	0.006115011	0.007786089
-3.82482482	0.002283757	0.004608768	0.004922345	0.020707992	0.006177506	0.007862785
-3.81781782	0.002315331	0.004662029	0.004981502	0.020939678	0.006240700	0.007940309
-3.81081081	0.002347364	0.004715949	0.005041412	0.021173934	0.006304604	0.008018672
-3.80380380	0.002379865	0.004770536	0.005102086	0.021410787	0.006369224	0.008097883
-3.79679680	0.002412840	0.004825801	0.005163533	0.021650266	0.006434571	0.008177952
-3.78978979	0.002446297	0.004881751	0.005225765	0.021892399	0.006500652	0.008258890
-3.78278278	0.002480242	0.004938395	0.005288791	0.022137214	0.006567477	0.008340707
-3.77577578	0.002514684	0.004995744	0.005352622	0.022384742	0.006635056	0.008423413
-3.76876877	0.002549629	0.005053805	0.005417270	0.022635011	0.006703396	0.008507019
-3.76176176	0.002585087	0.005112590	0.005482745	0.022888050	0.006772509	0.008591535
-3.75475475	0.002621064	0.005172106	0.005549059	0.023143890	0.006842402	0.008676973
-3.74774775	0.002657568	0.005232364	0.005616222	0.023402561	0.006913087	0.008763344
-3.74074074	0.002694608	0.005293375	0.005684247	0.023664094	0.006984572	0.008850658
-3.73373373	0.002732192	0.005355147	0.005753145	0.023928519	0.007056867	0.008938927
-3.72672673	0.002770328	0.005417691	0.005822928	0.024195867	0.007129983	0.009028163
-3.71971972	0.002809025	0.005481017	0.005893608	0.024466171	0.007203930	0.009118376
-3.71271271	0.002848292	0.005545136	0.005965197	0.024739461	0.007278718	0.009209580
-3.70570571	0.002888137	0.005610059	0.006037707	0.025015770	0.007354358	0.009301785
-3.69869870	0.002928569	0.005675795	0.006111151	0.025295130	0.007430860	0.009395003
-3.69169169	0.002969597	0.005742357	0.006185542	0.025577575	0.007508234	0.009489248
-3.68468468	0.003011231	0.005809754	0.006260893	0.025863137	0.007586492	0.009584531
-3.67767768	0.003053480	0.005877999	0.006337216	0.026151849	0.007665645	0.009680865
-3.67067067	0.003096353	0.005947102	0.006414525	0.026443746	0.007745704	0.009778262
-3.66366366	0.003139861	0.006017076	0.006492834	0.026738862	0.007826680	0.009876736
-3.65665666	0.003184012	0.006087931	0.006572155	0.027037231	0.007908585	0.009976299
-3.64964965	0.003228818	0.006159680	0.006652504	0.027338888	0.007991431	0.010076966
-3.64264264	0.003274287	0.006232334	0.006733894	0.027643868	0.008075228	0.010178748
-3.63563564	0.003320431	0.006305907	0.006816339	0.027952207	0.008159990	0.010281660
-3.62862863	0.003367260	0.006380409	0.006899854	0.028263940	0.008245728	0.010385716
-3.62162162	0.003414785	0.006455855	0.006984453	0.028579104	0.008332455	0.010490929
-3.61461461	0.003463016	0.006532256	0.007070152	0.028897736	0.008420182	0.010597314
-3.60760761	0.003511965	0.006609625	0.007156965	0.029219872	0.008508924	0.010704884
-3.60060060	0.003561643	0.006687977	0.007244907	0.029545550	0.008598692	0.010813655
-3.59359359	0.003612060	0.006767323	0.007333996	0.029874808	0.008689499	0.010923642
-3.58658659	0.003663230	0.006847677	0.007424245	0.030207683	0.008781359	0.011034858
-3.57957958	0.003715163	0.006929054	0.007515671	0.030544215	0.008874285	0.011147320
-3.57257257	0.003767871	0.007011466	0.007608291	0.030884441	0.008968290	0.011261042
-3.56556557	0.003821367	0.007094928	0.007702120	0.031228402	0.009063389	0.011376040
-3.55855856	0.003875663	0.007179455	0.007797176	0.031576137	0.009159595	0.011492330
-3.55155155	0.003930771	0.007265061	0.007893476	0.031927686	0.009256922	0.011609927
-3.54454454	0.003986705	0.007351760	0.007991036	0.032283089	0.009355385	0.011728849
-3.53753754	0.004043476	0.007439567	0.008089875	0.032642388	0.009454998	0.011849110
-3.53053053	0.004101100	0.007528498	0.008190009	0.033005623	0.009555776	0.011970729
-3.52352352	0.004159587	0.007618568	0.008291457	0.033372836	0.009657733	0.012093721
-3.51651652	0.004218954	0.007709792	0.008394238	0.033744069	0.009760885	0.012218104
-3.50950951	0.004279213	0.007802187	0.008498369	0.034119366	0.009865247	0.012343896
-3.50250250	0.004340377	0.007895768	0.008603869	0.034498767	0.009970835	0.012471113
-3.49549550	0.004402463	0.007990551	0.008710758	0.034882318	0.010077664	0.012599773
-3.48848849	0.004465484	0.008086554	0.008819055	0.035270061	0.010185751	0.012729894
-3.48148148	0.004529455	0.008183792	0.008928780	0.035662041	0.010295111	0.012861496
-3.47447447	0.004594390	0.008282283	0.009039951	0.036058303	0.010405762	0.012994595
-3.46746747	0.004660306	0.008382044	0.009152591	0.036458890	0.010517718	0.013129212
-3.46046046	0.004727218	0.008483093	0.009266718	0.036863850	0.010630999	0.013265365
-3.45345345	0.004795142	0.008585447	0.009382354	0.037273227	0.010745620	0.013403072
-3.44644645	0.004864093	0.008689124	0.009499521	0.037687069	0.010861600	0.013542355
-3.43943944	0.004934087	0.008794143	0.009618239	0.038105421	0.010978955	0.013683233
-3.43243243	0.005005143	0.008900522	0.009738530	0.038528331	0.011097703	0.013825725
-3.42542543	0.005077276	0.009008280	0.009860416	0.038955848	0.011217864	0.013969853
-3.41841842	0.005150503	0.009117436	0.009983921	0.039388018	0.011339454	0.014115636
-3.41141141	0.005224842	0.009228009	0.010109065	0.039824890	0.011462494	0.014263096
-3.40440440	0.005300311	0.009340019	0.010235873	0.040266514	0.011587001	0.014412255
-3.39739740	0.005376928	0.009453487	0.010364369	0.040712940	0.011712995	0.014563133
-3.39039039	0.005454711	0.009568432	0.010494575	0.041164216	0.011840495	0.014715753
-3.38338338	0.005533678	0.009684874	0.010626516	0.041620394	0.011969522	0.014870136
-3.37637638	0.005613849	0.009802836	0.010760216	0.042081525	0.012100094	0.015026306
-3.36936937	0.005695242	0.009922337	0.010895700	0.042547659	0.012232233	0.015184284
-3.36236236	0.005777878	0.010043399	0.011032994	0.043018850	0.012365959	0.015344095
-3.35535536	0.005861776	0.010166045	0.011172123	0.043495149	0.012501293	0.015505761
-3.34834835	0.005946957	0.010290296	0.011313113	0.043976609	0.012638256	0.015669306
-3.34134134	0.006033441	0.010416174	0.011455991	0.044463283	0.012776870	0.015834755
-3.33433433	0.006121248	0.010543703	0.011600783	0.044955227	0.012917156	0.016002131
-3.32732733	0.006210401	0.010672906	0.011747516	0.045452493	0.013059137	0.016171461
-3.32032032	0.006300921	0.010803806	0.011896218	0.045955137	0.013202835	0.016342768
-3.31331331	0.006392830	0.010936427	0.012046917	0.046463214	0.013348273	0.016516078
-3.30630631	0.006486149	0.011070793	0.012199642	0.046976780	0.013495474	0.016691417
-3.29929930	0.006580903	0.011206929	0.012354421	0.047495892	0.013644461	0.016868812
-3.29229229	0.006677114	0.011344859	0.012511284	0.048020606	0.013795258	0.017048289
-3.28528529	0.006774805	0.011484609	0.012670260	0.048550981	0.013947890	0.017229875
-3.27827828	0.006874001	0.011626205	0.012831379	0.049087073	0.014102380	0.017413597
-3.27127127	0.006974725	0.011769672	0.012994673	0.049628942	0.014258755	0.017599483
-3.26426426	0.007077003	0.011915038	0.013160172	0.050176646	0.014417038	0.017787562
-3.25725726	0.007180859	0.012062328	0.013327908	0.050730245	0.014577255	0.017977862
-3.25025025	0.007286320	0.012211571	0.013497913	0.051289800	0.014739433	0.018170411
-3.24324324	0.007393411	0.012362793	0.013670220	0.051855370	0.014903598	0.018365240
-3.23623624	0.007502158	0.012516024	0.013844861	0.052427017	0.015069776	0.018562378
-3.22922923	0.007612589	0.012671291	0.014021871	0.053004803	0.015237995	0.018761855
-3.22222222	0.007724731	0.012828623	0.014201283	0.053588790	0.015408282	0.018963703
-3.21521522	0.007838611	0.012988051	0.014383131	0.054179041	0.015580666	0.019167951
-3.20820821	0.007954259	0.013149603	0.014567452	0.054775619	0.015755173	0.019374633
-3.20120120	0.008071702	0.013313310	0.014754280	0.055378588	0.015931834	0.019583779
-3.19419419	0.008190969	0.013479202	0.014943652	0.055988013	0.016110677	0.019795423
-3.18718719	0.008312092	0.013647312	0.015135605	0.056603959	0.016291732	0.020009598
-3.18018018	0.008435100	0.013817670	0.015330176	0.057226491	0.016475030	0.020226336
-3.17317317	0.008560023	0.013990309	0.015527403	0.057855676	0.016660600	0.020445673
-3.16616617	0.008686893	0.014165261	0.015727324	0.058491579	0.016848473	0.020667642
-3.15915916	0.008815742	0.014342560	0.015929979	0.059134270	0.017038682	0.020892278
-3.15215215	0.008946602	0.014522240	0.016135407	0.059783815	0.017231257	0.021119617
-3.14514515	0.009079507	0.014704334	0.016343649	0.060440282	0.017426232	0.021349696
-3.13813814	0.009214489	0.014888877	0.016554745	0.061103742	0.017623639	0.021582550
-3.13113113	0.009351583	0.015075905	0.016768737	0.061774263	0.017823512	0.021818216
-3.12412412	0.009490823	0.015265453	0.016985667	0.062451917	0.018025884	0.022056733
-3.11711712	0.009632245	0.015457557	0.017205578	0.063136772	0.018230789	0.022298139
-3.11011011	0.009775885	0.015652256	0.017428515	0.063828902	0.018438264	0.022542472
-3.10310310	0.009921778	0.015849585	0.017654520	0.064528377	0.018648343	0.022789771
-3.09609610	0.010069963	0.016049584	0.017883638	0.065235271	0.018861061	0.023040078
-3.08908909	0.010220476	0.016252290	0.018115916	0.065949657	0.019076457	0.023293431
-3.08208208	0.010373357	0.016457744	0.018351400	0.066671608	0.019294566	0.023549873
-3.07507508	0.010528644	0.016665984	0.018590137	0.067401198	0.019515426	0.023809445
-3.06806807	0.010686378	0.016877052	0.018832174	0.068138503	0.019739076	0.024072189
-3.06106106	0.010846597	0.017090988	0.019077560	0.068883598	0.019965555	0.024338149
-3.05405405	0.011009345	0.017307835	0.019326345	0.069636558	0.020194901	0.024607369
-3.04704705	0.011174662	0.017527634	0.019578578	0.070397462	0.020427154	0.024879892
-3.04004004	0.011342591	0.017750429	0.019834310	0.071166385	0.020662356	0.025155763
-3.03303303	0.011513175	0.017976263	0.020093593	0.071943406	0.020900548	0.025435029
-3.02602603	0.011686459	0.018205182	0.020356480	0.072728604	0.021141771	0.025717736
-3.01901902	0.011862487	0.018437229	0.020623023	0.073522057	0.021386067	0.026003930
-3.01201201	0.012041305	0.018672452	0.020893277	0.074323845	0.021633481	0.026293660
-3.00500501	0.012222959	0.018910895	0.021167296	0.075134048	0.021884056	0.026586974
-2.99799800	0.012407496	0.019152608	0.021445138	0.075952747	0.022137836	0.026883922
-2.99099099	0.012594965	0.019397637	0.021726858	0.076780023	0.022394866	0.027184553
-2.98398398	0.012785415	0.019646031	0.022012513	0.077615959	0.022655193	0.027488918
-2.97697698	0.012978894	0.019897840	0.022302164	0.078460637	0.022918863	0.027797069
-2.96996997	0.013175454	0.020153115	0.022595868	0.079314140	0.023185923	0.028109059
-2.96296296	0.013375147	0.020411906	0.022893687	0.080176552	0.023456422	0.028424940
-2.95595596	0.013578024	0.020674266	0.023195682	0.081047957	0.023730408	0.028744766
-2.94894895	0.013784139	0.020940246	0.023501915	0.081928441	0.024007930	0.029068592
-2.94194194	0.013993545	0.021209902	0.023812450	0.082818089	0.024289040	0.029396474
-2.93493493	0.014206300	0.021483286	0.024127351	0.083716986	0.024573788	0.029728469
-2.92792793	0.014422457	0.021760455	0.024446684	0.084625220	0.024862227	0.030064633
-2.92092092	0.014642075	0.022041464	0.024770514	0.085542878	0.025154408	0.030405025
-2.91391391	0.014865212	0.022326371	0.025098910	0.086470048	0.025450386	0.030749705
-2.90690691	0.015091927	0.022615234	0.025431940	0.087406817	0.025750215	0.031098732
-2.89989990	0.015322280	0.022908111	0.025769674	0.088353276	0.026053950	0.031452168
-2.89289289	0.015556332	0.023205063	0.026112182	0.089309513	0.026361648	0.031810074
-2.88588589	0.015794146	0.023506149	0.026459538	0.090275618	0.026673366	0.032172514
-2.87887888	0.016035786	0.023811433	0.026811812	0.091251682	0.026989161	0.032539551
-2.87187187	0.016281315	0.024120976	0.027169082	0.092237797	0.027309092	0.032911251
-2.86486486	0.016530800	0.024434843	0.027531420	0.093234054	0.027633220	0.033287679
-2.85785786	0.016784307	0.024753098	0.027898905	0.094240544	0.027961604	0.033668902
-2.85085085	0.017041906	0.025075807	0.028271615	0.095257361	0.028294308	0.034054990
-2.84384384	0.017303663	0.025403038	0.028649628	0.096284599	0.028631393	0.034446010
-2.83683684	0.017569652	0.025734857	0.029033026	0.097322350	0.028972923	0.034842033
-2.82982983	0.017839942	0.026071334	0.029421890	0.098370709	0.029318963	0.035243130
-2.82282282	0.018114608	0.026412539	0.029816302	0.099429770	0.029669579	0.035649375
-2.81581582	0.018393724	0.026758544	0.030216349	0.100499630	0.030024838	0.036060840
-2.80880881	0.018677365	0.027109421	0.030622116	0.101580383	0.030384807	0.036477600
-2.80180180	0.018965608	0.027465244	0.031033689	0.102672126	0.030749556	0.036899732
-2.79479479	0.019258533	0.027826087	0.031451159	0.103774956	0.031119154	0.037327313
-2.78778779	0.019556218	0.028192027	0.031874614	0.104888968	0.031493674	0.037760420
-2.78078078	0.019858744	0.028563140	0.032304148	0.106014262	0.031873187	0.038199135
-2.77377377	0.020166196	0.028939506	0.032739852	0.107150935	0.032257768	0.038643538
-2.76676677	0.020478657	0.029321205	0.033181822	0.108299084	0.032647490	0.039093711
-2.75975976	0.020796212	0.029708316	0.033630154	0.109458810	0.033042430	0.039549738
-2.75275275	0.021118948	0.030100924	0.034084946	0.110630211	0.033442665	0.040011704
-2.74574575	0.021446956	0.030499111	0.034546297	0.111813386	0.033848275	0.040479695
-2.73873874	0.021780325	0.030902963	0.035014309	0.113008435	0.034259337	0.040953799
-2.73173173	0.022119147	0.031312566	0.035489084	0.114215459	0.034675934	0.041434105
-2.72472472	0.022463515	0.031728009	0.035970726	0.115434558	0.035098149	0.041920704
-2.71771772	0.022813526	0.032149380	0.036459343	0.116665833	0.035526064	0.042413688
-2.71071071	0.023169277	0.032576772	0.036955042	0.117909384	0.035959765	0.042913150
-2.70370370	0.023530865	0.033010275	0.037457932	0.119165314	0.036399339	0.043419186
-2.69669670	0.023898393	0.033449985	0.037968126	0.120433724	0.036844874	0.043931893
-2.68968969	0.024271962	0.033895996	0.038485736	0.121714716	0.037296458	0.044451367
-2.68268268	0.024651677	0.034348406	0.039010879	0.123008392	0.037754184	0.044977710
-2.67567568	0.025037644	0.034807314	0.039543671	0.124314854	0.038218143	0.045511023
-2.66866867	0.025429972	0.035272819	0.040084232	0.125634204	0.038688430	0.046051409
-2.66166166	0.025828769	0.035745023	0.040632683	0.126966546	0.039165139	0.046598973
-2.65465465	0.026234150	0.036224031	0.041189147	0.128311982	0.039648369	0.047153821
-2.64764765	0.026646227	0.036709947	0.041753749	0.129670615	0.040138217	0.047716062
-2.64064064	0.027065117	0.037202879	0.042326617	0.131042548	0.040634785	0.048285805
-2.63363363	0.027490939	0.037702936	0.042907880	0.132427883	0.041138174	0.048863164
-2.62662663	0.027923813	0.038210228	0.043497671	0.133826724	0.041648489	0.049448251
-2.61961962	0.028363861	0.038724868	0.044096122	0.135239175	0.042165834	0.050041181
-2.61261261	0.028811210	0.039246971	0.044703371	0.136665337	0.042690316	0.050642074
-2.60560561	0.029265986	0.039776652	0.045319555	0.138105314	0.043222046	0.051251048
-2.59859860	0.029728318	0.040314030	0.045944815	0.139559209	0.043761134	0.051868225
-2.59159159	0.030198339	0.040859226	0.046579295	0.141027124	0.044307693	0.052493728
-2.58458458	0.030676184	0.041412361	0.047223140	0.142509162	0.044861837	0.053127682
-2.57757758	0.031161989	0.041973561	0.047876498	0.144005426	0.045423683	0.053770217
-2.57057057	0.031655894	0.042542950	0.048539520	0.145516017	0.045993350	0.054421461
-2.56356356	0.032158040	0.043120659	0.049212359	0.147041037	0.046570958	0.055081546
-2.55655656	0.032668572	0.043706818	0.049895170	0.148580589	0.047156631	0.055750606
-2.54954955	0.033187639	0.044301560	0.050588112	0.150134773	0.047750492	0.056428779
-2.54254254	0.033715388	0.044905019	0.051291345	0.151703690	0.048352669	0.057116202
-2.53553554	0.034251975	0.045517334	0.052005034	0.153287441	0.048963290	0.057813018
-2.52852853	0.034797553	0.046138644	0.052729345	0.154886126	0.049582488	0.058519368
-2.52152152	0.035352282	0.046769092	0.053464447	0.156499844	0.050210395	0.059235400
-2.51451451	0.035916323	0.047408822	0.054210513	0.158128695	0.050847147	0.059961261
-2.50750751	0.036489840	0.048057980	0.054967718	0.159772776	0.051492883	0.060697102
-2.50050050	0.037073001	0.048716717	0.055736239	0.161432185	0.052147742	0.061443077
-2.49349349	0.037665976	0.049385185	0.056516258	0.163107020	0.052811868	0.062199342
-2.48648649	0.038268940	0.050063538	0.057307960	0.164797377	0.053485406	0.062966055
-2.47947948	0.038882069	0.050751933	0.058111530	0.166503351	0.054168504	0.063743377
-2.47247247	0.039505544	0.051450531	0.058927162	0.168225037	0.054861312	0.064531473
-2.46546547	0.040139548	0.052159494	0.059755047	0.169962529	0.055563983	0.065330509
-2.45845846	0.040784268	0.052878987	0.060595383	0.171715920	0.056276674	0.066140655
-2.45145145	0.041439895	0.053609180	0.061448371	0.173485300	0.056999541	0.066962084
-2.44444444	0.042106623	0.054350242	0.062314215	0.175270762	0.057732747	0.067794970
-2.43743744	0.042784649	0.055102349	0.063193121	0.177072394	0.058476455	0.068639493
-2.43043043	0.043474176	0.055865676	0.064085302	0.178890284	0.059230831	0.069495834
-2.42342342	0.044175408	0.056640405	0.064990971	0.180724521	0.059996046	0.070364178
-2.41641642	0.044888555	0.057426718	0.065910348	0.182575189	0.060772272	0.071244711
-2.40940941	0.045613829	0.058224802	0.066843653	0.184442374	0.061559685	0.072137626
-2.40240240	0.046351448	0.059034846	0.067791113	0.186326156	0.062358462	0.073043116
-2.39539540	0.047101632	0.059857043	0.068752957	0.188226619	0.063168787	0.073961380
-2.38838839	0.047864607	0.060691590	0.069729419	0.190143842	0.063990843	0.074892617
-2.38138138	0.048640602	0.061538685	0.070720738	0.192077902	0.064824819	0.075837032
-2.37437437	0.049429852	0.062398531	0.071727153	0.194028875	0.065670907	0.076794833
-2.36736737	0.050232593	0.063271335	0.072748911	0.195996837	0.066529300	0.077766232
-2.36036036	0.051049070	0.064157307	0.073786263	0.197981858	0.067400198	0.078751443
-2.35335335	0.051879528	0.065056660	0.074839462	0.199984010	0.068283802	0.079750686
-2.34634635	0.052724220	0.065969612	0.075908768	0.202003361	0.069180317	0.080764182
-2.33933934	0.053583403	0.066896383	0.076994443	0.204039976	0.070089953	0.081792159
-2.33233233	0.054457338	0.067837199	0.078096754	0.206093919	0.071012921	0.082834845
-2.32532533	0.055346292	0.068792288	0.079215975	0.208165251	0.071949438	0.083892476
-2.31831832	0.056250535	0.069761882	0.080352382	0.210254031	0.072899724	0.084965289
-2.31131131	0.057170345	0.070746219	0.081506256	0.212360315	0.073864003	0.086053528
-2.30430430	0.058106004	0.071745539	0.082677884	0.214484157	0.074842502	0.087157437
-2.29729730	0.059057797	0.072760087	0.083867557	0.216625606	0.075835455	0.088277268
-2.29029029	0.060026019	0.073790112	0.085075572	0.218784712	0.076843096	0.089413275
-2.28328328	0.061010968	0.074835868	0.086302229	0.220961517	0.077865667	0.090565719
-2.27627628	0.062012946	0.075897612	0.087547836	0.223156064	0.078903410	0.091734862
-2.26926927	0.063032264	0.076975607	0.088812703	0.225368392	0.079956576	0.092920973
-2.26226226	0.064069236	0.078070119	0.090097148	0.227598534	0.081025418	0.094124325
-2.25525526	0.065124185	0.079181421	0.091401492	0.229846524	0.082110192	0.095345195
-2.24824825	0.066197437	0.080309788	0.092726065	0.232112387	0.083211162	0.096583866
-2.24124124	0.067289327	0.081455500	0.094071198	0.234396149	0.084328595	0.097840625
-2.23423423	0.068400194	0.082618845	0.095437232	0.236697829	0.085462761	0.099115763
-2.22722723	0.069530384	0.083800113	0.096824511	0.239017445	0.086613937	0.100409579
-2.22022022	0.070680251	0.084999599	0.098233384	0.241355008	0.087782405	0.101722373
-2.21321321	0.071850155	0.086217604	0.099664210	0.243710527	0.088968451	0.103054453
-2.20620621	0.073040461	0.087454435	0.101117349	0.246084004	0.090172367	0.104406132
-2.19919920	0.074251543	0.088710402	0.102593171	0.248475439	0.091394448	0.105777727
-2.19219219	0.075483782	0.089985823	0.104092049	0.250884826	0.092634998	0.107169562
-2.18518519	0.076737564	0.091281020	0.105614366	0.253312156	0.093894323	0.108581965
-2.17817818	0.078013287	0.092596320	0.107160508	0.255757412	0.095172735	0.110015270
-2.17117117	0.079311351	0.093932057	0.108730869	0.258220575	0.096470553	0.111469818
-2.16416416	0.080632166	0.095288570	0.110325849	0.260701618	0.097788101	0.112945953
-2.15715716	0.081976151	0.096666205	0.111945855	0.263200511	0.099125709	0.114444028
-2.15015015	0.083343732	0.098065311	0.113591300	0.265717217	0.100483711	0.115964400
-2.14314314	0.084735341	0.099486246	0.115262604	0.268251694	0.101862450	0.117507432
-2.13613614	0.086151422	0.100929374	0.116960195	0.270803894	0.103262272	0.119073493
-2.12912913	0.087592423	0.102395062	0.118684507	0.273373762	0.104683531	0.120662960
-2.12212212	0.089058805	0.103883688	0.120435981	0.275961238	0.106126587	0.122276213
-2.11511512	0.090551034	0.105395633	0.122215065	0.278566256	0.107591806	0.123913642
-2.10810811	0.092069585	0.106931285	0.124022215	0.281188741	0.109079561	0.125575641
-2.10110110	0.093614945	0.108491040	0.125857893	0.283828614	0.110590230	0.127262611
-2.09409409	0.095187608	0.110075300	0.127722571	0.286485789	0.112124200	0.128974960
-2.08708709	0.096788076	0.111684473	0.129616724	0.289160170	0.113681864	0.130713102
-2.08008008	0.098416862	0.113318975	0.131540840	0.291851657	0.115263620	0.132477459
-2.07307307	0.100074489	0.114979229	0.133495410	0.294560142	0.116869875	0.134268458
-2.06606607	0.101761488	0.116665665	0.135480935	0.297285507	0.118501043	0.136086535
-2.05905906	0.103478401	0.118378719	0.137497924	0.300027629	0.120157544	0.137932132
-2.05205205	0.105225781	0.120118837	0.139546893	0.302786376	0.121839807	0.139805699
-2.04504505	0.107004189	0.121886469	0.141628365	0.305561608	0.123548268	0.141707690
-2.03803804	0.108814198	0.123682076	0.143742874	0.308353175	0.125283369	0.143638571
-2.03103103	0.110656390	0.125506124	0.145890959	0.311160922	0.127045562	0.145598812
-2.02402402	0.112531360	0.127359088	0.148073169	0.313984681	0.128835304	0.147588892
-2.01701702	0.114439711	0.129241451	0.150290059	0.316824278	0.130653063	0.149609297
-2.01001001	0.116382059	0.131153704	0.152542195	0.319679529	0.132499313	0.151660520
-2.00300300	0.118359032	0.133096345	0.154830150	0.322550241	0.134374537	0.153743062
-1.99599600	0.120371266	0.135069881	0.157154505	0.325436210	0.136279225	0.155857432
-1.98898899	0.122419411	0.137074827	0.159515849	0.328337225	0.138213877	0.158004147
-1.98198198	0.124504129	0.139111708	0.161914781	0.331253062	0.140179001	0.160183732
-1.97497497	0.126626093	0.141181053	0.164351907	0.334183488	0.142175112	0.162396718
-1.96796797	0.128785987	0.143283406	0.166827841	0.337128262	0.144202737	0.164643646
-1.96096096	0.130984508	0.145419313	0.169343207	0.340087127	0.146262408	0.166925065
-1.95395395	0.133222367	0.147589335	0.171898636	0.343059822	0.148354669	0.169241530
-1.94694695	0.135500286	0.149794036	0.174494769	0.346046069	0.150480071	0.171593607
-1.93993994	0.137818997	0.152033993	0.177132254	0.349045583	0.152639175	0.173981867
-1.93293293	0.140179250	0.154309791	0.179811748	0.352058065	0.154832551	0.176406891
-1.92592593	0.142581803	0.156622024	0.182533916	0.355083207	0.157060778	0.178869268
-1.91891892	0.145027431	0.158971294	0.185299431	0.358120686	0.159324446	0.181369595
-1.91191191	0.147516920	0.161358213	0.188108976	0.361170169	0.161624153	0.183908477
-1.90490490	0.150051068	0.163783404	0.190963240	0.364231312	0.163960506	0.186486527
-1.89789790	0.152630690	0.166247497	0.193862922	0.367303756	0.166334123	0.189104367
-1.89089089	0.155256612	0.168751133	0.196808728	0.370387131	0.168745632	0.191762626
-1.88388388	0.157929675	0.171294962	0.199801371	0.373481054	0.171195670	0.194461943
-1.87687688	0.160650731	0.173879642	0.202841574	0.376585129	0.173684883	0.197202962
-1.86986987	0.163420649	0.176505844	0.205930066	0.379698947	0.176213931	0.199986338
-1.86286286	0.166240312	0.179174245	0.209067584	0.382822085	0.178783478	0.202812733
-1.85585586	0.169110613	0.181885535	0.212254873	0.385954108	0.181394204	0.205682816
-1.84884885	0.172032465	0.184640411	0.215492684	0.389094565	0.184046795	0.208597265
-1.84184184	0.175006789	0.187439581	0.218781776	0.392242994	0.186741950	0.211556765
-1.83483483	0.178034524	0.190283763	0.222122914	0.395398916	0.189480376	0.214562009
-1.82782783	0.181116623	0.193173684	0.225516870	0.398561841	0.192262791	0.217613698
-1.82082082	0.184254052	0.196110080	0.228964421	0.401731262	0.195089925	0.220712539
-1.81381381	0.187447791	0.199093699	0.232466352	0.404906659	0.197962517	0.223859248
-1.80680681	0.190698835	0.202125297	0.236023451	0.408087497	0.200881315	0.227054546
-1.79979980	0.194008192	0.205205640	0.239636514	0.411273226	0.203847079	0.230299162
-1.79279279	0.197376886	0.208335503	0.243306339	0.414463280	0.206860578	0.233593832
-1.78578579	0.200805952	0.211515670	0.247033732	0.417657080	0.209922594	0.236939297
-1.77877878	0.204296442	0.214746937	0.250819499	0.420854032	0.213033916	0.240336306
-1.77177177	0.207849419	0.218030107	0.254664452	0.424053524	0.216195344	0.243785612
-1.76476476	0.211465962	0.221365993	0.258569405	0.427254931	0.219407689	0.247287975
-1.75775776	0.215147160	0.224755416	0.262535176	0.430457612	0.222671771	0.250844159
-1.75075075	0.218894118	0.228199208	0.266562583	0.433660910	0.225988421	0.254454934
-1.74374374	0.222707954	0.231698206	0.270652446	0.436864152	0.229358477	0.258121073
-1.73673674	0.226589795	0.235253260	0.274805587	0.440066651	0.232782789	0.261843355
-1.72972973	0.230540784	0.238865226	0.279022825	0.443267702	0.236262216	0.265622561
-1.72272272	0.234562075	0.242534966	0.283304980	0.446466585	0.239797626	0.269459475
-1.71571572	0.238654832	0.246263355	0.287652871	0.449662564	0.243389895	0.273354885
-1.70870871	0.242820231	0.250051269	0.292067314	0.452854889	0.247039908	0.277309579
-1.70170170	0.247059459	0.253899598	0.296549120	0.456042791	0.250748560	0.281324350
-1.69469469	0.251373711	0.257809232	0.301099097	0.459225487	0.254516752	0.285399987
-1.68768769	0.255764194	0.261781073	0.305718049	0.462402177	0.258345393	0.289537283
-1.68068068	0.260232122	0.265816026	0.310406771	0.465572046	0.262235401	0.293737029
-1.67367367	0.264778717	0.269915003	0.315166053	0.468734264	0.266187698	0.298000014
-1.66666667	0.269405210	0.274078918	0.319996674	0.471887982	0.270203217	0.302327027
-1.65965966	0.274112834	0.278308695	0.324899404	0.475032338	0.274282892	0.306718850
-1.65265265	0.278902833	0.282605256	0.329875003	0.478166454	0.278427667	0.311176266
-1.64564565	0.283776452	0.286969531	0.334924216	0.481289435	0.282638487	0.315700049
-1.63863864	0.288734940	0.291402451	0.340047776	0.484400373	0.286916304	0.320290970
-1.63163163	0.293779549	0.295904948	0.345246398	0.487498342	0.291262073	0.324949791
-1.62462462	0.298911531	0.300477957	0.350520783	0.490582403	0.295676753	0.329677266
-1.61761762	0.304132139	0.305122412	0.355871610	0.493651600	0.300161302	0.334474141
-1.61061061	0.309442622	0.309839248	0.361299539	0.496704964	0.304716683	0.339341151
-1.60360360	0.314844229	0.314629398	0.366805206	0.499741511	0.309343859	0.344279016
-1.59659660	0.320338202	0.319493792	0.372389224	0.502760241	0.314043790	0.349288448
-1.58958959	0.325925777	0.324433358	0.378052179	0.505760142	0.318817438	0.354370139
-1.58258258	0.331608182	0.329449020	0.383794627	0.508740187	0.323665761	0.359524767
-1.57557558	0.337386634	0.334541695	0.389617094	0.511699334	0.328589713	0.364752991
-1.56856857	0.343262339	0.339712294	0.395520073	0.514636531	0.333590244	0.370055452
-1.56156156	0.349236487	0.344961720	0.401504020	0.517550711	0.338668298	0.375432766
-1.55455455	0.355310252	0.350290866	0.407569356	0.520440793	0.343824812	0.380885528
-1.54754755	0.361484788	0.355700615	0.413716456	0.523305685	0.349060714	0.386414307
-1.54054054	0.367761227	0.361191837	0.419945655	0.526144285	0.354376920	0.392019642
-1.53353353	0.374140678	0.366765388	0.426257241	0.528955476	0.359774337	0.397702045
-1.52652653	0.380624219	0.372422108	0.432651451	0.531738132	0.365253857	0.403461994
-1.51951952	0.387212899	0.378162820	0.439128472	0.534491115	0.370816355	0.409299933
-1.51251251	0.393907735	0.383988328	0.445688432	0.537213278	0.376462692	0.415216269
-1.50550551	0.400709703	0.389899412	0.452331401	0.539903465	0.382193706	0.421211369
-1.49849850	0.407619739	0.395896831	0.459057389	0.542560508	0.388010217	0.427285558
-1.49149149	0.414638735	0.401981316	0.465866336	0.545183232	0.393913018	0.433439114
-1.48448448	0.421767534	0.408153573	0.472758115	0.547770454	0.399902879	0.439672270
-1.47747748	0.429006925	0.414414273	0.479732524	0.550320984	0.405980538	0.445985203
-1.47047047	0.436357638	0.420764058	0.486789284	0.552833623	0.412146706	0.452378041
-1.46346346	0.443820345	0.427203531	0.493928034	0.555307168	0.418402056	0.458850850
-1.45645646	0.451395647	0.433733257	0.501148327	0.557740409	0.424747226	0.465403636
-1.44944945	0.459084073	0.440353760	0.508449628	0.560132131	0.431182815	0.472036342
-1.44244244	0.466886078	0.447065518	0.515831306	0.562481115	0.437709377	0.478748839
-1.43543544	0.474802031	0.453868963	0.523292631	0.564786137	0.444327422	0.485540929
-1.42842843	0.482832212	0.460764473	0.530832769	0.567045974	0.451037407	0.492412336
-1.42142142	0.490976808	0.467752373	0.538450780	0.569259396	0.457839738	0.499362705
-1.41441441	0.499235904	0.474832929	0.546145609	0.571425174	0.464734763	0.506391596
-1.40740741	0.507609477	0.482006342	0.553916084	0.573542079	0.471722768	0.513498479
-1.40040040	0.516097391	0.489272750	0.561760909	0.575608882	0.478803976	0.520682734
-1.39339339	0.524699388	0.496632218	0.569678660	0.577624353	0.485978538	0.527943640
-1.38638639	0.533415081	0.504084737	0.577667782	0.579587266	0.493246530	0.535280376
-1.37937938	0.542243947	0.511630218	0.585726578	0.581496397	0.500607952	0.542692013
-1.37237237	0.551185319	0.519268489	0.593853209	0.583350527	0.508062719	0.550177509
-1.36536537	0.560238380	0.526999287	0.602045688	0.585148438	0.515610656	0.557735707
-1.35835836	0.569402150	0.534822258	0.610301870	0.586888922	0.523251495	0.565365327
-1.35135135	0.578675483	0.542736944	0.618619452	0.588570774	0.530984868	0.573064961
-1.34434434	0.588057055	0.550742788	0.626995967	0.590192798	0.538810304	0.580833070
-1.33733734	0.597545354	0.558839119	0.635428773	0.591753805	0.546727219	0.588667975
-1.33033033	0.607138674	0.567025151	0.643915055	0.593252617	0.554734911	0.596567855
-1.32332332	0.616835106	0.575299978	0.652451815	0.594688064	0.562832559	0.604530740
-1.31631632	0.626632524	0.583662565	0.661035866	0.596058990	0.571019208	0.612554504
-1.30930931	0.636528579	0.592111742	0.669663832	0.597364249	0.579293771	0.620636864
-1.30230230	0.646520690	0.600646201	0.678332135	0.598602708	0.587655015	0.628775367
-1.29529530	0.656606030	0.609264484	0.687036997	0.599773251	0.596101561	0.636967394
-1.28828829	0.666781519	0.617964983	0.695774431	0.600874774	0.604631868	0.645210144
-1.28128128	0.677043814	0.626745926	0.704540238	0.601906191	0.613244237	0.653500635
-1.27427427	0.687389297	0.635605374	0.713330000	0.602866434	0.621936794	0.661835699
-1.26726727	0.697814066	0.644541216	0.722139079	0.603754451	0.630707487	0.670211972
-1.26026026	0.708313925	0.653551156	0.730962610	0.604569211	0.639554077	0.678625891
-1.25325325	0.718884372	0.662632709	0.739795497	0.605309705	0.648474132	0.687073689
-1.24624625	0.729520593	0.671783193	0.748632412	0.605974942	0.657465017	0.695551388
-1.23923924	0.740217447	0.680999722	0.757467789	0.606563955	0.666523886	0.704054798
-1.23223223	0.750969461	0.690279196	0.766295822	0.607075802	0.675647676	0.712579507
-1.22522523	0.761770816	0.699618297	0.775110465	0.607509564	0.684833097	0.721120879
-1.21821822	0.772615342	0.709013476	0.783905422	0.607864347	0.694076625	0.729674049
-1.21121121	0.783496508	0.718460950	0.792674156	0.608139285	0.703374492	0.738233920
-1.20420420	0.794407413	0.727956692	0.801409880	0.608333539	0.712722683	0.746795157
-1.19719720	0.805340777	0.737496423	0.810105559	0.608446298	0.722116919	0.755352186
-1.19019019	0.816288936	0.747075603	0.818753910	0.608476782	0.731552660	0.763899188
-1.18318318	0.827243835	0.756689426	0.827347402	0.608424239	0.741025086	0.772430098
-1.17617618	0.838197021	0.766332812	0.835878259	0.608287951	0.750529099	0.780938603
-1.16916917	0.849139638	0.776000395	0.844338458	0.608067231	0.760059311	0.789418139
-1.16216216	0.860062424	0.785686524	0.852719737	0.607761425	0.769610034	0.797861890
-1.15515516	0.870955706	0.795385245	0.861013593	0.607369914	0.779175280	0.806262788
-1.14814815	0.881809399	0.805090305	0.869211290	0.606892114	0.788748748	0.814613512
-1.14114114	0.892613003	0.814795137	0.877303863	0.606327476	0.798323823	0.822906490
-1.13413413	0.903355607	0.824492858	0.885282123	0.605675489	0.807893566	0.831133897
-1.12712713	0.914025884	0.834176260	0.893136664	0.604935677	0.817450709	0.839287661
-1.12012012	0.924612101	0.843837810	0.900857871	0.604107605	0.826987656	0.847359462
-1.11311311	0.935102118	0.853469638	0.908435929	0.603190876	0.836496470	0.855340740
-1.10610611	0.945483395	0.863063534	0.915860833	0.602185132	0.845968878	0.863222694
-1.09909910	0.955743001	0.872610950	0.923122397	0.601090057	0.855396260	0.870996292
-1.09209209	0.965867622	0.882102988	0.930210267	0.599905374	0.864769656	0.878652274
-1.08508509	0.975843573	0.891530402	0.937113934	0.598630849	0.874079759	0.886181161
-1.07807808	0.985656807	0.900883594	0.943822745	0.597266290	0.883316914	0.893573262
-1.07107107	0.995292937	0.910152617	0.950325921	0.595811549	0.892471126	0.900818684
-1.06406406	1.004737246	0.919327167	0.956612573	0.594266518	0.901532053	0.907907342
-1.05705706	1.013974710	0.928396590	0.962671714	0.592631137	0.910489016	0.914828972
-1.05005005	1.022990017	0.937349882	0.968492283	0.590905388	0.919331000	0.921573139
-1.04304304	1.031767594	0.946175688	0.974063160	0.589089297	0.928046662	0.928129256
-1.03603604	1.040291625	0.954862310	0.979373187	0.587182937	0.936624335	0.934486593
-1.02902903	1.048546088	0.963397710	0.984411190	0.585186426	0.945052038	0.940634300
-1.02202202	1.056514776	0.971769515	0.989165997	0.583099927	0.953317486	0.946561414
-1.01501502	1.064181335	0.979965027	0.993626468	0.580923649	0.961408104	0.952256888
-1.00800801	1.071529298	0.987971229	0.997781509	0.578657849	0.969311033	0.957709603
-1.00100100	1.078542116	0.995774795	1.001620105	0.576302827	0.977013153	0.962908388
-0.99399399	1.085203204	1.003362104	1.005131339	0.573858934	0.984501092	0.967842045
-0.98698699	1.091495973	1.010719251	1.008304423	0.571326565	0.991761250	0.972499370
-0.97997998	1.097403880	1.017832063	1.011128719	0.568706161	0.998779815	0.976869174
-0.97297297	1.102910467	1.024686112	1.013593771	0.565998212	1.005542786	0.980940311
-0.96596597	1.107999409	1.031266737	1.015689329	0.563203253	1.012035997	0.984701698
-0.95895896	1.112654561	1.037559064	1.017405378	0.560321868	1.018245139	0.988142346
-0.95195195	1.116860004	1.043548021	1.018732168	0.557354685	1.024155790	0.991251384
-0.94494494	1.120600100	1.049218369	1.019660237	0.554302379	1.029753442	0.994018085
-0.93793794	1.123859538	1.054554721	1.020180448	0.551165674	1.035023534	0.996431896
-0.93093093	1.126623385	1.059541574	1.020284008	0.547945338	1.039951478	0.998482465
-0.92392392	1.128877144	1.064163331	1.019962504	0.544642184	1.044522699	1.000159669
-0.91691692	1.130606800	1.068404338	1.019207926	0.541257073	1.048722665	1.001453646
-0.90990991	1.131798876	1.072248913	1.018012699	0.537790910	1.052536926	1.002354819
-0.90290290	1.132440483	1.075681380	1.016369706	0.534244645	1.055951151	1.002853927
-0.89589590	1.132519373	1.078686106	1.014272319	0.530619273	1.058951167	1.002942057
-0.88888889	1.132023990	1.081247536	1.011714423	0.526915833	1.061523000	1.002610667
-0.88188188	1.130943521	1.083350237	1.008690444	0.523135407	1.063652913	1.001851617
-0.87487487	1.129267941	1.084978935	1.005195371	0.519279121	1.065327451	1.000657199
-0.86786787	1.126988064	1.086118559	1.001224780	0.515348145	1.066533480	0.999020157
-0.86086086	1.124095587	1.086754288	0.996774861	0.511343689	1.067258233	0.996933721
-0.85385385	1.120583133	1.086871591	0.991842436	0.507267005	1.067489349	0.994391629
-0.84684685	1.116444292	1.086456281	0.986424979	0.503119387	1.067214921	0.991388149
-0.83983984	1.111673659	1.085494557	0.980520640	0.498902168	1.066423533	0.987918106
-0.83283283	1.106266872	1.083973060	0.974128261	0.494616721	1.065104306	0.983976902
-0.82582583	1.100220639	1.081878921	0.967247392	0.490264460	1.063246937	0.979560536
-0.81881882	1.093532777	1.079199814	0.959878307	0.485846834	1.060841742	0.974665625
-0.81181181	1.086202226	1.075924009	0.952022021	0.481365331	1.057879695	0.969289420
-0.80480480	1.078229085	1.072040428	0.943680300	0.476821475	1.054352465	0.963429821
-0.79779780	1.069614622	1.067538697	0.934855674	0.472216828	1.050252455	0.957085395
-0.79079079	1.060361292	1.062409202	0.925551447	0.467552985	1.045572835	0.950255383
-0.78378378	1.050472752	1.056643151	0.915771707	0.462831575	1.040307577	0.942939716
-0.77677678	1.039953869	1.050232623	0.905521330	0.458054261	1.034451483	0.935139022
-0.76976977	1.028810725	1.043170630	0.894805991	0.453222740	1.028000220	0.926854632
-0.76276276	1.017050617	1.035451172	0.883632166	0.448338737	1.020950340	0.918088588
-0.75575576	1.004682061	1.027069296	0.872007136	0.443404012	1.013299309	0.908843646
-0.74874875	0.991714781	1.018021154	0.859938989	0.438420350	1.005045526	0.899123278
-0.74174174	0.978159707	1.008304058	0.847436624	0.433389568	0.996188344	0.888931675
-0.73473473	0.964028965	0.997916542	0.834509748	0.428313510	0.986728085	0.878273745
-0.72772773	0.949335861	0.986858411	0.821168879	0.423194046	0.976666056	0.867155111
-0.72072072	0.934094867	0.975130808	0.807425339	0.418033073	0.966004561	0.855582112
-0.71371371	0.918321607	0.962736262	0.793291259	0.412832510	0.954746908	0.843561796
-0.70670671	0.902032836	0.949678744	0.778779568	0.407594303	0.942897420	0.831101919
-0.69969970	0.885246421	0.935963728	0.763903995	0.402320418	0.930461437	0.818210940
-0.69269269	0.867981318	0.921598237	0.748679059	0.397012844	0.917445325	0.804898015
-0.68568569	0.850257554	0.906590902	0.733120069	0.391673589	0.903856475	0.791172997
-0.67867868	0.832096199	0.890952007	0.717243113	0.386304682	0.889703307	0.777046428
-0.67167167	0.813519345	0.874693545	0.701065053	0.380908168	0.874995271	0.762529539
-0.66466466	0.794550085	0.857829263	0.684603518	0.375486111	0.859742849	0.747634250
-0.65765766	0.775212484	0.840374710	0.667876891	0.370040590	0.843957558	0.732373163
-0.65065065	0.755531563	0.822347280	0.650904308	0.364573697	0.827651955	0.716759570
-0.64364364	0.735533266	0.803766254	0.633705638	0.359087541	0.810839639	0.700807452
-0.63663664	0.715244446	0.784652839	0.616301477	0.353584241	0.793535262	0.684531488
-0.62962963	0.694692836	0.765030205	0.598713135	0.348065928	0.775754540	0.667947060
-0.62262262	0.673907027	0.744923511	0.580962618	0.342534741	0.757514265	0.651070265
-0.61561562	0.652916447	0.724359940	0.563072613	0.336992830	0.738832329	0.633917927
-0.60860861	0.631751332	0.703368713	0.545066473	0.331442351	0.719727746	0.616507618
-0.60160160	0.610442704	0.681981109	0.526968190	0.325885466	0.700220683	0.598857674
-0.59459459	0.589022344	0.660230473	0.508802374	0.320324344	0.680332497	0.580987219
-0.58758759	0.567522762	0.638152213	0.490594229	0.314761153	0.660085781	0.562916196
-0.58058058	0.545977166	0.615783797	0.472369515	0.309198069	0.639504412	0.544665390
-0.57357357	0.524419424	0.593164729	0.454154521	0.303637263	0.618613613	0.526256467
-0.56656657	0.502884027	0.570336520	0.435976017	0.298080909	0.597440020	0.507712006
-0.55955956	0.481406041	0.547342643	0.417861216	0.292531179	0.576011757	0.489055537
-0.55255255	0.460021054	0.524228475	0.399837719	0.286990241	0.554358517	0.470311581
-0.54554555	0.438765115	0.501041218	0.381933460	0.281460257	0.532511654	0.451505688
-0.53853854	0.417674667	0.477829805	0.364176639	0.275943385	0.510504277	0.432664475
-0.53153153	0.396786459	0.454644783	0.346595650	0.270441775	0.488371348	0.413815665
-0.52452452	0.376137463	0.431538175	0.329219003	0.264957566	0.466149786	0.394988121
-0.51751752	0.355764759	0.408563317	0.312075235	0.259492888	0.443878567	0.376211870
-0.51051051	0.335705421	0.385774664	0.295192809	0.254049860	0.421598825	0.357518127
-0.50350350	0.315996377	0.363227571	0.278600008	0.248630585	0.399353935	0.338939307
-0.49649650	0.296674260	0.340978042	0.262324817	0.243237153	0.377189599	0.320509018
-0.48948949	0.277775236	0.319082447	0.246394795	0.237871635	0.355153897	0.302262050
-0.48248248	0.259334814	0.297597200	0.230836939	0.232536085	0.333297322	0.284234331
-0.47547548	0.241387644	0.276578408	0.215677534	0.227232538	0.311672777	0.266462873
-0.46846847	0.223967290	0.256081482	0.200941998	0.221963006	0.290335533	0.248985680
-0.46146146	0.207105988	0.236160708	0.186654712	0.216729479	0.269343122	0.231841633
-0.45445445	0.190834388	0.216868788	0.172838851	0.211533920	0.248755177	0.215070330
-0.44744745	0.175181281	0.198256345	0.159516198	0.206378268	0.228633184	0.198711894
-0.44044044	0.160173313	0.180371399	0.146706958	0.201264433	0.209040147	0.182806731
-0.43343343	0.145834691	0.163258817	0.134429571	0.196194294	0.190040141	0.167395238
-0.42642643	0.132186882	0.146959736	0.122700514	0.191169699	0.171697753	0.152517458
-0.41941942	0.119248312	0.131510982	0.111534114	0.186192464	0.154077377	0.138212682
-0.41241241	0.107034073	0.116944475	0.100942357	0.181264369	0.137242378	0.124518981
-0.40540541	0.095555636	0.103286650	0.090934711	0.176387156	0.121254090	0.111472692
-0.39839840	0.084820584	0.090557885	0.081517955	0.171562531	0.106170661	0.099107833
-0.39139139	0.074832377	0.078771977	0.072696023	0.166792157	0.092045740	0.087455472
-0.38438438	0.065590143	0.067935659	0.064469873	0.162077657	0.078927015	0.076543036
-0.37737738	0.057088521	0.058048192	0.056837371	0.157420609	0.066854626	0.066393595
-0.37037037	0.049317550	0.049101050	0.049793209	0.152822548	0.055859488	0.057025103
-0.36336336	0.042262628	0.041077721	0.043328862	0.148284959	0.045961569	0.048449650
-0.35635636	0.035904535	0.033953637	0.037432568	0.143809279	0.037168208	0.040672724
-0.34934935	0.030219537	0.027696276	0.032089368	0.139396895	0.029472547	0.033692524
-0.34234234	0.025179581	0.022265439	0.027281181	0.135049142	0.022852217	0.027499358
-0.33533534	0.020752572	0.017613728	0.022986937	0.130767300	0.017268405	0.022075175
-0.32832833	0.016902750	0.013687242	0.019182762	0.126552595	0.012665474	0.017393275
-0.32132132	0.013591159	0.010426490	0.015842213	0.122406195	0.008971314	0.013418247
-0.31431431	0.010776202	0.007767536	0.012936576	0.118329211	0.006098602	0.010106201
-0.30730731	0.008414283	0.005643332	0.010435216	0.114322691	0.003947123	0.007405335
-0.30030030	0.006460518	0.003985248	0.008305974	0.110387626	0.002407270	0.005256890
-0.29329329	0.004869497	0.002724721	0.006515615	0.106524940	0.001364691	0.003596525
-0.28628629	0.003596082	0.001794979	0.005030310	0.102735495	0.000705936	0.002356112
-0.27927928	0.002596210	0.001132750	0.003816147	0.099020087	0.000324682	0.001465925
-0.27227227	0.001827676	0.000679855	0.002839654	0.095379447	0.000127862	0.000857141
-0.26526527	0.001250857	0.000384577	0.002068324	0.091814236	0.000040703	0.000464516
-0.25825826	0.000829354	0.000202693	0.001471118	0.088325047	0.000009539	0.000229008
-0.25125125	0.000530507	0.000098062	0.001018934	0.084912405	0.000001394	0.000100081
-0.24424424	0.000325767	0.000042693	0.000685018	0.081576763	0.000000091	0.000037353
-0.23723724	0.000190895	0.000016281	0.000445295	0.078318502	0.000000001	0.000011257
-0.23023023	0.000105971	0.000005236	0.000278610	0.075137933	0.000000000	0.000002504
-0.22322322	0.000055232	0.000001343	0.000166864	0.072035293	0.000000000	0.000000352
-0.21621622	0.000026726	0.000000252	0.000095027	0.069010747	0.000000000	0.000000023
-0.20920921	0.000011836	0.000000030	0.000051036	0.066064386	0.000000000	0.000000000
-0.20220220	0.000004709	0.000000002	0.000025587	0.063196228	0.000000000	0.000000000
-0.19519520	0.000001643	0.000000000	0.000011821	0.060406218	0.000000000	0.000000000
-0.18818819	0.000000486	0.000000000	0.000004949	0.057694225	0.000000000	0.000000000
-0.18118118	0.000000116	0.000000000	0.000001837	0.055060049	0.000000000	0.000000000
-0.17417417	0.000000021	0.000000000	0.000000587	0.052503412	0.000000000	0.000000000
-0.16716717	0.000000003	0.000000000	0.000000155	0.050023967	0.000000000	0.000000000
-0.16016016	0.000000000	0.000000000	0.000000032	0.047621294	0.000000000	0.000000000
-0.15315315	0.000000000	0.000000000	0.000000005	0.045294901	0.000000000	0.000000000
-0.14614615	0.000000000	0.000000000	0.000000000	0.043044228	0.000000000	0.000000000
-0.13913914	0.000000000	0.000000000	0.000000000	0.040868642	0.000000000	0.000000000
-0.13213213	0.000000000	0.000000000	0.000000000	0.038767444	0.000000000	0.000000000
-0.12512513	0.000000000	0.000000000	0.000000000	0.036739869	0.000000000	0.000000000
-0.11811812	0.000000000	0.000000000	0.000000000	0.034785086	0.000000000	0.000000000
-0.11111111	0.000000000	0.000000000	0.000000000	0.032902199	0.000000000	0.000000000
-0.10410410	0.000000000	0.000000000	0.000000000	0.031090251	0.000000000	0.000000000
-0.09709710	0.000000000	0.000000000	0.000000000	0.029348226	0.000000000	0.000000000
-0.09009009	0.000000000	0.000000000	0.000000000	0.027675049	0.000000000	0.000000000
-0.08308308	0.000000000	0.000000000	0.000000000	0.026069589	0.000000000	0.000000000
-0.07607608	0.000000000	0.000000000	0.000000000	0.024530662	0.000000000	0.000000000
-0.06906907	0.000000000	0.000000000	0.000000000	0.023057034	0.000000000	0.000000000
-0.06206206	0.000000000	0.000000000	0.000000000	0.021647421	0.000000000	0.000000000
-0.05505506	0.000000000	0.000000000	0.000000000	0.020300495	0.000000000	0.000000000
-0.04804805	0.000000000	0.000000000	0.000000000	0.019014884	0.000000000	0.000000000
-0.04104104	0.000000000	0.000000000	0.000000000	0.017789177	0.000000000	0.000000000
-0.03403403	0.000000000	0.000000000	0.000000000	0.016621926	0.000000000	0.000000000
-0.02702703	0.000000000	0.000000000	0.000000000	0.015511650	0.000000000	0.000000000
-0.02002002	0.000000000	0.000000000	0.000000000	0.014456836	0.000000000	0.000000000
-0.01301301	0.000000000	0.000000000	0.000000000	0.013455945	0.000000000	0.000000000
-0.00600601	0.000000000	0.000000000	0.000000000	0.012507414	0.000000000	0.000000000
0.00100100	0.000000000	0.000000000	0.000000000	0.011609661	0.000000000	0.000000000
0.00800801	0.000000000	0.000000000	0.000000000	0.010761084	0.000000000	0.000000000
0.01501502	0.000000000	0.000000000	0.000000000	0.009960070	0.000000000	0.000000000
0.02202202	0.000000000	0.000000000	0.000000000	0.009204995	0.000000000	0.000000000
0.02902903	0.000000000	0.000000000	0.000000000	0.008494230	0.000000000	0.000000000
0.03603604	0.000000000	0.000000000	0.000000000	0.007826140	0.000000000	0.000000000
0.04304304	0.000000000	0.000000000	0.000000000	0.007199094	0.000000000	0.000000000
0.05005005	0.000000000	0.000000000	0.000000000	0.006611461	0.000000000	0.000000000
0.05705706	0.000000000	0.000000000	0.000000000	0.006061621	0.000000000	0.000000000
0.06406406	0.000000000	0.000000000	0.000000000	0.005547962	0.000000000	0.000000000
0.07107107	0.000000000	0.000000000	0.000000000	0.005068887	0.000000000	0.000000000
0.07807808	0.000000000	0.000000000	0.000000000	0.004622815	0.000000000	0.000000000
0.08508509	0.000000000	0.000000000	0.000000000	0.004208187	0.000000000	0.000000000
0.09209209	0.000000000	0.000000000	0.000000000	0.003823463	0.000000000	0.000000000
0.09909910	0.000000000	0.000000000	0.000000000	0.003467134	0.000000000	0.000000000
0.10610611	0.000000000	0.000000000	0.000000000	0.003137715	0.000000000	0.000000000
0.11311311	0.000000000	0.000000000	0.000000000	0.002833755	0.000000000	0.000000000
0.12012012	0.000000000	0.000000000	0.000000000	0.002553833	0.000000000	0.000000000
0.12712713	0.000000000	0.000000000	0.000000000	0.002296568	0.000000000	0.000000000
0.13413413	0.000000000	0.000000000	0.000000000	0.002060613	0.000000000	0.000000000
0.14114114	0.000000000	0.000000000	0.000000000	0.001844663	0.000000000	0.000000000
0.14814815	0.000000000	0.000000000	0.000000000	0.001647452	0.000000000	0.000000000
0.15515516	0.000000000	0.000000000	0.000000000	0.001467758	0.000000000	0.000000000
0.16216216	0.000000000	0.000000000	0.000000000	0.001304403	0.000000000	0.000000000
0.16916917	0.000000000	0.000000000	0.000000000	0.001156254	0.000000000	0.000000000
0.17617618	0.000000000	0.000000000	0.000000000	0.001022223	0.000000000	0.000000000
0.18318318	0.000000000	0.000000000	0.000000000	0.000901271	0.000000000	0.000000000
0.19019019	0.000000000	0.000000000	0.000000000	0.000792404	0.000000000	0.000000000
0.19719720	0.000000000	0.000000000	0.000000000	0.000694676	0.000000000	0.000000000
0.20420420	0.000000000	0.000000000	0.000000000	0.000607189	0.000000000	0.000000000
0.21121121	0.000000000	0.000000000	0.000000000	0.000529092	0.000000000	0.000000000
0.21821822	0.000000000	0.000000000	0.000000000	0.000459580	0.000000000	0.000000000
0.22522523	0.000000000	0.000000000	0.000000000	0.000397897	0.000000000	0.000000000
0.23223223	0.000000000	0.000000000	0.000000000	0.000343333	0.000000000	0.000000000
0.23923924	0.000000000	0.000000000	0.000000000	0.000295219	0.000000000	0.000000000
0.24624625	0.000000000	0.000000000	0.000000000	0.000252936	0.000000000	0.000000000
0.25325325	0.000000000	0.000000000	0.000000000	0.000215903	0.000000000	0.000000000
0.26026026	0.000000000	0.000000000	0.000000000	0.000183585	0.000000000	0.000000000
0.26726727	0.000000000	0.000000000	0.000000000	0.000155484	0.000000000	0.000000000
0.27427427	0.000000000	0.000000000	0.000000000	0.000131143	0.000000000	0.000000000
0.28128128	0.000000000	0.000000000	0.000000000	0.000110142	0.000000000	0.000000000
0.28828829	0.000000000	0.000000000	0.000000000	0.000092096	0.000000000	0.000000000
0.29529530	0.000000000	0.000000000	0.000000000	0.000076655	0.000000000	0.000000000
0.30230230	0.000000000	0.000000000	0.000000000	0.000063501	0.000000000	0.000000000
0.30930931	0.000000000	0.000000000	0.000000000	0.000052346	0.000000000	0.000000000
0.31631632	0.000000000	0.000000000	0.000000000	0.000042930	0.000000000	0.000000000
0.32332332	0.000000000	0.000000000	0.000000000	0.000035022	0.000000000	0.000000000
0.33033033	0.000000000	0.000000000	0.000000000	0.000028413	0.000000000	0.000000000
0.33733734	0.000000000	0.000000000	0.000000000	0.000022920	0.000000000	0.000000000
0.34434434	0.000000000	0.000000000	0.000000000	0.000018379	0.000000000	0.000000000
0.35135135	0.000000000	0.000000000	0.000000000	0.000014646	0.000000000	0.000000000
0.35835836	0.000000000	0.000000000	0.000000000	0.000011597	0.000000000	0.000000000
0.36536537	0.000000000	0.000000000	0.000000000	0.000009120	0.000000000	0.000000000
0.37237237	0.000000000	0.000000000	0.000000000	0.000007122	0.000000000	0.000000000
0.37937938	0.000000000	0.000000000	0.000000000	0.000005522	0.000000000	0.000000000
0.38638639	0.000000000	0.000000000	0.000000000	0.000004248	0.000000000	0.000000000
0.39339339	0.000000000	0.000000000	0.000000000	0.000003242	0.000000000	0.000000000
0.40040040	0.000000000	0.000000000	0.000000000	0.000002454	0.000000000	0.000000000
0.40740741	0.000000000	0.000000000	0.000000000	0.000001841	0.000000000	0.000000000
0.41441441	0.000000000	0.000000000	0.000000000	0.000001368	0.000000000	0.000000000
0.42142142	0.000000000	0.000000000	0.000000000	0.000001007	0.000000000	0.000000000
0.42842843	0.000000000	0.000000000	0.000000000	0.000000734	0.000000000	0.000000000
0.43543544	0.000000000	0.000000000	0.000000000	0.000000529	0.000000000	0.000000000
0.44244244	0.000000000	0.000000000	0.000000000	0.000000378	0.000000000	0.000000000
0.44944945	0.000000000	0.000000000	0.000000000	0.000000266	0.000000000	0.000000000
0.45645646	0.000000000	0.000000000	0.000000000	0.000000185	0.000000000	0.000000000
0.46346346	0.000000000	0.000000000	0.000000000	0.000000127	0.000000000	0.000000000
0.47047047	0.000000000	0.000000000	0.000000000	0.000000086	0.000000000	0.000000000
0.47747748	0.000000000	0.000000000	0.000000000	0.000000058	0.000000000	0.000000000
0.48448448	0.000000000	0.000000000	0.000000000	0.000000038	0.000000000	0.000000000
0.49149149	0.000000000	0.000000000	0.000000000	0.000000024	0.000000000	0.000000000
0.49849850	0.000000000	0.000000000	0.000000000	0.000000016	0.000000000	0.000000000
0.50550551	0.000000000	0.000000000	0.000000000	0.000000010	0.000000000	0.000000000
0.51251251	0.000000000	0.000000000	0.000000000	0.000000006	0.000000000	0.000000000
0.51951952	0.000000000	0.000000000	0.000000000	0.000000004	0.000000000	0.000000000
0.52652653	0.000000000	0.000000000	0.000000000	0.000000002	0.000000000	0.000000000
0.53353353	0.000000000	0.000000000	0.000000000	0.000000001	0.000000000	0.000000000
0.54054054	0.000000000	0.000000000	0.000000000	0.000000001	0.000000000	0.000000000
0.54754755	0.000000000	0.000000000	0.000000000	0.000000000	0.000000000	0.000000000
0.55455455	0.000000000	0.000000000	0.000000000	0.000000000	0.000000000	0.000000000
0.56156156	0.000000000	0.000000000	0.000000000	0.000000000	0.000000000	0.000000000
0.56856857	0.000000000	0.000000000	0.000000000	0.000000000	0.000000000	0.000000000
0.57557558	0.000000000	0.000000000	0.000000000	0.000000000	0.000000000	0.000000000
0.58258258	0.000000000	0.000000000	0.000000000	0.000000000	0.000000000	0.000000000
0.58958959	0.000000000	0.000000000	0.000000000	0.000000000	0.000000000	0.000000000
0.59659660	0.000000000	0.000000000	0.000000000	0.000000000	0.000000000	0.000000000
0.60360360	0.000000000	0.000000000	0.000000000	0.000000000	0.000000000	0.000000000
0.61061061	0.000000000	0.000000000	0.000000000	0.000000000	0.000000000	0.000000000
0.61761762	0.000000000	0.000000000	0.000000000	0.000000000	0.000000000	0.000000000
0.62462462	0.000000000	0.000000000	0.000000000	0.000000000	0.000000000	0.000000000
0.63163163	0.000000000	0.000000000	0.000000000	0.000000000	0.000000000	0.000000000
0.63863864	0.000000000	0.000000000	0.000000000	0.000000000	0.000000000	0.000000000
0.64564565	0.000000000	0.000000000	0.000000000	0.000000000	0.000000000	0.000000000
0.65265265	0.000000000	0.000000000	0.000000000	0.000000000	0.000000000	0.000000000
0.65965966	0.000000000	0.000000000	0.000000000	0.000000000	0.000000000	0.000000000
0.66666667	0.000000000	0.000000000	0.000000000	0.000000000	0.000000000	0.000000000
0.67367367	0.000000000	0.000000000	0.000000000	0.000000000	0.000000000	0.000000000
0.68068068	0.000000000	0.000000000	0.000000000	0.000000000	0.000000000	0.000000000
0.68768769	0.000000000	0.000000000	0.000000000	0.000000000	0.000000000	0.000000000
0.69469469	0.000000000	0.000000000	0.000000000	0.000000000	0.000000000	0.000000000
0.70170170	0.000000000	0.000000000	0.000000000	0.000000000	0.000000000	0.000000000
0.70870871	0.000000000	0.000000000	0.000000000	0.000000000	0.000000000	0.000000000
0.71571572	0.000000000	0.000000000	0.000000000	0.000000000	0.000000000	0.000000000
0.72272272	0.000000000	0.000000000	0.000000000	0.000000000	0.000000000	0.000000000
0.72972973	0.000000000	0.000000000	0.000000000	0.000000000	0.000000000	0.000000000
0.73673674	0.000000000	0.000000000	0.000000000	0.000000000	0.000000000	0.000000000
0.74374374	0.000000000	0.000000000	0.000000000	0.000000000	0.000000000	0.000000000
0.75075075	0.000000000	0.000000000	0.000000000	0.000000000	0.000000000	0.000000000
0.75775776	0.000000000	0.000000000	0.000000000	0.000000000	0.000000000	0.000000000
0.76476476	0.000000000	0.000000000	0.000000000	0.000000000	0.000000000	0.000000000
0.77177177	0.000000000	0.000000000	0.000000000	0.000000000	0.000000000	0.000000000
0.77877878	0.000000000	0.000000000	0.000000000	0.000000000	0.000000000	0.000000000
0.78578579	0.000000000	0.000000000	0.000000000	0.000000000	0.000000000	0.000000000
0.79279279	0.000000000	0.000000000	0.000000000	0.000000000	0.000000000	0.000000000
0.79979980	0.000000000	0.000000000	0.000000000	0.000000000	0.000000000	0.000000000
0.80680681	0.000000000	0.000000000	0.000000000	0.000000000	0.000000000	0.000000000
0.81381381	0.000000000	0.000000000	0.000000000	0.000000000	0.000000000	0.000000000
0.82082082	0.000000000	0.000000000	0.000000000	0.000000000	0.000000000	0.000000000
0.82782783	0.000000000	0.000000000	0.000000000	0.000000000	0.000000000	0.000000000
0.83483483	0.000000000	0.000000000	0.000000000	0.000000000	0.000000000	0.000000000
0.84184184	0.000000000	0.000000000	0.000000000	0.000000000	0.000000000	0.000000000
0.84884885	0.000000000	0.000000000	0.000000000	0.000000000	0.000000000	0.000000000
0.85585586	0.000000000	0.000000000	0.000000000	0.000000000	0.000000000	0.000000000
0.86286286	0.000000000	0.000000000	0.000000000	0.000000000	0.000000000	0.000000000
0.86986987	0.000000000	0.000000000	0.000000000	0.000000000	0.000000000	0.000000000
0.87687688	0.000000000	0.000000000	0.000000000	0.000000000	0.000000000	0.000000000
0.88388388	0.000000000	0.000000000	0.000000000	0.000000000	0.000000000	0.000000000
0.89089089	0.000000000	0.000000000	0.000000000	0.000000000	0.000000000	0.000000000
0.89789790	0.000000000	0.000000000	0.000000000	0.000000000	0.000000000	0.000000000
0.90490490	0.000000000	0.000000000	0.000000000	0.000000000	0.000000000	0.000000000
0.91191191	0.000000000	0.000000000	0.000000000	0.000000000	0.000000000	0.000000000
0.91891892	0.000000000	0.000000000	0.000000000	0.000000000	0.000000000	0.000000000
0.92592593	0.000000000	0.000000000	0.000000000	0.000000000	0.000000000	0.000000000
0.93293293	0.000000000	0.000000000	0.000000000	0.000000000	0.000000000	0.000000000
0.93993994	0.000000000	0.000000000	0.000000000	0.000000000	0.000000000	0.000000000
0.94694695	0.000000000	0.000000000	0.000000000	0.000000000	0.000000000	0.000000000
0.95395395	0.000000000	0.000000000	0.000000000	0.000000000	0.000000000	0.000000000
0.96096096	0.000000000	0.000000000	0.000000000	0.000000000	0.000000000	0.000000000
0.96796797	0.000000000	0.000000000	0.000000000	0.000000000	0.000000000	0.000000000
0.97497497	0.000000000	0.000000000	0.000000000	0.000000000	0.000000000	0.000000000
0.98198198	0.000000000	0.000000000	0.000000000	0.000000000	0.000000000	0.000000000
0.98898899	0.000000000	0.000000000	0.000000000	0.000000000	0.000000000	0.000000000
0.99599600	0.000000000	0.000000000	0.000000000	0.000000000	0.000000000	0.000000000
1.00300300	0.000000000	0.000000000	0.000000000	0.000000000	0.000000000	0.000000000
1.01001001	0.000000000	0.000000000	0.000000000	0.000000000	0.000000000	0.000000000
1.01701702	0.000000000	0.000000000	0.000000000	0.000000000	0.000000000	0.000000000
1.02402402	0.000000000	0.000000000	0.000000000	0.000000000	0.000000000	0.000000000
1.03103103	0.000000000	0.000000000	0.000000000	0.000000000	0.000000000	0.000000000
1.03803804	0.000000000	0.000000000	0.000000000	0.000000000	0.000000000	0.000000000
1.04504505	0.000000000	0.000000000	0.000000000	0.000000000	0.000000000	0.000000000
1.05205205	0.000000000	0.000000000	0.000000000	0.000000000	0.000000000	0.000000000
1.05905906	0.000000000	0.000000000	0.000000000	0.000000000	0.000000000	0.000000000
1.06606607	0.000000000	0.000000000	0.000000000	0.000000000	0.000000000	0.000000000
1.07307307	0.000000000	0.000000000	0.000000000	0.000000000	0.000000000	0.000000000
1.08008008	0.000000000	0.000000000	0.000000000	0.000000000	0.000000000	0.000000000
1.08708709	0.000000000	0.000000000	0.000000000	0.000000000	0.000000000	0.000000000
1.09409409	0.000000000	0.000000000	0.000000000	0.000000000	0.000000000	0.000000000
1.10110110	0.000000000	0.000000000	0.000000000	0.000000000	0.000000000	0.000000000
1.10810811	0.000000000	0.000000000	0.000000000	0.000000000	0.000000000	0.000000000
1.11511512	0.000000000	0.000000000	0.000000000	0.000000000	0.000000000	0.000000000
1.12212212	0.000000000	0.000000000	0.000000000	0.000000000	0.000000000	0.000000000
1.12912913	0.000000000	0.000000000	0.000000000	0.000000000	0.000000000	0.000000000
1.13613614	0.000000000	0.000000000	0.000000000	0.000000000	0.000000000	0.000000000
1.14314314	0.000000000	0.000000000	0.000000000	0.000000000	0.000000000	0.000000000
1.15015015	0.000000000	0.000000000	0.000000000	0.000000000	0.000000000	0.000000000
1.15715716	0.000000000	0.000000000	0.000000000	0.000000000	0.000000000	0.000000000
1.16416416	0.000000000	0.000000000	0.000000000	0.000000000	0.000000000	0.000000000
1.17117117	0.000000000	0.000000000	0.000000000	0.000000000	0.000000000	0.000000000
1.17817818	0.000000000	0.000000000	0.000000000	0.000000000	0.000000000	0.000000000
1.18518519	0.000000000	0.000000000	0.000000000	0.000000000	0.000000000	0.000000000
1.19219219	0.000000000	0.000000000	0.000000000	0.000000000	0.000000000	0.000000000
1.19919920	0.000000000	0.000000000	0.000000000	0.000000000	0.000000000	0.000000000
1.20620621	0.000000000	0.000000000	0.000000000	0.000000000	0.000000000	0.000000000
1.21321321	0.000000000	0.000000000	0.000000000	0.000000000	0.000000000	0.000000000
1.22022022	0.000000000	0.000000000	0.000000000	0.000000000	0.000000000	0.000000000
1.22722723	0.000000000	0.000000000	0.000000000	0.000000000	0.000000000	0.000000000
1.23423423	0.000000000	0.000000000	0.000000000	0.000000000	0.000000000	0.000000000
1.24124124	0.000000000	0.000000000	0.000000000	0.000000000	0.000000000	0.000000000
1.24824825	0.000000000	0.000000000	0.000000000	0.000000000	0.000000000	0.000000000
1.25525526	0.000000000	0.000000000	0.000000000	0.000000000	0.000000000	0.000000000
1.26226226	0.000000000	0.000000000	0.000000000	0.000000000	0.000000000	0.000000000
1.26926927	0.000000000	0.000000000	0.000000000	0.000000000	0.000000000	0.000000000
1.27627628	0.000000000	0.000000000	0.000000000	0.000000000	0.000000000	0.000000000
1.28328328	0.000000000	0.000000000	0.000000000	0.000000000	0.000000000	0.000000000
1.29029029	0.000000000	0.000000000	0.000000000	0.000000000	0.000000000	0.000000000
1.29729730	0.000000000	0.000000000	0.000000000	0.000000000	0.000000000	0.000000000
1.30430430	0.000000000	0.000000000	0.000000000	0.000000000	0.000000000	0.000000000
1.31131131	0.000000000	0.000000000	0.000000000	0.000000000	0.000000000	0.000000000
1.31831832	0.000000000	0.000000000	0.000000000	0.000000000	0.000000000	0.000000000
1.32532533	0.000000000	0.000000000	0.000000000	0.000000000	0.000000000	0.000000000
1.33233233	0.000000000	0.000000000	0.000000000	0.000000000	0.000000000	0.000000000
1.33933934	0.000000000	0.000000000	0.000000000	0.000000000	0.000000000	0.000000000
1.34634635	0.000000000	0.000000000	0.000000000	0.000000000	0.000000000	0.000000000
1.35335335	0.000000000	0.000000000	0.000000000	0.000000000	0.000000000	0.000000000
1.36036036	0.000000000	0.000000000	0.000000000	0.000000000	0.000000000	0.000000000
1.36736737	0.000000000	0.000000000	0.000000000	0.000000000	0.000000000	0.000000000
1.37437437	0.000000000	0.000000000	0.000000000	0.000000000	0.000000000	0.000000000
1.38138138	0.000000000	0.000000000	0.000000000	0.000000000	0.000000000	0.000000000
1.38838839	0.000000000	0.000000000	0.000000000	0.000000000	0.000000000	0.000000000
1.39539540	0.000000000	0.000000000	0.000000000	0.000000000	0.000000000	0.000000000
1.40240240	0.000000000	0.000000000	0.000000000	0.000000000	0.000000000	0.000000000
1.40940941	0.000000000	0.000000000	0.000000000	0.000000000	0.000000000	0.000000000
1.41641642	0.000000000	0.000000000	0.000000000	0.000000000	0.000000000	0.000000000
1.42342342	0.000000000	0.000000000	0.000000000	0.000000000	0.000000000	0.000000000
1.43043043	0.000000000	0.000000000	0.000000000	0.000000000	0.000000000	0.000000000
1.43743744	0.000000000	0.000000000	0.000000000	0.000000000	0.000000000	0.000000000
1.44444444	0.000000000	0.000000000	0.000000000	0.000000000	0.000000000	0.000000000
1.45145145	0.000000000	0.000000000	0.000000000	0.000000000	0.000000000	0.000000000
1.45845846	0.000000000	0.000000000	0.000000000	0.000000000	0.000000000	0.000000000
1.46546547	0.000000000	0.000000000	0.000000000	0.000000000	0.000000000	0.000000000
1.47247247	0.000000000	0.000000000	0.000000000	0.000000000	0.000000000	0.000000000
1.47947948	0.000000000	0.000000000	0.000000000	0.000000000	0.000000000	0.000000000
1.48648649	0.000000000	0.000000000	0.000000000	0.000000000	0.000000000	0.000000000
1.49349349	0.000000000	0.000000000	0.000000000	0.000000000	0.000000000	0.000000000
1.50050050	0.000000000	0.000000000	0.000000000	0.000000000	0.000000000	0.000000000
1.50750751	0.000000000	0.000000000	0.000000000	0.000000000	0.000000000	0.000000000
1.51451451	0.000000000	0.000000000	0.000000000	0.000000000	0.000000000	0.000000000
1.52152152	0.000000000	0.000000000	0.000000000	0.000000000	0.000000000	0.000000000
1.52852853	0.000000000	0.000000000	0.000000000	0.000000000	0.000000000	0.000000000
1.53553554	0.000000000	0.000000000	0.000000000	0.000000000	0.000000000	0.000000000
1.54254254	0.000000000	0.000000000	0.000000000	0.000000000	0.000000000	0.000000000
1.54954955	0.000000000	0.000000000	0.000000000	0.000000000	0.000000000	0.000000000
1.55655656	0.000000000	0.000000000	0.000000000	0.000000000	0.000000000	0.000000000
1.56356356	0.000000000	0.000000000	0.000000000	0.000000000	0.000000000	0.000000000
1.57057057	0.000000000	0.000000000	0.000000000	0.000000000	0.000000000	0.000000000
1.57757758	0.000000000	0.000000000	0.000000000	0.000000000	0.000000000	0.000000000
1.58458458	0.000000000	0.000000000	0.000000000	0.000000000	0.000000000	0.000000000
1.59159159	0.000000000	0.000000000	0.000000000	0.000000000	0.000000000	0.000000000
1.59859860	0.000000000	0.000000000	0.000000000	0.000000000	0.000000000	0.000000000
1.60560561	0.000000000	0.000000000	0.000000000	0.000000000	0.000000000	0.000000000
1.61261261	0.000000000	0.000000000	0.000000000	0.000000000	0.000000000	0.000000000
1.61961962	0.000000000	0.000000000	0.000000000	0.000000000	0.000000000	0.000000000
1.62662663	0.000000000	0.000000000	0.000000000	0.000000000	0.000000000	0.000000000
1.63363363	0.000000000	0.000000000	0.000000000	0.000000000	0.000000000	0.000000000
1.64064064	0.000000000	0.000000000	0.000000000	0.000000000	0.000000000	0.000000000
1.64764765	0.000000000	0.000000000	0.000000000	0.000000000	0.000000000	0.000000000
1.65465465	0.000000000	0.000000000	0.000000000	0.000000000	0.000000000	0.000000000
1.66166166	0.000000000	0.000000000	0.000000000	0.000000000	0.000000000	0.000000000
1.66866867	0.000000000	0.000000000	0.000000000	0.000000000	0.000000000	0.000000000
1.67567568	0.000000000	0.000000000	0.000000000	0.000000000	0.000000000	0.000000000
1.68268268	0.000000000	0.000000000	0.000000000	0.000000000	0.000000000	0.000000000
1.68968969	0.000000000	0.000000000	0.000000000	0.000000000	0.000000000	0.000000000
1.69669670	0.000000000	0.000000000	0.000000000	0.000000000	0.000000000	0.000000000
1.70370370	0.000000000	0.000000000	0.000000000	0.000000000	0.000000000	0.000000000
1.71071071	0.000000000	0.000000000	0.000000000	0.000000000	0.000000000	0.000000000
1.71771772	0.000000000	0.000000000	0.000000000	0.000000000	0.000000000	0.000000000
1.72472472	0.000000000	0.000000000	0.000000000	0.000000000	0.000000000	0.000000000
1.73173173	0.000000000	0.000000000	0.000000000	0.000000000	0.000000000	0.000000000
1.73873874	0.000000000	0.000000000	0.000000000	0.000000000	0.000000000	0.000000000
1.74574575	0.000000000	0.000000000	0.000000000	0.000000000	0.000000000	0.000000000
1.75275275	0.000000000	0.000000000	0.000000000	0.000000000	0.000000000	0.000000000
1.75975976	0.000000000	0.000000000	0.000000000	0.000000000	0.000000000	0.000000000
1.76676677	0.000000000	0.000000000	0.000000000	0.000000000	0.000000000	0.000000000
1.77377377	0.000000000	0.000000000	0.000000000	0.000000000	0.000000000	0.000000000
1.78078078	0.000000000	0.000000000	0.000000000	0.000000000	0.000000000	0.000000000
1.78778779	0.000000000	0.000000000	0.000000000	0.000000000	0.000000000	0.000000000
1.79479479	0.000000000	0.000000000	0.000000000	0.000000000	0.000000000	0.000000000
1.80180180	0.000000000	0.000000000	0.000000000	0.000000000	0.000000000	0.000000000
1.80880881	0.000000000	0.000000000	0.000000000	0.000000000	0.000000000	0.000000000
1.81581582	0.000000000	0.000000000	0.000000000	0.000000000	0.000000000	0.000000000
1.82282282	0.000000000	0.000000000	0.000000000	0.000000000	0.000000000	0.000000000
1.82982983	0.000000000	0.000000000	0.000000000	0.000000000	0.000000000	0.000000000
1.83683684	0.000000000	0.000000000	0.000000000	0.000000000	0.000000000	0.000000000
1.84384384	0.000000000	0.000000000	0.000000000	0.000000000	0.000000000	0.000000000
1.85085085	0.000000000	0.000000000	0.000000000	0.000000000	0.000000000	0.000000000
1.85785786	0.000000000	0.000000000	0.000000000	0.000000000	0.000000000	0.000000000
1.86486486	0.000000000	0.000000000	0.000000000	0.000000000	0.000000000	0.000000000
1.87187187	0.000000000	0.000000000	0.000000000	0.000000000	0.000000000	0.000000000
1.87887888	0.000000000	0.000000000	0.000000000	0.000000000	0.000000000	0.000000000
1.88588589	0.000000000	0.000000000	0.000000000	0.000000000	0.000000000	0.000000000
1.89289289	0.000000000	0.000000000	0.000000000	0.000000000	0.000000000	0.000000000
1.89989990	0.000000000	0.000000000	0.000000000	0.000000000	0.000000000	0.000000000
1.90690691	0.000000000	0.000000000	0.000000000	0.000000000	0.000000000	0.000000000
1.91391391	0.000000000	0.000000000	0.000000000	0.000000000	0.000000000	0.000000000
1.92092092	0.000000000	0.000000000	0.000000000	0.000000000	0.000000000	0.000000000
1.92792793	0.000000000	0.000000000	0.000000000	0.000000000	0.000000000	0.000000000
1.93493493	0.000000000	0.000000000	0.000000000	0.000000000	0.000000000	0.000000000
1.94194194	0.000000000	0.000000000	0.000000000	0.000000000	0.000000000	0.000000000
1.94894895	0.000000000	0.000000000	0.000000000	0.000000000	0.000000000	0.000000000
1.95595596	0.000000000	0.000000000	0.000000000	0.000000000	0.000000000	0.000000000
1.96296296	0.000000000	0.000000000	0.000000000	0.000000000	0.000000000	0.000000000
1.96996997	0.000000000	0.000000000	0.000000000	0.000000000	0.000000000	0.000000000
1.97697698	0.000000000	0.000000000	0.000000000	0.000000000	0.000000000	0.000000000
1.98398398	0.000000000	0.000000000	0.000000000	0.000000000	0.000000000	0.000000000
1.99099099	0.000000000	0.000000000	0.000000000	0.000000000	0.000000000	0.000000000
1.99799800	0.000000000	0.000000000	0.000000000	0.000000000	0.000000000	0.000000000
2.00500501	0.000000000	0.000000000	0.000000000	0.000000000	0.000000000	0.000000000
2.01201201	0.000000000	0.000000000	0.000000000	0.000000000	0.000000000	0.000000000
2.01901902	0.000000000	0.000000000	0.000000000	0.000000000	0.000000000	0.000000000
2.02602603	0.000000000	0.000000000	0.000000000	0.000000000	0.000000000	0.000000000
2.03303303	0.000000000	0.000000000	0.000000000	0.000000000	0.000000000	0.000000000
2.04004004	0.000000000	0.000000000	0.000000000	0.000000000	0.000000000	0.000000000
2.04704705	0.000000000	0.000000000	0.000000000	0.000000000	0.000000000	0.000000000
2.05405405	0.000000000	0.000000000	0.000000000	0.000000000	0.000000000	0.000000000
2.06106106	0.000000000	0.000000000	0.000000000	0.000000000	0.000000000	0.000000000
2.06806807	0.000000000	0.000000000	0.000000000	0.000000000	0.000000000	0.000000000
2.07507508	0.000000000	0.000000000	0.000000000	0.000000000	0.000000000	0.000000000
2.08208208	0.000000000	0.000000000	0.000000000	0.000000000	0.000000000	0.000000000
2.08908909	0.000000000	0.000000000	0.000000000	0.000000000	0.000000000	0.000000000
2.09609610	0.000000000	0.000000000	0.000000000	0.000000000	0.000000000	0.000000000
2.10310310	0.000000000	0.000000000	0.000000000	0.000000000	0.000000000	0.000000000
2.11011011	0.000000000	0.000000000	0.000000000	0.000000000	0.000000000	0.000000000
2.11711712	0.000000000	0.000000000	0.000000000	0.000000000	0.000000000	0.000000000
2.12412412	0.000000000	0.000000000	0.000000000	0.000000000	0.000000000	0.000000000
2.13113113	0.000000000	0.000000000	0.000000000	0.000000000	0.000000000	0.000000000
2.13813814	0.000000000	0.000000000	0.000000000	0.000000000	0.000000000	0.000000000
2.14514515	0.000000000	0.000000000	0.000000000	0.000000000	0.000000000	0.000000000
2.15215215	0.000000000	0.000000000	0.000000000	0.000000000	0.000000000	0.000000000
2.15915916	0.000000000	0.000000000	0.000000000	0.000000000	0.000000000	0.000000000
2.16616617	0.000000000	0.000000000	0.000000000	0.000000000	0.000000000	0.000000000
2.17317317	0.000000000	0.000000000	0.000000000	0.000000000	0.000000000	0.000000000
2.18018018	0.000000000	0.000000000	0.000000000	0.000000000	0.000000000	0.000000000
2.18718719	0.000000000	0.000000000	0.000000000	0.000000000	0.000000000	0.000000000
2.19419419	0.000000000	0.000000000	0.000000000	0.000000000	0.000000000	0.000000000
2.20120120	0.000000000	0.000000000	0.000000000	0.000000000	0.000000000	0.000000000
2.20820821	0.000000000	0.000000000	0.000000000	0.000000000	0.000000000	0.000000000
2.21521522	0.000000000	0.000000000	0.000000000	0.000000000	0.000000000	0.000000000
2.22222222	0.000000000	0.000000000	0.000000000	0.000000000	0.000000000	0.000000000
2.22922923	0.000000000	0.000000000	0.000000000	0.000000000	0.000000000	0.000000000
2.23623624	0.000000000	0.000000000	0.000000000	0.000000000	0.000000000	0.000000000
2.24324324	0.000000000	0.000000000	0.000000000	0.000000000	0.000000000	0.000000000
2.25025025	0.000000000	0.000000000	0.000000000	0.000000000	0.000000000	0.000000000
2.25725726	0.000000000	0.000000000	0.000000000	0.000000000	0.000000000	0.000000000
2.26426426	0.000000000	0.000000000	0.000000000	0.000000000	0.000000000	0.000000000
2.27127127	0.000000000	0.000000000	0.000000000	0.000000000	0.000000000	0.000000000
2.27827828	0.000000000	0.000000000	0.000000000	0.000000000	0.000000000	0.000000000
2.28528529	0.000000000	0.000000000	0.000000000	0.000000000	0.000000000	0.000000000
2.29229229	0.000000000	0.000000000	0.000000000	0.000000000	0.000000000	0.000000000
2.29929930	0.000000000	0.000000000	0.000000000	0.000000000	0.000000000	0.000000000
2.30630631	0.000000000	0.000000000	0.000000000	0.000000000	0.000000000	0.000000000
2.31331331	0.000000000	0.000000000	0.000000000	0.000000000	0.000000000	0.000000000
2.32032032	0.000000000	0.000000000	0.000000000	0.000000000	0.000000000	0.000000000
2.32732733	0.000000000	0.000000000	0.000000000	0.000000000	0.000000000	0.000000000
2.33433433	0.000000000	0.000000000	0.000000000	0.000000000	0.000000000	0.000000000
2.34134134	0.000000000	0.000000000	0.000000000	0.000000000	0.000000000	0.000000000
2.34834835	0.000000000	0.000000000	0.000000000	0.000000000	0.000000000	0.000000000
2.35535536	0.000000000	0.000000000	0.000000000	0.000000000	0.000000000	0.000000000
2.36236236	0.000000000	0.000000000	0.000000000	0.000000000	0.000000000	0.000000000
2.36936937	0.000000000	0.000000000	0.000000000	0.000000000	0.000000000	0.000000000
2.37637638	0.000000000	0.000000000	0.000000000	0.000000000	0.000000000	0.000000000
2.38338338	0.000000000	0.000000000	0.000000000	0.000000000	0.000000000	0.000000000
2.39039039	0.000000000	0.000000000	0.000000000	0.000000000	0.000000000	0.000000000
2.39739740	0.000000000	0.000000000	0.000000000	0.000000000	0.000000000	0.000000000
2.40440440	0.000000000	0.000000000	0.000000000	0.000000000	0.000000000	0.000000000
2.41141141	0.000000000	0.000000000	0.000000000	0.000000000	0.000000000	0.000000000
2.41841842	0.000000000	0.000000000	0.000000000	0.000000000	0.000000000	0.000000000
2.42542543	0.000000000	0.000000000	0.000000000	0.000000000	0.000000000	0.000000000
2.43243243	0.000000000	0.000000000	0.000000000	0.000000000	0.000000000	0.000000000
2.43943944	0.000000000	0.000000000	0.000000000	0.000000000	0.000000000	0.000000000
2.44644645	0.000000000	0.000000000	0.000000000	0.000000000	0.000000000	0.000000000
2.45345345	0.000000000	0.000000000	0.000000000	0.000000000	0.000000000	0.000000000
2.46046046	0.000000000	0.000000000	0.000000000	0.000000000	0.000000000	0.000000000
2.46746747	0.000000000	0.000000000	0.000000000	0.000000000	0.000000000	0.000000000
2.47447447	0.000000000	0.000000000	0.000000000	0.000000000	0.000000000	0.000000000
2.48148148	0.000000000	0.000000000	0.000000000	0.000000000	0.000000000	0.000000000
2.48848849	0.000000000	0.000000000	0.000000000	0.000000000	0.000000000	0.000000000
2.49549550	0.000000000	0.000000000	0.000000000	0.000000000	0.000000000	0.000000000
2.50250250	0.000000000	0.000000000	0.000000000	0.000000000	0.000000000	0.000000000
2.50950951	0.000000000	0.000000000	0.000000000	0.000000000	0.000000000	0.000000000
2.51651652	0.000000000	0.000000000	0.000000000	0.000000000	0.000000000	0.000000000
2.52352352	0.000000000	0.000000000	0.000000000	0.000000000	0.000000000	0.000000000
2.53053053	0.000000000	0.000000000	0.000000000	0.000000000	0.000000000	0.000000000
2.53753754	0.000000000	0.000000000	0.000000000	0.000000000	0.000000000	0.000000000
2.54454454	0.000000000	0.000000000	0.000000000	0.000000000	0.000000000	0.000000000
2.55155155	0.000000000	0.000000000	0.000000000	0.000000000	0.000000000	0.000000000
2.55855856	0.000000000	0.000000000	0.000000000	0.000000000	0.000000000	0.000000000
2.56556557	0.000000000	0.000000000	0.000000000	0.000000000	0.000000000	0.000000000
2.57257257	0.000000000	0.000000000	0.000000000	0.000000000	0.000000000	0.000000000
2.57957958	0.000000000	0.000000000	0.000000000	0.000000000	0.000000000	0.000000000
2.58658659	0.000000000	0.000000000	0.000000000	0.000000000	0.000000000	0.000000000
2.59359359	0.000000000	0.000000000	0.000000000	0.000000000	0.000000000	0.000000000
2.60060060	0.000000000	0.000000000	0.000000000	0.000000000	0.000000000	0.000000000
2.60760761	0.000000000	0.000000000	0.000000000	0.000000000	0.000000000	0.000000000
2.61461461	0.000000000	0.000000000	0.000000000	0.000000000	0.000000000	0.000000000
2.62162162	0.000000000	0.000000000	0.000000000	0.000000000	0.000000000	0.000000000
2.62862863	0.000000000	0.000000000	0.000000000	0.000000000	0.000000000	0.000000000
2.63563564	0.000000000	0.000000000	0.000000000	0.000000000	0.000000000	0.000000000
2.64264264	0.000000000	0.000000000	0.000000000	0.000000000	0.000000000	0.000000000
2.64964965	0.000000000	0.000000000	0.000000000	0.000000000	0.000000000	0.000000000
2.65665666	0.000000000	0.000000000	0.000000000	0.000000000	0.000000000	0.000000000
2.66366366	0.000000000	0.000000000	0.000000000	0.000000000	0.000000000	0.000000000
2.67067067	0.000000000	0.000000000	0.000000000	0.000000000	0.000000000	0.000000000
2.67767768	0.000000000	0.000000000	0.000000000	0.000000000	0.000000000	0.000000000
2.68468468	0.000000000	0.000000000	0.000000000	0.000000000	0.000000000	0.000000000
2.69169169	0.000000000	0.000000000	0.000000000	0.000000000	0.000000000	0.000000000
2.69869870	0.000000000	0.000000000	0.000000000	0.000000000	0.000000000	0.000000000
2.70570571	0.000000000	0.000000000	0.000000000	0.000000000	0.000000000	0.000000000
2.71271271	0.000000000	0.000000000	0.000000000	0.000000000	0.000000000	0.000000000
2.71971972	0.000000000	0.000000000	0.000000000	0.000000000	0.000000000	0.000000000
2.72672673	0.000000000	0.000000000	0.000000000	0.000000000	0.000000000	0.000000000
2.73373373	0.000000000	0.000000000	0.000000000	0.000000000	0.000000000	0.000000000
2.74074074	0.000000000	0.000000000	0.000000000	0.000000000	0.000000000	0.000000000
2.74774775	0.000000000	0.000000000	0.000000000	0.000000000	0.000000000	0.000000000
2.75475475	0.000000000	0.000000000	0.000000000	0.000000000	0.000000000	0.000000000
2.76176176	0.000000000	0.000000000	0.000000000	0.000000000	0.000000000	0.000000000
2.76876877	0.000000000	0.000000000	0.000000000	0.000000000	0.000000000	0.000000000
2.77577578	0.000000000	0.000000000	0.000000000	0.000000000	0.000000000	0.000000000
2.78278278	0.000000000	0.000000000	0.000000000	0.000000000	0.000000000	0.000000000
2.78978979	0.000000000	0.000000000	0.000000000	0.000000000	0.000000000	0.000000000
2.79679680	0.000000000	0.000000000	0.000000000	0.000000000	0.000000000	0.000000000
2.80380380	0.000000000	0.000000000	0.000000000	0.000000000	0.000000000	0.000000000
2.81081081	0.000000000	0.000000000	0.000000000	0.000000000	0.000000000	0.000000000
2.81781782	0.000000000	0.000000000	0.000000000	0.000000000	0.000000000	0.000000000
2.82482482	0.000000000	0.000000000	0.000000000	0.000000000	0.000000000	0.000000000
2.83183183	0.000000000	0.000000000	0.000000000	0.000000000	0.000000000	0.000000000
2.83883884	0.000000000	0.000000000	0.000000000	0.000000000	0.000000000	0.000000000
2.84584585	0.000000000	0.000000000	0.000000000	0.000000000	0.000000000	0.000000000
2.85285285	0.000000000	0.000000000	0.000000000	0.000000000	0.000000000	0.000000000
2.85985986	0.000000000	0.000000000	0.000000000	0.000000000	0.000000000	0.000000000
2.86686687	0.000000000	0.000000000	0.000000000	0.000000000	0.000000000	0.000000000
2.87387387	0.000000000	0.000000000	0.000000000	0.000000000	0.000000000	0.000000000
2.88088088	0.000000000	0.000000000	0.000000000	0.000000000	0.000000000	0.000000000
2.88788789	0.000000000	0.000000000	0.000000000	0.000000000	0.000000000	0.000000000
2.89489489	0.000000000	0.000000000	0.000000000	0.000000000	0.000000000	0.000000000
2.90190190	0.000000000	0.000000000	0.000000000	0.000000000	0.000000000	0.000000000
2.90890891	0.000000000	0.000000000	0.000000000	0.000000000	0.000000000	0.000000000
2.91591592	0.000000000	0.000000000	0.000000000	0.000000000	0.000000000	0.000000000
2.92292292	0.000000000	0.000000000	0.000000000	0.000000000	0.000000000	0.000000000
2.92992993	0.000000000	0.000000000	0.000000000	0.000000000	0.000000000	0.000000000
2.93693694	0.000000000	0.000000000	0.000000000	0.000000000	0.000000000	0.000000000
2.94394394	0.000000000	0.000000000	0.000000000	0.000000000	0.000000000	0.000000000
2.95095095	0.000000000	0.000000000	0.000000000	0.000000000	0.000000000	0.000000000
2.95795796	0.000000000	0.000000000	0.000000000	0.000000000	0.000000000	0.000000000
2.96496496	0.000000000	0.000000000	0.000000000	0.000000000	0.000000000	0.000000000
2.97197197	0.000000000	0.000000000	0.000000000	0.000000000	0.000000000	0.000000000
2.97897898	0.000000000	0.000000000	0.000000000	0.000000000	0.000000000	0.000000000
2.98598599	0.000000000	0.000000000	0.000000000	0.000000000	0.000000000	0.000000000
2.99299299	0.000000000	0.000000000	0.000000000	0.000000000	0.000000000	0.000000000
3.00000000	0.000000000	0.000000000	0.000000000	0.000000000	0.000000000	0.000000000
