-4.00000000	0.001814414	0.003080599	0.002370230	0.013748973	0.003061826	0.003688656
-3.99299299	0.001839409	0.003117763	0.002401267	0.013917277	0.003094920	0.003728854
-3.98598599	0.001864765	0.003155401	0.002432728	0.014087582	0.003128401	0.003769522
-3.97897898	0.001890487	0.003193517	0.002464618	0.014259912	0.003162275	0.003810668
-3.97197197	0.001916582	0.003232119	0.002496945	0.014434289	0.003196547	0.003852295
-3.96496496	0.001943054	0.003271213	0.002529713	0.014610737	0.003231221	0.003894412
-3.95795796	0.001969909	0.003310806	0.002562930	0.014789278	0.003266303	0.003937023
-3.95095095	0.001997154	0.003350904	0.002596601	0.014969936	0.003301798	0.003980135
-3.94394394	0.002024794	0.003391514	0.002630733	0.015152736	0.003337712	0.004023754
-3.93693694	0.002052835	0.003432643	0.002665333	0.015337702	0.003374049	0.004067888
-3.92992993	0.002081283	0.003474298	0.002700408	0.015524858	0.003410814	0.004112541
-3.92292292	0.002110144	0.003516486	0.002735964	0.015714228	0.003448015	0.004157722
-3.91591592	0.002139425	0.003559214	0.002772007	0.015905838	0.003485655	0.004203436
-3.90890891	0.002169132	0.003602489	0.002808546	0.016099714	0.003523741	0.004249690
-3.90190190	0.002199271	0.003646319	0.002845586	0.016295879	0.003562278	0.004296491
-3.89489489	0.002229850	0.003690712	0.002883136	0.016494361	0.003601272	0.004343846
-3.88788789	0.002260874	0.003735674	0.002921202	0.016695185	0.003640729	0.004391763
-3.88088088	0.002292350	0.003781214	0.002959792	0.016898377	0.003680655	0.004440248
-3.87387387	0.002324286	0.003827339	0.002998914	0.017103964	0.003721056	0.004489308
-3.86686687	0.002356688	0.003874058	0.003038574	0.017311974	0.003761938	0.004538951
-3.85985986	0.002389564	0.003921377	0.003078781	0.017522432	0.003803308	0.004589185
-3.85285285	0.002422920	0.003969306	0.003119543	0.017735366	0.003845171	0.004640016
-3.84584585	0.002456765	0.004017853	0.003160867	0.017950804	0.003887534	0.004691452
-3.83883884	0.002491105	0.004067026	0.003202762	0.018168775	0.003930403	0.004743502
-3.83183183	0.002525948	0.004116833	0.003245235	0.018389305	0.003973785	0.004796173
-3.82482482	0.002561302	0.004167283	0.003288295	0.018612424	0.004017687	0.004849473
-3.81781782	0.002597174	0.004218384	0.003331951	0.018838161	0.004062116	0.004903410
-3.81081081	0.002633573	0.004270147	0.003376211	0.019066544	0.004107077	0.004957993
-3.80380380	0.002670506	0.004322579	0.003421084	0.019297604	0.004152578	0.005013228
-3.79679680	0.002707982	0.004375689	0.003466578	0.019531369	0.004198627	0.005069126
-3.78978979	0.002746010	0.004429488	0.003512703	0.019767869	0.004245230	0.005125695
-3.78278278	0.002784597	0.004483983	0.003559468	0.020007136	0.004292394	0.005182942
-3.77577578	0.002823751	0.004539186	0.003606881	0.020249200	0.004340128	0.005240878
-3.76876877	0.002863483	0.004595104	0.003654952	0.020494091	0.004388437	0.005299510
-3.76176176	0.002903801	0.004651749	0.003703692	0.020741841	0.004437330	0.005358848
-3.75475475	0.002944713	0.004709130	0.003753108	0.020992481	0.004486815	0.005418901
-3.74774775	0.002986229	0.004767257	0.003803212	0.021246044	0.004536899	0.005479679
-3.74074074	0.003028359	0.004826141	0.003854013	0.021502561	0.004587590	0.005541190
-3.73373373	0.003071111	0.004885790	0.003905521	0.021762065	0.004638896	0.005603444
-3.72672673	0.003114495	0.004946217	0.003957746	0.022024589	0.004690825	0.005666451
-3.71971972	0.003158521	0.005007432	0.004010700	0.022290166	0.004743385	0.005730220
-3.71271271	0.003203200	0.005069445	0.004064391	0.022558829	0.004796585	0.005794762
-3.70570571	0.003248540	0.005132267	0.004118832	0.022830613	0.004850433	0.005860087
-3.69869870	0.003294552	0.005195910	0.004174033	0.023105552	0.004904938	0.005926204
-3.69169169	0.003341247	0.005260385	0.004230004	0.023383679	0.004960108	0.005993125
-3.68468468	0.003388635	0.005325703	0.004286758	0.023665030	0.005015952	0.006060859
-3.67767768	0.003436727	0.005391876	0.004344306	0.023949641	0.005072480	0.006129418
-3.67067067	0.003485534	0.005458915	0.004402658	0.024237546	0.005129699	0.006198812
-3.66366366	0.003535067	0.005526833	0.004461828	0.024528782	0.005187620	0.006269051
-3.65665666	0.003585337	0.005595641	0.004521826	0.024823385	0.005246252	0.006340149
-3.64964965	0.003636355	0.005665352	0.004582665	0.025121391	0.005305603	0.006412114
-3.64264264	0.003688134	0.005735978	0.004644357	0.025422838	0.005365685	0.006484959
-3.63563564	0.003740685	0.005807533	0.004706914	0.025727763	0.005426506	0.006558696
-3.62862863	0.003794019	0.005880027	0.004770350	0.026036203	0.005488076	0.006633337
-3.62162162	0.003848150	0.005953476	0.004834677	0.026348196	0.005550405	0.006708892
-3.61461461	0.003903090	0.006027891	0.004899908	0.026663782	0.005613505	0.006785374
-3.60760761	0.003958851	0.006103286	0.004966056	0.026982999	0.005677384	0.006862796
-3.60060060	0.004015445	0.006179675	0.005033135	0.027305885	0.005742053	0.006941170
-3.59359359	0.004072887	0.006257071	0.005101158	0.027632481	0.005807523	0.007020509
-3.58658659	0.004131189	0.006335489	0.005170139	0.027962827	0.005873805	0.007100825
-3.57957958	0.004190364	0.006414943	0.005240093	0.028296963	0.005940910	0.007182131
-3.57257257	0.004250427	0.006495446	0.005311033	0.028634929	0.006008849	0.007264441
-3.56556557	0.004311391	0.006577014	0.005382974	0.028976768	0.006077632	0.007347768
-3.55855856	0.004373270	0.006659661	0.005455930	0.029322519	0.006147272	0.007432125
-3.55155155	0.004436079	0.006743403	0.005529917	0.029672226	0.006217780	0.007517526
-3.54454454	0.004499832	0.006828254	0.005604950	0.030025931	0.006289168	0.007603985
-3.53753754	0.004564544	0.006914230	0.005681045	0.030383675	0.006361447	0.007691517
-3.53053053	0.004630229	0.007001346	0.005758216	0.030745503	0.006434630	0.007780135
-3.52352352	0.004696904	0.007089619	0.005836479	0.031111459	0.006508730	0.007869855
-3.51651652	0.004764583	0.007179065	0.005915851	0.031481585	0.006583758	0.007960690
-3.50950951	0.004833283	0.007269699	0.005996349	0.031855926	0.006659727	0.008052656
-3.50250250	0.004903020	0.007361539	0.006077988	0.032234527	0.006736650	0.008145769
-3.49549550	0.004973809	0.007454602	0.006160786	0.032617434	0.006814541	0.008240043
-3.48848849	0.005045668	0.007548904	0.006244760	0.033004692	0.006893412	0.008335494
-3.48148148	0.005118613	0.007644463	0.006329927	0.033396346	0.006973276	0.008432138
-3.47447447	0.005192661	0.007741296	0.006416304	0.033792444	0.007054148	0.008529992
-3.46746747	0.005267830	0.007839422	0.006503911	0.034193033	0.007136042	0.008629071
-3.46046046	0.005344137	0.007938857	0.006592764	0.034598159	0.007218970	0.008729392
-3.45345345	0.005421600	0.008039622	0.006682883	0.035007871	0.007302948	0.008830972
-3.44644645	0.005500238	0.008141734	0.006774287	0.035422217	0.007387990	0.008933828
-3.43943944	0.005580069	0.008245212	0.006866993	0.035841245	0.007474111	0.009037977
-3.43243243	0.005661112	0.008350076	0.006961022	0.036265005	0.007561325	0.009143438
-3.42542543	0.005743386	0.008456345	0.007056394	0.036693546	0.007649648	0.009250227
-3.41841842	0.005826910	0.008564039	0.007153128	0.037126918	0.007739095	0.009358363
-3.41141141	0.005911705	0.008673177	0.007251245	0.037565172	0.007829682	0.009467864
-3.40440440	0.005997790	0.008783781	0.007350765	0.038008359	0.007921424	0.009578749
-3.39739740	0.006085186	0.008895870	0.007451710	0.038456530	0.008014337	0.009691037
-3.39039039	0.006173914	0.009009466	0.007554099	0.038909737	0.008108439	0.009804747
-3.38338338	0.006263994	0.009124590	0.007657956	0.039368032	0.008203744	0.009919899
-3.37637638	0.006355449	0.009241264	0.007763302	0.039831469	0.008300271	0.010036512
-3.36936937	0.006448300	0.009359510	0.007870160	0.040300100	0.008398037	0.010154606
-3.36236236	0.006542569	0.009479349	0.007978551	0.040773980	0.008497057	0.010274202
-3.35535536	0.006638279	0.009600804	0.008088499	0.041253162	0.008597351	0.010395320
-3.34834835	0.006735452	0.009723899	0.008200027	0.041737701	0.008698936	0.010517982
-3.34134134	0.006834113	0.009848657	0.008313159	0.042227653	0.008801830	0.010642209
-3.33433433	0.006934284	0.009975100	0.008427920	0.042723073	0.008906052	0.010768022
-3.32732733	0.007035990	0.010103253	0.008544332	0.043224018	0.009011619	0.010895443
-3.32032032	0.007139255	0.010233141	0.008662423	0.043730544	0.009118552	0.011024495
-3.31331331	0.007244104	0.010364787	0.008782215	0.044242708	0.009226870	0.011155201
-3.30630631	0.007350563	0.010498218	0.008903736	0.044760568	0.009336591	0.011287582
-3.29929930	0.007458656	0.010633458	0.009027011	0.045284182	0.009447737	0.011421663
-3.29229229	0.007568411	0.010770533	0.009152067	0.045813609	0.009560326	0.011557467
-3.28528529	0.007679854	0.010909469	0.009278930	0.046348908	0.009674380	0.011695018
-3.27827828	0.007793011	0.011050293	0.009407628	0.046890140	0.009789920	0.011834341
-3.27127127	0.007907910	0.011193032	0.009538189	0.047437363	0.009906966	0.011975460
-3.26426426	0.008024579	0.011337712	0.009670641	0.047990639	0.010025540	0.012118400
-3.25725726	0.008143047	0.011484363	0.009805012	0.048550028	0.010145664	0.012263188
-3.25025025	0.008263342	0.011633012	0.009941331	0.049115594	0.010267360	0.012409848
-3.24324324	0.008385493	0.011783687	0.010079628	0.049687398	0.010390651	0.012558408
-3.23623624	0.008509531	0.011936418	0.010219934	0.050265502	0.010515559	0.012708893
-3.22922923	0.008635486	0.012091234	0.010362277	0.050849971	0.010642107	0.012861332
-3.22222222	0.008763387	0.012248165	0.010506691	0.051440868	0.010770319	0.013015751
-3.21521522	0.008893268	0.012407242	0.010653205	0.052038257	0.010900220	0.013172179
-3.20820821	0.009025158	0.012568495	0.010801852	0.052642203	0.011031832	0.013330643
-3.20120120	0.009159092	0.012731955	0.010952665	0.053252772	0.011165182	0.013491173
-3.19419419	0.009295102	0.012897654	0.011105676	0.053870030	0.011300294	0.013653799
-3.18718719	0.009433220	0.013065625	0.011260919	0.054494043	0.011437194	0.013818549
-3.18018018	0.009573482	0.013235900	0.011418428	0.055124878	0.011575907	0.013985454
-3.17317317	0.009715921	0.013408512	0.011578237	0.055762603	0.011716460	0.014154545
-3.16616617	0.009860574	0.013583495	0.011740383	0.056407286	0.011858879	0.014325852
-3.15915916	0.010007475	0.013760884	0.011904900	0.057058995	0.012003193	0.014499408
-3.15215215	0.010156660	0.013940712	0.012071825	0.057717800	0.012149427	0.014675244
-3.14514515	0.010308168	0.014123016	0.012241194	0.058383771	0.012297611	0.014853394
-3.13813814	0.010462035	0.014307831	0.012413047	0.059056978	0.012447773	0.015033890
-3.13113113	0.010618299	0.014495194	0.012587419	0.059737491	0.012599942	0.015216765
-3.12412412	0.010777000	0.014685141	0.012764351	0.060425382	0.012754147	0.015402055
-3.11711712	0.010938176	0.014877709	0.012943882	0.061120722	0.012910418	0.015589794
-3.11011011	0.011101869	0.015072938	0.013126051	0.061823586	0.013068785	0.015780017
-3.10310310	0.011268118	0.015270865	0.013310899	0.062534044	0.013229280	0.015972759
-3.09609610	0.011436965	0.015471529	0.013498468	0.063252171	0.013391933	0.016168059
-3.08908909	0.011608453	0.015674971	0.013688800	0.063978041	0.013556777	0.016365951
-3.08208208	0.011782623	0.015881231	0.013881937	0.064711729	0.013723844	0.016566474
-3.07507508	0.011959521	0.016090350	0.014077923	0.065453310	0.013893167	0.016769666
-3.06806807	0.012139189	0.016302369	0.014276801	0.066202859	0.014064779	0.016975566
-3.06106106	0.012321674	0.016517331	0.014478618	0.066960452	0.014238714	0.017184214
-3.05405405	0.012507020	0.016735279	0.014683417	0.067726168	0.014415007	0.017395648
-3.04704705	0.012695275	0.016956256	0.014891246	0.068500082	0.014593693	0.017609910
-3.04004004	0.012886487	0.017180307	0.015102151	0.069282273	0.014774808	0.017827042
-3.03303303	0.013080702	0.017407476	0.015316181	0.070072819	0.014958388	0.018047084
-3.02602603	0.013277970	0.017637810	0.015533384	0.070871799	0.015144469	0.018270080
-3.01901902	0.013478341	0.017871354	0.015753809	0.071679293	0.015333090	0.018496073
-3.01201201	0.013681866	0.018108155	0.015977507	0.072495381	0.015524289	0.018725108
-3.00500501	0.013888596	0.018348262	0.016204529	0.073320143	0.015718103	0.018957228
-2.99799800	0.014098583	0.018591723	0.016434926	0.074153661	0.015914574	0.019192479
-2.99099099	0.014311881	0.018838587	0.016668752	0.074996016	0.016113740	0.019430908
-2.98398398	0.014528544	0.019088904	0.016906060	0.075847290	0.016315642	0.019672561
-2.97697698	0.014748627	0.019342726	0.017146905	0.076707566	0.016520322	0.019917487
-2.96996997	0.014972185	0.019600102	0.017391343	0.077576928	0.016727822	0.020165733
-2.96296296	0.015199277	0.019861087	0.017639429	0.078455458	0.016938185	0.020417349
-2.95595596	0.015429959	0.020125733	0.017891221	0.079343242	0.017151453	0.020672385
-2.94894895	0.015664291	0.020394093	0.018146777	0.080240364	0.017367673	0.020930892
-2.94194194	0.015902332	0.020666224	0.018406157	0.081146908	0.017586887	0.021192922
-2.93493493	0.016144144	0.020942181	0.018669421	0.082062962	0.017809143	0.021458527
-2.92792793	0.016389788	0.021222019	0.018936629	0.082988611	0.018034487	0.021727761
-2.92092092	0.016639328	0.021505798	0.019207846	0.083923943	0.018262965	0.022000678
-2.91391391	0.016892827	0.021793575	0.019483133	0.084869043	0.018494627	0.022277333
-2.90690691	0.017150350	0.022085409	0.019762555	0.085824000	0.018729521	0.022557782
-2.89989990	0.017411964	0.022381360	0.020046179	0.086788903	0.018967697	0.022842083
-2.89289289	0.017677736	0.022681490	0.020334069	0.087763839	0.019209205	0.023130294
-2.88588589	0.017947734	0.022985861	0.020626295	0.088748899	0.019454097	0.023422474
-2.87887888	0.018222029	0.023294536	0.020922925	0.089744171	0.019702425	0.023718682
-2.87187187	0.018500691	0.023607578	0.021224029	0.090749745	0.019954243	0.024018979
-2.86486486	0.018783792	0.023925053	0.021529679	0.091765713	0.020209605	0.024323428
-2.85785786	0.019071406	0.024247028	0.021839946	0.092792164	0.020468566	0.024632092
-2.85085085	0.019363606	0.024573568	0.022154906	0.093829191	0.020731182	0.024945034
-2.84384384	0.019660469	0.024904742	0.022474631	0.094876884	0.020997509	0.025262321
-2.83683684	0.019962072	0.025240620	0.022799200	0.095935337	0.021267607	0.025584017
-2.82982983	0.020268493	0.025581272	0.023128689	0.097004642	0.021541534	0.025910191
-2.82282282	0.020579812	0.025926768	0.023463178	0.098084890	0.021819350	0.026240912
-2.81581582	0.020896110	0.026277183	0.023802746	0.099176177	0.022101116	0.026576248
-2.80880881	0.021217469	0.026632588	0.024147475	0.100278595	0.022386895	0.026916270
-2.80180180	0.021543974	0.026993060	0.024497449	0.101392238	0.022676750	0.027261052
-2.79479479	0.021875710	0.027358674	0.024852751	0.102517202	0.022970744	0.027610666
-2.78778779	0.022212762	0.027729508	0.025213468	0.103653579	0.023268944	0.027965186
-2.78078078	0.022555221	0.028105640	0.025579687	0.104801466	0.023571417	0.028324689
-2.77377377	0.022903175	0.028487149	0.025951497	0.105960957	0.023878229	0.028689251
-2.76676677	0.023256715	0.028874117	0.026328988	0.107132149	0.024189451	0.029058951
-2.75975976	0.023615936	0.029266625	0.026712253	0.108315136	0.024505152	0.029433870
-2.75275275	0.023980930	0.029664759	0.027101385	0.109510015	0.024825404	0.029814087
-2.74574575	0.024351794	0.030068601	0.027496480	0.110716882	0.025150280	0.030199686
-2.73873874	0.024728626	0.030478239	0.027897633	0.111935834	0.025479854	0.030590750
-2.73173173	0.025111525	0.030893760	0.028304945	0.113166967	0.025814200	0.030987366
-2.72472472	0.025500592	0.031315253	0.028718515	0.114410378	0.026153397	0.031389619
-2.71771772	0.025895930	0.031742809	0.029138445	0.115666165	0.026497522	0.031797599
-2.71071071	0.026297644	0.032176519	0.029564839	0.116934424	0.026846654	0.032211396
-2.70370370	0.026705839	0.032616477	0.029997804	0.118215252	0.027200875	0.032631100
-2.69669670	0.027120625	0.033062777	0.030437446	0.119508748	0.027560266	0.033056805
-2.68968969	0.027542110	0.033515517	0.030883875	0.120815007	0.027924913	0.033488606
-2.68268268	0.027970407	0.033974793	0.031337202	0.122134129	0.028294899	0.033926600
-2.67567568	0.028405631	0.034440705	0.031797541	0.123466210	0.028670313	0.034370883
-2.66866867	0.028847896	0.034913354	0.032265008	0.124811349	0.029051243	0.034821557
-2.66166166	0.029297320	0.035392844	0.032739718	0.126169641	0.029437778	0.035278723
-2.65465465	0.029754023	0.035879278	0.033221793	0.127541186	0.029830011	0.035742484
-2.64764765	0.030218128	0.036372762	0.033711354	0.128926080	0.030228036	0.036212945
-2.64064064	0.030689757	0.036873403	0.034208524	0.130324420	0.030631946	0.036690214
-2.63363363	0.031169037	0.037381313	0.034713429	0.131736305	0.031041840	0.037174400
-2.62662663	0.031656097	0.037896600	0.035226198	0.133161830	0.031457816	0.037665612
-2.61961962	0.032151067	0.038419380	0.035746962	0.134601092	0.031879975	0.038163965
-2.61261261	0.032654079	0.038949765	0.036275852	0.136054189	0.032308418	0.038669573
-2.60560561	0.033165268	0.039487873	0.036813005	0.137521216	0.032743251	0.039182553
-2.59859860	0.033684772	0.040033823	0.037358557	0.139002269	0.033184579	0.039703024
-2.59159159	0.034212730	0.040587735	0.037912650	0.140497445	0.033632511	0.040231108
-2.58458458	0.034749285	0.041149731	0.038475425	0.142006838	0.034087157	0.040766927
-2.57757758	0.035294581	0.041719936	0.039047028	0.143530543	0.034548629	0.041310607
-2.57057057	0.035848765	0.042298476	0.039627607	0.145068655	0.035017041	0.041862276
-2.56356356	0.036411986	0.042885480	0.040217312	0.146621268	0.035492510	0.042422064
-2.55655656	0.036984397	0.043481078	0.040816297	0.148188475	0.035975155	0.042990103
-2.54954955	0.037566152	0.044085402	0.041424717	0.149770369	0.036465097	0.043566529
-2.54254254	0.038157409	0.044698588	0.042042732	0.151367043	0.036962458	0.044151478
-2.53553554	0.038758327	0.045320773	0.042670502	0.152978588	0.037467364	0.044745091
-2.52852853	0.039369070	0.045952095	0.043308193	0.154605095	0.037979944	0.045347510
-2.52152152	0.039989804	0.046592697	0.043955973	0.156246654	0.038500327	0.045958879
-2.51451451	0.040620696	0.047242722	0.044614012	0.157903355	0.039028646	0.046579346
-2.50750751	0.041261919	0.047902316	0.045282483	0.159575286	0.039565037	0.047209062
-2.50050050	0.041913646	0.048571627	0.045961564	0.161262535	0.040109637	0.047848179
-2.49349349	0.042576055	0.049250808	0.046651435	0.162965189	0.040662587	0.048496853
-2.48648649	0.043249326	0.049940010	0.047352280	0.164683333	0.041224031	0.049155244
-2.47947948	0.043933644	0.050639391	0.048064285	0.166417052	0.041794113	0.049823511
-2.47247247	0.044629194	0.051349108	0.048787640	0.168166430	0.042372983	0.050501821
-2.46546547	0.045336166	0.052069322	0.049522540	0.169931548	0.042960793	0.051190340
-2.45845846	0.046054755	0.052800198	0.050269182	0.171712489	0.043557696	0.051889239
-2.45145145	0.046785155	0.053541902	0.051027767	0.173509331	0.044163851	0.052598692
-2.44444444	0.047527568	0.054294602	0.051798499	0.175322154	0.044779418	0.053318876
-2.43743744	0.048282196	0.055058470	0.052581587	0.177151034	0.045404561	0.054049972
-2.43043043	0.049049247	0.055833682	0.053377243	0.178996048	0.046039446	0.054792162
-2.42342342	0.049828930	0.056620414	0.054185683	0.180857268	0.046684245	0.055545634
-2.41641642	0.050621460	0.057418848	0.055007128	0.182734768	0.047339129	0.056310579
-2.40940941	0.051427054	0.058229167	0.055841802	0.184628617	0.048004276	0.057087190
-2.40240240	0.052245934	0.059051556	0.056689934	0.186538886	0.048679866	0.057875666
-2.39539540	0.053078325	0.059886206	0.057551755	0.188465640	0.049366083	0.058676207
-2.38838839	0.053924456	0.060733309	0.058427503	0.190408945	0.050063115	0.059489019
-2.38138138	0.054784561	0.061593061	0.059317420	0.192368864	0.050771151	0.060314311
-2.37437437	0.055658876	0.062465661	0.060221751	0.194345459	0.051490389	0.061152295
-2.36736737	0.056547642	0.063351311	0.061140746	0.196338787	0.052221025	0.062003190
-2.36036036	0.057451105	0.064250216	0.062074661	0.198348905	0.052963263	0.062867214
-2.35335335	0.058369514	0.065162586	0.063023756	0.200375868	0.053717309	0.063744595
-2.34634635	0.059303123	0.066088633	0.063988295	0.202419727	0.054483374	0.064635560
-2.33933934	0.060252190	0.067028574	0.064968547	0.204480532	0.055261674	0.065540344
-2.33233233	0.061216977	0.067982626	0.065964788	0.206558329	0.056052426	0.066459185
-2.32532533	0.062197752	0.068951013	0.066977297	0.208653162	0.056855855	0.067392325
-2.31831832	0.063194785	0.069933963	0.068006359	0.210765072	0.057672190	0.068340012
-2.31131131	0.064208354	0.070931705	0.069052264	0.212894097	0.058501661	0.069302498
-2.30430430	0.065238738	0.071944474	0.070115308	0.215040272	0.059344508	0.070280038
-2.29729730	0.066286225	0.072972507	0.071195792	0.217203630	0.060200971	0.071272895
-2.29029029	0.067351103	0.074016047	0.072294023	0.219384200	0.061071298	0.072281334
-2.28328328	0.068433670	0.075075340	0.073410313	0.221582006	0.061955741	0.073305628
-2.27627628	0.069534224	0.076150635	0.074544981	0.223797070	0.062854556	0.074346053
-2.26926927	0.070653073	0.077242187	0.075698351	0.226029412	0.063768006	0.075402890
-2.26226226	0.071790526	0.078350254	0.076870753	0.228279046	0.064696358	0.076476428
-2.25525526	0.072946900	0.079475098	0.078062523	0.230545983	0.065639886	0.077566958
-2.24824825	0.074122516	0.080616986	0.079274005	0.232830230	0.066598866	0.078674779
-2.24124124	0.075317701	0.081776190	0.080505547	0.235131790	0.067573585	0.079800195
-2.23423423	0.076532788	0.082952984	0.081757505	0.237450662	0.068564331	0.080943516
-2.22722723	0.077768113	0.084147650	0.083030242	0.239786842	0.069571400	0.082105057
-2.22022022	0.079024022	0.085360471	0.084324126	0.242140318	0.070595094	0.083285139
-2.21321321	0.080300864	0.086591737	0.085639532	0.244511078	0.071635722	0.084484091
-2.20620621	0.081598993	0.087841743	0.086976845	0.246899102	0.072693596	0.085702246
-2.19919920	0.082918771	0.089110786	0.088336453	0.249304366	0.073769038	0.086939945
-2.19219219	0.084260565	0.090399171	0.089718753	0.251726842	0.074862376	0.088197534
-2.18518519	0.085624749	0.091707207	0.091124151	0.254166496	0.075973942	0.089475367
-2.17817818	0.087011703	0.093035207	0.092553057	0.256623290	0.077104078	0.090773805
-2.17117117	0.088421811	0.094383489	0.094005892	0.259097179	0.078253132	0.092093213
-2.16416416	0.089855467	0.095752378	0.095483083	0.261588113	0.079421459	0.093433966
-2.15715716	0.091313070	0.097142203	0.096985064	0.264096038	0.080609420	0.094796446
-2.15015015	0.092795024	0.098553298	0.098512279	0.266620891	0.081817386	0.096181039
-2.14314314	0.094301742	0.099986004	0.100065179	0.269162607	0.083045734	0.097588143
-2.13613614	0.095833643	0.101440666	0.101644222	0.271721111	0.084294849	0.099018160
-2.12912913	0.097391152	0.102917634	0.103249878	0.274296326	0.085565125	0.100471501
-2.12212212	0.098974702	0.104417265	0.104882622	0.276888164	0.086856962	0.101948584
-2.11511512	0.100584733	0.105939921	0.106542939	0.279496534	0.088170770	0.103449836
-2.10810811	0.102221691	0.107485971	0.108231323	0.282121336	0.089506967	0.104975693
-2.10110110	0.103886030	0.109055789	0.109948276	0.284762465	0.090865979	0.106526596
-2.09409409	0.105578212	0.110649754	0.111694310	0.287419809	0.092248243	0.108102996
-2.08708709	0.107298706	0.112268251	0.113469946	0.290093246	0.093654202	0.109705354
-2.08008008	0.109047987	0.113911674	0.115275714	0.292782649	0.095084310	0.111334137
-2.07307307	0.110826540	0.115580421	0.117112153	0.295487885	0.096539030	0.112989823
-2.06606607	0.112634856	0.117274895	0.118979813	0.298208809	0.098018836	0.114672897
-2.05905906	0.114473434	0.118995507	0.120879252	0.300945272	0.099524209	0.116383855
-2.05205205	0.116342781	0.120742676	0.122811039	0.303697115	0.101055641	0.118123200
-2.04504505	0.118243412	0.122516823	0.124775752	0.306464172	0.102613636	0.119891448
-2.03803804	0.120175851	0.124318380	0.126773980	0.309246267	0.104198706	0.121689120
-2.03103103	0.122140628	0.126147784	0.128806322	0.312043217	0.105811376	0.123516749
-2.02402402	0.124138283	0.128005478	0.130873387	0.314854829	0.107452179	0.125374878
-2.01701702	0.126169363	0.129891913	0.132975794	0.317680903	0.109121661	0.127264061
-2.01001001	0.128234424	0.131807546	0.135114174	0.320521228	0.110820379	0.129184859
-2.00300300	0.130334030	0.133752841	0.137289167	0.323375585	0.112548901	0.131137845
-1.99599600	0.132468754	0.135728269	0.139501425	0.326243745	0.114307807	0.133123604
-1.98898899	0.134639177	0.137734309	0.141751610	0.329125469	0.116097688	0.135142729
-1.98198198	0.136845890	0.139771447	0.144040395	0.332020509	0.117919150	0.137195825
-1.97497497	0.139089490	0.141840175	0.146368465	0.334928608	0.119772808	0.139283507
-1.96796797	0.141370585	0.143940992	0.148736516	0.337849497	0.121659291	0.141406402
-1.96096096	0.143689791	0.146074407	0.151145253	0.340782897	0.123579242	0.143565148
-1.95395395	0.146047733	0.148240935	0.153595396	0.343728519	0.125533315	0.145760395
-1.94694695	0.148445044	0.150441096	0.156087672	0.346686065	0.127522179	0.147992801
-1.93993994	0.150882366	0.152675422	0.158622824	0.349655223	0.129546516	0.150263041
-1.93293293	0.153360353	0.154944449	0.161201604	0.352635673	0.131607021	0.152571796
-1.92592593	0.155879663	0.157248722	0.163824774	0.355627082	0.133704406	0.154919763
-1.91891892	0.158440966	0.159588793	0.166493111	0.358629106	0.135839393	0.157307649
-1.91191191	0.161044941	0.161965224	0.169207401	0.361641391	0.138012721	0.159736174
-1.90490490	0.163692275	0.164378581	0.171968442	0.364663569	0.140225145	0.162206069
-1.89789790	0.166383665	0.166829441	0.174777045	0.367695262	0.142477434	0.164718078
-1.89089089	0.169119815	0.169318387	0.177634030	0.370736079	0.144770370	0.167272957
-1.88388388	0.171901440	0.171846010	0.180540232	0.373785619	0.147104754	0.169871476
-1.87687688	0.174729263	0.174412909	0.183496493	0.376843466	0.149481400	0.172514414
-1.86986987	0.177604016	0.177019690	0.186503670	0.379909194	0.151901142	0.175202567
-1.86286286	0.180526441	0.179666970	0.189562630	0.382982363	0.154364825	0.177936739
-1.85585586	0.183497286	0.182355369	0.192674251	0.386062520	0.156873315	0.180717752
-1.84884885	0.186517310	0.185085519	0.195839423	0.389149200	0.159427492	0.183546435
-1.84184184	0.189587279	0.187858056	0.199059045	0.392241927	0.162028254	0.186423635
-1.83483483	0.192707970	0.190673628	0.202334029	0.395340208	0.164676516	0.189350208
-1.82782783	0.195880166	0.193532886	0.205665297	0.398443540	0.167373212	0.192327024
-1.82082082	0.199104658	0.196436493	0.209053779	0.401551406	0.170119290	0.195354968
-1.81381381	0.202382247	0.199385117	0.212500419	0.404663274	0.172915720	0.198434933
-1.80680681	0.205713740	0.202379433	0.216006169	0.407778600	0.175763486	0.201567830
-1.79979980	0.209099953	0.205420125	0.219571989	0.410896828	0.178663594	0.204754579
-1.79279279	0.212541710	0.208507885	0.223198851	0.414017384	0.181617065	0.207996113
-1.78578579	0.216039840	0.211643410	0.226887733	0.417139685	0.184624942	0.211293379
-1.77877878	0.219595180	0.214827405	0.230639625	0.420263132	0.187688283	0.214647335
-1.77177177	0.223208575	0.218060583	0.234455523	0.423387111	0.190808167	0.218058951
-1.76476476	0.226880876	0.221343661	0.238336429	0.426510996	0.193985693	0.221529212
-1.75775776	0.230612938	0.224677366	0.242283355	0.429634146	0.197221976	0.225059109
-1.75075075	0.234405624	0.228062430	0.246297317	0.432755906	0.200518153	0.228649650
-1.74374374	0.238259802	0.231499590	0.250379339	0.435875608	0.203875378	0.232301852
-1.73673674	0.242176345	0.234989591	0.254530449	0.438992569	0.207294826	0.236016743
-1.72972973	0.246156129	0.238533183	0.258751680	0.442106093	0.210777690	0.239795361
-1.72272272	0.250200037	0.242131121	0.263044068	0.445215467	0.214325183	0.243638755
-1.71571572	0.254308951	0.245784165	0.267408652	0.448319967	0.217938537	0.247547986
-1.70870871	0.258483762	0.249493083	0.271846474	0.451418854	0.221619004	0.251524120
-1.70170170	0.262725357	0.253258642	0.276358577	0.454511374	0.225367852	0.255568235
-1.69469469	0.267034630	0.257081618	0.280946004	0.457596762	0.229186373	0.259681417
-1.68768769	0.271412473	0.260962790	0.285609795	0.460674235	0.233075873	0.263864759
-1.68068068	0.275859779	0.264902937	0.290350992	0.463742999	0.237037678	0.268119362
-1.67367367	0.280377442	0.268902846	0.295170630	0.466802246	0.241073135	0.272446333
-1.66666667	0.284966353	0.272963303	0.300069742	0.469851152	0.245183605	0.276846784
-1.65965966	0.289627401	0.277085097	0.305049353	0.472888883	0.249370470	0.281321832
-1.65265265	0.294361475	0.281269019	0.310110482	0.475914589	0.253635126	0.285872601
-1.64564565	0.299169455	0.285515859	0.315254139	0.478927408	0.257978988	0.290500213
-1.63863864	0.304052221	0.289826409	0.320481324	0.481926463	0.262403488	0.295205796
-1.63163163	0.309010644	0.294201461	0.325793023	0.484910866	0.266910071	0.299990478
-1.62462462	0.314045588	0.298641805	0.331190209	0.487879716	0.271500199	0.304855385
-1.61761762	0.319157910	0.303148227	0.336673840	0.490832098	0.276175348	0.309801644
-1.61061061	0.324348456	0.307721515	0.342244855	0.493767086	0.280937008	0.314830379
-1.60360360	0.329618062	0.312362450	0.347904173	0.496683742	0.285786680	0.319942707
-1.59659660	0.334967551	0.317071809	0.353652691	0.499581114	0.290725878	0.325139742
-1.58958959	0.340397731	0.321850365	0.359491282	0.502458241	0.295756127	0.330422591
-1.58258258	0.345909398	0.326698884	0.365420789	0.505314148	0.300878959	0.335792349
-1.57557558	0.351503326	0.331618125	0.371442030	0.508147852	0.306095917	0.341250104
-1.56856857	0.357180273	0.336608838	0.377555786	0.510958356	0.311408550	0.346796928
-1.56156156	0.362940976	0.341671764	0.383762807	0.513744654	0.316818411	0.352433880
-1.55455455	0.368786150	0.346807633	0.390063801	0.516505731	0.322327058	0.358162002
-1.54754755	0.374716482	0.352017162	0.396459437	0.519240561	0.327936050	0.363982315
-1.54054054	0.380732636	0.357301057	0.402950339	0.521948108	0.333646947	0.369895820
-1.53353353	0.386835246	0.362660007	0.409537084	0.524627328	0.339461306	0.375903494
-1.52652653	0.393024912	0.368094685	0.416220195	0.527277168	0.345380680	0.382006286
-1.51951952	0.399302203	0.373605747	0.423000143	0.529896569	0.351406617	0.388205116
-1.51251251	0.405667652	0.379193829	0.429877337	0.532484460	0.357540653	0.394500871
-1.50550551	0.412121751	0.384859545	0.436852125	0.535039767	0.363784315	0.400894401
-1.49849850	0.418664951	0.390603486	0.443924789	0.537561407	0.370139114	0.407386520
-1.49149149	0.425297659	0.396426220	0.451095536	0.540048291	0.376606543	0.413977996
-1.48448448	0.432020234	0.402328285	0.458364502	0.542499326	0.383188075	0.420669553
-1.47747748	0.438832984	0.408310193	0.465731737	0.544913411	0.389885158	0.427461864
-1.47047047	0.445736163	0.414372423	0.473197212	0.547289443	0.396699211	0.434355549
-1.46346346	0.452729968	0.420515419	0.480760803	0.549626315	0.403631623	0.441351169
-1.45645646	0.459814535	0.426739594	0.488422294	0.551922914	0.410683744	0.448449222
-1.44944945	0.466989935	0.433045318	0.496181367	0.554178126	0.417856886	0.455650142
-1.44244244	0.474256171	0.439432921	0.504037598	0.556390837	0.425152314	0.462954287
-1.43543544	0.481613174	0.445902692	0.511990453	0.558559926	0.432571243	0.470361942
-1.42842843	0.489060798	0.452454871	0.520039280	0.560684277	0.440114831	0.477873310
-1.42142142	0.496598817	0.459089650	0.528183305	0.562762770	0.447784177	0.485488504
-1.41441441	0.504226919	0.465807168	0.536421625	0.564794288	0.455580311	0.493207547
-1.40740741	0.511944704	0.472607510	0.544753202	0.566777713	0.463504192	0.501030365
-1.40040040	0.519751678	0.479490699	0.553176856	0.568711930	0.471556698	0.508956777
-1.39339339	0.527647248	0.486456700	0.561691262	0.570595828	0.479738620	0.516986494
-1.38638639	0.535630716	0.493505410	0.570294939	0.572428297	0.488050657	0.525119110
-1.37937938	0.543701276	0.500636657	0.578986245	0.574208233	0.496493405	0.533354094
-1.37237237	0.551858010	0.507850197	0.587763373	0.575934536	0.505067353	0.541690787
-1.36536537	0.560099878	0.515145708	0.596624340	0.577606114	0.513772872	0.550128394
-1.35835836	0.568425716	0.522522788	0.605566984	0.579221878	0.522610209	0.558665975
-1.35135135	0.576834232	0.529980948	0.614588956	0.580780750	0.531579473	0.567302439
-1.34434434	0.585323994	0.537519612	0.623687709	0.582281659	0.540680633	0.576036537
-1.33733734	0.593893433	0.545138110	0.632860500	0.583723541	0.549913503	0.584866853
-1.33033033	0.602540827	0.552835671	0.642104373	0.585105345	0.559277732	0.593791797
-1.32332332	0.611264306	0.560611424	0.651416160	0.586426029	0.568772798	0.602809598
-1.31631632	0.620061835	0.568464388	0.660792470	0.587684564	0.578397993	0.611918294
-1.30930931	0.628931216	0.576393471	0.670229683	0.588879932	0.588152412	0.621115724
-1.30230230	0.637870078	0.584397461	0.679723947	0.590011131	0.598034945	0.630399523
-1.29529530	0.646875871	0.592475024	0.689271164	0.591077169	0.608044261	0.639767109
-1.28828829	0.655945861	0.600624698	0.698866990	0.592077073	0.618178799	0.649215677
-1.28128128	0.665077120	0.608844886	0.708506827	0.593009885	0.628436752	0.658742188
-1.27427427	0.674266526	0.617133852	0.718185817	0.593874664	0.638816057	0.668343367
-1.26726727	0.683510749	0.625489714	0.727898837	0.594670485	0.649314384	0.678015686
-1.26026026	0.692806251	0.633910440	0.737640490	0.595396445	0.659929115	0.687755360
-1.25325325	0.702149274	0.642393840	0.747405105	0.596051658	0.670657338	0.697558339
-1.24624625	0.711535840	0.650937562	0.757186732	0.596635260	0.681495829	0.707420299
-1.23923924	0.720961739	0.659539085	0.766979131	0.597146407	0.692441040	0.717336633
-1.23223223	0.730422526	0.668195713	0.776775778	0.597584279	0.703489082	0.727302441
-1.22522523	0.739913513	0.676904568	0.786569854	0.597948078	0.714635716	0.737312529
-1.21821822	0.749429765	0.685662584	0.796354245	0.598237030	0.725876332	0.747361393
-1.21121121	0.758966095	0.694466504	0.806121542	0.598450385	0.737205940	0.757443219
-1.20420420	0.768517057	0.703312867	0.815864036	0.598587422	0.748619153	0.767551871
-1.19719720	0.778076938	0.712198008	0.825573717	0.598647444	0.760110174	0.777680887
-1.19019019	0.787639760	0.721118050	0.835242278	0.598629780	0.771672784	0.787823472
-1.18318318	0.797199271	0.730068894	0.844861112	0.598533791	0.783300323	0.797972494
-1.17617618	0.806748939	0.739046218	0.854421314	0.598358864	0.794985682	0.808120478
-1.16916917	0.816281954	0.748045469	0.863913685	0.598104418	0.806721289	0.818259600
-1.16216216	0.825791220	0.757061853	0.873328732	0.597769900	0.818499095	0.828381687
-1.15515516	0.835269352	0.766090338	0.882656677	0.597354791	0.830310565	0.838478211
-1.14814815	0.844708679	0.775125638	0.891887458	0.596858603	0.842146665	0.848540291
-1.14114114	0.854101236	0.784162214	0.901010737	0.596280880	0.853997853	0.858558685
-1.13413413	0.863438765	0.793194266	0.910015909	0.595621201	0.865854072	0.868523798
-1.12712713	0.872712717	0.802215730	0.918892106	0.594879178	0.877704738	0.878425677
-1.12012012	0.881914248	0.811220269	0.927628213	0.594054460	0.889538738	0.888254016
-1.11311311	0.891034225	0.820201273	0.936212872	0.593146729	0.901344420	0.897998156
-1.10610611	0.900063224	0.829151850	0.944634500	0.592155704	0.913109595	0.907647095
-1.09909910	0.908991534	0.838064826	0.952881300	0.591081142	0.924821529	0.917189487
-1.09209209	0.917809159	0.846932740	0.960941274	0.589922836	0.936466949	0.926613654
-1.08508509	0.926505827	0.855747840	0.968802241	0.588680616	0.948032037	0.935907592
-1.07807808	0.935070992	0.864502081	0.976451856	0.587354354	0.959502442	0.945058980
-1.07107107	0.943493839	0.873187124	0.983877624	0.585943958	0.970863278	0.954055197
-1.06406406	0.951763298	0.881794331	0.991066923	0.584449375	0.982099141	0.962883326
-1.05705706	0.959868046	0.890314769	0.998007024	0.582870593	0.993194109	0.971530176
-1.05005005	0.967796522	0.898739207	1.004685116	0.581207640	1.004131766	0.979982296
-1.04304304	0.975536934	0.907058116	1.011088324	0.579460586	1.014895210	0.988225991
-1.03603604	0.983077276	0.915261672	1.017203740	0.577629539	1.025467075	0.996247345
-1.02902903	0.990405339	0.923339755	1.023018446	0.575714650	1.035829555	1.004032238
-1.02202202	0.997508725	0.931281959	1.028519542	0.573716111	1.045964422	1.011566374
-1.01501502	1.004374867	0.939077587	1.033694175	0.571634157	1.055853062	1.018835302
-1.00800801	1.010991042	0.946715661	1.038529566	0.569469064	1.065476500	1.025824443
-1.00100100	1.017344396	0.954184929	1.043013043	0.567221150	1.074815437	1.032519120
-0.99399399	1.023421957	0.961473869	1.047132074	0.564890774	1.083850286	1.038904585
-0.98698699	1.029210664	0.968570699	1.050874292	0.562478341	1.092561214	1.044966053
-0.97997998	1.034697385	0.975463385	1.054227538	0.559984295	1.100928184	1.050688733
-0.97297297	1.039868943	0.982139653	1.057179884	0.557409125	1.108931004	1.056057863
-0.96596597	1.044712144	0.988587002	1.059719677	0.554753361	1.116549374	1.061058745
-0.95895896	1.049213800	0.994792716	1.061835566	0.552017575	1.123762943	1.065676785
-0.95195195	1.053360760	1.000743877	1.063516543	0.549202383	1.130551361	1.069897525
-0.94494494	1.057139938	1.006427386	1.064751971	0.546308443	1.136894341	1.073706690
-0.93793794	1.060538345	1.011829976	1.065531626	0.543336455	1.142771716	1.077090220
-0.93093093	1.063543121	1.016938235	1.065845730	0.540287160	1.148163506	1.080034319
-0.92392392	1.066141566	1.021738624	1.065684985	0.537161343	1.153049983	1.082525490
-0.91691692	1.068321174	1.026217501	1.065040606	0.533959827	1.157411733	1.084550581
-0.90990991	1.070069670	1.030361146	1.063904362	0.530683481	1.161229733	1.086096826
-0.90290290	1.071375045	1.034155785	1.062268603	0.527333211	1.164485412	1.087151889
-0.89589590	1.072225588	1.037587620	1.060126295	0.523909964	1.167160729	1.087703903
-0.88888889	1.072609931	1.040642855	1.057471054	0.520414730	1.169238239	1.087741516
-0.88188188	1.072517078	1.043307730	1.054297178	0.516848537	1.170701165	1.087253932
-0.87487487	1.071936448	1.045568552	1.050599673	0.513212451	1.171533469	1.086230952
-0.86786787	1.070857912	1.047411730	1.046374285	0.509507579	1.171719920	1.084663012
-0.86086086	1.069271832	1.048823811	1.041617531	0.505735065	1.171246166	1.082541229
-0.85385385	1.067169097	1.049791519	1.036326717	0.501896091	1.170098794	1.079857432
-0.84684685	1.064541164	1.050301793	1.030499971	0.497991877	1.168265402	1.076604206
-0.83983984	1.061380098	1.050341828	1.024136263	0.494023677	1.165734655	1.072774921
-0.83283283	1.057678603	1.049899118	1.017235427	0.489992785	1.162496345	1.068363771
-0.82582583	1.053430069	1.048961503	1.009798177	0.485900526	1.158541450	1.063365806
-0.81881882	1.048628601	1.047517211	1.001826134	0.481748263	1.153862179	1.057776958
-0.81181181	1.043269059	1.045554905	0.993321830	0.477537388	1.148452024	1.051594074
-0.80480480	1.037347097	1.043063736	0.984288733	0.473269332	1.142305803	1.044814941
-0.79779780	1.030859189	1.040033388	0.974731250	0.468945553	1.135419696	1.037438310
-0.79079079	1.023802674	1.036454129	0.964654744	0.464567542	1.127791278	1.029463914
-0.78378378	1.016175778	1.032316867	0.954065535	0.460136821	1.119419551	1.020892495
-0.77677678	1.007977653	1.027613197	0.942970910	0.455654941	1.110304960	1.011725815
-0.76976977	0.999208406	1.022335459	0.931379123	0.451123482	1.100449420	1.001966674
-0.76276276	0.989869125	1.016476789	0.919299400	0.446544050	1.089856318	0.991618920
-0.75575576	0.979961909	1.010031174	0.906741932	0.441918279	1.078530528	0.980687462
-0.74874875	0.969489894	1.002993507	0.893717877	0.437247830	1.066478409	0.969178281
-0.74174174	0.958457276	0.995359640	0.880239349	0.432534385	1.053707804	0.957098427
-0.73473473	0.946869335	0.987126441	0.866319416	0.427779652	1.040228032	0.944456034
-0.72772773	0.934732457	0.978291845	0.851972082	0.422985361	1.026049876	0.931260317
-0.72072072	0.922054149	0.968854910	0.837212281	0.418153265	1.011185568	0.917521573
-0.71371371	0.908843062	0.958815866	0.822055859	0.413285134	0.995648772	0.903251185
-0.70670671	0.895109003	0.948176169	0.806519558	0.408382759	0.979454560	0.888461613
-0.69969970	0.880862947	0.936938549	0.790620993	0.403447950	0.962619389	0.873166399
-0.69269269	0.866117054	0.925107061	0.774378637	0.398482533	0.945161078	0.857380159
-0.68568569	0.850884675	0.912687126	0.757811791	0.393488347	0.927098782	0.841118578
-0.67867868	0.835180357	0.899685578	0.740940560	0.388467251	0.908452961	0.824398409
-0.67167167	0.819019853	0.886110707	0.723785823	0.383421111	0.889245363	0.807237462
-0.66466466	0.802420121	0.871972291	0.706369205	0.378351811	0.869498993	0.789654603
-0.65765766	0.785399326	0.857281634	0.688713040	0.373261242	0.849238093	0.771669747
-0.65065065	0.767976837	0.842051598	0.670840336	0.368151304	0.828488127	0.753303850
-0.64364364	0.750173222	0.826296626	0.652774738	0.363023908	0.807275757	0.734578905
-0.63663664	0.732010237	0.810032767	0.634540485	0.357880970	0.785628840	0.715517934
-0.62962963	0.713510822	0.793277691	0.616162368	0.352724412	0.763576414	0.696144984
-0.62262262	0.694699078	0.776050702	0.597665682	0.347556162	0.741148698	0.676485120
-0.61561562	0.675600253	0.758372739	0.579076177	0.342378147	0.718377096	0.656564415
-0.60860861	0.656240719	0.740266384	0.560420006	0.337192300	0.695294204	0.636409944
-0.60160160	0.636647947	0.721755846	0.541723672	0.332000553	0.671933824	0.616049778
-0.59459459	0.616850470	0.702866948	0.523013965	0.326804835	0.648330981	0.595512968
-0.58758759	0.596877855	0.683627109	0.504317908	0.321607075	0.624521946	0.574829537
-0.58058058	0.576760652	0.664065308	0.485662684	0.316409198	0.600544264	0.554030462
-0.57357357	0.556530353	0.644212047	0.467075575	0.311213123	0.576436781	0.533147656
-0.56656657	0.536219335	0.624099303	0.448583891	0.306020764	0.552239678	0.512213944
-0.55955956	0.515860794	0.603760466	0.430214890	0.300834026	0.527994492	0.491263034
-0.55255255	0.495488686	0.583230276	0.411995709	0.295654805	0.503744153	0.470329484
-0.54554555	0.475137637	0.562544743	0.393953278	0.290484989	0.479532996	0.449448659
-0.53853854	0.454842869	0.541741055	0.376114238	0.285326450	0.455406775	0.428656673
-0.53153153	0.434640095	0.520857481	0.358504854	0.280181051	0.431412663	0.407990336
-0.52452452	0.414565420	0.499933259	0.341150929	0.275050639	0.407599234	0.387487072
-0.51751752	0.394655222	0.479008469	0.324077707	0.269937043	0.384016422	0.367184839
-0.51051051	0.374946029	0.458123904	0.307309784	0.264842078	0.360715455	0.347122017
-0.50350350	0.355474382	0.437320919	0.290871007	0.259767540	0.337748755	0.327337299
-0.49649650	0.336276684	0.416641272	0.274784382	0.254715205	0.315169805	0.307869547
-0.48948949	0.317389043	0.396126957	0.259071968	0.249686825	0.293032962	0.288757639
-0.48248248	0.298847102	0.375820018	0.243754786	0.244684136	0.271393224	0.270040291
-0.47547548	0.280685858	0.355762361	0.228852713	0.239708843	0.250305941	0.251755857
-0.46846847	0.262939469	0.335995544	0.214384384	0.234762633	0.229826458	0.233942109
-0.46146146	0.245641053	0.316560569	0.200367101	0.229847161	0.210009690	0.216635989
-0.45445445	0.228822479	0.297497657	0.186816728	0.224964059	0.190909622	0.199873346
-0.44744745	0.212514145	0.278846015	0.173747610	0.220114927	0.172578731	0.183688637
-0.44044044	0.196744761	0.260643605	0.161172475	0.215301338	0.155067330	0.168114622
-0.43343343	0.181541117	0.242926892	0.149102359	0.210524833	0.138422834	0.153182026
-0.42642643	0.166927854	0.225730604	0.137546529	0.205786920	0.122688945	0.138919190
-0.41941942	0.152927234	0.209087483	0.126512408	0.201089075	0.107904786	0.125351708
-0.41241241	0.139558922	0.193028034	0.116005523	0.196432738	0.094103962	0.112502053
-0.40540541	0.126839760	0.177580281	0.106029450	0.191819316	0.081313604	0.100389201
-0.39839840	0.114783567	0.162769530	0.096585773	0.187250177	0.069553387	0.089028259
-0.39139139	0.103400947	0.148618138	0.087674062	0.182726653	0.058834584	0.078430106
-0.38438438	0.092699117	0.135145290	0.079291853	0.178250036	0.049159162	0.068601051
-0.37737738	0.082681761	0.122366802	0.071434651	0.173821581	0.040518996	0.059542533
-0.37037037	0.073348913	0.110294935	0.064095946	0.169442501	0.032895239	0.051250855
-0.36336336	0.064696872	0.098938232	0.057267244	0.165113967	0.026257905	0.043716986
-0.35635636	0.056718159	0.088301388	0.050938116	0.160837109	0.020565738	0.036926426
-0.34934935	0.049401514	0.078385146	0.045096261	0.156613013	0.015766425	0.030859161
-0.34234234	0.042731944	0.069186230	0.039727599	0.152442723	0.011797223	0.025489724
-0.33533534	0.036690818	0.060697321	0.034816363	0.148327236	0.008586041	0.020787356
-0.32832833	0.031256024	0.052907071	0.030345226	0.144267506	0.006053018	0.016716303
-0.32132132	0.026402172	0.045800169	0.026295437	0.140264440	0.004112610	0.013236248
-0.31431431	0.022100866	0.039357454	0.022646977	0.136318899	0.002676144	0.010302871
-0.30730731	0.018321020	0.033556085	0.019378725	0.132431696	0.001654758	0.007868565
-0.30030030	0.015029242	0.028369761	0.016468649	0.128603598	0.000962583	0.005883274
-0.29329329	0.012190260	0.023769004	0.013893997	0.124835323	0.000519946	0.004295457
-0.28628629	0.009767392	0.019721486	0.011631507	0.121127540	0.000256309	0.003053146
-0.27927928	0.007723061	0.016192425	0.009657621	0.117480871	0.000112608	0.002105075
-0.27227227	0.006019326	0.013145014	0.007948700	0.113895888	0.000042643	0.001401817
-0.26526527	0.004618432	0.010540910	0.006481250	0.110373112	0.000013252	0.000896901
-0.25825826	0.003483363	0.008340750	0.005232132	0.106913017	0.000003132	0.000547823
-0.25125125	0.002578371	0.006504706	0.004178777	0.103516026	0.000000496	0.000316898
-0.24424424	0.001869480	0.004993042	0.003299383	0.100182513	0.000000042	0.000171878
-0.23723724	0.001324932	0.003766692	0.002573099	0.096912800	0.000000001	0.000086289
-0.23023023	0.000915570	0.002787812	0.001980197	0.093707162	0.000000000	0.000039428
-0.22322322	0.000615140	0.002020312	0.001502209	0.090565822	0.000000000	0.000016032
-0.21621622	0.000400492	0.001430340	0.001122051	0.087488955	0.000000000	0.000005623
-0.20920921	0.000251684	0.000986699	0.000824110	0.084476685	0.000000000	0.000001628
-0.20220220	0.000151967	0.000661189	0.000594304	0.081529089	0.000000000	0.000000364
-0.19519520	0.000087675	0.000428846	0.000420109	0.078646193	0.000000000	0.000000057
-0.18818819	0.000048012	0.000268082	0.000290556	0.075827975	0.000000000	0.000000005
-0.18118118	0.000024754	0.000160702	0.000196195	0.073074367	0.000000000	0.000000000
-0.17417417	0.000011896	0.000091814	0.000129025	0.070385250	0.000000000	0.000000000
-0.16716717	0.000005263	0.000049625	0.000082410	0.067760461	0.000000000	0.000000000
-0.16016016	0.000002109	0.000025142	0.000050956	0.065199789	0.000000000	0.000000000
-0.15315315	0.000000750	0.000011804	0.000030387	0.062702978	0.000000000	0.000000000
-0.14614615	0.000000230	0.000005061	0.000017400	0.060269726	0.000000000	0.000000000
-0.13913914	0.000000059	0.000001945	0.000009517	0.057899689	0.000000000	0.000000000
-0.13213213	0.000000012	0.000000653	0.000004942	0.055592477	0.000000000	0.000000000
-0.12512513	0.000000002	0.000000185	0.000002418	0.053347658	0.000000000	0.000000000
-0.11811812	0.000000000	0.000000042	0.000001105	0.051164761	0.000000000	0.000000000
-0.11111111	0.000000000	0.000000007	0.000000466	0.049043272	0.000000000	0.000000000
-0.10410410	0.000000000	0.000000001	0.000000179	0.046982638	0.000000000	0.000000000
-0.09709710	0.000000000	0.000000000	0.000000062	0.044982269	0.000000000	0.000000000
-0.09009009	0.000000000	0.000000000	0.000000019	0.043041535	0.000000000	0.000000000
-0.08308308	0.000000000	0.000000000	0.000000005	0.041159773	0.000000000	0.000000000
-0.07607608	0.000000000	0.000000000	0.000000001	0.039336284	0.000000000	0.000000000
-0.06906907	0.000000000	0.000000000	0.000000000	0.037570335	0.000000000	0.000000000
-0.06206206	0.000000000	0.000000000	0.000000000	0.035861161	0.000000000	0.000000000
-0.05505506	0.000000000	0.000000000	0.000000000	0.034207968	0.000000000	0.000000000
-0.04804805	0.000000000	0.000000000	0.000000000	0.032609930	0.000000000	0.000000000
-0.04104104	0.000000000	0.000000000	0.000000000	0.031066195	0.000000000	0.000000000
-0.03403403	0.000000000	0.000000000	0.000000000	0.029575883	0.000000000	0.000000000
-0.02702703	0.000000000	0.000000000	0.000000000	0.028138091	0.000000000	0.000000000
-0.02002002	0.000000000	0.000000000	0.000000000	0.026751890	0.000000000	0.000000000
-0.01301301	0.000000000	0.000000000	0.000000000	0.025416332	0.000000000	0.000000000
-0.00600601	0.000000000	0.000000000	0.000000000	0.024130446	0.000000000	0.000000000
0.00100100	0.000000000	0.000000000	0.000000000	0.022893243	0.000000000	0.000000000
0.00800801	0.000000000	0.000000000	0.000000000	0.021703718	0.000000000	0.000000000
0.01501502	0.000000000	0.000000000	0.000000000	0.020560850	0.000000000	0.000000000
0.02202202	0.000000000	0.000000000	0.000000000	0.019463602	0.000000000	0.000000000
0.02902903	0.000000000	0.000000000	0.000000000	0.018410926	0.000000000	0.000000000
0.03603604	0.000000000	0.000000000	0.000000000	0.017401765	0.000000000	0.000000000
0.04304304	0.000000000	0.000000000	0.000000000	0.016435050	0.000000000	0.000000000
0.05005005	0.000000000	0.000000000	0.000000000	0.015509706	0.000000000	0.000000000
0.05705706	0.000000000	0.000000000	0.000000000	0.014624651	0.000000000	0.000000000
0.06406406	0.000000000	0.000000000	0.000000000	0.013778799	0.000000000	0.000000000
0.07107107	0.000000000	0.000000000	0.000000000	0.012971063	0.000000000	0.000000000
0.07807808	0.000000000	0.000000000	0.000000000	0.012200351	0.000000000	0.000000000
0.08508509	0.000000000	0.000000000	0.000000000	0.011465575	0.000000000	0.000000000
0.09209209	0.000000000	0.000000000	0.000000000	0.010765646	0.000000000	0.000000000
0.09909910	0.000000000	0.000000000	0.000000000	0.010099480	0.000000000	0.000000000
0.10610611	0.000000000	0.000000000	0.000000000	0.009465996	0.000000000	0.000000000
0.11311311	0.000000000	0.000000000	0.000000000	0.008864120	0.000000000	0.000000000
0.12012012	0.000000000	0.000000000	0.000000000	0.008292785	0.000000000	0.000000000
0.12712713	0.000000000	0.000000000	0.000000000	0.007750934	0.000000000	0.000000000
0.13413413	0.000000000	0.000000000	0.000000000	0.007237519	0.000000000	0.000000000
0.14114114	0.000000000	0.000000000	0.000000000	0.006751501	0.000000000	0.000000000
0.14814815	0.000000000	0.000000000	0.000000000	0.006291859	0.000000000	0.000000000
0.15515516	0.000000000	0.000000000	0.000000000	0.005857579	0.000000000	0.000000000
0.16216216	0.000000000	0.000000000	0.000000000	0.005447666	0.000000000	0.000000000
0.16916917	0.000000000	0.000000000	0.000000000	0.005061140	0.000000000	0.000000000
0.17617618	0.000000000	0.000000000	0.000000000	0.004697037	0.000000000	0.000000000
0.18318318	0.000000000	0.000000000	0.000000000	0.004354409	0.000000000	0.000000000
0.19019019	0.000000000	0.000000000	0.000000000	0.004032330	0.000000000	0.000000000
0.19719720	0.000000000	0.000000000	0.000000000	0.003729891	0.000000000	0.000000000
0.20420420	0.000000000	0.000000000	0.000000000	0.003446202	0.000000000	0.000000000
0.21121121	0.000000000	0.000000000	0.000000000	0.003180395	0.000000000	0.000000000
0.21821822	0.000000000	0.000000000	0.000000000	0.002931624	0.000000000	0.000000000
0.22522523	0.000000000	0.000000000	0.000000000	0.002699063	0.000000000	0.000000000
0.23223223	0.000000000	0.000000000	0.000000000	0.002481910	0.000000000	0.000000000
0.23923924	0.000000000	0.000000000	0.000000000	0.002279384	0.000000000	0.000000000
0.24624625	0.000000000	0.000000000	0.000000000	0.002090728	0.000000000	0.000000000
0.25325325	0.000000000	0.000000000	0.000000000	0.001915208	0.000000000	0.000000000
0.26026026	0.000000000	0.000000000	0.000000000	0.001752114	0.000000000	0.000000000
0.26726727	0.000000000	0.000000000	0.000000000	0.001600759	0.000000000	0.000000000
0.27427427	0.000000000	0.000000000	0.000000000	0.001460482	0.000000000	0.000000000
0.28128128	0.000000000	0.000000000	0.000000000	0.001330642	0.000000000	0.000000000
0.28828829	0.000000000	0.000000000	0.000000000	0.001210626	0.000000000	0.000000000
0.29529530	0.000000000	0.000000000	0.000000000	0.001099843	0.000000000	0.000000000
0.30230230	0.000000000	0.000000000	0.000000000	0.000997725	0.000000000	0.000000000
0.30930931	0.000000000	0.000000000	0.000000000	0.000903729	0.000000000	0.000000000
0.31631632	0.000000000	0.000000000	0.000000000	0.000817335	0.000000000	0.000000000
0.32332332	0.000000000	0.000000000	0.000000000	0.000738045	0.000000000	0.000000000
0.33033033	0.000000000	0.000000000	0.000000000	0.000665386	0.000000000	0.000000000
0.33733734	0.000000000	0.000000000	0.000000000	0.000598905	0.000000000	0.000000000
0.34434434	0.000000000	0.000000000	0.000000000	0.000538173	0.000000000	0.000000000
0.35135135	0.000000000	0.000000000	0.000000000	0.000482782	0.000000000	0.000000000
0.35835836	0.000000000	0.000000000	0.000000000	0.000432345	0.000000000	0.000000000
0.36536537	0.000000000	0.000000000	0.000000000	0.000386495	0.000000000	0.000000000
0.37237237	0.000000000	0.000000000	0.000000000	0.000344886	0.000000000	0.000000000
0.37937938	0.000000000	0.000000000	0.000000000	0.000307192	0.000000000	0.000000000
0.38638639	0.000000000	0.000000000	0.000000000	0.000273105	0.000000000	0.000000000
0.39339339	0.000000000	0.000000000	0.000000000	0.000242336	0.000000000	0.000000000
0.40040040	0.000000000	0.000000000	0.000000000	0.000214613	0.000000000	0.000000000
0.40740741	0.000000000	0.000000000	0.000000000	0.000189681	0.000000000	0.000000000
0.41441441	0.000000000	0.000000000	0.000000000	0.000167304	0.000000000	0.000000000
0.42142142	0.000000000	0.000000000	0.000000000	0.000147259	0.000000000	0.000000000
0.42842843	0.000000000	0.000000000	0.000000000	0.000129340	0.000000000	0.000000000
0.43543544	0.000000000	0.000000000	0.000000000	0.000113353	0.000000000	0.000000000
0.44244244	0.000000000	0.000000000	0.000000000	0.000099121	0.000000000	0.000000000
0.44944945	0.000000000	0.000000000	0.000000000	0.000086479	0.000000000	0.000000000
0.45645646	0.000000000	0.000000000	0.000000000	0.000075273	0.000000000	0.000000000
0.46346346	0.000000000	0.000000000	0.000000000	0.000065363	0.000000000	0.000000000
0.47047047	0.000000000	0.000000000	0.000000000	0.000056619	0.000000000	0.000000000
0.47747748	0.000000000	0.000000000	0.000000000	0.000048922	0.000000000	0.000000000
0.48448448	0.000000000	0.000000000	0.000000000	0.000042164	0.000000000	0.000000000
0.49149149	0.000000000	0.000000000	0.000000000	0.000036244	0.000000000	0.000000000
0.49849850	0.000000000	0.000000000	0.000000000	0.000031072	0.000000000	0.000000000
0.50550551	0.000000000	0.000000000	0.000000000	0.000026564	0.000000000	0.000000000
0.51251251	0.000000000	0.000000000	0.000000000	0.000022647	0.000000000	0.000000000
0.51951952	0.000000000	0.000000000	0.000000000	0.000019252	0.000000000	0.000000000
0.52652653	0.000000000	0.000000000	0.000000000	0.000016317	0.000000000	0.000000000
0.53353353	0.000000000	0.000000000	0.000000000	0.000013788	0.000000000	0.000000000
0.54054054	0.000000000	0.000000000	0.000000000	0.000011614	0.000000000	0.000000000
0.54754755	0.000000000	0.000000000	0.000000000	0.000009752	0.000000000	0.000000000
0.55455455	0.000000000	0.000000000	0.000000000	0.000008162	0.000000000	0.000000000
0.56156156	0.000000000	0.000000000	0.000000000	0.000006808	0.000000000	0.000000000
0.56856857	0.000000000	0.000000000	0.000000000	0.000005659	0.000000000	0.000000000
0.57557558	0.000000000	0.000000000	0.000000000	0.000004688	0.000000000	0.000000000
0.58258258	0.000000000	0.000000000	0.000000000	0.000003869	0.000000000	0.000000000
0.58958959	0.000000000	0.000000000	0.000000000	0.000003181	0.000000000	0.000000000
0.59659660	0.000000000	0.000000000	0.000000000	0.000002606	0.000000000	0.000000000
0.60360360	0.000000000	0.000000000	0.000000000	0.000002126	0.000000000	0.000000000
0.61061061	0.000000000	0.000000000	0.000000000	0.000001727	0.000000000	0.000000000
0.61761762	0.000000000	0.000000000	0.000000000	0.000001398	0.000000000	0.000000000
0.62462462	0.000000000	0.000000000	0.000000000	0.000001126	0.000000000	0.000000000
0.63163163	0.000000000	0.000000000	0.000000000	0.000000903	0.000000000	0.000000000
0.63863864	0.000000000	0.000000000	0.000000000	0.000000721	0.000000000	0.000000000
0.64564565	0.000000000	0.000000000	0.000000000	0.000000573	0.000000000	0.000000000
0.65265265	0.000000000	0.000000000	0.000000000	0.000000453	0.000000000	0.000000000
0.65965966	0.000000000	0.000000000	0.000000000	0.000000357	0.000000000	0.000000000
0.66666667	0.000000000	0.000000000	0.000000000	0.000000279	0.000000000	0.000000000
0.67367367	0.000000000	0.000000000	0.000000000	0.000000218	0.000000000	0.000000000
0.68068068	0.000000000	0.000000000	0.000000000	0.000000168	0.000000000	0.000000000
0.68768769	0.000000000	0.000000000	0.000000000	0.000000130	0.000000000	0.000000000
0.69469469	0.000000000	0.000000000	0.000000000	0.000000099	0.000000000	0.000000000
0.70170170	0.000000000	0.000000000	0.000000000	0.000000076	0.000000000	0.000000000
0.70870871	0.000000000	0.000000000	0.000000000	0.000000057	0.000000000	0.000000000
0.71571572	0.000000000	0.000000000	0.000000000	0.000000043	0.000000000	0.000000000
0.72272272	0.000000000	0.000000000	0.000000000	0.000000032	0.000000000	0.000000000
0.72972973	0.000000000	0.000000000	0.000000000	0.000000024	0.000000000	0.000000000
0.73673674	0.000000000	0.000000000	0.000000000	0.000000018	0.000000000	0.000000000
0.74374374	0.000000000	0.000000000	0.000000000	0.000000013	0.000000000	0.000000000
0.75075075	0.000000000	0.000000000	0.000000000	0.000000009	0.000000000	0.000000000
0.75775776	0.000000000	0.000000000	0.000000000	0.000000007	0.000000000	0.000000000
0.76476476	0.000000000	0.000000000	0.000000000	0.000000005	0.000000000	0.000000000
0.77177177	0.000000000	0.000000000	0.000000000	0.000000003	0.000000000	0.000000000
0.77877878	0.000000000	0.000000000	0.000000000	0.000000002	0.000000000	0.000000000
0.78578579	0.000000000	0.000000000	0.000000000	0.000000002	0.000000000	0.000000000
0.79279279	0.000000000	0.000000000	0.000000000	0.000000001	0.000000000	0.000000000
0.79979980	0.000000000	0.000000000	0.000000000	0.000000001	0.000000000	0.000000000
0.80680681	0.000000000	0.000000000	0.000000000	0.000000001	0.000000000	0.000000000
0.81381381	0.000000000	0.000000000	0.000000000	0.000000000	0.000000000	0.000000000
0.82082082	0.000000000	0.000000000	0.000000000	0.000000000	0.000000000	0.000000000
0.82782783	0.000000000	0.000000000	0.000000000	0.000000000	0.000000000	0.000000000
0.83483483	0.000000000	0.000000000	0.000000000	0.000000000	0.000000000	0.000000000
0.84184184	0.000000000	0.000000000	0.000000000	0.000000000	0.000000000	0.000000000
0.84884885	0.000000000	0.000000000	0.000000000	0.000000000	0.000000000	0.000000000
0.85585586	0.000000000	0.000000000	0.000000000	0.000000000	0.000000000	0.000000000
0.86286286	0.000000000	0.000000000	0.000000000	0.000000000	0.000000000	0.000000000
0.86986987	0.000000000	0.000000000	0.000000000	0.000000000	0.000000000	0.000000000
0.87687688	0.000000000	0.000000000	0.000000000	0.000000000	0.000000000	0.000000000
0.88388388	0.000000000	0.000000000	0.000000000	0.000000000	0.000000000	0.000000000
0.89089089	0.000000000	0.000000000	0.000000000	0.000000000	0.000000000	0.000000000
0.89789790	0.000000000	0.000000000	0.000000000	0.000000000	0.000000000	0.000000000
0.90490490	0.000000000	0.000000000	0.000000000	0.000000000	0.000000000	0.000000000
0.91191191	0.000000000	0.000000000	0.000000000	0.000000000	0.000000000	0.000000000
0.91891892	0.000000000	0.000000000	0.000000000	0.000000000	0.000000000	0.000000000
0.92592593	0.000000000	0.000000000	0.000000000	0.000000000	0.000000000	0.000000000
0.93293293	0.000000000	0.000000000	0.000000000	0.000000000	0.000000000	0.000000000
0.93993994	0.000000000	0.000000000	0.000000000	0.000000000	0.000000000	0.000000000
0.94694695	0.000000000	0.000000000	0.000000000	0.000000000	0.000000000	0.000000000
0.95395395	0.000000000	0.000000000	0.000000000	0.000000000	0.000000000	0.000000000
0.96096096	0.000000000	0.000000000	0.000000000	0.000000000	0.000000000	0.000000000
0.96796797	0.000000000	0.000000000	0.000000000	0.000000000	0.000000000	0.000000000
0.97497497	0.000000000	0.000000000	0.000000000	0.000000000	0.000000000	0.000000000
0.98198198	0.000000000	0.000000000	0.000000000	0.000000000	0.000000000	0.000000000
0.98898899	0.000000000	0.000000000	0.000000000	0.000000000	0.000000000	0.000000000
0.99599600	0.000000000	0.000000000	0.000000000	0.000000000	0.000000000	0.000000000
1.00300300	0.000000000	0.000000000	0.000000000	0.000000000	0.000000000	0.000000000
1.01001001	0.000000000	0.000000000	0.000000000	0.000000000	0.000000000	0.000000000
1.01701702	0.000000000	0.000000000	0.000000000	0.000000000	0.000000000	0.000000000
1.02402402	0.000000000	0.000000000	0.000000000	0.000000000	0.000000000	0.000000000
1.03103103	0.000000000	0.000000000	0.000000000	0.000000000	0.000000000	0.000000000
1.03803804	0.000000000	0.000000000	0.000000000	0.000000000	0.000000000	0.000000000
1.04504505	0.000000000	0.000000000	0.000000000	0.000000000	0.000000000	0.000000000
1.05205205	0.000000000	0.000000000	0.000000000	0.000000000	0.000000000	0.000000000
1.05905906	0.000000000	0.000000000	0.000000000	0.000000000	0.000000000	0.000000000
1.06606607	0.000000000	0.000000000	0.000000000	0.000000000	0.000000000	0.000000000
1.07307307	0.000000000	0.000000000	0.000000000	0.000000000	0.000000000	0.000000000
1.08008008	0.000000000	0.000000000	0.000000000	0.000000000	0.000000000	0.000000000
1.08708709	0.000000000	0.000000000	0.000000000	0.000000000	0.000000000	0.000000000
1.09409409	0.000000000	0.000000000	0.000000000	0.000000000	0.000000000	0.000000000
1.10110110	0.000000000	0.000000000	0.000000000	0.000000000	0.000000000	0.000000000
1.10810811	0.000000000	0.000000000	0.000000000	0.000000000	0.000000000	0.000000000
1.11511512	0.000000000	0.000000000	0.000000000	0.000000000	0.000000000	0.000000000
1.12212212	0.000000000	0.000000000	0.000000000	0.000000000	0.000000000	0.000000000
1.12912913	0.000000000	0.000000000	0.000000000	0.000000000	0.000000000	0.000000000
1.13613614	0.000000000	0.000000000	0.000000000	0.000000000	0.000000000	0.000000000
1.14314314	0.000000000	0.000000000	0.000000000	0.000000000	0.000000000	0.000000000
1.15015015	0.000000000	0.000000000	0.000000000	0.000000000	0.000000000	0.000000000
1.15715716	0.000000000	0.000000000	0.000000000	0.000000000	0.000000000	0.000000000
1.16416416	0.000000000	0.000000000	0.000000000	0.000000000	0.000000000	0.000000000
1.17117117	0.000000000	0.000000000	0.000000000	0.000000000	0.000000000	0.000000000
1.17817818	0.000000000	0.000000000	0.000000000	0.000000000	0.000000000	0.000000000
1.18518519	0.000000000	0.000000000	0.000000000	0.000000000	0.000000000	0.000000000
1.19219219	0.000000000	0.000000000	0.000000000	0.000000000	0.000000000	0.000000000
1.19919920	0.000000000	0.000000000	0.000000000	0.000000000	0.000000000	0.000000000
1.20620621	0.000000000	0.000000000	0.000000000	0.000000000	0.000000000	0.000000000
1.21321321	0.000000000	0.000000000	0.000000000	0.000000000	0.000000000	0.000000000
1.22022022	0.000000000	0.000000000	0.000000000	0.000000000	0.000000000	0.000000000
1.22722723	0.000000000	0.000000000	0.000000000	0.000000000	0.000000000	0.000000000
1.23423423	0.000000000	0.000000000	0.000000000	0.000000000	0.000000000	0.000000000
1.24124124	0.000000000	0.000000000	0.000000000	0.000000000	0.000000000	0.000000000
1.24824825	0.000000000	0.000000000	0.000000000	0.000000000	0.000000000	0.000000000
1.25525526	0.000000000	0.000000000	0.000000000	0.000000000	0.000000000	0.000000000
1.26226226	0.000000000	0.000000000	0.000000000	0.000000000	0.000000000	0.000000000
1.26926927	0.000000000	0.000000000	0.000000000	0.000000000	0.000000000	0.000000000
1.27627628	0.000000000	0.000000000	0.000000000	0.000000000	0.000000000	0.000000000
1.28328328	0.000000000	0.000000000	0.000000000	0.000000000	0.000000000	0.000000000
1.29029029	0.000000000	0.000000000	0.000000000	0.000000000	0.000000000	0.000000000
1.29729730	0.000000000	0.000000000	0.000000000	0.000000000	0.000000000	0.000000000
1.30430430	0.000000000	0.000000000	0.000000000	0.000000000	0.000000000	0.000000000
1.31131131	0.000000000	0.000000000	0.000000000	0.000000000	0.000000000	0.000000000
1.31831832	0.000000000	0.000000000	0.000000000	0.000000000	0.000000000	0.000000000
1.32532533	0.000000000	0.000000000	0.000000000	0.000000000	0.000000000	0.000000000
1.33233233	0.000000000	0.000000000	0.000000000	0.000000000	0.000000000	0.000000000
1.33933934	0.000000000	0.000000000	0.000000000	0.000000000	0.000000000	0.000000000
1.34634635	0.000000000	0.000000000	0.000000000	0.000000000	0.000000000	0.000000000
1.35335335	0.000000000	0.000000000	0.000000000	0.000000000	0.000000000	0.000000000
1.36036036	0.000000000	0.000000000	0.000000000	0.000000000	0.000000000	0.000000000
1.36736737	0.000000000	0.000000000	0.000000000	0.000000000	0.000000000	0.000000000
1.37437437	0.000000000	0.000000000	0.000000000	0.000000000	0.000000000	0.000000000
1.38138138	0.000000000	0.000000000	0.000000000	0.000000000	0.000000000	0.000000000
1.38838839	0.000000000	0.000000000	0.000000000	0.000000000	0.000000000	0.000000000
1.39539540	0.000000000	0.000000000	0.000000000	0.000000000	0.000000000	0.000000000
1.40240240	0.000000000	0.000000000	0.000000000	0.000000000	0.000000000	0.000000000
1.40940941	0.000000000	0.000000000	0.000000000	0.000000000	0.000000000	0.000000000
1.41641642	0.000000000	0.000000000	0.000000000	0.000000000	0.000000000	0.000000000
1.42342342	0.000000000	0.000000000	0.000000000	0.000000000	0.000000000	0.000000000
1.43043043	0.000000000	0.000000000	0.000000000	0.000000000	0.000000000	0.000000000
1.43743744	0.000000000	0.000000000	0.000000000	0.000000000	0.000000000	0.000000000
1.44444444	0.000000000	0.000000000	0.000000000	0.000000000	0.000000000	0.000000000
1.45145145	0.000000000	0.000000000	0.000000000	0.000000000	0.000000000	0.000000000
1.45845846	0.000000000	0.000000000	0.000000000	0.000000000	0.000000000	0.000000000
1.46546547	0.000000000	0.000000000	0.000000000	0.000000000	0.000000000	0.000000000
1.47247247	0.000000000	0.000000000	0.000000000	0.000000000	0.000000000	0.000000000
1.47947948	0.000000000	0.000000000	0.000000000	0.000000000	0.000000000	0.000000000
1.48648649	0.000000000	0.000000000	0.000000000	0.000000000	0.000000000	0.000000000
1.49349349	0.000000000	0.000000000	0.000000000	0.000000000	0.000000000	0.000000000
1.50050050	0.000000000	0.000000000	0.000000000	0.000000000	0.000000000	0.000000000
1.50750751	0.000000000	0.000000000	0.000000000	0.000000000	0.000000000	0.000000000
1.51451451	0.000000000	0.000000000	0.000000000	0.000000000	0.000000000	0.000000000
1.52152152	0.000000000	0.000000000	0.000000000	0.000000000	0.000000000	0.000000000
1.52852853	0.000000000	0.000000000	0.000000000	0.000000000	0.000000000	0.000000000
1.53553554	0.000000000	0.000000000	0.000000000	0.000000000	0.000000000	0.000000000
1.54254254	0.000000000	0.000000000	0.000000000	0.000000000	0.000000000	0.000000000
1.54954955	0.000000000	0.000000000	0.000000000	0.000000000	0.000000000	0.000000000
1.55655656	0.000000000	0.000000000	0.000000000	0.000000000	0.000000000	0.000000000
1.56356356	0.000000000	0.000000000	0.000000000	0.000000000	0.000000000	0.000000000
1.57057057	0.000000000	0.000000000	0.000000000	0.000000000	0.000000000	0.000000000
1.57757758	0.000000000	0.000000000	0.000000000	0.000000000	0.000000000	0.000000000
1.58458458	0.000000000	0.000000000	0.000000000	0.000000000	0.000000000	0.000000000
1.59159159	0.000000000	0.000000000	0.000000000	0.000000000	0.000000000	0.000000000
1.59859860	0.000000000	0.000000000	0.000000000	0.000000000	0.000000000	0.000000000
1.60560561	0.000000000	0.000000000	0.000000000	0.000000000	0.000000000	0.000000000
1.61261261	0.000000000	0.000000000	0.000000000	0.000000000	0.000000000	0.000000000
1.61961962	0.000000000	0.000000000	0.000000000	0.000000000	0.000000000	0.000000000
1.62662663	0.000000000	0.000000000	0.000000000	0.000000000	0.000000000	0.000000000
1.63363363	0.000000000	0.000000000	0.000000000	0.000000000	0.000000000	0.000000000
1.64064064	0.000000000	0.000000000	0.000000000	0.000000000	0.000000000	0.000000000
1.64764765	0.000000000	0.000000000	0.000000000	0.000000000	0.000000000	0.000000000
1.65465465	0.000000000	0.000000000	0.000000000	0.000000000	0.000000000	0.000000000
1.66166166	0.000000000	0.000000000	0.000000000	0.000000000	0.000000000	0.000000000
1.66866867	0.000000000	0.000000000	0.000000000	0.000000000	0.000000000	0.000000000
1.67567568	0.000000000	0.000000000	0.000000000	0.000000000	0.000000000	0.000000000
1.68268268	0.000000000	0.000000000	0.000000000	0.000000000	0.000000000	0.000000000
1.68968969	0.000000000	0.000000000	0.000000000	0.000000000	0.000000000	0.000000000
1.69669670	0.000000000	0.000000000	0.000000000	0.000000000	0.000000000	0.000000000
1.70370370	0.000000000	0.000000000	0.000000000	0.000000000	0.000000000	0.000000000
1.71071071	0.000000000	0.000000000	0.000000000	0.000000000	0.000000000	0.000000000
1.71771772	0.000000000	0.000000000	0.000000000	0.000000000	0.000000000	0.000000000
1.72472472	0.000000000	0.000000000	0.000000000	0.000000000	0.000000000	0.000000000
1.73173173	0.000000000	0.000000000	0.000000000	0.000000000	0.000000000	0.000000000
1.73873874	0.000000000	0.000000000	0.000000000	0.000000000	0.000000000	0.000000000
1.74574575	0.000000000	0.000000000	0.000000000	0.000000000	0.000000000	0.000000000
1.75275275	0.000000000	0.000000000	0.000000000	0.000000000	0.000000000	0.000000000
1.75975976	0.000000000	0.000000000	0.000000000	0.000000000	0.000000000	0.000000000
1.76676677	0.000000000	0.000000000	0.000000000	0.000000000	0.000000000	0.000000000
1.77377377	0.000000000	0.000000000	0.000000000	0.000000000	0.000000000	0.000000000
1.78078078	0.000000000	0.000000000	0.000000000	0.000000000	0.000000000	0.000000000
1.78778779	0.000000000	0.000000000	0.000000000	0.000000000	0.000000000	0.000000000
1.79479479	0.000000000	0.000000000	0.000000000	0.000000000	0.000000000	0.000000000
1.80180180	0.000000000	0.000000000	0.000000000	0.000000000	0.000000000	0.000000000
1.80880881	0.000000000	0.000000000	0.000000000	0.000000000	0.000000000	0.000000000
1.81581582	0.000000000	0.000000000	0.000000000	0.000000000	0.000000000	0.000000000
1.82282282	0.000000000	0.000000000	0.000000000	0.000000000	0.000000000	0.000000000
1.82982983	0.000000000	0.000000000	0.000000000	0.000000000	0.000000000	0.000000000
1.83683684	0.000000000	0.000000000	0.000000000	0.000000000	0.000000000	0.000000000
1.84384384	0.000000000	0.000000000	0.000000000	0.000000000	0.000000000	0.000000000
1.85085085	0.000000000	0.000000000	0.000000000	0.000000000	0.000000000	0.000000000
1.85785786	0.000000000	0.000000000	0.000000000	0.000000000	0.000000000	0.000000000
1.86486486	0.000000000	0.000000000	0.000000000	0.000000000	0.000000000	0.000000000
1.87187187	0.000000000	0.000000000	0.000000000	0.000000000	0.000000000	0.000000000
1.87887888	0.000000000	0.000000000	0.000000000	0.000000000	0.000000000	0.000000000
1.88588589	0.000000000	0.000000000	0.000000000	0.000000000	0.000000000	0.000000000
1.89289289	0.000000000	0.000000000	0.000000000	0.000000000	0.000000000	0.000000000
1.89989990	0.000000000	0.000000000	0.000000000	0.000000000	0.000000000	0.000000000
1.90690691	0.000000000	0.000000000	0.000000000	0.000000000	0.000000000	0.000000000
1.91391391	0.000000000	0.000000000	0.000000000	0.000000000	0.000000000	0.000000000
1.92092092	0.000000000	0.000000000	0.000000000	0.000000000	0.000000000	0.000000000
1.92792793	0.000000000	0.000000000	0.000000000	0.000000000	0.000000000	0.000000000
1.93493493	0.000000000	0.000000000	0.000000000	0.000000000	0.000000000	0.000000000
1.94194194	0.000000000	0.000000000	0.000000000	0.000000000	0.000000000	0.000000000
1.94894895	0.000000000	0.000000000	0.000000000	0.000000000	0.000000000	0.000000000
1.95595596	0.000000000	0.000000000	0.000000000	0.000000000	0.000000000	0.000000000
1.96296296	0.000000000	0.000000000	0.000000000	0.000000000	0.000000000	0.000000000
1.96996997	0.000000000	0.000000000	0.000000000	0.000000000	0.000000000	0.000000000
1.97697698	0.000000000	0.000000000	0.000000000	0.000000000	0.000000000	0.000000000
1.98398398	0.000000000	0.000000000	0.000000000	0.000000000	0.000000000	0.000000000
1.99099099	0.000000000	0.000000000	0.000000000	0.000000000	0.000000000	0.000000000
1.99799800	0.000000000	0.000000000	0.000000000	0.000000000	0.000000000	0.000000000
2.00500501	0.000000000	0.000000000	0.000000000	0.000000000	0.000000000	0.000000000
2.01201201	0.000000000	0.000000000	0.000000000	0.000000000	0.000000000	0.000000000
2.01901902	0.000000000	0.000000000	0.000000000	0.000000000	0.000000000	0.000000000
2.02602603	0.000000000	0.000000000	0.000000000	0.000000000	0.000000000	0.000000000
2.03303303	0.000000000	0.000000000	0.000000000	0.000000000	0.000000000	0.000000000
2.04004004	0.000000000	0.000000000	0.000000000	0.000000000	0.000000000	0.000000000
2.04704705	0.000000000	0.000000000	0.000000000	0.000000000	0.000000000	0.000000000
2.05405405	0.000000000	0.000000000	0.000000000	0.000000000	0.000000000	0.000000000
2.06106106	0.000000000	0.000000000	0.000000000	0.000000000	0.000000000	0.000000000
2.06806807	0.000000000	0.000000000	0.000000000	0.000000000	0.000000000	0.000000000
2.07507508	0.000000000	0.000000000	0.000000000	0.000000000	0.000000000	0.000000000
2.08208208	0.000000000	0.000000000	0.000000000	0.000000000	0.000000000	0.000000000
2.08908909	0.000000000	0.000000000	0.000000000	0.000000000	0.000000000	0.000000000
2.09609610	0.000000000	0.000000000	0.000000000	0.000000000	0.000000000	0.000000000
2.10310310	0.000000000	0.000000000	0.000000000	0.000000000	0.000000000	0.000000000
2.11011011	0.000000000	0.000000000	0.000000000	0.000000000	0.000000000	0.000000000
2.11711712	0.000000000	0.000000000	0.000000000	0.000000000	0.000000000	0.000000000
2.12412412	0.000000000	0.000000000	0.000000000	0.000000000	0.000000000	0.000000000
2.13113113	0.000000000	0.000000000	0.000000000	0.000000000	0.000000000	0.000000000
2.13813814	0.000000000	0.000000000	0.000000000	0.000000000	0.000000000	0.000000000
2.14514515	0.000000000	0.000000000	0.000000000	0.000000000	0.000000000	0.000000000
2.15215215	0.000000000	0.000000000	0.000000000	0.000000000	0.000000000	0.000000000
2.15915916	0.000000000	0.000000000	0.000000000	0.000000000	0.000000000	0.000000000
2.16616617	0.000000000	0.000000000	0.000000000	0.000000000	0.000000000	0.000000000
2.17317317	0.000000000	0.000000000	0.000000000	0.000000000	0.000000000	0.000000000
2.18018018	0.000000000	0.000000000	0.000000000	0.000000000	0.000000000	0.000000000
2.18718719	0.000000000	0.000000000	0.000000000	0.000000000	0.000000000	0.000000000
2.19419419	0.000000000	0.000000000	0.000000000	0.000000000	0.000000000	0.000000000
2.20120120	0.000000000	0.000000000	0.000000000	0.000000000	0.000000000	0.000000000
2.20820821	0.000000000	0.000000000	0.000000000	0.000000000	0.000000000	0.000000000
2.21521522	0.000000000	0.000000000	0.000000000	0.000000000	0.000000000	0.000000000
2.22222222	0.000000000	0.000000000	0.000000000	0.000000000	0.000000000	0.000000000
2.22922923	0.000000000	0.000000000	0.000000000	0.000000000	0.000000000	0.000000000
2.23623624	0.000000000	0.000000000	0.000000000	0.000000000	0.000000000	0.000000000
2.24324324	0.000000000	0.000000000	0.000000000	0.000000000	0.000000000	0.000000000
2.25025025	0.000000000	0.000000000	0.000000000	0.000000000	0.000000000	0.000000000
2.25725726	0.000000000	0.000000000	0.000000000	0.000000000	0.000000000	0.000000000
2.26426426	0.000000000	0.000000000	0.000000000	0.000000000	0.000000000	0.000000000
2.27127127	0.000000000	0.000000000	0.000000000	0.000000000	0.000000000	0.000000000
2.27827828	0.000000000	0.000000000	0.000000000	0.000000000	0.000000000	0.000000000
2.28528529	0.000000000	0.000000000	0.000000000	0.000000000	0.000000000	0.000000000
2.29229229	0.000000000	0.000000000	0.000000000	0.000000000	0.000000000	0.000000000
2.29929930	0.000000000	0.000000000	0.000000000	0.000000000	0.000000000	0.000000000
2.30630631	0.000000000	0.000000000	0.000000000	0.000000000	0.000000000	0.000000000
2.31331331	0.000000000	0.000000000	0.000000000	0.000000000	0.000000000	0.000000000
2.32032032	0.000000000	0.000000000	0.000000000	0.000000000	0.000000000	0.000000000
2.32732733	0.000000000	0.000000000	0.000000000	0.000000000	0.000000000	0.000000000
2.33433433	0.000000000	0.000000000	0.000000000	0.000000000	0.000000000	0.000000000
2.34134134	0.000000000	0.000000000	0.000000000	0.000000000	0.000000000	0.000000000
2.34834835	0.000000000	0.000000000	0.000000000	0.000000000	0.000000000	0.000000000
2.35535536	0.000000000	0.000000000	0.000000000	0.000000000	0.000000000	0.000000000
2.36236236	0.000000000	0.000000000	0.000000000	0.000000000	0.000000000	0.000000000
2.36936937	0.000000000	0.000000000	0.000000000	0.000000000	0.000000000	0.000000000
2.37637638	0.000000000	0.000000000	0.000000000	0.000000000	0.000000000	0.000000000
2.38338338	0.000000000	0.000000000	0.000000000	0.000000000	0.000000000	0.000000000
2.39039039	0.000000000	0.000000000	0.000000000	0.000000000	0.000000000	0.000000000
2.39739740	0.000000000	0.000000000	0.000000000	0.000000000	0.000000000	0.000000000
2.40440440	0.000000000	0.000000000	0.000000000	0.000000000	0.000000000	0.000000000
2.41141141	0.000000000	0.000000000	0.000000000	0.000000000	0.000000000	0.000000000
2.41841842	0.000000000	0.000000000	0.000000000	0.000000000	0.000000000	0.000000000
2.42542543	0.000000000	0.000000000	0.000000000	0.000000000	0.000000000	0.000000000
2.43243243	0.000000000	0.000000000	0.000000000	0.000000000	0.000000000	0.000000000
2.43943944	0.000000000	0.000000000	0.000000000	0.000000000	0.000000000	0.000000000
2.44644645	0.000000000	0.000000000	0.000000000	0.000000000	0.000000000	0.000000000
2.45345345	0.000000000	0.000000000	0.000000000	0.000000000	0.000000000	0.000000000
2.46046046	0.000000000	0.000000000	0.000000000	0.000000000	0.000000000	0.000000000
2.46746747	0.000000000	0.000000000	0.000000000	0.000000000	0.000000000	0.000000000
2.47447447	0.000000000	0.000000000	0.000000000	0.000000000	0.000000000	0.000000000
2.48148148	0.000000000	0.000000000	0.000000000	0.000000000	0.000000000	0.000000000
2.48848849	0.000000000	0.000000000	0.000000000	0.000000000	0.000000000	0.000000000
2.49549550	0.000000000	0.000000000	0.000000000	0.000000000	0.000000000	0.000000000
2.50250250	0.000000000	0.000000000	0.000000000	0.000000000	0.000000000	0.000000000
2.50950951	0.000000000	0.000000000	0.000000000	0.000000000	0.000000000	0.000000000
2.51651652	0.000000000	0.000000000	0.000000000	0.000000000	0.000000000	0.000000000
2.52352352	0.000000000	0.000000000	0.000000000	0.000000000	0.000000000	0.000000000
2.53053053	0.000000000	0.000000000	0.000000000	0.000000000	0.000000000	0.000000000
2.53753754	0.000000000	0.000000000	0.000000000	0.000000000	0.000000000	0.000000000
2.54454454	0.000000000	0.000000000	0.000000000	0.000000000	0.000000000	0.000000000
2.55155155	0.000000000	0.000000000	0.000000000	0.000000000	0.000000000	0.000000000
2.55855856	0.000000000	0.000000000	0.000000000	0.000000000	0.000000000	0.000000000
2.56556557	0.000000000	0.000000000	0.000000000	0.000000000	0.000000000	0.000000000
2.57257257	0.000000000	0.000000000	0.000000000	0.000000000	0.000000000	0.000000000
2.57957958	0.000000000	0.000000000	0.000000000	0.000000000	0.000000000	0.000000000
2.58658659	0.000000000	0.000000000	0.000000000	0.000000000	0.000000000	0.000000000
2.59359359	0.000000000	0.000000000	0.000000000	0.000000000	0.000000000	0.000000000
2.60060060	0.000000000	0.000000000	0.000000000	0.000000000	0.000000000	0.000000000
2.60760761	0.000000000	0.000000000	0.000000000	0.000000000	0.000000000	0.000000000
2.61461461	0.000000000	0.000000000	0.000000000	0.000000000	0.000000000	0.000000000
2.62162162	0.000000000	0.000000000	0.000000000	0.000000000	0.000000000	0.000000000
2.62862863	0.000000000	0.000000000	0.000000000	0.000000000	0.000000000	0.000000000
2.63563564	0.000000000	0.000000000	0.000000000	0.000000000	0.000000000	0.000000000
2.64264264	0.000000000	0.000000000	0.000000000	0.000000000	0.000000000	0.000000000
2.64964965	0.000000000	0.000000000	0.000000000	0.000000000	0.000000000	0.000000000
2.65665666	0.000000000	0.000000000	0.000000000	0.000000000	0.000000000	0.000000000
2.66366366	0.000000000	0.000000000	0.000000000	0.000000000	0.000000000	0.000000000
2.67067067	0.000000000	0.000000000	0.000000000	0.000000000	0.000000000	0.000000000
2.67767768	0.000000000	0.000000000	0.000000000	0.000000000	0.000000000	0.000000000
2.68468468	0.000000000	0.000000000	0.000000000	0.000000000	0.000000000	0.000000000
2.69169169	0.000000000	0.000000000	0.000000000	0.000000000	0.000000000	0.000000000
2.69869870	0.000000000	0.000000000	0.000000000	0.000000000	0.000000000	0.000000000
2.70570571	0.000000000	0.000000000	0.000000000	0.000000000	0.000000000	0.000000000
2.71271271	0.000000000	0.000000000	0.000000000	0.000000000	0.000000000	0.000000000
2.71971972	0.000000000	0.000000000	0.000000000	0.000000000	0.000000000	0.000000000
2.72672673	0.000000000	0.000000000	0.000000000	0.000000000	0.000000000	0.000000000
2.73373373	0.000000000	0.000000000	0.000000000	0.000000000	0.000000000	0.000000000
2.74074074	0.000000000	0.000000000	0.000000000	0.000000000	0.000000000	0.000000000
2.74774775	0.000000000	0.000000000	0.000000000	0.000000000	0.000000000	0.000000000
2.75475475	0.000000000	0.000000000	0.000000000	0.000000000	0.000000000	0.000000000
2.76176176	0.000000000	0.000000000	0.000000000	0.000000000	0.000000000	0.000000000
2.76876877	0.000000000	0.000000000	0.000000000	0.000000000	0.000000000	0.000000000
2.77577578	0.000000000	0.000000000	0.000000000	0.000000000	0.000000000	0.000000000
2.78278278	0.000000000	0.000000000	0.000000000	0.000000000	0.000000000	0.000000000
2.78978979	0.000000000	0.000000000	0.000000000	0.000000000	0.000000000	0.000000000
2.79679680	0.000000000	0.000000000	0.000000000	0.000000000	0.000000000	0.000000000
2.80380380	0.000000000	0.000000000	0.000000000	0.000000000	0.000000000	0.000000000
2.81081081	0.000000000	0.000000000	0.000000000	0.000000000	0.000000000	0.000000000
2.81781782	0.000000000	0.000000000	0.000000000	0.000000000	0.000000000	0.000000000
2.82482482	0.000000000	0.000000000	0.000000000	0.000000000	0.000000000	0.000000000
2.83183183	0.000000000	0.000000000	0.000000000	0.000000000	0.000000000	0.000000000
2.83883884	0.000000000	0.000000000	0.000000000	0.000000000	0.000000000	0.000000000
2.84584585	0.000000000	0.000000000	0.000000000	0.000000000	0.000000000	0.000000000
2.85285285	0.000000000	0.000000000	0.000000000	0.000000000	0.000000000	0.000000000
2.85985986	0.000000000	0.000000000	0.000000000	0.000000000	0.000000000	0.000000000
2.86686687	0.000000000	0.000000000	0.000000000	0.000000000	0.000000000	0.000000000
2.87387387	0.000000000	0.000000000	0.000000000	0.000000000	0.000000000	0.000000000
2.88088088	0.000000000	0.000000000	0.000000000	0.000000000	0.000000000	0.000000000
2.88788789	0.000000000	0.000000000	0.000000000	0.000000000	0.000000000	0.000000000
2.89489489	0.000000000	0.000000000	0.000000000	0.000000000	0.000000000	0.000000000
2.90190190	0.000000000	0.000000000	0.000000000	0.000000000	0.000000000	0.000000000
2.90890891	0.000000000	0.000000000	0.000000000	0.000000000	0.000000000	0.000000000
2.91591592	0.000000000	0.000000000	0.000000000	0.000000000	0.000000000	0.000000000
2.92292292	0.000000000	0.000000000	0.000000000	0.000000000	0.000000000	0.000000000
2.92992993	0.000000000	0.000000000	0.000000000	0.000000000	0.000000000	0.000000000
2.93693694	0.000000000	0.000000000	0.000000000	0.000000000	0.000000000	0.000000000
2.94394394	0.000000000	0.000000000	0.000000000	0.000000000	0.000000000	0.000000000
2.95095095	0.000000000	0.000000000	0.000000000	0.000000000	0.000000000	0.000000000
2.95795796	0.000000000	0.000000000	0.000000000	0.000000000	0.000000000	0.000000000
2.96496496	0.000000000	0.000000000	0.000000000	0.000000000	0.000000000	0.000000000
2.97197197	0.000000000	0.000000000	0.000000000	0.000000000	0.000000000	0.000000000
2.97897898	0.000000000	0.000000000	0.000000000	0.000000000	0.000000000	0.000000000
2.98598599	0.000000000	0.000000000	0.000000000	0.000000000	0.000000000	0.000000000
2.99299299	0.000000000	0.000000000	0.000000000	0.000000000	0.000000000	0.000000000
3.00000000	0.000000000	0.000000000	0.000000000	0.000000000	0.000000000	0.000000000
