-4.00000000	0.002054980	0.004960809	0.006284198	0.020773547	0.006308663	0.007976995
-3.99299299	0.002080749	0.005012789	0.006348286	0.020992665	0.006367223	0.008048804
-3.98598599	0.002106864	0.005065359	0.006413082	0.021214081	0.006426387	0.008121333
-3.97897898	0.002133328	0.005118528	0.006478597	0.021437821	0.006486161	0.008194588
-3.97197197	0.002160148	0.005172303	0.006544839	0.021663906	0.006546554	0.008268579
-3.96496496	0.002187329	0.005226691	0.006611817	0.021892361	0.006607571	0.008343313
-3.95795796	0.002214875	0.005281699	0.006679538	0.022123211	0.006669221	0.008418799
-3.95095095	0.002242792	0.005337335	0.006748013	0.022356480	0.006731509	0.008495044
-3.94394394	0.002271085	0.005393607	0.006817251	0.022592191	0.006794444	0.008572058
-3.93693694	0.002299759	0.005450523	0.006887259	0.022830371	0.006858033	0.008649849
-3.92992993	0.002328820	0.005508090	0.006958049	0.023071045	0.006922283	0.008728426
-3.92292292	0.002358274	0.005566318	0.007029629	0.023314237	0.006987203	0.008807797
-3.91591592	0.002388126	0.005625213	0.007102009	0.023559974	0.007052799	0.008887972
-3.90890891	0.002418382	0.005684784	0.007175198	0.023808281	0.007119080	0.008968959
-3.90190190	0.002449048	0.005745040	0.007249206	0.024059184	0.007186053	0.009050767
-3.89489489	0.002480130	0.005805989	0.007324043	0.024312710	0.007253726	0.009133406
-3.88788789	0.002511632	0.005867640	0.007399720	0.024568885	0.007322108	0.009216885
-3.88088088	0.002543563	0.005930001	0.007476246	0.024827736	0.007391206	0.009301214
-3.87387387	0.002575928	0.005993082	0.007553632	0.025089290	0.007461030	0.009386401
-3.86686687	0.002608732	0.006056890	0.007631887	0.025353575	0.007531587	0.009472457
-3.85985986	0.002641984	0.006121436	0.007711024	0.025620618	0.007602886	0.009559392
-3.85285285	0.002675688	0.006186729	0.007791051	0.025890447	0.007674935	0.009647215
-3.84584585	0.002709852	0.006252777	0.007871981	0.026163090	0.007747744	0.009735937
-3.83883884	0.002744482	0.006319590	0.007953825	0.026438576	0.007821321	0.009825568
-3.83183183	0.002779585	0.006387178	0.008036592	0.026716932	0.007895675	0.009916117
-3.82482482	0.002815168	0.006455551	0.008120296	0.026998189	0.007970815	0.010007596
-3.81781782	0.002851238	0.006524718	0.008204946	0.027282375	0.008046751	0.010100015
-3.81081081	0.002887801	0.006594689	0.008290555	0.027569519	0.008123491	0.010193384
-3.80380380	0.002924866	0.006665475	0.008377135	0.027859652	0.008201045	0.010287715
-3.79679680	0.002962440	0.006737085	0.008464697	0.028152803	0.008279423	0.010383019
-3.78978979	0.003000529	0.006809531	0.008553253	0.028449003	0.008358634	0.010479306
-3.78278278	0.003039142	0.006882822	0.008642816	0.028748282	0.008438688	0.010576588
-3.77577578	0.003078286	0.006956969	0.008733399	0.029050671	0.008519596	0.010674876
-3.76876877	0.003117968	0.007031983	0.008825012	0.029356201	0.008601366	0.010774182
-3.76176176	0.003158198	0.007107875	0.008917670	0.029664904	0.008684010	0.010874518
-3.75475475	0.003198982	0.007184656	0.009011385	0.029976811	0.008767537	0.010975894
-3.74774775	0.003240329	0.007262338	0.009106170	0.030291954	0.008851959	0.011078324
-3.74074074	0.003282247	0.007340931	0.009202039	0.030610365	0.008937285	0.011181819
-3.73373373	0.003324745	0.007420447	0.009299004	0.030932077	0.009023526	0.011286392
-3.72672673	0.003367831	0.007500899	0.009397080	0.031257123	0.009110694	0.011392055
-3.71971972	0.003411514	0.007582297	0.009496279	0.031585536	0.009198799	0.011498821
-3.71271271	0.003455803	0.007664654	0.009596617	0.031917349	0.009287852	0.011606702
-3.70570571	0.003500706	0.007747982	0.009698107	0.032252596	0.009377866	0.011715711
-3.69869870	0.003546232	0.007832294	0.009800764	0.032591311	0.009468850	0.011825862
-3.69169169	0.003592391	0.007917601	0.009904601	0.032933528	0.009560817	0.011937167
-3.68468468	0.003639193	0.008003917	0.010009635	0.033279283	0.009653779	0.012049641
-3.67767768	0.003686646	0.008091255	0.010115879	0.033628609	0.009747746	0.012163296
-3.67067067	0.003734760	0.008179628	0.010223348	0.033981543	0.009842733	0.012278146
-3.66366366	0.003783546	0.008269048	0.010332059	0.034338120	0.009938750	0.012394206
-3.65665666	0.003833012	0.008359529	0.010442026	0.034698375	0.010035810	0.012511490
-3.64964965	0.003883170	0.008451086	0.010553265	0.035062345	0.010133926	0.012630011
-3.64264264	0.003934030	0.008543731	0.010665793	0.035430066	0.010233111	0.012749785
-3.63563564	0.003985601	0.008637479	0.010779624	0.035801575	0.010333376	0.012870826
-3.62862863	0.004037895	0.008732343	0.010894777	0.036176910	0.010434736	0.012993148
-3.62162162	0.004090922	0.008828339	0.011011267	0.036556108	0.010537203	0.013116767
-3.61461461	0.004144693	0.008925481	0.011129110	0.036939206	0.010640791	0.013241699
-3.60760761	0.004199220	0.009023783	0.011248325	0.037326243	0.010745514	0.013367958
-3.60060060	0.004254513	0.009123261	0.011368929	0.037717257	0.010851385	0.013495560
-3.59359359	0.004310584	0.009223929	0.011490938	0.038112286	0.010958418	0.013624522
-3.58658659	0.004367446	0.009325804	0.011614370	0.038511371	0.011066628	0.013754859
-3.57957958	0.004425108	0.009428901	0.011739245	0.038914551	0.011176028	0.013886587
-3.57257257	0.004483585	0.009533235	0.011865579	0.039321864	0.011286634	0.014019723
-3.56556557	0.004542887	0.009638822	0.011993391	0.039733352	0.011398460	0.014154284
-3.55855856	0.004603028	0.009745680	0.012122701	0.040149055	0.011511520	0.014290286
-3.55155155	0.004664019	0.009853824	0.012253526	0.040569013	0.011625830	0.014427747
-3.54454454	0.004725874	0.009963271	0.012385887	0.040993268	0.011741406	0.014566685
-3.53753754	0.004788606	0.010074038	0.012519802	0.041421861	0.011858262	0.014707115
-3.53053053	0.004852228	0.010186142	0.012655292	0.041854834	0.011976415	0.014849058
-3.52352352	0.004916753	0.010299602	0.012792376	0.042292229	0.012095881	0.014992530
-3.51651652	0.004982195	0.010414433	0.012931076	0.042734089	0.012216675	0.015137549
-3.50950951	0.005048568	0.010530655	0.013071410	0.043180457	0.012338814	0.015284136
-3.50250250	0.005115886	0.010648286	0.013213402	0.043631375	0.012462315	0.015432307
-3.49549550	0.005184163	0.010767344	0.013357070	0.044086888	0.012587194	0.015582083
-3.48848849	0.005253414	0.010887847	0.013502438	0.044547039	0.012713469	0.015733482
-3.48148148	0.005323654	0.011009815	0.013649527	0.045011873	0.012841156	0.015886524
-3.47447447	0.005394897	0.011133267	0.013798358	0.045481433	0.012970275	0.016041230
-3.46746747	0.005467159	0.011258223	0.013948954	0.045955766	0.013100841	0.016197618
-3.46046046	0.005540455	0.011384702	0.014101339	0.046434917	0.013232873	0.016355709
-3.45345345	0.005614802	0.011512724	0.014255534	0.046918930	0.013366390	0.016515525
-3.44644645	0.005690214	0.011642310	0.014411563	0.047407854	0.013501410	0.016677085
-3.43943944	0.005766710	0.011773480	0.014569450	0.047901733	0.013637952	0.016840411
-3.43243243	0.005844304	0.011906255	0.014729219	0.048400614	0.013776034	0.017005525
-3.42542543	0.005923013	0.012040657	0.014890894	0.048904546	0.013915676	0.017172448
-3.41841842	0.006002856	0.012176707	0.015054500	0.049413574	0.014056899	0.017341202
-3.41141141	0.006083848	0.012314426	0.015220061	0.049927748	0.014199720	0.017511810
-3.40440440	0.006166009	0.012453838	0.015387603	0.050447116	0.014344161	0.017684293
-3.39739740	0.006249355	0.012594964	0.015557152	0.050971726	0.014490242	0.017858676
-3.39039039	0.006333905	0.012737827	0.015728734	0.051501627	0.014637984	0.018034981
-3.38338338	0.006419677	0.012882451	0.015902374	0.052036869	0.014787408	0.018213232
-3.37637638	0.006506690	0.013028859	0.016078101	0.052577501	0.014938534	0.018393453
-3.36936937	0.006594964	0.013177074	0.016255941	0.053123574	0.015091384	0.018575668
-3.36236236	0.006684518	0.013327121	0.016435921	0.053675138	0.015245981	0.018759902
-3.35535536	0.006775370	0.013479024	0.016618069	0.054232244	0.015402347	0.018946179
-3.34834835	0.006867543	0.013632808	0.016802415	0.054794943	0.015560503	0.019134524
-3.34134134	0.006961055	0.013788499	0.016988986	0.055363288	0.015720473	0.019324964
-3.33433433	0.007055928	0.013946121	0.017177811	0.055937329	0.015882280	0.019517523
-3.32732733	0.007152183	0.014105700	0.017368921	0.056517120	0.016045947	0.019712229
-3.32032032	0.007249840	0.014267264	0.017562345	0.057102713	0.016211497	0.019909108
-3.31331331	0.007348923	0.014430839	0.017758113	0.057694161	0.016378956	0.020108187
-3.30630631	0.007449452	0.014596451	0.017956256	0.058291518	0.016548348	0.020309493
-3.29929930	0.007551451	0.014764128	0.018156806	0.058894839	0.016719697	0.020513054
-3.29229229	0.007654942	0.014933898	0.018359794	0.059504176	0.016893028	0.020718899
-3.28528529	0.007759949	0.015105789	0.018565253	0.060119585	0.017068367	0.020927054
-3.27827828	0.007866495	0.015279830	0.018773214	0.060741122	0.017245740	0.021137551
-3.27127127	0.007974604	0.015456050	0.018983711	0.061368840	0.017425173	0.021350417
-3.26426426	0.008084300	0.015634479	0.019196778	0.062002797	0.017606692	0.021565682
-3.25725726	0.008195609	0.015815145	0.019412448	0.062643048	0.017790325	0.021783378
-3.25025025	0.008308555	0.015998081	0.019630756	0.063289650	0.017976099	0.022003533
-3.24324324	0.008423164	0.016183316	0.019851737	0.063942660	0.018164042	0.022226179
-3.23623624	0.008539463	0.016370882	0.020075427	0.064602136	0.018354182	0.022451348
-3.22922923	0.008657477	0.016560810	0.020301861	0.065268134	0.018546547	0.022679071
-3.22222222	0.008777234	0.016753133	0.020531076	0.065940714	0.018741166	0.022909381
-3.21521522	0.008898761	0.016947883	0.020763108	0.066619933	0.018938069	0.023142309
-3.20820821	0.009022086	0.017145094	0.020997997	0.067305850	0.019137286	0.023377891
-3.20120120	0.009147236	0.017344799	0.021235778	0.067998525	0.019338847	0.023616158
-3.19419419	0.009274242	0.017547031	0.021476493	0.068698017	0.019542782	0.023857145
-3.18718719	0.009403132	0.017751827	0.021720178	0.069404386	0.019749123	0.024100888
-3.18018018	0.009533935	0.017959221	0.021966875	0.070117692	0.019957901	0.024347420
-3.17317317	0.009666683	0.018169248	0.022216624	0.070837996	0.020169148	0.024596777
-3.16616617	0.009801405	0.018381944	0.022469465	0.071565360	0.020382897	0.024848997
-3.15915916	0.009938133	0.018597347	0.022725440	0.072299844	0.020599181	0.025104114
-3.15215215	0.010076899	0.018815494	0.022984592	0.073041510	0.020818032	0.025362166
-3.14514515	0.010217736	0.019036422	0.023246962	0.073790420	0.021039486	0.025623191
-3.13813814	0.010360675	0.019260170	0.023512595	0.074546638	0.021263577	0.025887228
-3.13113113	0.010505751	0.019486777	0.023781534	0.075310224	0.021490339	0.026154313
-3.12412412	0.010652997	0.019716282	0.024053824	0.076081244	0.021719809	0.026424488
-3.11711712	0.010802447	0.019948725	0.024329510	0.076859760	0.021952021	0.026697792
-3.11011011	0.010954138	0.020184148	0.024608639	0.077645835	0.022187012	0.026974265
-3.10310310	0.011108104	0.020422590	0.024891256	0.078439536	0.022424821	0.027253948
-3.09609610	0.011264383	0.020664095	0.025177410	0.079240925	0.022665483	0.027536883
-3.08908909	0.011423010	0.020908705	0.025467148	0.080050067	0.022909038	0.027823111
-3.08208208	0.011584024	0.021156462	0.025760518	0.080867029	0.023155524	0.028112676
-3.07507508	0.011747463	0.021407411	0.026057571	0.081691875	0.023404980	0.028405622
-3.06806807	0.011913364	0.021661597	0.026358356	0.082524671	0.023657446	0.028701991
-3.06106106	0.012081769	0.021919063	0.026662925	0.083365484	0.023912963	0.029001829
-3.05405405	0.012252717	0.022179857	0.026971328	0.084214379	0.024171572	0.029305180
-3.04704705	0.012426250	0.022444025	0.027283619	0.085071424	0.024433314	0.029612092
-3.04004004	0.012602407	0.022711614	0.027599850	0.085936686	0.024698232	0.029922609
-3.03303303	0.012781232	0.022982671	0.027920076	0.086810231	0.024966369	0.030236781
-3.02602603	0.012962769	0.023257246	0.028244351	0.087692129	0.025237768	0.030554654
-3.01901902	0.013147059	0.023535388	0.028572730	0.088582446	0.025512474	0.030876277
-3.01201201	0.013334149	0.023817146	0.028905271	0.089481251	0.025790531	0.031201700
-3.00500501	0.013524082	0.024102573	0.029242029	0.090388612	0.026071985	0.031530973
-2.99799800	0.013716906	0.024391719	0.029583065	0.091304598	0.026356883	0.031864146
-2.99099099	0.013912666	0.024684637	0.029928435	0.092229279	0.026645271	0.032201271
-2.98398398	0.014111411	0.024981380	0.030278201	0.093162723	0.026937197	0.032542401
-2.97697698	0.014313189	0.025282003	0.030632422	0.094105000	0.027232709	0.032887588
-2.96996997	0.014518049	0.025586559	0.030991161	0.095056179	0.027531857	0.033236886
-2.96296296	0.014726041	0.025895105	0.031354479	0.096016332	0.027834690	0.033590350
-2.95595596	0.014937215	0.026207698	0.031722441	0.096985527	0.028141260	0.033948036
-2.94894895	0.015151625	0.026524394	0.032095111	0.097963835	0.028451617	0.034309999
-2.94194194	0.015369322	0.026845253	0.032472554	0.098951328	0.028765814	0.034676297
-2.93493493	0.015590361	0.027170332	0.032854836	0.099948075	0.029083903	0.035046988
-2.92792793	0.015814795	0.027499693	0.033242025	0.100954148	0.029405939	0.035422130
-2.92092092	0.016042680	0.027833396	0.033634189	0.101969618	0.029731976	0.035801783
-2.91391391	0.016274072	0.028171503	0.034031397	0.102994556	0.030062070	0.036186008
-2.90690691	0.016509030	0.028514078	0.034433721	0.104029034	0.030396277	0.036574866
-2.89989990	0.016747611	0.028861183	0.034841231	0.105073124	0.030734654	0.036968420
-2.89289289	0.016989875	0.029212884	0.035253999	0.106126897	0.031077260	0.037366733
-2.88588589	0.017235882	0.029569247	0.035672100	0.107190425	0.031424152	0.037769868
-2.87887888	0.017485693	0.029930338	0.036095609	0.108263781	0.031775392	0.038177892
-2.87187187	0.017739372	0.030296225	0.036524601	0.109347035	0.032131040	0.038590871
-2.86486486	0.017996982	0.030666977	0.036959153	0.110440262	0.032491157	0.039008870
-2.85785786	0.018258588	0.031042665	0.037399343	0.111543532	0.032855807	0.039431960
-2.85085085	0.018524256	0.031423359	0.037845251	0.112656919	0.033225053	0.039860209
-2.84384384	0.018794052	0.031809132	0.038296958	0.113780494	0.033598960	0.040293687
-2.83683684	0.019068045	0.032200056	0.038754545	0.114914330	0.033977594	0.040732465
-2.82982983	0.019346304	0.032596207	0.039218095	0.116058500	0.034361021	0.041176616
-2.82282282	0.019628900	0.032997659	0.039687693	0.117213076	0.034749309	0.041626214
-2.81581582	0.019915905	0.033404489	0.040163423	0.118378131	0.035142526	0.042081332
-2.80880881	0.020207392	0.033816776	0.040645374	0.119553736	0.035540744	0.042542047
-2.80180180	0.020503436	0.034234599	0.041133634	0.120739964	0.035944032	0.043008436
-2.79479479	0.020804111	0.034658038	0.041628291	0.121936888	0.036352464	0.043480576
-2.78778779	0.021109496	0.035087174	0.042129437	0.123144580	0.036766111	0.043958547
-2.78078078	0.021419668	0.035522091	0.042637164	0.124363112	0.037185050	0.044442429
-2.77377377	0.021734708	0.035962872	0.043151566	0.125592555	0.037609354	0.044932303
-2.76676677	0.022054696	0.036409604	0.043672738	0.126832983	0.038039102	0.045428253
-2.75975976	0.022379715	0.036862373	0.044200777	0.128084465	0.038474370	0.045930363
-2.75275275	0.022709850	0.037321268	0.044735781	0.129347075	0.038915240	0.046438718
-2.74574575	0.023045186	0.037786378	0.045277850	0.130620884	0.039361789	0.046953405
-2.73873874	0.023385809	0.038257793	0.045827084	0.131905961	0.039814102	0.047474511
-2.73173173	0.023731810	0.038735608	0.046383586	0.133202380	0.040272261	0.048002127
-2.72472472	0.024083277	0.039219914	0.046947461	0.134510209	0.040736349	0.048536343
-2.71771772	0.024440302	0.039710809	0.047518815	0.135829520	0.041206454	0.049077252
-2.71071071	0.024802980	0.040208388	0.048097754	0.137160382	0.041682662	0.049624946
-2.70370370	0.025171405	0.040712750	0.048684389	0.138502866	0.042165061	0.050179521
-2.69669670	0.025545675	0.041223996	0.049278831	0.139857040	0.042653743	0.050741074
-2.68968969	0.025925886	0.041742226	0.049881191	0.141222973	0.043148797	0.051309702
-2.68268268	0.026312141	0.042267544	0.050491584	0.142600735	0.043650318	0.051885506
-2.67567568	0.026704540	0.042800055	0.051110126	0.143990392	0.044158399	0.052468585
-2.66866867	0.027103189	0.043339865	0.051736935	0.145392014	0.044673137	0.053059043
-2.66166166	0.027508192	0.043887082	0.052372132	0.146805667	0.045194628	0.053656983
-2.65465465	0.027919657	0.044441817	0.053015836	0.148231417	0.045722973	0.054262512
-2.64764765	0.028337694	0.045004179	0.053668173	0.149669331	0.046258271	0.054875738
-2.64064064	0.028762414	0.045574284	0.054329266	0.151119474	0.046800625	0.055496769
-2.63363363	0.029193932	0.046152247	0.054999245	0.152581912	0.047350139	0.056125716
-2.62662663	0.029632362	0.046738183	0.055678237	0.154056708	0.047906919	0.056762692
-2.61961962	0.030077822	0.047332213	0.056366374	0.155543926	0.048471072	0.057407810
-2.61261261	0.030530432	0.047934457	0.057063789	0.157043628	0.049042707	0.058061189
-2.60560561	0.030990314	0.048545037	0.057770619	0.158555878	0.049621935	0.058722944
-2.59859860	0.031457592	0.049164078	0.058487000	0.160080736	0.050208869	0.059393196
-2.59159159	0.031932392	0.049791708	0.059213072	0.161618263	0.050803623	0.060072067
-2.58458458	0.032414844	0.050428054	0.059948977	0.163168518	0.051406314	0.060759680
-2.57757758	0.032905077	0.051073247	0.060694859	0.164731560	0.052017061	0.061456161
-2.57057057	0.033403226	0.051727420	0.061450865	0.166307448	0.052635983	0.062161637
-2.56356356	0.033909427	0.052390709	0.062217142	0.167896237	0.053263204	0.062876238
-2.55655656	0.034423816	0.053063250	0.062993842	0.169497984	0.053898846	0.063600095
-2.54954955	0.034946536	0.053745182	0.063781118	0.171112744	0.054543038	0.064333342
-2.54254254	0.035477729	0.054436647	0.064579125	0.172740570	0.055195907	0.065076115
-2.53553554	0.036017542	0.055137789	0.065388023	0.174381515	0.055857584	0.065828551
-2.52852853	0.036566122	0.055848754	0.066207971	0.176035629	0.056528201	0.066590791
-2.52152152	0.037123622	0.056569690	0.067039132	0.177702964	0.057207895	0.067362976
-2.51451451	0.037690194	0.057300749	0.067881672	0.179383569	0.057896801	0.068145252
-2.50750751	0.038265996	0.058042083	0.068735759	0.181077490	0.058595060	0.068937765
-2.50050050	0.038851188	0.058793849	0.069601564	0.182784773	0.059302813	0.069740664
-2.49349349	0.039445932	0.059556204	0.070479260	0.184505465	0.060020205	0.070554101
-2.48648649	0.040050394	0.060329310	0.071369024	0.186239607	0.060747382	0.071378229
-2.47947948	0.040664742	0.061113329	0.072271034	0.187987241	0.061484494	0.072213206
-2.47247247	0.041289147	0.061908429	0.073185473	0.189748409	0.062231691	0.073059189
-2.46546547	0.041923785	0.062714777	0.074112524	0.191523147	0.062989129	0.073916340
-2.45845846	0.042568834	0.063532545	0.075052376	0.193311494	0.063756964	0.074784824
-2.45145145	0.043224474	0.064361907	0.076005218	0.195113484	0.064535355	0.075664806
-2.44444444	0.043890891	0.065203041	0.076971244	0.196929151	0.065324464	0.076556455
-2.43743744	0.044568272	0.066056126	0.077950651	0.198758525	0.066124456	0.077459945
-2.43043043	0.045256809	0.066921345	0.078943637	0.200601638	0.066935498	0.078375448
-2.42342342	0.045956696	0.067798883	0.079950405	0.202458515	0.067757762	0.079303143
-2.41641642	0.046668132	0.068688930	0.080971162	0.204329183	0.068591420	0.080243210
-2.40940941	0.047391320	0.069591677	0.082006115	0.206213664	0.069436648	0.081195832
-2.40240240	0.048126464	0.070507320	0.083055477	0.208111982	0.070293626	0.082161194
-2.39539540	0.048873776	0.071436055	0.084119464	0.210024153	0.071162535	0.083139487
-2.38838839	0.049633467	0.072378085	0.085198294	0.211950196	0.072043561	0.084130901
-2.38138138	0.050405756	0.073333614	0.086292190	0.213890124	0.072936893	0.085135632
-2.37437437	0.051190864	0.074302850	0.087401376	0.215843949	0.073842721	0.086153878
-2.36736737	0.051989017	0.075286004	0.088526083	0.217811681	0.074761242	0.087185841
-2.36036036	0.052800444	0.076283290	0.089666543	0.219793327	0.075692652	0.088231725
-2.35335335	0.053625379	0.077294927	0.090822991	0.221788891	0.076637154	0.089291737
-2.34634635	0.054464061	0.078321136	0.091995670	0.223798374	0.077594953	0.090366090
-2.33933934	0.055316732	0.079362143	0.093184821	0.225821775	0.078566257	0.091454996
-2.33233233	0.056183639	0.080418175	0.094390692	0.227859090	0.079551278	0.092558675
-2.32532533	0.057065034	0.081489467	0.095613534	0.229910312	0.080550231	0.093677348
-2.31831832	0.057961173	0.082576253	0.096853604	0.231975431	0.081563337	0.094811239
-2.31131131	0.058872318	0.083678774	0.098111159	0.234054433	0.082590817	0.095960578
-2.30430430	0.059798734	0.084797274	0.099386462	0.236147302	0.083632900	0.097125595
-2.29729730	0.060740693	0.085932001	0.100679782	0.238254018	0.084689815	0.098306528
-2.29029029	0.061698470	0.087083207	0.101991388	0.240374559	0.085761797	0.099503615
-2.28328328	0.062672345	0.088251147	0.103321556	0.242508897	0.086849086	0.100717101
-2.27627628	0.063662607	0.089436081	0.104670565	0.244657003	0.087951924	0.101947231
-2.26926927	0.064669545	0.090638275	0.106038700	0.246818843	0.089070557	0.103194259
-2.26226226	0.065693456	0.091857996	0.107426247	0.248994380	0.090205238	0.104458438
-2.25525526	0.066734644	0.093095517	0.108833501	0.251183573	0.091356220	0.105740028
-2.24824825	0.067793416	0.094351115	0.110260756	0.253386377	0.092523766	0.107039292
-2.24124124	0.068870086	0.095625072	0.111708315	0.255602742	0.093708137	0.108356497
-2.23423423	0.069964974	0.096917674	0.113176483	0.257832616	0.094909604	0.109691917
-2.22722723	0.071078404	0.098229211	0.114665571	0.260075941	0.096128440	0.111045825
-2.22022022	0.072210708	0.099559980	0.116175893	0.262332657	0.097364922	0.112418504
-2.21321321	0.073362224	0.100910279	0.117707770	0.264602697	0.098619334	0.113810237
-2.20620621	0.074533296	0.102280414	0.119261525	0.266885991	0.099891964	0.115221313
-2.19919920	0.075724274	0.103670694	0.120837488	0.269182464	0.101183103	0.116652027
-2.19219219	0.076935515	0.105081435	0.122435993	0.271492037	0.102493050	0.118102677
-2.18518519	0.078167381	0.106512955	0.124057380	0.273814626	0.103822107	0.119573566
-2.17817818	0.079420244	0.107965578	0.125701990	0.276150142	0.105170582	0.121065001
-2.17117117	0.080694479	0.109439636	0.127370175	0.278498490	0.106538788	0.122577296
-2.16416416	0.081990471	0.110935462	0.129062288	0.280859572	0.107927043	0.124110767
-2.15715716	0.083308611	0.112453398	0.130778687	0.283233283	0.109335672	0.125665736
-2.15015015	0.084649296	0.113993788	0.132519738	0.285619514	0.110765003	0.127242532
-2.14314314	0.086012932	0.115556983	0.134285810	0.288018151	0.112215372	0.128841486
-2.13613614	0.087399932	0.117143340	0.136077277	0.290429072	0.113687120	0.130462935
-2.12912913	0.088810717	0.118753220	0.137894520	0.292852152	0.115180592	0.132107223
-2.12212212	0.090245714	0.120386993	0.139737924	0.295287260	0.116696142	0.133774696
-2.11511512	0.091705361	0.122045029	0.141607879	0.297734257	0.118234126	0.135465709
-2.10810811	0.093190100	0.123727710	0.143504783	0.300193001	0.119794911	0.137180619
-2.10110110	0.094700384	0.125435419	0.145429037	0.302663343	0.121378865	0.138919791
-2.09409409	0.096236674	0.127168547	0.147381047	0.305145126	0.122986367	0.140683593
-2.08708709	0.097799438	0.128927492	0.149361228	0.307638189	0.124617798	0.142472400
-2.08008008	0.099389155	0.130712655	0.151369996	0.310142364	0.126273549	0.144286594
-2.07307307	0.101006310	0.132524447	0.153407777	0.312657477	0.127954015	0.146126559
-2.06606607	0.102651397	0.134363281	0.155474999	0.315183346	0.129659600	0.147992688
-2.05905906	0.104324923	0.136229579	0.157572099	0.317719783	0.131390712	0.149885378
-2.05205205	0.106027398	0.138123770	0.159699516	0.320266594	0.133147767	0.151805033
-2.04504505	0.107759346	0.140046286	0.161857699	0.322823577	0.134931189	0.153752061
-2.03803804	0.109521299	0.141997569	0.164047098	0.325390524	0.136741408	0.155726879
-2.03103103	0.111313797	0.143978066	0.166268172	0.327967218	0.138578861	0.157729906
-2.02402402	0.113137393	0.145988229	0.168521386	0.330553438	0.140443992	0.159761571
-2.01701702	0.114992646	0.148028519	0.170807208	0.333148952	0.142337253	0.161822306
-2.01001001	0.116880129	0.150099404	0.173126115	0.335753522	0.144259103	0.163912550
-2.00300300	0.118800421	0.152201355	0.175478586	0.338366903	0.146210009	0.166032749
-1.99599600	0.120754115	0.154334855	0.177865110	0.340988842	0.148190444	0.168183355
-1.98898899	0.122741813	0.156500390	0.180286178	0.343619079	0.150200890	0.170364824
-1.98198198	0.124764127	0.158698454	0.182742289	0.346257343	0.152241838	0.172577622
-1.97497497	0.126821680	0.160929548	0.185233946	0.348903358	0.154313783	0.174822219
-1.96796797	0.128915107	0.163194180	0.187761660	0.351556839	0.156417231	0.177099091
-1.96096096	0.131045053	0.165492865	0.190325945	0.354217493	0.158552697	0.179408720
-1.95395395	0.133212174	0.167826126	0.192927322	0.356885018	0.160720700	0.181751597
-1.94694695	0.135417139	0.170194490	0.195566316	0.359559104	0.162921770	0.184128216
-1.93993994	0.137660626	0.172598495	0.198243461	0.362239433	0.165156446	0.186539080
-1.93293293	0.139943327	0.175038683	0.200959291	0.364925676	0.167425273	0.188984697
-1.92592593	0.142265944	0.177515606	0.203714351	0.367617498	0.169728806	0.191465582
-1.91891892	0.144629192	0.180029820	0.206509186	0.370314554	0.172067608	0.193982254
-1.91191191	0.147033798	0.182581891	0.209344349	0.373016490	0.174442250	0.196535242
-1.90490490	0.149480500	0.185172390	0.212220397	0.375722944	0.176853312	0.199125079
-1.89789790	0.151970050	0.187801896	0.215137893	0.378433543	0.179301384	0.201752304
-1.89089089	0.154503210	0.190470995	0.218097404	0.381147906	0.181787062	0.204417464
-1.88388388	0.157080758	0.193180281	0.221099500	0.383865643	0.184310953	0.207121111
-1.87687688	0.159703482	0.195930355	0.224144758	0.386586354	0.186873672	0.209863802
-1.86986987	0.162372183	0.198721823	0.227233758	0.389309630	0.189475843	0.212646103
-1.86286286	0.165087675	0.201555299	0.230367082	0.392035051	0.192118098	0.215468583
-1.85585586	0.167850786	0.204431406	0.233545321	0.394762189	0.194801080	0.218331819
-1.84884885	0.170662355	0.207350772	0.236769063	0.397490607	0.197525438	0.221236392
-1.84184184	0.173523236	0.210314031	0.240038906	0.400219857	0.200291833	0.224182890
-1.83483483	0.176434296	0.213321826	0.243355445	0.402949481	0.203100933	0.227171906
-1.82782783	0.179396413	0.216374804	0.246719283	0.405679011	0.205953414	0.230204038
-1.82082082	0.182410481	0.219473621	0.250131021	0.408407971	0.208849964	0.233279892
-1.81381381	0.185477406	0.222618938	0.253591266	0.411135873	0.211791277	0.236400074
-1.80680681	0.188598107	0.225811423	0.257100626	0.413862220	0.214778057	0.239565201
-1.79979980	0.191773516	0.229051750	0.260659708	0.416586505	0.217811017	0.242775889
-1.79279279	0.195004580	0.232340598	0.264269123	0.419308210	0.220890877	0.246032764
-1.78578579	0.198292258	0.235678652	0.267929482	0.422026810	0.224018369	0.249336451
-1.77877878	0.201637522	0.239066605	0.271641396	0.424741765	0.227194231	0.252687583
-1.77177177	0.205041358	0.242505152	0.275405476	0.427452529	0.230419209	0.256086796
-1.76476476	0.208504763	0.245994994	0.279222332	0.430158544	0.233694059	0.259534728
-1.75775776	0.212028751	0.249536839	0.283092575	0.432859242	0.237019544	0.263032022
-1.75075075	0.215614345	0.253131398	0.287016811	0.435554046	0.240396435	0.266579323
-1.74374374	0.219262582	0.256779385	0.290995646	0.438242367	0.243825513	0.270177279
-1.73673674	0.222974512	0.260481520	0.295029682	0.440923609	0.247307562	0.273826540
-1.72972973	0.226751198	0.264238527	0.299119520	0.443597162	0.250843379	0.277527757
-1.72272272	0.230593712	0.268051132	0.303265754	0.446262409	0.254433763	0.281281585
-1.71571572	0.234503142	0.271920063	0.307468974	0.448918722	0.258079524	0.285088677
-1.70870871	0.238480585	0.275846054	0.311729765	0.451565463	0.261781475	0.288949688
-1.70170170	0.242527149	0.279829836	0.316048706	0.454201984	0.265540439	0.292865272
-1.69469469	0.246643954	0.283872146	0.320426367	0.456827627	0.269357242	0.296836084
-1.68768769	0.250832130	0.287973721	0.324863312	0.459441726	0.273232717	0.300862775
-1.68068068	0.255092818	0.292135296	0.329360095	0.462043603	0.277167702	0.304945997
-1.67367367	0.259427167	0.296357609	0.333917261	0.464632571	0.281163038	0.309086398
-1.66666667	0.263836335	0.300641396	0.338535341	0.467207935	0.285219572	0.313284624
-1.65965966	0.268321491	0.304987391	0.343214859	0.469768989	0.289338155	0.317541315
-1.65265265	0.272883809	0.309396327	0.347956322	0.472315018	0.293519639	0.321857109
-1.64564565	0.277524471	0.313868934	0.352760224	0.474845300	0.297764881	0.326232636
-1.63863864	0.282244666	0.318405938	0.357627044	0.477359100	0.302074738	0.330668522
-1.63163163	0.287045588	0.323008062	0.362557244	0.479855678	0.306450069	0.335165384
-1.62462462	0.291928435	0.327676020	0.367551267	0.482334283	0.310891733	0.339723831
-1.61761762	0.296894411	0.332410525	0.372609538	0.484794156	0.315400590	0.344344464
-1.61061061	0.301944720	0.337212280	0.377732460	0.487234531	0.319977497	0.349027872
-1.60360360	0.307080570	0.342081978	0.382920415	0.489654631	0.324623309	0.353774633
-1.59659660	0.312303169	0.347020307	0.388173759	0.492053675	0.329338880	0.358585315
-1.58958959	0.317613722	0.352027942	0.393492825	0.494430870	0.334125058	0.363460467
-1.58258258	0.323013436	0.357105545	0.398877916	0.496785419	0.338982686	0.368400628
-1.57557558	0.328503512	0.362253769	0.404329308	0.499116516	0.343912601	0.373406317
-1.56856857	0.334085145	0.367473250	0.409847245	0.501423348	0.348915633	0.378478037
-1.56156156	0.339759526	0.372764608	0.415431938	0.503705095	0.353992603	0.383616271
-1.55455455	0.345527836	0.378128448	0.421083564	0.505960931	0.359144321	0.388821481
-1.54754755	0.351391246	0.383565356	0.426802263	0.508190025	0.364371587	0.394094105
-1.54054054	0.357350916	0.389075895	0.432588134	0.510391537	0.369675186	0.399434559
-1.53353353	0.363407991	0.394660610	0.438441236	0.512564625	0.375055890	0.404843232
-1.52652653	0.369563599	0.400320019	0.444361586	0.514708437	0.380514454	0.410320484
-1.51951952	0.375818850	0.406054617	0.450349153	0.516822121	0.386051612	0.415866646
-1.51251251	0.382174832	0.411864871	0.456403857	0.518904818	0.391668083	0.421482016
-1.50550551	0.388632611	0.417751216	0.462525568	0.520955663	0.397364561	0.427166859
-1.49849850	0.395193225	0.423714058	0.468714102	0.522973790	0.403141714	0.432921402
-1.49149149	0.401857682	0.429753769	0.474969218	0.524958328	0.409000187	0.438745835
-1.48448448	0.408626958	0.435870683	0.481290617	0.526908402	0.414940594	0.444640306
-1.47747748	0.415501995	0.442065097	0.487677936	0.528823136	0.420963519	0.450604919
-1.47047047	0.422483692	0.448337267	0.494130747	0.530701651	0.427069511	0.456639732
-1.46346346	0.429572908	0.454687404	0.500648556	0.532543065	0.433259084	0.462744754
-1.45645646	0.436770454	0.461115673	0.507230794	0.534346495	0.439532712	0.468919943
-1.44944945	0.444077092	0.467622190	0.513876820	0.536111056	0.445890825	0.475165201
-1.44244244	0.451493527	0.474207019	0.520585913	0.537835866	0.452333812	0.481480373
-1.43543544	0.459020405	0.480870168	0.527357272	0.539520037	0.458862008	0.487865243
-1.42842843	0.466658309	0.487611587	0.534190011	0.541162686	0.465475701	0.494319531
-1.42142142	0.474407754	0.494431163	0.541083152	0.542762929	0.472175121	0.500842889
-1.41441441	0.482269180	0.501328720	0.548035630	0.544319883	0.478960439	0.507434899
-1.40740741	0.490242948	0.508304011	0.555046280	0.545832667	0.485831763	0.514095069
-1.40040040	0.498329334	0.515356718	0.562113839	0.547300401	0.492789136	0.520822827
-1.39339339	0.506528525	0.522486446	0.569236940	0.548722211	0.499832527	0.527617520
-1.38638639	0.514840610	0.529692720	0.576414108	0.550097223	0.506961831	0.534478411
-1.37937938	0.523265577	0.536974981	0.583643756	0.551424568	0.514176865	0.541404670
-1.37237237	0.531803305	0.544332582	0.590924183	0.552703382	0.521477358	0.548395376
-1.36536537	0.540453555	0.551764783	0.598253568	0.553932806	0.528862951	0.555449508
-1.35835836	0.549215966	0.559270746	0.605629964	0.555111985	0.536333193	0.562565945
-1.35135135	0.558090047	0.566849533	0.613051299	0.556240071	0.543887530	0.569743456
-1.34434434	0.567075171	0.574500099	0.620515368	0.557316223	0.551525304	0.576980701
-1.33733734	0.576170561	0.582221287	0.628019828	0.558339607	0.559245749	0.584276224
-1.33033033	0.585375291	0.590011825	0.635562197	0.559309397	0.567047980	0.591628448
-1.32332332	0.594688269	0.597870320	0.643139850	0.560224775	0.574930992	0.599035670
-1.31631632	0.604108235	0.605795252	0.650750012	0.561084931	0.582893651	0.606496060
-1.30930931	0.613633748	0.613784971	0.658389753	0.561889068	0.590934689	0.614007649
-1.30230230	0.623263179	0.621837689	0.666055990	0.562636396	0.599052697	0.621568332
-1.29529530	0.632994700	0.629951476	0.673745478	0.563326137	0.607246121	0.629175855
-1.28828829	0.642826278	0.638124254	0.681454806	0.563957525	0.615513251	0.636827818
-1.28128128	0.652755659	0.646353792	0.689180396	0.564529805	0.623852216	0.644521663
-1.27427427	0.662780365	0.654637700	0.696918498	0.565042236	0.632260981	0.652254676
-1.26726727	0.672897678	0.662973423	0.704665187	0.565494089	0.640737334	0.660023973
-1.26026026	0.683104633	0.671358234	0.712416356	0.565884650	0.649278879	0.667826504
-1.25325325	0.693398007	0.679789231	0.720167719	0.566213220	0.657883036	0.675659042
-1.24624625	0.703774308	0.688263329	0.727914804	0.566479113	0.666547023	0.683518180
-1.23923924	0.714229764	0.696777255	0.735652952	0.566681661	0.675267860	0.691400327
-1.23223223	0.724760311	0.705327541	0.743377310	0.566820213	0.684042350	0.699301702
-1.22522523	0.735361586	0.713910519	0.751082837	0.566894132	0.692867080	0.707218330
-1.21821822	0.746028912	0.722522314	0.758764294	0.566902802	0.701738410	0.715146036
-1.21121121	0.756757290	0.731158841	0.766416247	0.566845623	0.710652466	0.723080442
-1.20420420	0.767541388	0.739815796	0.774033064	0.566722016	0.719605133	0.731016963
-1.19719720	0.778375527	0.748488652	0.781608914	0.566531420	0.728592044	0.738950804
-1.19019019	0.789253675	0.757172653	0.789137769	0.566273294	0.737608579	0.746876951
-1.18318318	0.800169435	0.765862809	0.796613398	0.565947119	0.746649853	0.754790174
-1.17617618	0.811116035	0.774553891	0.804029376	0.565552396	0.755710711	0.762685021
-1.16916917	0.822086318	0.783240424	0.811379075	0.565088648	0.764785720	0.770555814
-1.16216216	0.833072733	0.791916686	0.818655675	0.564555422	0.773869163	0.778396648
-1.15515516	0.844067329	0.800576699	0.825852158	0.563952286	0.782955032	0.786201389
-1.14814815	0.855061741	0.809214228	0.832961315	0.563278833	0.792037025	0.793963673
-1.14114114	0.866047190	0.817822776	0.839975748	0.562534679	0.801108535	0.801676901
-1.13413413	0.877014468	0.826395581	0.846887874	0.561719466	0.810162650	0.809334244
-1.12712713	0.887953940	0.834925613	0.853689929	0.560832859	0.819192147	0.816928637
-1.12012012	0.898855534	0.843405567	0.860373972	0.559874551	0.828189485	0.824452785
-1.11311311	0.909708737	0.851827869	0.866931893	0.558844259	0.837146805	0.831899161
-1.10610611	0.920502595	0.860184668	0.873355418	0.557741728	0.846055926	0.839260008
-1.09909910	0.931225708	0.868467835	0.879636118	0.556566729	0.854908343	0.846527341
-1.09209209	0.941866231	0.876668966	0.885765413	0.555319063	0.863695225	0.853692952
-1.08508509	0.952411875	0.884779381	0.891734586	0.553998555	0.872407415	0.860748414
-1.07807808	0.962849907	0.892790120	0.897534789	0.552605062	0.881035429	0.867685083
-1.07107107	0.973167158	0.900691952	0.903157057	0.551138468	0.889569463	0.874494106
-1.06406406	0.983350023	0.908475374	0.908592313	0.549598685	0.897999387	0.881166429
-1.05705706	0.993384474	0.916130610	0.913831387	0.547985658	0.906314756	0.887692801
-1.05005005	1.003256065	0.923647622	0.918865026	0.546299358	0.914504810	0.894063785
-1.04304304	1.012949944	0.931016111	0.923683906	0.544539789	0.922558484	0.900269768
-1.03603604	1.022450867	0.938225524	0.928278649	0.542706985	0.930464411	0.906300968
-1.02902903	1.031743213	0.945265058	0.932639840	0.540801009	0.938210934	0.912147450
-1.02202202	1.040811001	0.952123673	0.936758038	0.538821958	0.945786117	0.917799136
-1.01501502	1.049637909	0.958790097	0.940623797	0.536769958	0.953177753	0.923245820
-1.00800801	1.058207299	0.965252836	0.944227683	0.534645168	0.960373380	0.928477181
-1.00100100	1.066502239	0.971500187	0.947560291	0.532447777	0.967360296	0.933482801
-0.99399399	1.074505528	0.977520250	0.950612265	0.530178010	0.974125575	0.938252182
-0.98698699	1.082199731	0.983300941	0.953374320	0.527836119	0.980656084	0.942774761
-0.97997998	1.089567207	0.988830004	0.955837257	0.525422393	0.986938504	0.947039932
-0.97297297	1.096590144	0.994095033	0.957991989	0.522937150	0.992959353	0.951037068
-0.96596597	1.103250593	0.999083484	0.959829560	0.520380744	0.998705006	0.954755535
-0.95895896	1.109530516	1.003782694	0.961341165	0.517753559	1.004161723	0.958184723
-0.95195195	1.115411816	1.008179904	0.962518175	0.515056012	1.009315676	0.961314063
-0.94494494	1.120876391	1.012262276	0.963352161	0.512288556	1.014152973	0.964133053
-0.93793794	1.125906173	1.016016915	0.963834908	0.509451673	1.018659694	0.966631282
-0.93093093	1.130483181	1.019430898	0.963958449	0.506545881	1.022821920	0.968798457
-0.92392392	1.134589571	1.022491290	0.963715078	0.503571729	1.026625763	0.970624429
-0.91691692	1.138207682	1.025185177	0.963097378	0.500529800	1.030057409	0.972099217
-0.90990991	1.141320101	1.027499688	0.962098243	0.497420710	1.033103144	0.973213039
-0.90290290	1.143909706	1.029422027	0.960710897	0.494245108	1.035749398	0.973956337
-0.89589590	1.145959733	1.030939498	0.958928919	0.491003674	1.037982781	0.974319805
-0.88888889	1.147453827	1.032039537	0.956746262	0.487697124	1.039790125	0.974294418
-0.88188188	1.148376103	1.032709744	0.954157277	0.484326204	1.041158517	0.973871461
-0.87487487	1.148711207	1.032937913	0.951156729	0.480891693	1.042075349	0.973042553
-0.86786787	1.148444370	1.032712066	0.947739822	0.477394404	1.042528352	0.971799678
-0.86086086	1.147561473	1.032020484	0.943902210	0.473835179	1.042505641	0.970135211
-0.85385385	1.146049103	1.030851747	0.939640023	0.470214896	1.041995754	0.968041945
-0.84684685	1.143894613	1.029194761	0.934949878	0.466534460	1.040987698	0.965513115
-0.83983984	1.141086178	1.027038799	0.929828899	0.462794813	1.039470984	0.962542425
-0.83283283	1.137612852	1.024373535	0.924274727	0.458996924	1.037435669	0.959124072
-0.82582583	1.133464626	1.021189082	0.918285539	0.455141794	1.034872398	0.955252768
-0.81881882	1.128632477	1.017476025	0.911860058	0.451230457	1.031772438	0.950923761
-0.81181181	1.123108422	1.013225460	0.904997562	0.447263975	1.028127718	0.946132855
-0.80480480	1.116885568	1.008429032	0.897697899	0.443243441	1.023930862	0.940876430
-0.79779780	1.109958156	1.003078973	0.889961493	0.439169978	1.019175221	0.935151459
-0.79079079	1.102321606	0.997168133	0.881789351	0.435044739	1.013854907	0.928955520
-0.78378378	1.093972560	0.990690028	0.873183072	0.430868905	1.007964820	0.922286811
-0.77677678	1.084908919	0.983638867	0.864144853	0.426643686	1.001500673	0.915144162
-0.76976977	1.075129880	0.976009599	0.854677489	0.422370323	0.994459016	0.907527042
-0.76276276	1.064635963	0.967797942	0.844784382	0.418050080	0.986837258	0.899435567
-0.75575576	1.053429049	0.959000429	0.834469540	0.413684253	0.978633682	0.890870507
-0.74874875	1.041512398	0.949614438	0.823737582	0.409274163	0.969847459	0.881833284
-0.74174174	1.028890676	0.939638239	0.812593736	0.404821159	0.960478663	0.872325979
-0.73473473	1.015569977	0.929071023	0.801043844	0.400326615	0.950528275	0.862351325
-0.72772773	1.001557838	0.917912949	0.789094361	0.395791931	0.939998188	0.851912709
-0.72072072	0.986863255	0.906165179	0.776752355	0.391218533	0.928891214	0.841014167
-0.71371371	0.971496697	0.893829918	0.764025510	0.386607870	0.917211077	0.829660374
-0.70670671	0.955470121	0.880910458	0.750922125	0.381961417	0.904962413	0.817856643
-0.69969970	0.938796975	0.867411216	0.737451119	0.377280673	0.892150767	0.805608913
-0.69269269	0.921492217	0.853337781	0.723622033	0.372567157	0.878782577	0.792923742
-0.68568569	0.903572315	0.838696955	0.709445034	0.367822414	0.864865178	0.779808300
-0.67867868	0.885055264	0.823496801	0.694930921	0.363048009	0.850406780	0.766270357
-0.67167167	0.865960589	0.807746693	0.680091131	0.358245529	0.835416468	0.752318280
-0.66466466	0.846309360	0.791457360	0.664937753	0.353416581	0.819904188	0.737961023
-0.65765766	0.826124203	0.774640948	0.649483535	0.348562792	0.803880738	0.723208125
-0.65065065	0.805429310	0.757311064	0.633741900	0.343685810	0.787357769	0.708069708
-0.64364364	0.784250459	0.739482843	0.617726964	0.338787299	0.770347777	0.692556478
-0.63663664	0.762615029	0.721173002	0.601453557	0.333868943	0.752864109	0.676679735
-0.62962963	0.740552022	0.702399907	0.584937242	0.328932442	0.734920972	0.660451375
-0.62262262	0.718092083	0.683183635	0.568194347	0.323979512	0.716533443	0.643883919
-0.61561562	0.695267527	0.663546044	0.551241988	0.319011888	0.697717503	0.626990525
-0.60860861	0.672112366	0.643510845	0.534098111	0.314031315	0.678490063	0.609785029
-0.60160160	0.648662334	0.623103670	0.516781517	0.309039556	0.658869012	0.592281979
-0.59459459	0.624954919	0.602352148	0.499311911	0.304038385	0.638873282	0.574496689
-0.58758759	0.601029387	0.581285978	0.481709938	0.299029589	0.618522914	0.556445300
-0.58058058	0.576926810	0.559936999	0.463997227	0.294014966	0.597839158	0.538144852
-0.57357357	0.552690087	0.538339264	0.446196439	0.288996327	0.576844575	0.519613373
-0.56656657	0.528363959	0.516529101	0.428331306	0.283975489	0.555563176	0.500869977
-0.55955956	0.503995012	0.494545173	0.410426685	0.278954280	0.534020565	0.481934981
-0.55255255	0.479631675	0.472428533	0.392508592	0.273934534	0.512244118	0.462830037
-0.54554555	0.455324194	0.450222655	0.374604247	0.268918094	0.490263181	0.443578275
-0.53853854	0.431124591	0.427973460	0.356742106	0.263906806	0.468109287	0.424204466
-0.53153153	0.407086598	0.405729316	0.338951889	0.258902521	0.445816404	0.404735200
-0.52452452	0.383265555	0.383541021	0.321264593	0.253907096	0.423421196	0.385199076
-0.51751752	0.359718283	0.361461740	0.303712499	0.248922386	0.400963312	0.365626904
-0.51051051	0.336502908	0.339546927	0.286329157	0.243950251	0.378485678	0.346051917
-0.50350350	0.313678639	0.317854187	0.269149353	0.238992546	0.356034809	0.326509988
-0.49649650	0.291305495	0.296443097	0.252209051	0.234051130	0.333661114	0.307039845
-0.48948949	0.269443973	0.275374968	0.235545310	0.229127856	0.311419186	0.287683281
-0.48248248	0.248154646	0.254712543	0.219196162	0.224224573	0.289368076	0.268485340
-0.47547548	0.227497700	0.234519620	0.203200458	0.219343125	0.267571511	0.249494487
-0.46846847	0.207532386	0.214860596	0.187597668	0.214485349	0.246098044	0.230762718
-0.46146146	0.188316412	0.195799926	0.172427634	0.209653076	0.225021114	0.212345625
-0.45445445	0.169905242	0.177401481	0.157730268	0.204848123	0.204418960	0.194302365
-0.44744745	0.152351335	0.159727816	0.143545203	0.200072298	0.184374373	0.176695536
-0.44044044	0.135703312	0.142839336	0.129911369	0.195327398	0.164974220	0.159590903
-0.43343343	0.120005059	0.126793350	0.116866521	0.190615204	0.146308694	0.143056975
-0.42642643	0.105294797	0.111643050	0.104446693	0.185937479	0.128470238	0.127164362
-0.41941942	0.091604115	0.097436382	0.092685601	0.181295973	0.111552074	0.111984909
-0.41241241	0.078957014	0.084214864	0.081613978	0.176692412	0.095646282	0.097590541
-0.40540541	0.067368973	0.072012342	0.071258866	0.172128506	0.080841387	0.084051805
-0.39839840	0.056846087	0.060853748	0.061642865	0.167605938	0.067219401	0.071436070
-0.39139139	0.047384314	0.050753865	0.052783367	0.163126369	0.054852330	0.059805360
-0.38438438	0.038968883	0.041716189	0.044691775	0.158691433	0.043798174	0.049213841
-0.37737738	0.031573916	0.033731926	0.037372765	0.154302738	0.034096509	0.039704964
-0.37037037	0.025162307	0.026779216	0.030823592	0.149961859	0.025763870	0.031308364
-0.36336336	0.019685939	0.020822664	0.025033509	0.145670341	0.018789202	0.024036607
-0.35635636	0.015086253	0.015813267	0.019983328	0.141429697	0.013129877	0.017882016
-0.34934935	0.011295238	0.011688855	0.015645179	0.137241402	0.008708887	0.012813831
-0.34234234	0.008236853	0.008375110	0.011982526	0.133106896	0.005414037	0.008776128
-0.33533534	0.005828877	0.005787254	0.008950494	0.129027579	0.003100118	0.005686975
-0.32832833	0.003985164	0.003832460	0.006496556	0.125004809	0.001595047	0.003439444
-0.32132132	0.002618232	0.002412943	0.004561625	0.121039904	0.000710762	0.001905114
-0.31431431	0.001642067	0.001429682	0.003081567	0.117134134	0.000258918	0.000940619
-0.30730731	0.000974981	0.000786567	0.001989131	0.113288725	0.000069954	0.000397488
-0.30030030	0.000542322	0.000394663	0.001216251	0.109504853	0.000011687	0.000134781
-0.29329329	0.000278785	0.000176169	0.000696598	0.105783644	0.000000812	0.000032828
-0.28628629	0.000130087	0.000067518	0.000368232	0.102126172	0.000000007	0.000004645
-0.27927928	0.000053777	0.000021070	0.000176101	0.098533459	0.000000000	0.000000236
-0.27227227	0.000019037	0.000004923	0.000074099	0.095006468	0.000000000	0.000000001
-0.26526527	0.000005493	0.000000747	0.000026350	0.091546108	0.000000000	0.000000000
-0.25825826	0.000001199	0.000000056	0.000007450	0.088153226	0.000000000	0.000000000
-0.25125125	0.000000175	0.000000001	0.000001518	0.084828611	0.000000000	0.000000000
-0.24424424	0.000000014	0.000000000	0.000000188	0.081572990	0.000000000	0.000000000
-0.23723724	0.000000000	0.000000000	0.000000010	0.078387024	0.000000000	0.000000000
-0.23023023	0.000000000	0.000000000	0.000000000	0.075271311	0.000000000	0.000000000
-0.22322322	0.000000000	0.000000000	0.000000000	0.072226383	0.000000000	0.000000000
-0.21621622	0.000000000	0.000000000	0.000000000	0.069252705	0.000000000	0.000000000
-0.20920921	0.000000000	0.000000000	0.000000000	0.066350671	0.000000000	0.000000000
-0.20220220	0.000000000	0.000000000	0.000000000	0.063520608	0.000000000	0.000000000
-0.19519520	0.000000000	0.000000000	0.000000000	0.060762772	0.000000000	0.000000000
-0.18818819	0.000000000	0.000000000	0.000000000	0.058077348	0.000000000	0.000000000
-0.18118118	0.000000000	0.000000000	0.000000000	0.055464447	0.000000000	0.000000000
-0.17417417	0.000000000	0.000000000	0.000000000	0.052924111	0.000000000	0.000000000
-0.16716717	0.000000000	0.000000000	0.000000000	0.050456307	0.000000000	0.000000000
-0.16016016	0.000000000	0.000000000	0.000000000	0.048060929	0.000000000	0.000000000
-0.15315315	0.000000000	0.000000000	0.000000000	0.045737798	0.000000000	0.000000000
-0.14614615	0.000000000	0.000000000	0.000000000	0.043486663	0.000000000	0.000000000
-0.13913914	0.000000000	0.000000000	0.000000000	0.041307199	0.000000000	0.000000000
-0.13213213	0.000000000	0.000000000	0.000000000	0.039199007	0.000000000	0.000000000
-0.12512513	0.000000000	0.000000000	0.000000000	0.037161619	0.000000000	0.000000000
-0.11811812	0.000000000	0.000000000	0.000000000	0.035194493	0.000000000	0.000000000
-0.11111111	0.000000000	0.000000000	0.000000000	0.033297018	0.000000000	0.000000000
-0.10410410	0.000000000	0.000000000	0.000000000	0.031468512	0.000000000	0.000000000
-0.09709710	0.000000000	0.000000000	0.000000000	0.029708227	0.000000000	0.000000000
-0.09009009	0.000000000	0.000000000	0.000000000	0.028015347	0.000000000	0.000000000
-0.08308308	0.000000000	0.000000000	0.000000000	0.026388988	0.000000000	0.000000000
-0.07607608	0.000000000	0.000000000	0.000000000	0.024828208	0.000000000	0.000000000
-0.06906907	0.000000000	0.000000000	0.000000000	0.023331998	0.000000000	0.000000000
-0.06206206	0.000000000	0.000000000	0.000000000	0.021899292	0.000000000	0.000000000
-0.05505506	0.000000000	0.000000000	0.000000000	0.020528967	0.000000000	0.000000000
-0.04804805	0.000000000	0.000000000	0.000000000	0.019219844	0.000000000	0.000000000
-0.04104104	0.000000000	0.000000000	0.000000000	0.017970693	0.000000000	0.000000000
-0.03403403	0.000000000	0.000000000	0.000000000	0.016780233	0.000000000	0.000000000
-0.02702703	0.000000000	0.000000000	0.000000000	0.015647137	0.000000000	0.000000000
-0.02002002	0.000000000	0.000000000	0.000000000	0.014570036	0.000000000	0.000000000
-0.01301301	0.000000000	0.000000000	0.000000000	0.013547519	0.000000000	0.000000000
-0.00600601	0.000000000	0.000000000	0.000000000	0.012578137	0.000000000	0.000000000
0.00100100	0.000000000	0.000000000	0.000000000	0.011660411	0.000000000	0.000000000
0.00800801	0.000000000	0.000000000	0.000000000	0.010792828	0.000000000	0.000000000
0.01501502	0.000000000	0.000000000	0.000000000	0.009973851	0.000000000	0.000000000
0.02202202	0.000000000	0.000000000	0.000000000	0.009201920	0.000000000	0.000000000
0.02902903	0.000000000	0.000000000	0.000000000	0.008475455	0.000000000	0.000000000
0.03603604	0.000000000	0.000000000	0.000000000	0.007792862	0.000000000	0.000000000
0.04304304	0.000000000	0.000000000	0.000000000	0.007152535	0.000000000	0.000000000
0.05005005	0.000000000	0.000000000	0.000000000	0.006552863	0.000000000	0.000000000
0.05705706	0.000000000	0.000000000	0.000000000	0.005992227	0.000000000	0.000000000
0.06406406	0.000000000	0.000000000	0.000000000	0.005469012	0.000000000	0.000000000
0.07107107	0.000000000	0.000000000	0.000000000	0.004981607	0.000000000	0.000000000
0.07807808	0.000000000	0.000000000	0.000000000	0.004528408	0.000000000	0.000000000
0.08508509	0.000000000	0.000000000	0.000000000	0.004107822	0.000000000	0.000000000
0.09209209	0.000000000	0.000000000	0.000000000	0.003718275	0.000000000	0.000000000
0.09909910	0.000000000	0.000000000	0.000000000	0.003358208	0.000000000	0.000000000
0.10610611	0.000000000	0.000000000	0.000000000	0.003026087	0.000000000	0.000000000
0.11311311	0.000000000	0.000000000	0.000000000	0.002720403	0.000000000	0.000000000
0.12012012	0.000000000	0.000000000	0.000000000	0.002439676	0.000000000	0.000000000
0.12712713	0.000000000	0.000000000	0.000000000	0.002182458	0.000000000	0.000000000
0.13413413	0.000000000	0.000000000	0.000000000	0.001947336	0.000000000	0.000000000
0.14114114	0.000000000	0.000000000	0.000000000	0.001732935	0.000000000	0.000000000
0.14814815	0.000000000	0.000000000	0.000000000	0.001537918	0.000000000	0.000000000
0.15515516	0.000000000	0.000000000	0.000000000	0.001360993	0.000000000	0.000000000
0.16216216	0.000000000	0.000000000	0.000000000	0.001200909	0.000000000	0.000000000
0.16916917	0.000000000	0.000000000	0.000000000	0.001056464	0.000000000	0.000000000
0.17617618	0.000000000	0.000000000	0.000000000	0.000926500	0.000000000	0.000000000
0.18318318	0.000000000	0.000000000	0.000000000	0.000809911	0.000000000	0.000000000
0.19019019	0.000000000	0.000000000	0.000000000	0.000705640	0.000000000	0.000000000
0.19719720	0.000000000	0.000000000	0.000000000	0.000612677	0.000000000	0.000000000
0.20420420	0.000000000	0.000000000	0.000000000	0.000530068	0.000000000	0.000000000
0.21121121	0.000000000	0.000000000	0.000000000	0.000456907	0.000000000	0.000000000
0.21821822	0.000000000	0.000000000	0.000000000	0.000392340	0.000000000	0.000000000
0.22522523	0.000000000	0.000000000	0.000000000	0.000335564	0.000000000	0.000000000
0.23223223	0.000000000	0.000000000	0.000000000	0.000285827	0.000000000	0.000000000
0.23923924	0.000000000	0.000000000	0.000000000	0.000242425	0.000000000	0.000000000
0.24624625	0.000000000	0.000000000	0.000000000	0.000204706	0.000000000	0.000000000
0.25325325	0.000000000	0.000000000	0.000000000	0.000172062	0.000000000	0.000000000
0.26026026	0.000000000	0.000000000	0.000000000	0.000143934	0.000000000	0.000000000
0.26726727	0.000000000	0.000000000	0.000000000	0.000119808	0.000000000	0.000000000
0.27427427	0.000000000	0.000000000	0.000000000	0.000099212	0.000000000	0.000000000
0.28128128	0.000000000	0.000000000	0.000000000	0.000081715	0.000000000	0.000000000
0.28828829	0.000000000	0.000000000	0.000000000	0.000066928	0.000000000	0.000000000
0.29529530	0.000000000	0.000000000	0.000000000	0.000054498	0.000000000	0.000000000
0.30230230	0.000000000	0.000000000	0.000000000	0.000044106	0.000000000	0.000000000
0.30930931	0.000000000	0.000000000	0.000000000	0.000035470	0.000000000	0.000000000
0.31631632	0.000000000	0.000000000	0.000000000	0.000028336	0.000000000	0.000000000
0.32332332	0.000000000	0.000000000	0.000000000	0.000022479	0.000000000	0.000000000
0.33033033	0.000000000	0.000000000	0.000000000	0.000017705	0.000000000	0.000000000
0.33733734	0.000000000	0.000000000	0.000000000	0.000013838	0.000000000	0.000000000
0.34434434	0.000000000	0.000000000	0.000000000	0.000010730	0.000000000	0.000000000
0.35135135	0.000000000	0.000000000	0.000000000	0.000008251	0.000000000	0.000000000
0.35835836	0.000000000	0.000000000	0.000000000	0.000006289	0.000000000	0.000000000
0.36536537	0.000000000	0.000000000	0.000000000	0.000004750	0.000000000	0.000000000
0.37237237	0.000000000	0.000000000	0.000000000	0.000003552	0.000000000	0.000000000
0.37937938	0.000000000	0.000000000	0.000000000	0.000002630	0.000000000	0.000000000
0.38638639	0.000000000	0.000000000	0.000000000	0.000001926	0.000000000	0.000000000
0.39339339	0.000000000	0.000000000	0.000000000	0.000001395	0.000000000	0.000000000
0.40040040	0.000000000	0.000000000	0.000000000	0.000000998	0.000000000	0.000000000
0.40740741	0.000000000	0.000000000	0.000000000	0.000000705	0.000000000	0.000000000
0.41441441	0.000000000	0.000000000	0.000000000	0.000000491	0.000000000	0.000000000
0.42142142	0.000000000	0.000000000	0.000000000	0.000000338	0.000000000	0.000000000
0.42842843	0.000000000	0.000000000	0.000000000	0.000000228	0.000000000	0.000000000
0.43543544	0.000000000	0.000000000	0.000000000	0.000000152	0.000000000	0.000000000
0.44244244	0.000000000	0.000000000	0.000000000	0.000000100	0.000000000	0.000000000
0.44944945	0.000000000	0.000000000	0.000000000	0.000000064	0.000000000	0.000000000
0.45645646	0.000000000	0.000000000	0.000000000	0.000000040	0.000000000	0.000000000
0.46346346	0.000000000	0.000000000	0.000000000	0.000000025	0.000000000	0.000000000
0.47047047	0.000000000	0.000000000	0.000000000	0.000000015	0.000000000	0.000000000
0.47747748	0.000000000	0.000000000	0.000000000	0.000000009	0.000000000	0.000000000
0.48448448	0.000000000	0.000000000	0.000000000	0.000000005	0.000000000	0.000000000
0.49149149	0.000000000	0.000000000	0.000000000	0.000000003	0.000000000	0.000000000
0.49849850	0.000000000	0.000000000	0.000000000	0.000000002	0.000000000	0.000000000
0.50550551	0.000000000	0.000000000	0.000000000	0.000000001	0.000000000	0.000000000
0.51251251	0.000000000	0.000000000	0.000000000	0.000000000	0.000000000	0.000000000
0.51951952	0.000000000	0.000000000	0.000000000	0.000000000	0.000000000	0.000000000
0.52652653	0.000000000	0.000000000	0.000000000	0.000000000	0.000000000	0.000000000
0.53353353	0.000000000	0.000000000	0.000000000	0.000000000	0.000000000	0.000000000
0.54054054	0.000000000	0.000000000	0.000000000	0.000000000	0.000000000	0.000000000
0.54754755	0.000000000	0.000000000	0.000000000	0.000000000	0.000000000	0.000000000
0.55455455	0.000000000	0.000000000	0.000000000	0.000000000	0.000000000	0.000000000
0.56156156	0.000000000	0.000000000	0.000000000	0.000000000	0.000000000	0.000000000
0.56856857	0.000000000	0.000000000	0.000000000	0.000000000	0.000000000	0.000000000
0.57557558	0.000000000	0.000000000	0.000000000	0.000000000	0.000000000	0.000000000
0.58258258	0.000000000	0.000000000	0.000000000	0.000000000	0.000000000	0.000000000
0.58958959	0.000000000	0.000000000	0.000000000	0.000000000	0.000000000	0.000000000
0.59659660	0.000000000	0.000000000	0.000000000	0.000000000	0.000000000	0.000000000
0.60360360	0.000000000	0.000000000	0.000000000	0.000000000	0.000000000	0.000000000
0.61061061	0.000000000	0.000000000	0.000000000	0.000000000	0.000000000	0.000000000
0.61761762	0.000000000	0.000000000	0.000000000	0.000000000	0.000000000	0.000000000
0.62462462	0.000000000	0.000000000	0.000000000	0.000000000	0.000000000	0.000000000
0.63163163	0.000000000	0.000000000	0.000000000	0.000000000	0.000000000	0.000000000
0.63863864	0.000000000	0.000000000	0.000000000	0.000000000	0.000000000	0.000000000
0.64564565	0.000000000	0.000000000	0.000000000	0.000000000	0.000000000	0.000000000
0.65265265	0.000000000	0.000000000	0.000000000	0.000000000	0.000000000	0.000000000
0.65965966	0.000000000	0.000000000	0.000000000	0.000000000	0.000000000	0.000000000
0.66666667	0.000000000	0.000000000	0.000000000	0.000000000	0.000000000	0.000000000
0.67367367	0.000000000	0.000000000	0.000000000	0.000000000	0.000000000	0.000000000
0.68068068	0.000000000	0.000000000	0.000000000	0.000000000	0.000000000	0.000000000
0.68768769	0.000000000	0.000000000	0.000000000	0.000000000	0.000000000	0.000000000
0.69469469	0.000000000	0.000000000	0.000000000	0.000000000	0.000000000	0.000000000
0.70170170	0.000000000	0.000000000	0.000000000	0.000000000	0.000000000	0.000000000
0.70870871	0.000000000	0.000000000	0.000000000	0.000000000	0.000000000	0.000000000
0.71571572	0.000000000	0.000000000	0.000000000	0.000000000	0.000000000	0.000000000
0.72272272	0.000000000	0.000000000	0.000000000	0.000000000	0.000000000	0.000000000
0.72972973	0.000000000	0.000000000	0.000000000	0.000000000	0.000000000	0.000000000
0.73673674	0.000000000	0.000000000	0.000000000	0.000000000	0.000000000	0.000000000
0.74374374	0.000000000	0.000000000	0.000000000	0.000000000	0.000000000	0.000000000
0.75075075	0.000000000	0.000000000	0.000000000	0.000000000	0.000000000	0.000000000
0.75775776	0.000000000	0.000000000	0.000000000	0.000000000	0.000000000	0.000000000
0.76476476	0.000000000	0.000000000	0.000000000	0.000000000	0.000000000	0.000000000
0.77177177	0.000000000	0.000000000	0.000000000	0.000000000	0.000000000	0.000000000
0.77877878	0.000000000	0.000000000	0.000000000	0.000000000	0.000000000	0.000000000
0.78578579	0.000000000	0.000000000	0.000000000	0.000000000	0.000000000	0.000000000
0.79279279	0.000000000	0.000000000	0.000000000	0.000000000	0.000000000	0.000000000
0.79979980	0.000000000	0.000000000	0.000000000	0.000000000	0.000000000	0.000000000
0.80680681	0.000000000	0.000000000	0.000000000	0.000000000	0.000000000	0.000000000
0.81381381	0.000000000	0.000000000	0.000000000	0.000000000	0.000000000	0.000000000
0.82082082	0.000000000	0.000000000	0.000000000	0.000000000	0.000000000	0.000000000
0.82782783	0.000000000	0.000000000	0.000000000	0.000000000	0.000000000	0.000000000
0.83483483	0.000000000	0.000000000	0.000000000	0.000000000	0.000000000	0.000000000
0.84184184	0.000000000	0.000000000	0.000000000	0.000000000	0.000000000	0.000000000
0.84884885	0.000000000	0.000000000	0.000000000	0.000000000	0.000000000	0.000000000
0.85585586	0.000000000	0.000000000	0.000000000	0.000000000	0.000000000	0.000000000
0.86286286	0.000000000	0.000000000	0.000000000	0.000000000	0.000000000	0.000000000
0.86986987	0.000000000	0.000000000	0.000000000	0.000000000	0.000000000	0.000000000
0.87687688	0.000000000	0.000000000	0.000000000	0.000000000	0.000000000	0.000000000
0.88388388	0.000000000	0.000000000	0.000000000	0.000000000	0.000000000	0.000000000
0.89089089	0.000000000	0.000000000	0.000000000	0.000000000	0.000000000	0.000000000
0.89789790	0.000000000	0.000000000	0.000000000	0.000000000	0.000000000	0.000000000
0.90490490	0.000000000	0.000000000	0.000000000	0.000000000	0.000000000	0.000000000
0.91191191	0.000000000	0.000000000	0.000000000	0.000000000	0.000000000	0.000000000
0.91891892	0.000000000	0.000000000	0.000000000	0.000000000	0.000000000	0.000000000
0.92592593	0.000000000	0.000000000	0.000000000	0.000000000	0.000000000	0.000000000
0.93293293	0.000000000	0.000000000	0.000000000	0.000000000	0.000000000	0.000000000
0.93993994	0.000000000	0.000000000	0.000000000	0.000000000	0.000000000	0.000000000
0.94694695	0.000000000	0.000000000	0.000000000	0.000000000	0.000000000	0.000000000
0.95395395	0.000000000	0.000000000	0.000000000	0.000000000	0.000000000	0.000000000
0.96096096	0.000000000	0.000000000	0.000000000	0.000000000	0.000000000	0.000000000
0.96796797	0.000000000	0.000000000	0.000000000	0.000000000	0.000000000	0.000000000
0.97497497	0.000000000	0.000000000	0.000000000	0.000000000	0.000000000	0.000000000
0.98198198	0.000000000	0.000000000	0.000000000	0.000000000	0.000000000	0.000000000
0.98898899	0.000000000	0.000000000	0.000000000	0.000000000	0.000000000	0.000000000
0.99599600	0.000000000	0.000000000	0.000000000	0.000000000	0.000000000	0.000000000
1.00300300	0.000000000	0.000000000	0.000000000	0.000000000	0.000000000	0.000000000
1.01001001	0.000000000	0.000000000	0.000000000	0.000000000	0.000000000	0.000000000
1.01701702	0.000000000	0.000000000	0.000000000	0.000000000	0.000000000	0.000000000
1.02402402	0.000000000	0.000000000	0.000000000	0.000000000	0.000000000	0.000000000
1.03103103	0.000000000	0.000000000	0.000000000	0.000000000	0.000000000	0.000000000
1.03803804	0.000000000	0.000000000	0.000000000	0.000000000	0.000000000	0.000000000
1.04504505	0.000000000	0.000000000	0.000000000	0.000000000	0.000000000	0.000000000
1.05205205	0.000000000	0.000000000	0.000000000	0.000000000	0.000000000	0.000000000
1.05905906	0.000000000	0.000000000	0.000000000	0.000000000	0.000000000	0.000000000
1.06606607	0.000000000	0.000000000	0.000000000	0.000000000	0.000000000	0.000000000
1.07307307	0.000000000	0.000000000	0.000000000	0.000000000	0.000000000	0.000000000
1.08008008	0.000000000	0.000000000	0.000000000	0.000000000	0.000000000	0.000000000
1.08708709	0.000000000	0.000000000	0.000000000	0.000000000	0.000000000	0.000000000
1.09409409	0.000000000	0.000000000	0.000000000	0.000000000	0.000000000	0.000000000
1.10110110	0.000000000	0.000000000	0.000000000	0.000000000	0.000000000	0.000000000
1.10810811	0.000000000	0.000000000	0.000000000	0.000000000	0.000000000	0.000000000
1.11511512	0.000000000	0.000000000	0.000000000	0.000000000	0.000000000	0.000000000
1.12212212	0.000000000	0.000000000	0.000000000	0.000000000	0.000000000	0.000000000
1.12912913	0.000000000	0.000000000	0.000000000	0.000000000	0.000000000	0.000000000
1.13613614	0.000000000	0.000000000	0.000000000	0.000000000	0.000000000	0.000000000
1.14314314	0.000000000	0.000000000	0.000000000	0.000000000	0.000000000	0.000000000
1.15015015	0.000000000	0.000000000	0.000000000	0.000000000	0.000000000	0.000000000
1.15715716	0.000000000	0.000000000	0.000000000	0.000000000	0.000000000	0.000000000
1.16416416	0.000000000	0.000000000	0.000000000	0.000000000	0.000000000	0.000000000
1.17117117	0.000000000	0.000000000	0.000000000	0.000000000	0.000000000	0.000000000
1.17817818	0.000000000	0.000000000	0.000000000	0.000000000	0.000000000	0.000000000
1.18518519	0.000000000	0.000000000	0.000000000	0.000000000	0.000000000	0.000000000
1.19219219	0.000000000	0.000000000	0.000000000	0.000000000	0.000000000	0.000000000
1.19919920	0.000000000	0.000000000	0.000000000	0.000000000	0.000000000	0.000000000
1.20620621	0.000000000	0.000000000	0.000000000	0.000000000	0.000000000	0.000000000
1.21321321	0.000000000	0.000000000	0.000000000	0.000000000	0.000000000	0.000000000
1.22022022	0.000000000	0.000000000	0.000000000	0.000000000	0.000000000	0.000000000
1.22722723	0.000000000	0.000000000	0.000000000	0.000000000	0.000000000	0.000000000
1.23423423	0.000000000	0.000000000	0.000000000	0.000000000	0.000000000	0.000000000
1.24124124	0.000000000	0.000000000	0.000000000	0.000000000	0.000000000	0.000000000
1.24824825	0.000000000	0.000000000	0.000000000	0.000000000	0.000000000	0.000000000
1.25525526	0.000000000	0.000000000	0.000000000	0.000000000	0.000000000	0.000000000
1.26226226	0.000000000	0.000000000	0.000000000	0.000000000	0.000000000	0.000000000
1.26926927	0.000000000	0.000000000	0.000000000	0.000000000	0.000000000	0.000000000
1.27627628	0.000000000	0.000000000	0.000000000	0.000000000	0.000000000	0.000000000
1.28328328	0.000000000	0.000000000	0.000000000	0.000000000	0.000000000	0.000000000
1.29029029	0.000000000	0.000000000	0.000000000	0.000000000	0.000000000	0.000000000
1.29729730	0.000000000	0.000000000	0.000000000	0.000000000	0.000000000	0.000000000
1.30430430	0.000000000	0.000000000	0.000000000	0.000000000	0.000000000	0.000000000
1.31131131	0.000000000	0.000000000	0.000000000	0.000000000	0.000000000	0.000000000
1.31831832	0.000000000	0.000000000	0.000000000	0.000000000	0.000000000	0.000000000
1.32532533	0.000000000	0.000000000	0.000000000	0.000000000	0.000000000	0.000000000
1.33233233	0.000000000	0.000000000	0.000000000	0.000000000	0.000000000	0.000000000
1.33933934	0.000000000	0.000000000	0.000000000	0.000000000	0.000000000	0.000000000
1.34634635	0.000000000	0.000000000	0.000000000	0.000000000	0.000000000	0.000000000
1.35335335	0.000000000	0.000000000	0.000000000	0.000000000	0.000000000	0.000000000
1.36036036	0.000000000	0.000000000	0.000000000	0.000000000	0.000000000	0.000000000
1.36736737	0.000000000	0.000000000	0.000000000	0.000000000	0.000000000	0.000000000
1.37437437	0.000000000	0.000000000	0.000000000	0.000000000	0.000000000	0.000000000
1.38138138	0.000000000	0.000000000	0.000000000	0.000000000	0.000000000	0.000000000
1.38838839	0.000000000	0.000000000	0.000000000	0.000000000	0.000000000	0.000000000
1.39539540	0.000000000	0.000000000	0.000000000	0.000000000	0.000000000	0.000000000
1.40240240	0.000000000	0.000000000	0.000000000	0.000000000	0.000000000	0.000000000
1.40940941	0.000000000	0.000000000	0.000000000	0.000000000	0.000000000	0.000000000
1.41641642	0.000000000	0.000000000	0.000000000	0.000000000	0.000000000	0.000000000
1.42342342	0.000000000	0.000000000	0.000000000	0.000000000	0.000000000	0.000000000
1.43043043	0.000000000	0.000000000	0.000000000	0.000000000	0.000000000	0.000000000
1.43743744	0.000000000	0.000000000	0.000000000	0.000000000	0.000000000	0.000000000
1.44444444	0.000000000	0.000000000	0.000000000	0.000000000	0.000000000	0.000000000
1.45145145	0.000000000	0.000000000	0.000000000	0.000000000	0.000000000	0.000000000
1.45845846	0.000000000	0.000000000	0.000000000	0.000000000	0.000000000	0.000000000
1.46546547	0.000000000	0.000000000	0.000000000	0.000000000	0.000000000	0.000000000
1.47247247	0.000000000	0.000000000	0.000000000	0.000000000	0.000000000	0.000000000
1.47947948	0.000000000	0.000000000	0.000000000	0.000000000	0.000000000	0.000000000
1.48648649	0.000000000	0.000000000	0.000000000	0.000000000	0.000000000	0.000000000
1.49349349	0.000000000	0.000000000	0.000000000	0.000000000	0.000000000	0.000000000
1.50050050	0.000000000	0.000000000	0.000000000	0.000000000	0.000000000	0.000000000
1.50750751	0.000000000	0.000000000	0.000000000	0.000000000	0.000000000	0.000000000
1.51451451	0.000000000	0.000000000	0.000000000	0.000000000	0.000000000	0.000000000
1.52152152	0.000000000	0.000000000	0.000000000	0.000000000	0.000000000	0.000000000
1.52852853	0.000000000	0.000000000	0.000000000	0.000000000	0.000000000	0.000000000
1.53553554	0.000000000	0.000000000	0.000000000	0.000000000	0.000000000	0.000000000
1.54254254	0.000000000	0.000000000	0.000000000	0.000000000	0.000000000	0.000000000
1.54954955	0.000000000	0.000000000	0.000000000	0.000000000	0.000000000	0.000000000
1.55655656	0.000000000	0.000000000	0.000000000	0.000000000	0.000000000	0.000000000
1.56356356	0.000000000	0.000000000	0.000000000	0.000000000	0.000000000	0.000000000
1.57057057	0.000000000	0.000000000	0.000000000	0.000000000	0.000000000	0.000000000
1.57757758	0.000000000	0.000000000	0.000000000	0.000000000	0.000000000	0.000000000
1.58458458	0.000000000	0.000000000	0.000000000	0.000000000	0.000000000	0.000000000
1.59159159	0.000000000	0.000000000	0.000000000	0.000000000	0.000000000	0.000000000
1.59859860	0.000000000	0.000000000	0.000000000	0.000000000	0.000000000	0.000000000
1.60560561	0.000000000	0.000000000	0.000000000	0.000000000	0.000000000	0.000000000
1.61261261	0.000000000	0.000000000	0.000000000	0.000000000	0.000000000	0.000000000
1.61961962	0.000000000	0.000000000	0.000000000	0.000000000	0.000000000	0.000000000
1.62662663	0.000000000	0.000000000	0.000000000	0.000000000	0.000000000	0.000000000
1.63363363	0.000000000	0.000000000	0.000000000	0.000000000	0.000000000	0.000000000
1.64064064	0.000000000	0.000000000	0.000000000	0.000000000	0.000000000	0.000000000
1.64764765	0.000000000	0.000000000	0.000000000	0.000000000	0.000000000	0.000000000
1.65465465	0.000000000	0.000000000	0.000000000	0.000000000	0.000000000	0.000000000
1.66166166	0.000000000	0.000000000	0.000000000	0.000000000	0.000000000	0.000000000
1.66866867	0.000000000	0.000000000	0.000000000	0.000000000	0.000000000	0.000000000
1.67567568	0.000000000	0.000000000	0.000000000	0.000000000	0.000000000	0.000000000
1.68268268	0.000000000	0.000000000	0.000000000	0.000000000	0.000000000	0.000000000
1.68968969	0.000000000	0.000000000	0.000000000	0.000000000	0.000000000	0.000000000
1.69669670	0.000000000	0.000000000	0.000000000	0.000000000	0.000000000	0.000000000
1.70370370	0.000000000	0.000000000	0.000000000	0.000000000	0.000000000	0.000000000
1.71071071	0.000000000	0.000000000	0.000000000	0.000000000	0.000000000	0.000000000
1.71771772	0.000000000	0.000000000	0.000000000	0.000000000	0.000000000	0.000000000
1.72472472	0.000000000	0.000000000	0.000000000	0.000000000	0.000000000	0.000000000
1.73173173	0.000000000	0.000000000	0.000000000	0.000000000	0.000000000	0.000000000
1.73873874	0.000000000	0.000000000	0.000000000	0.000000000	0.000000000	0.000000000
1.74574575	0.000000000	0.000000000	0.000000000	0.000000000	0.000000000	0.000000000
1.75275275	0.000000000	0.000000000	0.000000000	0.000000000	0.000000000	0.000000000
1.75975976	0.000000000	0.000000000	0.000000000	0.000000000	0.000000000	0.000000000
1.76676677	0.000000000	0.000000000	0.000000000	0.000000000	0.000000000	0.000000000
1.77377377	0.000000000	0.000000000	0.000000000	0.000000000	0.000000000	0.000000000
1.78078078	0.000000000	0.000000000	0.000000000	0.000000000	0.000000000	0.000000000
1.78778779	0.000000000	0.000000000	0.000000000	0.000000000	0.000000000	0.000000000
1.79479479	0.000000000	0.000000000	0.000000000	0.000000000	0.000000000	0.000000000
1.80180180	0.000000000	0.000000000	0.000000000	0.000000000	0.000000000	0.000000000
1.80880881	0.000000000	0.000000000	0.000000000	0.000000000	0.000000000	0.000000000
1.81581582	0.000000000	0.000000000	0.000000000	0.000000000	0.000000000	0.000000000
1.82282282	0.000000000	0.000000000	0.000000000	0.000000000	0.000000000	0.000000000
1.82982983	0.000000000	0.000000000	0.000000000	0.000000000	0.000000000	0.000000000
1.83683684	0.000000000	0.000000000	0.000000000	0.000000000	0.000000000	0.000000000
1.84384384	0.000000000	0.000000000	0.000000000	0.000000000	0.000000000	0.000000000
1.85085085	0.000000000	0.000000000	0.000000000	0.000000000	0.000000000	0.000000000
1.85785786	0.000000000	0.000000000	0.000000000	0.000000000	0.000000000	0.000000000
1.86486486	0.000000000	0.000000000	0.000000000	0.000000000	0.000000000	0.000000000
1.87187187	0.000000000	0.000000000	0.000000000	0.000000000	0.000000000	0.000000000
1.87887888	0.000000000	0.000000000	0.000000000	0.000000000	0.000000000	0.000000000
1.88588589	0.000000000	0.000000000	0.000000000	0.000000000	0.000000000	0.000000000
1.89289289	0.000000000	0.000000000	0.000000000	0.000000000	0.000000000	0.000000000
1.89989990	0.000000000	0.000000000	0.000000000	0.000000000	0.000000000	0.000000000
1.90690691	0.000000000	0.000000000	0.000000000	0.000000000	0.000000000	0.000000000
1.91391391	0.000000000	0.000000000	0.000000000	0.000000000	0.000000000	0.000000000
1.92092092	0.000000000	0.000000000	0.000000000	0.000000000	0.000000000	0.000000000
1.92792793	0.000000000	0.000000000	0.000000000	0.000000000	0.000000000	0.000000000
1.93493493	0.000000000	0.000000000	0.000000000	0.000000000	0.000000000	0.000000000
1.94194194	0.000000000	0.000000000	0.000000000	0.000000000	0.000000000	0.000000000
1.94894895	0.000000000	0.000000000	0.000000000	0.000000000	0.000000000	0.000000000
1.95595596	0.000000000	0.000000000	0.000000000	0.000000000	0.000000000	0.000000000
1.96296296	0.000000000	0.000000000	0.000000000	0.000000000	0.000000000	0.000000000
1.96996997	0.000000000	0.000000000	0.000000000	0.000000000	0.000000000	0.000000000
1.97697698	0.000000000	0.000000000	0.000000000	0.000000000	0.000000000	0.000000000
1.98398398	0.000000000	0.000000000	0.000000000	0.000000000	0.000000000	0.000000000
1.99099099	0.000000000	0.000000000	0.000000000	0.000000000	0.000000000	0.000000000
1.99799800	0.000000000	0.000000000	0.000000000	0.000000000	0.000000000	0.000000000
2.00500501	0.000000000	0.000000000	0.000000000	0.000000000	0.000000000	0.000000000
2.01201201	0.000000000	0.000000000	0.000000000	0.000000000	0.000000000	0.000000000
2.01901902	0.000000000	0.000000000	0.000000000	0.000000000	0.000000000	0.000000000
2.02602603	0.000000000	0.000000000	0.000000000	0.000000000	0.000000000	0.000000000
2.03303303	0.000000000	0.000000000	0.000000000	0.000000000	0.000000000	0.000000000
2.04004004	0.000000000	0.000000000	0.000000000	0.000000000	0.000000000	0.000000000
2.04704705	0.000000000	0.000000000	0.000000000	0.000000000	0.000000000	0.000000000
2.05405405	0.000000000	0.000000000	0.000000000	0.000000000	0.000000000	0.000000000
2.06106106	0.000000000	0.000000000	0.000000000	0.000000000	0.000000000	0.000000000
2.06806807	0.000000000	0.000000000	0.000000000	0.000000000	0.000000000	0.000000000
2.07507508	0.000000000	0.000000000	0.000000000	0.000000000	0.000000000	0.000000000
2.08208208	0.000000000	0.000000000	0.000000000	0.000000000	0.000000000	0.000000000
2.08908909	0.000000000	0.000000000	0.000000000	0.000000000	0.000000000	0.000000000
2.09609610	0.000000000	0.000000000	0.000000000	0.000000000	0.000000000	0.000000000
2.10310310	0.000000000	0.000000000	0.000000000	0.000000000	0.000000000	0.000000000
2.11011011	0.000000000	0.000000000	0.000000000	0.000000000	0.000000000	0.000000000
2.11711712	0.000000000	0.000000000	0.000000000	0.000000000	0.000000000	0.000000000
2.12412412	0.000000000	0.000000000	0.000000000	0.000000000	0.000000000	0.000000000
2.13113113	0.000000000	0.000000000	0.000000000	0.000000000	0.000000000	0.000000000
2.13813814	0.000000000	0.000000000	0.000000000	0.000000000	0.000000000	0.000000000
2.14514515	0.000000000	0.000000000	0.000000000	0.000000000	0.000000000	0.000000000
2.15215215	0.000000000	0.000000000	0.000000000	0.000000000	0.000000000	0.000000000
2.15915916	0.000000000	0.000000000	0.000000000	0.000000000	0.000000000	0.000000000
2.16616617	0.000000000	0.000000000	0.000000000	0.000000000	0.000000000	0.000000000
2.17317317	0.000000000	0.000000000	0.000000000	0.000000000	0.000000000	0.000000000
2.18018018	0.000000000	0.000000000	0.000000000	0.000000000	0.000000000	0.000000000
2.18718719	0.000000000	0.000000000	0.000000000	0.000000000	0.000000000	0.000000000
2.19419419	0.000000000	0.000000000	0.000000000	0.000000000	0.000000000	0.000000000
2.20120120	0.000000000	0.000000000	0.000000000	0.000000000	0.000000000	0.000000000
2.20820821	0.000000000	0.000000000	0.000000000	0.000000000	0.000000000	0.000000000
2.21521522	0.000000000	0.000000000	0.000000000	0.000000000	0.000000000	0.000000000
2.22222222	0.000000000	0.000000000	0.000000000	0.000000000	0.000000000	0.000000000
2.22922923	0.000000000	0.000000000	0.000000000	0.000000000	0.000000000	0.000000000
2.23623624	0.000000000	0.000000000	0.000000000	0.000000000	0.000000000	0.000000000
2.24324324	0.000000000	0.000000000	0.000000000	0.000000000	0.000000000	0.000000000
2.25025025	0.000000000	0.000000000	0.000000000	0.000000000	0.000000000	0.000000000
2.25725726	0.000000000	0.000000000	0.000000000	0.000000000	0.000000000	0.000000000
2.26426426	0.000000000	0.000000000	0.000000000	0.000000000	0.000000000	0.000000000
2.27127127	0.000000000	0.000000000	0.000000000	0.000000000	0.000000000	0.000000000
2.27827828	0.000000000	0.000000000	0.000000000	0.000000000	0.000000000	0.000000000
2.28528529	0.000000000	0.000000000	0.000000000	0.000000000	0.000000000	0.000000000
2.29229229	0.000000000	0.000000000	0.000000000	0.000000000	0.000000000	0.000000000
2.29929930	0.000000000	0.000000000	0.000000000	0.000000000	0.000000000	0.000000000
2.30630631	0.000000000	0.000000000	0.000000000	0.000000000	0.000000000	0.000000000
2.31331331	0.000000000	0.000000000	0.000000000	0.000000000	0.000000000	0.000000000
2.32032032	0.000000000	0.000000000	0.000000000	0.000000000	0.000000000	0.000000000
2.32732733	0.000000000	0.000000000	0.000000000	0.000000000	0.000000000	0.000000000
2.33433433	0.000000000	0.000000000	0.000000000	0.000000000	0.000000000	0.000000000
2.34134134	0.000000000	0.000000000	0.000000000	0.000000000	0.000000000	0.000000000
2.34834835	0.000000000	0.000000000	0.000000000	0.000000000	0.000000000	0.000000000
2.35535536	0.000000000	0.000000000	0.000000000	0.000000000	0.000000000	0.000000000
2.36236236	0.000000000	0.000000000	0.000000000	0.000000000	0.000000000	0.000000000
2.36936937	0.000000000	0.000000000	0.000000000	0.000000000	0.000000000	0.000000000
2.37637638	0.000000000	0.000000000	0.000000000	0.000000000	0.000000000	0.000000000
2.38338338	0.000000000	0.000000000	0.000000000	0.000000000	0.000000000	0.000000000
2.39039039	0.000000000	0.000000000	0.000000000	0.000000000	0.000000000	0.000000000
2.39739740	0.000000000	0.000000000	0.000000000	0.000000000	0.000000000	0.000000000
2.40440440	0.000000000	0.000000000	0.000000000	0.000000000	0.000000000	0.000000000
2.41141141	0.000000000	0.000000000	0.000000000	0.000000000	0.000000000	0.000000000
2.41841842	0.000000000	0.000000000	0.000000000	0.000000000	0.000000000	0.000000000
2.42542543	0.000000000	0.000000000	0.000000000	0.000000000	0.000000000	0.000000000
2.43243243	0.000000000	0.000000000	0.000000000	0.000000000	0.000000000	0.000000000
2.43943944	0.000000000	0.000000000	0.000000000	0.000000000	0.000000000	0.000000000
2.44644645	0.000000000	0.000000000	0.000000000	0.000000000	0.000000000	0.000000000
2.45345345	0.000000000	0.000000000	0.000000000	0.000000000	0.000000000	0.000000000
2.46046046	0.000000000	0.000000000	0.000000000	0.000000000	0.000000000	0.000000000
2.46746747	0.000000000	0.000000000	0.000000000	0.000000000	0.000000000	0.000000000
2.47447447	0.000000000	0.000000000	0.000000000	0.000000000	0.000000000	0.000000000
2.48148148	0.000000000	0.000000000	0.000000000	0.000000000	0.000000000	0.000000000
2.48848849	0.000000000	0.000000000	0.000000000	0.000000000	0.000000000	0.000000000
2.49549550	0.000000000	0.000000000	0.000000000	0.000000000	0.000000000	0.000000000
2.50250250	0.000000000	0.000000000	0.000000000	0.000000000	0.000000000	0.000000000
2.50950951	0.000000000	0.000000000	0.000000000	0.000000000	0.000000000	0.000000000
2.51651652	0.000000000	0.000000000	0.000000000	0.000000000	0.000000000	0.000000000
2.52352352	0.000000000	0.000000000	0.000000000	0.000000000	0.000000000	0.000000000
2.53053053	0.000000000	0.000000000	0.000000000	0.000000000	0.000000000	0.000000000
2.53753754	0.000000000	0.000000000	0.000000000	0.000000000	0.000000000	0.000000000
2.54454454	0.000000000	0.000000000	0.000000000	0.000000000	0.000000000	0.000000000
2.55155155	0.000000000	0.000000000	0.000000000	0.000000000	0.000000000	0.000000000
2.55855856	0.000000000	0.000000000	0.000000000	0.000000000	0.000000000	0.000000000
2.56556557	0.000000000	0.000000000	0.000000000	0.000000000	0.000000000	0.000000000
2.57257257	0.000000000	0.000000000	0.000000000	0.000000000	0.000000000	0.000000000
2.57957958	0.000000000	0.000000000	0.000000000	0.000000000	0.000000000	0.000000000
2.58658659	0.000000000	0.000000000	0.000000000	0.000000000	0.000000000	0.000000000
2.59359359	0.000000000	0.000000000	0.000000000	0.000000000	0.000000000	0.000000000
2.60060060	0.000000000	0.000000000	0.000000000	0.000000000	0.000000000	0.000000000
2.60760761	0.000000000	0.000000000	0.000000000	0.000000000	0.000000000	0.000000000
2.61461461	0.000000000	0.000000000	0.000000000	0.000000000	0.000000000	0.000000000
2.62162162	0.000000000	0.000000000	0.000000000	0.000000000	0.000000000	0.000000000
2.62862863	0.000000000	0.000000000	0.000000000	0.000000000	0.000000000	0.000000000
2.63563564	0.000000000	0.000000000	0.000000000	0.000000000	0.000000000	0.000000000
2.64264264	0.000000000	0.000000000	0.000000000	0.000000000	0.000000000	0.000000000
2.64964965	0.000000000	0.000000000	0.000000000	0.000000000	0.000000000	0.000000000
2.65665666	0.000000000	0.000000000	0.000000000	0.000000000	0.000000000	0.000000000
2.66366366	0.000000000	0.000000000	0.000000000	0.000000000	0.000000000	0.000000000
2.67067067	0.000000000	0.000000000	0.000000000	0.000000000	0.000000000	0.000000000
2.67767768	0.000000000	0.000000000	0.000000000	0.000000000	0.000000000	0.000000000
2.68468468	0.000000000	0.000000000	0.000000000	0.000000000	0.000000000	0.000000000
2.69169169	0.000000000	0.000000000	0.000000000	0.000000000	0.000000000	0.000000000
2.69869870	0.000000000	0.000000000	0.000000000	0.000000000	0.000000000	0.000000000
2.70570571	0.000000000	0.000000000	0.000000000	0.000000000	0.000000000	0.000000000
2.71271271	0.000000000	0.000000000	0.000000000	0.000000000	0.000000000	0.000000000
2.71971972	0.000000000	0.000000000	0.000000000	0.000000000	0.000000000	0.000000000
2.72672673	0.000000000	0.000000000	0.000000000	0.000000000	0.000000000	0.000000000
2.73373373	0.000000000	0.000000000	0.000000000	0.000000000	0.000000000	0.000000000
2.74074074	0.000000000	0.000000000	0.000000000	0.000000000	0.000000000	0.000000000
2.74774775	0.000000000	0.000000000	0.000000000	0.000000000	0.000000000	0.000000000
2.75475475	0.000000000	0.000000000	0.000000000	0.000000000	0.000000000	0.000000000
2.76176176	0.000000000	0.000000000	0.000000000	0.000000000	0.000000000	0.000000000
2.76876877	0.000000000	0.000000000	0.000000000	0.000000000	0.000000000	0.000000000
2.77577578	0.000000000	0.000000000	0.000000000	0.000000000	0.000000000	0.000000000
2.78278278	0.000000000	0.000000000	0.000000000	0.000000000	0.000000000	0.000000000
2.78978979	0.000000000	0.000000000	0.000000000	0.000000000	0.000000000	0.000000000
2.79679680	0.000000000	0.000000000	0.000000000	0.000000000	0.000000000	0.000000000
2.80380380	0.000000000	0.000000000	0.000000000	0.000000000	0.000000000	0.000000000
2.81081081	0.000000000	0.000000000	0.000000000	0.000000000	0.000000000	0.000000000
2.81781782	0.000000000	0.000000000	0.000000000	0.000000000	0.000000000	0.000000000
2.82482482	0.000000000	0.000000000	0.000000000	0.000000000	0.000000000	0.000000000
2.83183183	0.000000000	0.000000000	0.000000000	0.000000000	0.000000000	0.000000000
2.83883884	0.000000000	0.000000000	0.000000000	0.000000000	0.000000000	0.000000000
2.84584585	0.000000000	0.000000000	0.000000000	0.000000000	0.000000000	0.000000000
2.85285285	0.000000000	0.000000000	0.000000000	0.000000000	0.000000000	0.000000000
2.85985986	0.000000000	0.000000000	0.000000000	0.000000000	0.000000000	0.000000000
2.86686687	0.000000000	0.000000000	0.000000000	0.000000000	0.000000000	0.000000000
2.87387387	0.000000000	0.000000000	0.000000000	0.000000000	0.000000000	0.000000000
2.88088088	0.000000000	0.000000000	0.000000000	0.000000000	0.000000000	0.000000000
2.88788789	0.000000000	0.000000000	0.000000000	0.000000000	0.000000000	0.000000000
2.89489489	0.000000000	0.000000000	0.000000000	0.000000000	0.000000000	0.000000000
2.90190190	0.000000000	0.000000000	0.000000000	0.000000000	0.000000000	0.000000000
2.90890891	0.000000000	0.000000000	0.000000000	0.000000000	0.000000000	0.000000000
2.91591592	0.000000000	0.000000000	0.000000000	0.000000000	0.000000000	0.000000000
2.92292292	0.000000000	0.000000000	0.000000000	0.000000000	0.000000000	0.000000000
2.92992993	0.000000000	0.000000000	0.000000000	0.000000000	0.000000000	0.000000000
2.93693694	0.000000000	0.000000000	0.000000000	0.000000000	0.000000000	0.000000000
2.94394394	0.000000000	0.000000000	0.000000000	0.000000000	0.000000000	0.000000000
2.95095095	0.000000000	0.000000000	0.000000000	0.000000000	0.000000000	0.000000000
2.95795796	0.000000000	0.000000000	0.000000000	0.000000000	0.000000000	0.000000000
2.96496496	0.000000000	0.000000000	0.000000000	0.000000000	0.000000000	0.000000000
2.97197197	0.000000000	0.000000000	0.000000000	0.000000000	0.000000000	0.000000000
2.97897898	0.000000000	0.000000000	0.000000000	0.000000000	0.000000000	0.000000000
2.98598599	0.000000000	0.000000000	0.000000000	0.000000000	0.000000000	0.000000000
2.99299299	0.000000000	0.000000000	0.000000000	0.000000000	0.000000000	0.000000000
3.00000000	0.000000000	0.000000000	0.000000000	0.000000000	0.000000000	0.000000000
