-4.000000000	0.003592518	0.001840896	0.001110015	0.000766212	0.002792168	0.001031751
-3.992992993	0.003655025	0.001875278	0.001138731	0.000780793	0.002838365	0.001056552
-3.985985986	0.003718549	0.001910265	0.001168123	0.000795642	0.002885285	0.001081907
-3.978978979	0.003783106	0.001945864	0.001198207	0.000810762	0.002932938	0.001107828
-3.971971972	0.003848713	0.001982086	0.001228995	0.000826158	0.002981334	0.001134325
-3.964964965	0.003915384	0.002018942	0.001260503	0.000841837	0.003030484	0.001161410
-3.957957958	0.003983135	0.002056440	0.001292745	0.000857801	0.003080400	0.001189095
-3.950950951	0.004051982	0.002094593	0.001325738	0.000874057	0.003131092	0.001217392
-3.943943944	0.004121943	0.002133410	0.001359495	0.000890610	0.003182572	0.001246314
-3.936936937	0.004193032	0.002172902	0.001394033	0.000907464	0.003234851	0.001275873
-3.929929930	0.004265267	0.002213080	0.001429367	0.000924625	0.003287941	0.001306082
-3.922922923	0.004338665	0.002253954	0.001465515	0.000942098	0.003341853	0.001336954
-3.915915916	0.004413243	0.002295537	0.001502491	0.000959889	0.003396600	0.001368502
-3.908908909	0.004489018	0.002337838	0.001540314	0.000978004	0.003452192	0.001400739
-3.901901902	0.004566008	0.002380871	0.001579000	0.000996447	0.003508644	0.001433679
-3.894894895	0.004644231	0.002424645	0.001618566	0.001015224	0.003565966	0.001467336
-3.887887888	0.004723705	0.002469174	0.001659030	0.001034342	0.003624172	0.001501724
-3.880880881	0.004804447	0.002514469	0.001700409	0.001053806	0.003683273	0.001536857
-3.873873874	0.004886478	0.002560543	0.001742723	0.001073622	0.003743284	0.001572751
-3.866866867	0.004969814	0.002607407	0.001785989	0.001093796	0.003804216	0.001609420
-3.859859860	0.005054477	0.002655074	0.001830226	0.001114335	0.003866084	0.001646878
-3.852852853	0.005140484	0.002703556	0.001875453	0.001135245	0.003928900	0.001685143
-3.845845846	0.005227855	0.002752867	0.001921690	0.001156531	0.003992677	0.001724228
-3.838838839	0.005316610	0.002803020	0.001968956	0.001178201	0.004057431	0.001764151
-3.831831832	0.005406769	0.002854028	0.002017272	0.001200261	0.004123174	0.001804926
-3.824824825	0.005498352	0.002905903	0.002066657	0.001222719	0.004189921	0.001846572
-3.817817818	0.005591380	0.002958661	0.002117132	0.001245579	0.004257685	0.001889103
-3.810810811	0.005685874	0.003012314	0.002168719	0.001268851	0.004326482	0.001932539
-3.803803804	0.005781854	0.003066876	0.002221438	0.001292540	0.004396325	0.001976895
-3.796796797	0.005879342	0.003122362	0.002275311	0.001316653	0.004467231	0.002022189
-3.789789790	0.005978360	0.003178786	0.002330361	0.001341199	0.004539213	0.002068439
-3.782782783	0.006078929	0.003236163	0.002386608	0.001366184	0.004612287	0.002115664
-3.775775776	0.006181071	0.003294507	0.002444077	0.001391616	0.004686468	0.002163882
-3.768768769	0.006284809	0.003353833	0.002502791	0.001417502	0.004761772	0.002213111
-3.761761762	0.006390166	0.003414156	0.002562771	0.001443851	0.004838215	0.002263371
-3.754754755	0.006497164	0.003475492	0.002624043	0.001470670	0.004915812	0.002314680
-3.747747748	0.006605827	0.003537856	0.002686630	0.001497967	0.004994580	0.002367060
-3.740740741	0.006716178	0.003601265	0.002750556	0.001525749	0.005074536	0.002420529
-3.733733734	0.006828242	0.003665733	0.002815847	0.001554027	0.005155695	0.002475108
-3.726726727	0.006942041	0.003731278	0.002882528	0.001582807	0.005238075	0.002530817
-3.719719720	0.007057601	0.003797916	0.002950624	0.001612098	0.005321693	0.002587679
-3.712712713	0.007174947	0.003865663	0.003020160	0.001641910	0.005406565	0.002645713
-3.705705706	0.007294102	0.003934537	0.003091165	0.001672250	0.005492710	0.002704942
-3.698698699	0.007415094	0.004004553	0.003163663	0.001703128	0.005580145	0.002765387
-3.691691692	0.007537946	0.004075731	0.003237682	0.001734552	0.005668889	0.002827072
-3.684684685	0.007662686	0.004148087	0.003313250	0.001766532	0.005758958	0.002890018
-3.677677678	0.007789340	0.004221639	0.003390394	0.001799078	0.005850372	0.002954249
-3.670670671	0.007917933	0.004296406	0.003469143	0.001832198	0.005943149	0.003019788
-3.663663664	0.008048494	0.004372404	0.003549525	0.001865903	0.006037308	0.003086658
-3.656656657	0.008181049	0.004449654	0.003631569	0.001900202	0.006132869	0.003154885
-3.649649650	0.008315625	0.004528174	0.003715306	0.001935105	0.006229850	0.003224492
-3.642642643	0.008452251	0.004607983	0.003800763	0.001970623	0.006328271	0.003295505
-3.635635636	0.008590955	0.004689100	0.003887974	0.002006765	0.006428151	0.003367948
-3.628628629	0.008731765	0.004771545	0.003976966	0.002043542	0.006529512	0.003441848
-3.621621622	0.008874710	0.004855337	0.004067773	0.002080964	0.006632373	0.003517230
-3.614614615	0.009019820	0.004940497	0.004160425	0.002119043	0.006736754	0.003594120
-3.607607608	0.009167124	0.005027045	0.004254955	0.002157789	0.006842678	0.003672547
-3.600600601	0.009316651	0.005115001	0.004351394	0.002197214	0.006950164	0.003752536
-3.593593594	0.009468433	0.005204386	0.004449777	0.002237328	0.007059234	0.003834116
-3.586586587	0.009622500	0.005295223	0.004550135	0.002278144	0.007169910	0.003917314
-3.579579580	0.009778882	0.005387531	0.004652504	0.002319672	0.007282213	0.004002159
-3.572572573	0.009937612	0.005481332	0.004756917	0.002361925	0.007396166	0.004088681
-3.565565566	0.010098720	0.005576650	0.004863409	0.002404914	0.007511792	0.004176907
-3.558558559	0.010262240	0.005673505	0.004972015	0.002448652	0.007629112	0.004266869
-3.551551552	0.010428202	0.005771920	0.005082770	0.002493151	0.007748150	0.004358595
-3.544544545	0.010596641	0.005871918	0.005195712	0.002538424	0.007868930	0.004452118
-3.537537538	0.010767590	0.005973523	0.005310876	0.002584484	0.007991474	0.004547468
-3.530530531	0.010941081	0.006076758	0.005428299	0.002631343	0.008115807	0.004644676
-3.523523524	0.011117149	0.006181646	0.005548019	0.002679014	0.008241953	0.004743774
-3.516516517	0.011295829	0.006288212	0.005670075	0.002727511	0.008369936	0.004844796
-3.509509510	0.011477154	0.006396479	0.005794503	0.002776848	0.008499781	0.004947773
-3.502502503	0.011661161	0.006506473	0.005921345	0.002827038	0.008631513	0.005052739
-3.495495495	0.011847884	0.006618218	0.006050638	0.002878096	0.008765158	0.005159729
-3.488488488	0.012037360	0.006731739	0.006182423	0.002930034	0.008900741	0.005268776
-3.481481481	0.012229625	0.006847063	0.006316741	0.002982869	0.009038288	0.005379915
-3.474474474	0.012424716	0.006964215	0.006453632	0.003036615	0.009177826	0.005493182
-3.467467467	0.012622670	0.007083222	0.006593139	0.003091285	0.009319380	0.005608612
-3.460460460	0.012823524	0.007204109	0.006735302	0.003146897	0.009462979	0.005726242
-3.453453453	0.013027317	0.007326904	0.006880165	0.003203464	0.009608650	0.005846108
-3.446446446	0.013234087	0.007451635	0.007027771	0.003261002	0.009756419	0.005968248
-3.439439439	0.013443872	0.007578327	0.007178163	0.003319528	0.009906316	0.006092700
-3.432432432	0.013656713	0.007707011	0.007331386	0.003379057	0.010058368	0.006219502
-3.425425425	0.013872648	0.007837713	0.007487484	0.003439606	0.010212604	0.006348693
-3.418418418	0.014091719	0.007970463	0.007646503	0.003501190	0.010369054	0.006480312
-3.411411411	0.014313965	0.008105288	0.007808488	0.003563828	0.010527746	0.006614400
-3.404404404	0.014539427	0.008242220	0.007973485	0.003627535	0.010688710	0.006750997
-3.397397397	0.014768148	0.008381287	0.008141543	0.003692330	0.010851976	0.006890143
-3.390390390	0.015000169	0.008522519	0.008312707	0.003758229	0.011017575	0.007031882
-3.383383383	0.015235532	0.008665948	0.008487026	0.003825251	0.011185538	0.007176254
-3.376376376	0.015474280	0.008811602	0.008664549	0.003893413	0.011355896	0.007323302
-3.369369369	0.015716457	0.008959515	0.008845325	0.003962735	0.011528680	0.007473071
-3.362362362	0.015962106	0.009109717	0.009029404	0.004033234	0.011703922	0.007625603
-3.355355355	0.016211272	0.009262240	0.009216835	0.004104930	0.011881655	0.007780943
-3.348348348	0.016464000	0.009417117	0.009407671	0.004177842	0.012061912	0.007939137
-3.341341341	0.016720333	0.009574380	0.009601962	0.004251989	0.012244725	0.008100230
-3.334334334	0.016980320	0.009734062	0.009799760	0.004327392	0.012430129	0.008264268
-3.327327327	0.017244004	0.009896197	0.010001120	0.004404069	0.012618157	0.008431298
-3.320320320	0.017511434	0.010060819	0.010206092	0.004482043	0.012808843	0.008601367
-3.313313313	0.017782656	0.010227962	0.010414733	0.004561332	0.013002222	0.008774524
-3.306306306	0.018057717	0.010397661	0.010627096	0.004641959	0.013198330	0.008950818
-3.299299299	0.018336667	0.010569951	0.010843236	0.004723945	0.013397203	0.009130297
-3.292292292	0.018619554	0.010744867	0.011063210	0.004807311	0.013598875	0.009313012
-3.285285285	0.018906426	0.010922446	0.011287074	0.004892079	0.013803384	0.009499014
-3.278278278	0.019197334	0.011102724	0.011514885	0.004978272	0.014010767	0.009688352
-3.271271271	0.019492328	0.011285737	0.011746701	0.005065912	0.014221060	0.009881081
-3.264264264	0.019791458	0.011471524	0.011982580	0.005155022	0.014434303	0.010077251
-3.257257257	0.020094776	0.011660121	0.012222581	0.005245626	0.014650532	0.010276917
-3.250250250	0.020402333	0.011851567	0.012466764	0.005337747	0.014869788	0.010480132
-3.243243243	0.020714182	0.012045901	0.012715190	0.005431409	0.015092108	0.010686951
-3.236236236	0.021030376	0.012243161	0.012967920	0.005526637	0.015317533	0.010897429
-3.229229229	0.021350967	0.012443388	0.013225015	0.005623455	0.015546103	0.011111622
-3.222222222	0.021676010	0.012646621	0.013486538	0.005721888	0.015777859	0.011329587
-3.215215215	0.022005560	0.012852900	0.013752552	0.005821962	0.016012841	0.011551381
-3.208208208	0.022339671	0.013062266	0.014023121	0.005923703	0.016251092	0.011777062
-3.201201201	0.022678398	0.013274762	0.014298309	0.006027137	0.016492653	0.012006689
-3.194194194	0.023021799	0.013490429	0.014578182	0.006132290	0.016737567	0.012240322
-3.187187187	0.023369929	0.013709308	0.014862806	0.006239190	0.016985877	0.012478020
-3.180180180	0.023722847	0.013931444	0.015152248	0.006347863	0.017237627	0.012719845
-3.173173173	0.024080608	0.014156879	0.015446575	0.006458339	0.017492862	0.012965859
-3.166166166	0.024443273	0.014385657	0.015745855	0.006570644	0.017751625	0.013216123
-3.159159159	0.024810900	0.014617824	0.016050157	0.006684808	0.018013961	0.013470702
-3.152152152	0.025183549	0.014853422	0.016359552	0.006800860	0.018279918	0.013729658
-3.145145145	0.025561279	0.015092499	0.016674108	0.006918828	0.018549541	0.013993058
-3.138138138	0.025944152	0.015335099	0.016993899	0.007038744	0.018822877	0.014260966
-3.131131131	0.026332228	0.015581270	0.017318995	0.007160637	0.019099973	0.014533448
-3.124124124	0.026725570	0.015831058	0.017649470	0.007284539	0.019380878	0.014810573
-3.117117117	0.027124240	0.016084511	0.017985397	0.007410479	0.019665639	0.015092407
-3.110110110	0.027528302	0.016341677	0.018326850	0.007538491	0.019954308	0.015379020
-3.103103103	0.027937818	0.016602604	0.018673906	0.007668606	0.020246932	0.015670481
-3.096096096	0.028352854	0.016867342	0.019026639	0.007800857	0.020543562	0.015966860
-3.089089089	0.028773474	0.017135940	0.019385126	0.007935278	0.020844250	0.016268228
-3.082082082	0.029199744	0.017408448	0.019749447	0.008071900	0.021149047	0.016574658
-3.075075075	0.029631730	0.017684918	0.020119678	0.008210760	0.021458005	0.016886222
-3.068068068	0.030069499	0.017965401	0.020495899	0.008351891	0.021771177	0.017202995
-3.061061061	0.030513118	0.018249948	0.020878191	0.008495329	0.022088617	0.017525050
-3.054054054	0.030962656	0.018538613	0.021266635	0.008641108	0.022410378	0.017852462
-3.047047047	0.031418180	0.018831449	0.021661312	0.008789266	0.022736515	0.018185310
-3.040040040	0.031879762	0.019128509	0.022062306	0.008939839	0.023067084	0.018523668
-3.033033033	0.032347469	0.019429847	0.022469700	0.009092863	0.023402141	0.018867617
-3.026026026	0.032821374	0.019735519	0.022883579	0.009248378	0.023741742	0.019217233
-3.019019019	0.033301548	0.020045580	0.023304029	0.009406420	0.024085945	0.019572598
-3.012012012	0.033788062	0.020360087	0.023731136	0.009567030	0.024434808	0.019933793
-3.005005005	0.034280989	0.020679096	0.024164988	0.009730246	0.024788390	0.020300897
-2.997997998	0.034780402	0.021002664	0.024605673	0.009896108	0.025146750	0.020673996
-2.990990991	0.035286376	0.021330851	0.025053280	0.010064657	0.025509948	0.021053171
-2.983983984	0.035798985	0.021663714	0.025507899	0.010235933	0.025878046	0.021438508
-2.976976977	0.036318304	0.022001312	0.025969623	0.010409980	0.026251105	0.021830092
-2.969969970	0.036844410	0.022343707	0.026438543	0.010586838	0.026629188	0.022228010
-2.962962963	0.037377379	0.022690958	0.026914753	0.010766552	0.027012357	0.022632348
-2.955955956	0.037917288	0.023043128	0.027398347	0.010949164	0.027400677	0.023043195
-2.948948949	0.038464216	0.023400277	0.027889420	0.011134719	0.027794212	0.023460641
-2.941941942	0.039018242	0.023762470	0.028388069	0.011323262	0.028193028	0.023884776
-2.934934935	0.039579444	0.024129768	0.028894392	0.011514837	0.028597191	0.024315691
-2.927927928	0.040147902	0.024502237	0.029408485	0.011709492	0.029006768	0.024753479
-2.920920921	0.040723699	0.024879942	0.029930450	0.011907273	0.029421826	0.025198233
-2.913913914	0.041306915	0.025262947	0.030460387	0.012108228	0.029842435	0.025650048
-2.906906907	0.041897633	0.025651318	0.030998398	0.012312405	0.030268665	0.026109019
-2.899899900	0.042495935	0.026045124	0.031544585	0.012519852	0.030700584	0.026575242
-2.892892893	0.043101906	0.026444432	0.032099052	0.012730620	0.031138265	0.027048816
-2.885885886	0.043715629	0.026849309	0.032661905	0.012944758	0.031581779	0.027529839
-2.878878879	0.044337190	0.027259826	0.033233250	0.013162318	0.032031200	0.028018411
-2.871871872	0.044966676	0.027676052	0.033813193	0.013383351	0.032486601	0.028514633
-2.864864865	0.045604171	0.028098058	0.034401845	0.013607910	0.032948056	0.029018606
-2.857857858	0.046249765	0.028525915	0.034999314	0.013836049	0.033415642	0.029530435
-2.850850851	0.046903544	0.028959696	0.035605712	0.014067821	0.033889435	0.030050222
-2.843843844	0.047565598	0.029399474	0.036221151	0.014303281	0.034369512	0.030578074
-2.836836837	0.048236017	0.029845322	0.036845744	0.014542485	0.034855952	0.031114097
-2.829829830	0.048914890	0.030297314	0.037479605	0.014785489	0.035348833	0.031658399
-2.822822823	0.049602309	0.030755528	0.038122852	0.015032351	0.035848236	0.032211089
-2.815815816	0.050298365	0.031220038	0.038775600	0.015283128	0.036354243	0.032772276
-2.808808809	0.051003151	0.031690921	0.039437969	0.015537879	0.036866934	0.033342072
-2.801801802	0.051716761	0.032168256	0.040110079	0.015796665	0.037386395	0.033920589
-2.794794795	0.052439288	0.032652122	0.040792049	0.016059546	0.037912708	0.034507941
-2.787787788	0.053170827	0.033142597	0.041484004	0.016326584	0.038445958	0.035104243
-2.780780781	0.053911474	0.033639762	0.042186066	0.016597840	0.038986233	0.035709611
-2.773773774	0.054661326	0.034143699	0.042898361	0.016873378	0.039533619	0.036324162
-2.766766767	0.055420479	0.034654489	0.043621015	0.017153263	0.040088205	0.036948015
-2.759759760	0.056189031	0.035172216	0.044354157	0.017437559	0.040650079	0.037581290
-2.752752753	0.056967081	0.035696964	0.045097915	0.017726332	0.041219333	0.038224108
-2.745745746	0.057754728	0.036228816	0.045852420	0.018019651	0.041796058	0.038876592
-2.738738739	0.058552073	0.036767860	0.046617805	0.018317582	0.042380347	0.039538864
-2.731731732	0.059359216	0.037314182	0.047394203	0.018620195	0.042972292	0.040211051
-2.724724725	0.060176260	0.037867868	0.048181749	0.018927559	0.043571991	0.040893279
-2.717717718	0.061003307	0.038429008	0.048980580	0.019239747	0.044179537	0.041585675
-2.710710711	0.061840459	0.038997692	0.049790833	0.019556829	0.044795029	0.042288369
-2.703703704	0.062687822	0.039574008	0.050612649	0.019878879	0.045418566	0.043001491
-2.696696697	0.063545500	0.040158050	0.051446169	0.020205972	0.046050245	0.043725172
-2.689689690	0.064413599	0.040749908	0.052291534	0.020538181	0.046690170	0.044459547
-2.682682683	0.065292225	0.041349677	0.053148890	0.020875585	0.047338440	0.045204750
-2.675675676	0.066181485	0.041957450	0.054018383	0.021218259	0.047995161	0.045960917
-2.668668669	0.067081488	0.042573323	0.054900158	0.021566284	0.048660435	0.046728185
-2.661661662	0.067992342	0.043197392	0.055794366	0.021919738	0.049334369	0.047506694
-2.654654655	0.068914157	0.043829755	0.056701158	0.022278702	0.050017071	0.048296584
-2.647647648	0.069847042	0.044470509	0.057620684	0.022643259	0.050708648	0.049097996
-2.640640641	0.070791110	0.045119754	0.058553099	0.023013492	0.051409210	0.049911075
-2.633633634	0.071746472	0.045777591	0.059498559	0.023389485	0.052118868	0.050735964
-2.626626627	0.072713240	0.046444120	0.060457221	0.023771323	0.052837735	0.051572811
-2.619619620	0.073691529	0.047119445	0.061429243	0.024159095	0.053565923	0.052421762
-2.612612613	0.074681452	0.047803669	0.062414786	0.024552888	0.054303549	0.053282969
-2.605605606	0.075683125	0.048496897	0.063414013	0.024952792	0.055050729	0.054156580
-2.598598599	0.076696662	0.049199234	0.064427087	0.025358897	0.055807580	0.055042750
-2.591591592	0.077722182	0.049910787	0.065454173	0.025771296	0.056574223	0.055941632
-2.584584585	0.078759800	0.050631665	0.066495441	0.026190083	0.057350777	0.056853381
-2.577577578	0.079809636	0.051361976	0.067551057	0.026615352	0.058137365	0.057778156
-2.570570571	0.080871807	0.052101832	0.068621194	0.027047199	0.058934110	0.058716114
-2.563563564	0.081946434	0.052851342	0.069706024	0.027485722	0.059741139	0.059667416
-2.556556557	0.083033637	0.053610621	0.070805722	0.027931022	0.060558577	0.060632225
-2.549549550	0.084133536	0.054379781	0.071920463	0.028383197	0.061386553	0.061610704
-2.542542543	0.085246255	0.055158938	0.073050426	0.028842350	0.062225197	0.062603018
-2.535535536	0.086371915	0.055948208	0.074195791	0.029308586	0.063074639	0.063609334
-2.528528529	0.087510639	0.056747708	0.075356740	0.029782008	0.063935014	0.064629821
-2.521521522	0.088662552	0.057557557	0.076533455	0.030262725	0.064806455	0.065664650
-2.514514515	0.089827779	0.058377875	0.077726122	0.030750843	0.065689098	0.066713993
-2.507507508	0.091006445	0.059208783	0.078934928	0.031246473	0.066583083	0.067778023
-2.500500501	0.092198676	0.060050403	0.080160062	0.031749727	0.067488547	0.068856916
-2.493493493	0.093404599	0.060902859	0.081401715	0.032260718	0.068405632	0.069950848
-2.486486486	0.094624343	0.061766276	0.082660079	0.032779560	0.069334481	0.071060000
-2.479479479	0.095858034	0.062640779	0.083935348	0.033306371	0.070275238	0.072184552
-2.472472472	0.097105802	0.063526497	0.085227720	0.033841268	0.071228050	0.073324685
-2.465465465	0.098367777	0.064423558	0.086537391	0.034384372	0.072193065	0.074480585
-2.458458458	0.099644089	0.065332092	0.087864561	0.034935804	0.073170433	0.075652437
-2.451451451	0.100934869	0.066252231	0.089209433	0.035495689	0.074160304	0.076840429
-2.444444444	0.102240250	0.067184108	0.090572209	0.036064151	0.075162833	0.078044751
-2.437437437	0.103560362	0.068127857	0.091953095	0.036641320	0.076178174	0.079265593
-2.430430430	0.104895339	0.069083613	0.093352297	0.037227322	0.077206485	0.080503150
-2.423423423	0.106245314	0.070051513	0.094770025	0.037822291	0.078247924	0.081757615
-2.416416416	0.107610422	0.071031696	0.096206489	0.038426360	0.079302653	0.083029185
-2.409409409	0.108990798	0.072024301	0.097661900	0.039039663	0.080370834	0.084318059
-2.402402402	0.110386576	0.073029470	0.099136474	0.039662338	0.081452630	0.085624438
-2.395395395	0.111797892	0.074047345	0.100630425	0.040294525	0.082548210	0.086948522
-2.388388388	0.113224883	0.075078070	0.102143971	0.040936365	0.083657742	0.088290517
-2.381381381	0.114667686	0.076121791	0.103677331	0.041588002	0.084781395	0.089650627
-2.374374374	0.116126439	0.077178655	0.105230726	0.042249581	0.085919342	0.091029061
-2.367367367	0.117601278	0.078248810	0.106804377	0.042921251	0.087071758	0.092426027
-2.360360360	0.119092343	0.079332406	0.108398509	0.043603162	0.088238818	0.093841737
-2.353353353	0.120599772	0.080429594	0.110013347	0.044295467	0.089420702	0.095276404
-2.346346346	0.122123705	0.081540528	0.111649117	0.044998321	0.090617590	0.096730241
-2.339339339	0.123664281	0.082665362	0.113306049	0.045711881	0.091829665	0.098203466
-2.332332332	0.125221641	0.083804252	0.114984371	0.046436306	0.093057110	0.099696297
-2.325325325	0.126795925	0.084957356	0.116684315	0.047171760	0.094300113	0.101208953
-2.318318318	0.128387274	0.086124833	0.118406113	0.047918406	0.095558863	0.102741657
-2.311311311	0.129995829	0.087306843	0.120150000	0.048676412	0.096833551	0.104294632
-2.304304304	0.131621732	0.088503548	0.121916210	0.049445947	0.098124369	0.105868104
-2.297297297	0.133265124	0.089715114	0.123704979	0.050227185	0.099431514	0.107462298
-2.290290290	0.134926148	0.090941704	0.125516545	0.051020299	0.100755182	0.109077443
-2.283283283	0.136604945	0.092183487	0.127351146	0.051825468	0.102095573	0.110713771
-2.276276276	0.138301659	0.093440630	0.129209022	0.052642873	0.103452890	0.112371513
-2.269269269	0.140016432	0.094713305	0.131090413	0.053472696	0.104827335	0.114050901
-2.262262262	0.141749406	0.096001683	0.132995561	0.054315123	0.106219116	0.115752173
-2.255255255	0.143500725	0.097305939	0.134924707	0.055170344	0.107628441	0.117475563
-2.248248248	0.145270531	0.098626246	0.136878094	0.056038551	0.109055522	0.119221311
-2.241241241	0.147058968	0.099962782	0.138855965	0.056919938	0.110500569	0.120989657
-2.234234234	0.148866179	0.101315726	0.140858565	0.057814703	0.111963801	0.122780841
-2.227227227	0.150692306	0.102685259	0.142886139	0.058723048	0.113445433	0.124595106
-2.220220220	0.152537492	0.104071561	0.144938929	0.059645177	0.114945685	0.126432697
-2.213213213	0.154401881	0.105474817	0.147017183	0.060581296	0.116464781	0.128293859
-2.206206206	0.156285614	0.106895213	0.149121144	0.061531617	0.118002944	0.130178839
-2.199199199	0.158188834	0.108332935	0.151251058	0.062496353	0.119560401	0.132087884
-2.192192192	0.160111685	0.109788172	0.153407171	0.063475723	0.121137382	0.134021245
-2.185185185	0.162054306	0.111261114	0.155589727	0.064469945	0.122734117	0.135979172
-2.178178178	0.164016840	0.112751955	0.157798970	0.065479245	0.124350840	0.137961916
-2.171171171	0.165999429	0.114260888	0.160035145	0.066503850	0.125987788	0.139969730
-2.164164164	0.168002212	0.115788108	0.162298496	0.067543991	0.127645198	0.142002868
-2.157157157	0.170025330	0.117333814	0.164589265	0.068599904	0.129323312	0.144061584
-2.150150150	0.172068924	0.118898204	0.166907695	0.069671826	0.131022372	0.146146134
-2.143143143	0.174133131	0.120481480	0.169254025	0.070760000	0.132742623	0.148256774
-2.136136136	0.176218091	0.122083844	0.171628497	0.071864673	0.134484314	0.150393762
-2.129129129	0.178323941	0.123705500	0.174031347	0.072986094	0.136247693	0.152557354
-2.122122122	0.180450819	0.125346654	0.176462814	0.074124517	0.138033013	0.154747809
-2.115115115	0.182598860	0.127007516	0.178923132	0.075280200	0.139840529	0.156965385
-2.108108108	0.184768199	0.128688293	0.181412535	0.076453406	0.141670496	0.159210341
-2.101101101	0.186958972	0.130389198	0.183931253	0.077644401	0.143523174	0.161482937
-2.094094094	0.189171311	0.132110444	0.186479516	0.078853455	0.145398824	0.163783432
-2.087087087	0.191405349	0.133852245	0.189057550	0.080080842	0.147297709	0.166112085
-2.080080080	0.193661217	0.135614819	0.191665578	0.081326843	0.149220095	0.168469155
-2.073073073	0.195939043	0.137398382	0.194303822	0.082591741	0.151166249	0.170854903
-2.066066066	0.198238957	0.139203156	0.196972499	0.083875823	0.153136440	0.173269585
-2.059059059	0.200561086	0.141029361	0.199671823	0.085179383	0.155130941	0.175713461
-2.052052052	0.202905555	0.142877221	0.202402005	0.086502717	0.157150026	0.178186789
-2.045045045	0.205272488	0.144746962	0.205163252	0.087846129	0.159193970	0.180689825
-2.038038038	0.207662007	0.146638809	0.207955766	0.089209924	0.161263051	0.183222826
-2.031031031	0.210074233	0.148552991	0.210779745	0.090594414	0.163357550	0.185786047
-2.024024024	0.212509284	0.150489737	0.213635384	0.091999917	0.165477747	0.188379742
-2.017017017	0.214967277	0.152449280	0.216522870	0.093426753	0.167623927	0.191004163
-2.010010010	0.217448327	0.154431852	0.219442388	0.094875250	0.169796375	0.193659561
-2.003003003	0.219952545	0.156437688	0.222394114	0.096345739	0.171995378	0.196346186
-1.995995996	0.222480043	0.158467024	0.225378222	0.097838559	0.174221226	0.199064285
-1.988988989	0.225030928	0.160520097	0.228394876	0.099354052	0.176474208	0.201814104
-1.981981982	0.227605306	0.162597147	0.231444236	0.100892565	0.178754616	0.204595886
-1.974974975	0.230203279	0.164698415	0.234526456	0.102454454	0.181062745	0.207409870
-1.967967968	0.232824947	0.166824141	0.237641679	0.104040076	0.183398890	0.210256296
-1.960960961	0.235470408	0.168974571	0.240790045	0.105649797	0.185763347	0.213135397
-1.953953954	0.238139756	0.171149948	0.243971684	0.107283988	0.188156413	0.216047406
-1.946946947	0.240833082	0.173350518	0.247186716	0.108943025	0.190578388	0.218992551
-1.939939940	0.243550475	0.175576529	0.250435257	0.110627291	0.193029571	0.221971057
-1.932932933	0.246292019	0.177828230	0.253717409	0.112337175	0.195510264	0.224983144
-1.925925926	0.249057796	0.180105869	0.257033269	0.114073071	0.198020769	0.228029028
-1.918918919	0.251847883	0.182409699	0.260382921	0.115835381	0.200561388	0.231108922
-1.911911912	0.254662354	0.184739971	0.263766440	0.117624512	0.203132424	0.234223033
-1.904904905	0.257501280	0.187096938	0.267183891	0.119440877	0.205734182	0.237371563
-1.897897898	0.260364726	0.189480854	0.270635328	0.121284898	0.208366967	0.240554710
-1.890890891	0.263252755	0.191891974	0.274120793	0.123157000	0.211031082	0.243772663
-1.883883884	0.266165423	0.194330554	0.277640316	0.125057618	0.213726833	0.247025609
-1.876876877	0.269102785	0.196796851	0.281193914	0.126987191	0.216454525	0.250313726
-1.869869870	0.272064888	0.199291121	0.284781594	0.128946167	0.219214462	0.253637187
-1.862862863	0.275051776	0.201813623	0.288403346	0.130934999	0.222006949	0.256996156
-1.855855856	0.278063488	0.204364616	0.292059150	0.132954150	0.224832291	0.260390791
-1.848848849	0.281100057	0.206944358	0.295748969	0.135004087	0.227690790	0.263821243
-1.841841842	0.284161512	0.209553109	0.299472753	0.137085286	0.230582750	0.267287653
-1.834834835	0.287247874	0.212191128	0.303230435	0.139198229	0.233508473	0.270790155
-1.827827828	0.290359160	0.214858677	0.307021936	0.141343407	0.236468258	0.274328873
-1.820820821	0.293495382	0.217556015	0.310847156	0.143521317	0.239462406	0.277903922
-1.813813814	0.296656545	0.220283402	0.314705982	0.145732465	0.242491214	0.281515408
-1.806806807	0.299842646	0.223041098	0.318598282	0.147977363	0.245554977	0.285163425
-1.799799800	0.303053678	0.225829364	0.322523907	0.150256533	0.248653990	0.288848058
-1.792792793	0.306289626	0.228648460	0.326482690	0.152570502	0.251788544	0.292569380
-1.785785786	0.309550469	0.231498644	0.330474445	0.154919807	0.254958928	0.296327453
-1.778778779	0.312836177	0.234380175	0.334498967	0.157304992	0.258165429	0.300122326
-1.771771772	0.316146716	0.237293312	0.338556029	0.159726609	0.261408330	0.303954036
-1.764764765	0.319482040	0.240238313	0.342645387	0.162185220	0.264687910	0.307822608
-1.757757758	0.322842099	0.243215432	0.346766775	0.164681392	0.268004446	0.311728051
-1.750750751	0.326226833	0.246224927	0.350919903	0.167215704	0.271358210	0.315670363
-1.743743744	0.329636175	0.249267051	0.355104462	0.169788739	0.274749471	0.319649524
-1.736736737	0.333070048	0.252342056	0.359320121	0.172401093	0.278178492	0.323665501
-1.729729730	0.336528366	0.255450195	0.363566522	0.175053366	0.281645531	0.327718245
-1.722722723	0.340011037	0.258591717	0.367843287	0.177746171	0.285150843	0.331807690
-1.715715716	0.343517957	0.261766868	0.372150013	0.180480126	0.288694674	0.335933754
-1.708708709	0.347049012	0.264975896	0.376486272	0.183255858	0.292277268	0.340096337
-1.701701702	0.350604082	0.268219043	0.380851610	0.186074006	0.295898859	0.344295320
-1.694694695	0.354183032	0.271496550	0.385245547	0.188935214	0.299559677	0.348530567
-1.687687688	0.357785721	0.274808655	0.389667580	0.191840136	0.303259942	0.352801922
-1.680680681	0.361411994	0.278155594	0.394117174	0.194789436	0.306999870	0.357109210
-1.673673674	0.365061688	0.281537599	0.398593772	0.197783784	0.310779666	0.361452234
-1.666666667	0.368734628	0.284954899	0.403096784	0.200823862	0.314599527	0.365830776
-1.659659660	0.372430626	0.288407718	0.407625596	0.203910359	0.318459643	0.370244597
-1.652652653	0.376149484	0.291896279	0.412179562	0.207043972	0.322360192	0.374693435
-1.645645646	0.379890992	0.295420800	0.416758008	0.210225410	0.326301344	0.379177006
-1.638638639	0.383654928	0.298981492	0.421360231	0.213455387	0.330283258	0.383695001
-1.631631632	0.387441055	0.302578566	0.425985496	0.216734629	0.334306081	0.388247086
-1.624624625	0.391249126	0.306212224	0.430633038	0.220063868	0.338369950	0.392832904
-1.617617618	0.395078881	0.309882665	0.435302061	0.223443848	0.342474990	0.397452070
-1.610610611	0.398930043	0.313590082	0.439991737	0.226875318	0.346621311	0.402104173
-1.603603604	0.402802325	0.317334662	0.444701207	0.230359038	0.350809013	0.406788777
-1.596596597	0.406695425	0.321116588	0.449429578	0.233895776	0.355038179	0.411505415
-1.589589590	0.410609025	0.324936032	0.454175926	0.237486309	0.359308881	0.416253593
-1.582582583	0.414542793	0.328793165	0.458939293	0.241131420	0.363621173	0.421032788
-1.575575576	0.418496384	0.332688146	0.463718688	0.244831903	0.367975095	0.425842447
-1.568568569	0.422469436	0.336621129	0.468513085	0.248588560	0.372370669	0.430681986
-1.561561562	0.426461570	0.340592260	0.473321426	0.252402198	0.376807901	0.435550789
-1.554554555	0.430472394	0.344601676	0.478142618	0.256273634	0.381286780	0.440448210
-1.547547548	0.434501497	0.348649506	0.482975534	0.260203694	0.385807274	0.445373569
-1.540540541	0.438548453	0.352735870	0.487819010	0.264193209	0.390369335	0.450326152
-1.533533534	0.442612819	0.356860878	0.492671851	0.268243017	0.394972891	0.455305212
-1.526526527	0.446694135	0.361024630	0.497532824	0.272353966	0.399617853	0.460309969
-1.519519520	0.450791920	0.365227217	0.502400663	0.276526906	0.404304108	0.465339604
-1.512512513	0.454905681	0.369468718	0.507274065	0.280762698	0.409031522	0.470393265
-1.505505506	0.459034902	0.373749202	0.512151694	0.285062207	0.413799936	0.475470063
-1.498498498	0.463179050	0.378068724	0.517032178	0.289426304	0.418609169	0.480569070
-1.491491491	0.467337574	0.382427328	0.521914108	0.293855865	0.423459014	0.485689323
-1.484484484	0.471509903	0.386825047	0.526796044	0.298351772	0.428349238	0.490829819
-1.477477477	0.475695445	0.391261897	0.531676507	0.302914911	0.433279583	0.495989516
-1.470470470	0.479893591	0.395737884	0.536553987	0.307546172	0.438249761	0.501167334
-1.463463463	0.484103710	0.400252998	0.541426935	0.312246451	0.443259457	0.506362151
-1.456456456	0.488325152	0.404807212	0.546293773	0.317016643	0.448308327	0.511572807
-1.449449449	0.492557244	0.409400487	0.551152884	0.321857650	0.453395995	0.516798100
-1.442442442	0.496799293	0.414032767	0.556002621	0.326770373	0.458522056	0.522036785
-1.435435435	0.501050586	0.418703977	0.560841301	0.331755717	0.463686070	0.527287578
-1.428428428	0.505310386	0.423414027	0.565667211	0.336814586	0.468887567	0.532549150
-1.421421421	0.509577936	0.428162807	0.570478603	0.341947886	0.474126040	0.537820133
-1.414414414	0.513852455	0.432950192	0.575273698	0.347156521	0.479400948	0.543099114
-1.407407407	0.518133141	0.437776033	0.580050685	0.352441394	0.484711714	0.548384636
-1.400400400	0.522419169	0.442640165	0.584807725	0.357803407	0.490057723	0.553675201
-1.393393393	0.526709689	0.447542398	0.589542945	0.363243457	0.495438323	0.558969266
-1.386386386	0.531003831	0.452482526	0.594254444	0.368762439	0.500852822	0.564265244
-1.379379379	0.535300698	0.457460315	0.598940295	0.374361242	0.506300486	0.569561505
-1.372372372	0.539599371	0.462475512	0.603598540	0.380040751	0.511780544	0.574856375
-1.365365365	0.543898907	0.467527839	0.608227194	0.385801842	0.517292178	0.580148135
-1.358358358	0.548198338	0.472616993	0.612824249	0.391645383	0.522834529	0.585435023
-1.351351351	0.552496672	0.477742646	0.617387670	0.397572234	0.528406694	0.590715232
-1.344344344	0.556792892	0.482904445	0.621915397	0.403583245	0.534007723	0.595986914
-1.337337337	0.561085956	0.488102009	0.626405349	0.409679251	0.539636620	0.601248173
-1.330330330	0.565374797	0.493334927	0.630855422	0.415861078	0.545292342	0.606497073
-1.323323323	0.569658323	0.498602764	0.635263492	0.422129534	0.550973798	0.611731634
-1.316316316	0.573935417	0.503905051	0.639627416	0.428485413	0.556679845	0.616949832
-1.309309309	0.578204934	0.509241290	0.643945031	0.434929491	0.562409292	0.622149603
-1.302302302	0.582465706	0.514610953	0.648214159	0.441462522	0.568160894	0.627328837
-1.295295295	0.586716537	0.520013478	0.652432606	0.448085241	0.573933357	0.632485387
-1.288288288	0.590956208	0.525448269	0.656598163	0.454798361	0.579725330	0.637617062
-1.281281281	0.595183470	0.530914697	0.660708611	0.461602569	0.585535410	0.642721632
-1.274274274	0.599397051	0.536412097	0.664761718	0.468498522	0.591362137	0.647796828
-1.267267267	0.603595652	0.541939769	0.668755242	0.475486854	0.597203995	0.652840340
-1.260260260	0.607777947	0.547496974	0.672686934	0.482568161	0.603059412	0.657849824
-1.253253253	0.611942583	0.553082934	0.676554539	0.489743012	0.608926758	0.662822895
-1.246246246	0.616088184	0.558696834	0.680355796	0.497011934	0.614804342	0.667757134
-1.239239239	0.620213344	0.564337817	0.684088444	0.504375420	0.620690416	0.672650086
-1.232232232	0.624316632	0.570004984	0.687750218	0.511833920	0.626583171	0.677499265
-1.225225225	0.628396592	0.575697395	0.691338855	0.519387841	0.632480736	0.682302147
-1.218218218	0.632451741	0.581414064	0.694852094	0.527037541	0.638381181	0.687056183
-1.211211211	0.636480568	0.587153961	0.698287678	0.534783333	0.644282510	0.691758788
-1.204204204	0.640481540	0.592916010	0.701643357	0.542625474	0.650182667	0.696407353
-1.197197197	0.644453094	0.598699089	0.704916888	0.550564165	0.656079532	0.700999239
-1.190190190	0.648393645	0.604502025	0.708106040	0.558599552	0.661970920	0.705531783
-1.183183183	0.652301579	0.610323598	0.711208591	0.566731713	0.667854584	0.710002297
-1.176176176	0.656175258	0.616162535	0.714222334	0.574960666	0.673728211	0.714408071
-1.169169169	0.660013019	0.622017512	0.717145080	0.583286354	0.679589423	0.718746375
-1.162162162	0.663813175	0.627887153	0.719974654	0.591708651	0.685435777	0.723014459
-1.155155155	0.667574012	0.633770025	0.722708904	0.600227350	0.691264765	0.727209556
-1.148148148	0.671293792	0.639664642	0.725345697	0.608842167	0.697073813	0.731328887
-1.141141141	0.674970755	0.645569459	0.727882925	0.617552728	0.702860283	0.735369657
-1.134134134	0.678603114	0.651482875	0.730318506	0.626358573	0.708621470	0.739329061
-1.127127127	0.682189060	0.657403227	0.732650386	0.635259145	0.714354605	0.743204285
-1.120120120	0.685726761	0.663328793	0.734876539	0.644253790	0.720056854	0.746992510
-1.113113113	0.689214361	0.669257790	0.736994971	0.653341748	0.725725317	0.750690909
-1.106106106	0.692649982	0.675188370	0.739003723	0.662522154	0.731357029	0.754296657
-1.099099099	0.696031724	0.681118621	0.740900869	0.671794025	0.736948965	0.757806927
-1.092092092	0.699357665	0.687046565	0.742684523	0.681156263	0.742498032	0.761218894
-1.085085085	0.702625862	0.692970158	0.744352836	0.690607643	0.748001077	0.764529740
-1.078078078	0.705834349	0.698887286	0.745904000	0.700146813	0.753454884	0.767736653
-1.071071071	0.708981143	0.704795768	0.747336252	0.709772284	0.758856175	0.770836830
-1.064064064	0.712064240	0.710693349	0.748647871	0.719482427	0.764201612	0.773827482
-1.057057057	0.715081613	0.716577703	0.749837185	0.729275464	0.769487800	0.776705834
-1.050050050	0.718031222	0.722446431	0.750902567	0.739149465	0.774711281	0.779469126
-1.043043043	0.720911004	0.728297059	0.751842443	0.749102343	0.779868544	0.782114623
-1.036036036	0.723718879	0.734127036	0.752655287	0.759131841	0.784956020	0.784639607
-1.029029029	0.726452751	0.739933734	0.753339627	0.769235534	0.789970085	0.787041388
-1.022022022	0.729110505	0.745714447	0.753894048	0.779410814	0.794907063	0.789317301
-1.015015015	0.731690011	0.751466388	0.754317187	0.789654891	0.799763226	0.791464713
-1.008008008	0.734189124	0.757186690	0.754607739	0.799964781	0.804534796	0.793481023
-1.001001001	0.736605680	0.762872400	0.754764460	0.810337298	0.809217945	0.795363662
-0.993993994	0.738937505	0.768520485	0.754786163	0.820769054	0.813808801	0.797110103
-0.986986987	0.741182408	0.774127826	0.754671724	0.831256441	0.818303444	0.798717855
-0.979979980	0.743338184	0.779691215	0.754420078	0.841795634	0.822697915	0.800184470
-0.972972973	0.745402616	0.785207359	0.754030227	0.852382576	0.826988209	0.801507545
-0.965965966	0.747373473	0.790672875	0.753501236	0.863012973	0.831170288	0.802684724
-0.958958959	0.749248514	0.796084289	0.752832233	0.873682287	0.835240071	0.803713697
-0.951951952	0.751025483	0.801438036	0.752022414	0.884385726	0.839193446	0.804592209
-0.944944945	0.752702116	0.806730459	0.751071041	0.895118237	0.843026267	0.805318056
-0.937937938	0.754276135	0.811957806	0.749977444	0.905874499	0.846734359	0.805889090
-0.930930931	0.755745254	0.817116228	0.748741020	0.916648911	0.850313515	0.806303220
-0.923923924	0.757107174	0.822201782	0.747361236	0.927435587	0.853759507	0.806558413
-0.916916917	0.758359589	0.827210426	0.745837627	0.938228347	0.857068078	0.806652698
-0.909909910	0.759500182	0.832138018	0.744169796	0.949020707	0.860234952	0.806584168
-0.902902903	0.760526626	0.836980316	0.742357419	0.959805868	0.863255834	0.806350977
-0.895895896	0.761436586	0.841732975	0.740400240	0.970576715	0.866126409	0.805951346
-0.888888889	0.762227715	0.846391548	0.738298072	0.981325798	0.868842348	0.805383564
-0.881881882	0.762897660	0.850951483	0.736050800	0.992045328	0.871399310	0.804645987
-0.874874875	0.763444057	0.855408121	0.733658378	1.002727169	0.873792938	0.803737042
-0.867867868	0.763864533	0.859756697	0.731120831	1.013362825	0.876018869	0.802655223
-0.860860861	0.764156704	0.863992335	0.728438252	1.023943431	0.878072731	0.801399100
-0.853853854	0.764318179	0.868110050	0.725610806	1.034459744	0.879950143	0.799967311
-0.846846847	0.764346552	0.872104744	0.722638725	1.044902131	0.881646720	0.798358569
-0.839839840	0.764239410	0.875971206	0.719522312	1.055260563	0.883158073	0.796571660
-0.832832833	0.763994326	0.879704110	0.716261937	1.065524597	0.884479808	0.794605443
-0.825825826	0.763608860	0.883298010	0.712858037	1.075683371	0.885607528	0.792458850
-0.818818819	0.763080560	0.886747344	0.709311118	1.085725588	0.886536834	0.790130888
-0.811811812	0.762406958	0.890046427	0.705621752	1.095639507	0.887263323	0.787620637
-0.804804805	0.761585569	0.893189452	0.701790576	1.105412930	0.887782588	0.784927252
-0.797797798	0.760613892	0.896170485	0.697818294	1.115033185	0.888090218	0.782049957
-0.790790791	0.759489405	0.898983466	0.693705671	1.124487117	0.888181796	0.778988052
-0.783783784	0.758209564	0.901622202	0.689453540	1.133761069	0.888052898	0.775740908
-0.776776777	0.756771803	0.904080368	0.685062790	1.142840868	0.887699088	0.772307964
-0.769769770	0.755173528	0.906351503	0.680534377	1.151711807	0.887115918	0.768688732
-0.762762763	0.753412114	0.908429006	0.675869315	1.160358625	0.886298923	0.764882790
-0.755755756	0.751484908	0.910306132	0.671068675	1.168765489	0.885243614	0.760889782
-0.748748749	0.749389217	0.911975990	0.666133589	1.176915972	0.883945477	0.756709421
-0.741741742	0.747122309	0.913431538	0.661065244	1.184793025	0.882399963	0.752341479
-0.734734735	0.744681409	0.914665577	0.655864884	1.192378953	0.880602482	0.747785793
-0.727727728	0.742063689	0.915670745	0.650533805	1.199655384	0.878548394	0.743042255
-0.720720721	0.739266271	0.916439518	0.645073357	1.206603236	0.876233000	0.738110819
-0.713713714	0.736286213	0.916964195	0.639484942	1.213202679	0.873651530	0.732991489
-0.706706707	0.733120506	0.917236896	0.633770011	1.219433091	0.870799128	0.727684323
-0.699699700	0.729766069	0.917249555	0.627930066	1.225273015	0.867670840	0.722189426
-0.692692693	0.726219735	0.916993909	0.621966654	1.230700098	0.864261599	0.716506951
-0.685685686	0.722478248	0.916461490	0.615881369	1.235691036	0.860566200	0.710637092
-0.678678679	0.718538250	0.915643615	0.609675851	1.240221498	0.856579285	0.704580080
-0.671671672	0.714396271	0.914531373	0.603351781	1.244266050	0.852295313	0.698336185
-0.664664665	0.710048715	0.913115615	0.596910882	1.247798056	0.847708537	0.691905704
-0.657657658	0.705491852	0.911386938	0.590354920	1.250789577	0.842812974	0.685288965
-0.650650651	0.700721797	0.909335666	0.583685697	1.253211241	0.837602362	0.678486314
-0.643643644	0.695734496	0.906951839	0.576905054	1.255032103	0.832070129	0.671498119
-0.636636637	0.690525709	0.904225188	0.570014868	1.256219472	0.826209344	0.664324759
-0.629629630	0.685090987	0.901145112	0.563017051	1.256738717	0.820012664	0.656966621
-0.622622623	0.679425652	0.897700658	0.555913548	1.256553029	0.813472279	0.649424094
-0.615615616	0.673524769	0.893880485	0.548706337	1.255623153	0.806579842	0.641697566
-0.608608609	0.667383118	0.889672839	0.541397425	1.253907057	0.799326393	0.633787412
-0.601601602	0.660995161	0.885065512	0.533988852	1.251359544	0.791702271	0.625693994
-0.594594595	0.654355010	0.880045804	0.526482681	1.247931787	0.783697010	0.617417649
-0.587587588	0.647456377	0.874600474	0.518881008	1.243570761	0.775299225	0.608958685
-0.580580581	0.640292535	0.868715686	0.511185952	1.238218563	0.766496471	0.600317372
-0.573573574	0.632856263	0.862376950	0.503399655	1.231811569	0.757275079	0.591493934
-0.566566567	0.625139782	0.855569052	0.495524286	1.224279401	0.747619975	0.582488540
-0.559559560	0.617134686	0.848275972	0.487562036	1.215543638	0.737514446	0.573301294
-0.552552553	0.608831863	0.840480791	0.479515117	1.205516191	0.726939879	0.563932226
-0.545545546	0.600221400	0.832165587	0.471385762	1.194097237	0.715875437	0.554381279
-0.538538539	0.591292475	0.823311304	0.463176223	1.181172559	0.704297676	0.544648299
-0.531531532	0.582033225	0.813897608	0.454888775	1.166610065	0.692180066	0.534733021
-0.524524525	0.572430600	0.803902717	0.446525707	1.150255161	0.679492413	0.524635055
-0.517517518	0.562470185	0.793303194	0.438089328	1.131924494	0.666200141	0.514353868
-0.510510511	0.552135981	0.782073708	0.429581965	1.111397304	0.652263376	0.503888771
-0.503503504	0.541410157	0.770186743	0.421005962	1.088403169	0.637635798	0.493238895
-0.496496496	0.530272730	0.757612251	0.412363677	1.062604154	0.622263150	0.482403175
-0.489489489	0.518701196	0.744317229	0.403657488	1.033567899	0.606081285	0.471380318
-0.482482482	0.506670053	0.730265204	0.394889787	1.000725363	0.589013570	0.460168784
-0.475475475	0.494150219	0.715415597	0.386062983	0.963301098	0.570967351	0.448766749
-0.468468468	0.481108294	0.699722925	0.377179500	0.920190715	0.551829041	0.437172073
-0.461461461	0.467505615	0.683135799	0.368241781	0.869727296	0.531457113	0.425382257
-0.454454454	0.453297034	0.665595653	0.359252285	0.809183948	0.509671789	0.413394401
-0.447447447	0.438429299	0.647035077	0.350213487	0.733529552	0.486239298	0.401205142
-0.440440440	0.422838886	0.627375654	0.341127883	0.631383486	0.460846786	0.388810594
-0.433433433	0.406449022	0.606525039	0.331997987	0.462042521	0.433060019	0.376206276
-0.426426426	0.389165506	0.584372990	0.322826333	0.000000000	0.402246967	0.363387012
-0.419419419	0.370870655	0.560785808	0.313615477	0.000000000	0.367426303	0.350346834
-0.412412412	0.351414269	0.535598362	0.304368001	0.000000000	0.326925380	0.337078841
-0.405405405	0.330599542	0.508602243	0.295086510	0.000000000	0.277438811	0.323575043
-0.398398398	0.308160027	0.479527519	0.285773638	0.000000000	0.210325438	0.309826161
-0.391391391	0.283719492	0.448013220	0.276432051	0.000000000	0.060651628	0.295821374
-0.384384384	0.256715996	0.413556722	0.267064448	0.000000000	0.000000000	0.281548006
-0.377377377	0.226241273	0.375419930	0.257673566	0.000000000	0.000000000	0.266991112
-0.370370370	0.190639903	0.332436336	0.248262186	0.000000000	0.000000000	0.252132940
-0.363363363	0.146191591	0.282549538	0.238833135	0.000000000	0.000000000	0.236952221
-0.356356356	0.078949864	0.221405074	0.229389294	0.000000000	0.000000000	0.221423181
-0.349349349	0.000000000	0.135239270	0.219933608	0.000000000	0.000000000	0.205514180
-0.342342342	0.000000000	0.000000000	0.210469086	0.000000000	0.000000000	0.189185734
-0.335335335	0.000000000	0.000000000	0.200998821	0.000000000	0.000000000	0.172387577
-0.328328328	0.000000000	0.000000000	0.191525993	0.000000000	0.000000000	0.155054074
-0.321321321	0.000000000	0.000000000	0.182053890	0.000000000	0.000000000	0.137096695
-0.314314314	0.000000000	0.000000000	0.172585920	0.000000000	0.000000000	0.118390776
-0.307307307	0.000000000	0.000000000	0.163125632	0.000000000	0.000000000	0.098749996
-0.300300300	0.000000000	0.000000000	0.153676742	0.000000000	0.000000000	0.077870310
-0.293293293	0.000000000	0.000000000	0.144243164	0.000000000	0.000000000	0.055178918
-0.286286286	0.000000000	0.000000000	0.134829044	0.000000000	0.000000000	0.029234162
-0.279279279	0.000000000	0.000000000	0.125438813	0.000000000	0.000000000	0.000000000
-0.272272272	0.000000000	0.000000000	0.116077244	0.000000000	0.000000000	0.000000000
-0.265265265	0.000000000	0.000000000	0.106749532	0.000000000	0.000000000	0.000000000
-0.258258258	0.000000000	0.000000000	0.097461400	0.000000000	0.000000000	0.000000000
-0.251251251	0.000000000	0.000000000	0.088219240	0.000000000	0.000000000	0.000000000
-0.244244244	0.000000000	0.000000000	0.079030310	0.000000000	0.000000000	0.000000000
-0.237237237	0.000000000	0.000000000	0.069903016	0.000000000	0.000000000	0.000000000
-0.230230230	0.000000000	0.000000000	0.060847325	0.000000000	0.000000000	0.000000000
-0.223223223	0.000000000	0.000000000	0.051875411	0.000000000	0.000000000	0.000000000
-0.216216216	0.000000000	0.000000000	0.043002712	0.000000000	0.000000000	0.000000000
-0.209209209	0.000000000	0.000000000	0.034249789	0.000000000	0.000000000	0.000000000
-0.202202202	0.000000000	0.000000000	0.025645962	0.000000000	0.000000000	0.000000000
-0.195195195	0.000000000	0.000000000	0.017237565	0.000000000	0.000000000	0.000000000
-0.188188188	0.000000000	0.000000000	0.009112122	0.000000000	0.000000000	0.000000000
-0.181181181	0.000000000	0.000000000	0.001529665	0.000000000	0.000000000	0.000000000
-0.174174174	0.000000000	0.000000000	0.000000000	0.000000000	0.000000000	0.000000000
-0.167167167	0.000000000	0.000000000	0.000000000	0.000000000	0.000000000	0.000000000
-0.160160160	0.000000000	0.000000000	0.000000000	0.000000000	0.000000000	0.000000000
-0.153153153	0.000000000	0.000000000	0.000000000	0.000000000	0.000000000	0.000000000
-0.146146146	0.000000000	0.000000000	0.000000000	0.000000000	0.000000000	0.000000000
-0.139139139	0.000000000	0.000000000	0.000000000	0.000000000	0.000000000	0.000000000
-0.132132132	0.000000000	0.000000000	0.000000000	0.000000000	0.000000000	0.000000000
-0.125125125	0.000000000	0.000000000	0.000000000	0.000000000	0.000000000	0.000000000
-0.118118118	0.000000000	0.000000000	0.000000000	0.000000000	0.000000000	0.000000000
-0.111111111	0.000000000	0.000000000	0.000000000	0.000000000	0.000000000	0.000000000
-0.104104104	0.000000000	0.000000000	0.000000000	0.000000000	0.000000000	0.000000000
-0.097097097	0.000000000	0.000000000	0.000000000	0.000000000	0.000000000	0.000000000
-0.090090090	0.000000000	0.000000000	0.000000000	0.000000000	0.000000000	0.000000000
-0.083083083	0.000000000	0.000000000	0.000000000	0.000000000	0.000000000	0.000000000
-0.076076076	0.000000000	0.000000000	0.000000000	0.000000000	0.000000000	0.000000000
-0.069069069	0.000000000	0.000000000	0.000000000	0.000000000	0.000000000	0.000000000
-0.062062062	0.000000000	0.000000000	0.000000000	0.000000000	0.000000000	0.000000000
-0.055055055	0.000000000	0.000000000	0.000000000	0.000000000	0.000000000	0.000000000
-0.048048048	0.000000000	0.000000000	0.000000000	0.000000000	0.000000000	0.000000000
-0.041041041	0.000000000	0.000000000	0.000000000	0.000000000	0.000000000	0.000000000
-0.034034034	0.000000000	0.000000000	0.000000000	0.000000000	0.000000000	0.000000000
-0.027027027	0.000000000	0.000000000	0.000000000	0.000000000	0.000000000	0.000000000
-0.020020020	0.000000000	0.000000000	0.000000000	0.000000000	0.000000000	0.000000000
-0.013013013	0.000000000	0.000000000	0.000000000	0.000000000	0.000000000	0.000000000
-0.006006006	0.000000000	0.000000000	0.000000000	0.000000000	0.000000000	0.000000000
0.001001001	0.000000000	0.000000000	0.000000000	0.000000000	0.000000000	0.000000000
0.008008008	0.000000000	0.000000000	0.000000000	0.000000000	0.000000000	0.000000000
0.015015015	0.000000000	0.000000000	0.000000000	0.000000000	0.000000000	0.000000000
0.022022022	0.000000000	0.000000000	0.000000000	0.000000000	0.000000000	0.000000000
0.029029029	0.000000000	0.000000000	0.000000000	0.000000000	0.000000000	0.000000000
0.036036036	0.000000000	0.000000000	0.000000000	0.000000000	0.000000000	0.000000000
0.043043043	0.000000000	0.000000000	0.000000000	0.000000000	0.000000000	0.000000000
0.050050050	0.000000000	0.000000000	0.000000000	0.000000000	0.000000000	0.000000000
0.057057057	0.000000000	0.000000000	0.000000000	0.000000000	0.000000000	0.000000000
0.064064064	0.000000000	0.000000000	0.000000000	0.000000000	0.000000000	0.000000000
0.071071071	0.000000000	0.000000000	0.000000000	0.000000000	0.000000000	0.000000000
0.078078078	0.000000000	0.000000000	0.000000000	0.000000000	0.000000000	0.000000000
0.085085085	0.000000000	0.000000000	0.000000000	0.000000000	0.000000000	0.000000000
0.092092092	0.000000000	0.000000000	0.000000000	0.000000000	0.000000000	0.000000000
0.099099099	0.000000000	0.000000000	0.000000000	0.000000000	0.000000000	0.000000000
0.106106106	0.000000000	0.000000000	0.000000000	0.000000000	0.000000000	0.000000000
0.113113113	0.000000000	0.000000000	0.000000000	0.000000000	0.000000000	0.000000000
0.120120120	0.000000000	0.000000000	0.000000000	0.000000000	0.000000000	0.000000000
0.127127127	0.000000000	0.000000000	0.000000000	0.000000000	0.000000000	0.000000000
0.134134134	0.000000000	0.000000000	0.000000000	0.000000000	0.000000000	0.000000000
0.141141141	0.000000000	0.000000000	0.000000000	0.000000000	0.000000000	0.000000000
0.148148148	0.000000000	0.000000000	0.000000000	0.000000000	0.000000000	0.000000000
0.155155155	0.000000000	0.000000000	0.000000000	0.000000000	0.000000000	0.000000000
0.162162162	0.000000000	0.000000000	0.000000000	0.000000000	0.000000000	0.000000000
0.169169169	0.000000000	0.000000000	0.000000000	0.000000000	0.000000000	0.000000000
0.176176176	0.000000000	0.000000000	0.000000000	0.000000000	0.000000000	0.000000000
0.183183183	0.000000000	0.000000000	0.000000000	0.000000000	0.000000000	0.000000000
0.190190190	0.000000000	0.000000000	0.000000000	0.000000000	0.000000000	0.000000000
0.197197197	0.000000000	0.000000000	0.000000000	0.000000000	0.000000000	0.000000000
0.204204204	0.000000000	0.000000000	0.000000000	0.000000000	0.000000000	0.000000000
0.211211211	0.000000000	0.000000000	0.000000000	0.000000000	0.000000000	0.000000000
0.218218218	0.000000000	0.000000000	0.000000000	0.000000000	0.000000000	0.000000000
0.225225225	0.000000000	0.000000000	0.000000000	0.000000000	0.000000000	0.000000000
0.232232232	0.000000000	0.000000000	0.000000000	0.000000000	0.000000000	0.000000000
0.239239239	0.000000000	0.000000000	0.000000000	0.000000000	0.000000000	0.000000000
0.246246246	0.000000000	0.000000000	0.000000000	0.000000000	0.000000000	0.000000000
0.253253253	0.000000000	0.000000000	0.000000000	0.000000000	0.000000000	0.000000000
0.260260260	0.000000000	0.000000000	0.000000000	0.000000000	0.000000000	0.000000000
0.267267267	0.000000000	0.000000000	0.000000000	0.000000000	0.000000000	0.000000000
0.274274274	0.000000000	0.000000000	0.000000000	0.000000000	0.000000000	0.000000000
0.281281281	0.000000000	0.000000000	0.000000000	0.000000000	0.000000000	0.000000000
0.288288288	0.000000000	0.000000000	0.000000000	0.000000000	0.000000000	0.000000000
0.295295295	0.000000000	0.000000000	0.000000000	0.000000000	0.000000000	0.000000000
0.302302302	0.000000000	0.000000000	0.000000000	0.000000000	0.000000000	0.000000000
0.309309309	0.000000000	0.000000000	0.000000000	0.000000000	0.000000000	0.000000000
0.316316316	0.000000000	0.000000000	0.000000000	0.000000000	0.000000000	0.000000000
0.323323323	0.000000000	0.000000000	0.000000000	0.000000000	0.000000000	0.000000000
0.330330330	0.000000000	0.000000000	0.000000000	0.000000000	0.000000000	0.000000000
0.337337337	0.000000000	0.000000000	0.000000000	0.000000000	0.000000000	0.000000000
0.344344344	0.000000000	0.000000000	0.000000000	0.000000000	0.000000000	0.000000000
0.351351351	0.000000000	0.000000000	0.000000000	0.000000000	0.000000000	0.000000000
0.358358358	0.000000000	0.000000000	0.000000000	0.000000000	0.000000000	0.000000000
0.365365365	0.000000000	0.000000000	0.000000000	0.000000000	0.000000000	0.000000000
0.372372372	0.000000000	0.000000000	0.000000000	0.000000000	0.000000000	0.000000000
0.379379379	0.000000000	0.000000000	0.000000000	0.000000000	0.000000000	0.000000000
0.386386386	0.000000000	0.000000000	0.000000000	0.000000000	0.000000000	0.000000000
0.393393393	0.000000000	0.000000000	0.000000000	0.000000000	0.000000000	0.000000000
0.400400400	0.000000000	0.000000000	0.000000000	0.000000000	0.000000000	0.000000000
0.407407407	0.000000000	0.000000000	0.000000000	0.000000000	0.000000000	0.000000000
0.414414414	0.000000000	0.000000000	0.000000000	0.000000000	0.000000000	0.000000000
0.421421421	0.000000000	0.000000000	0.000000000	0.000000000	0.000000000	0.000000000
0.428428428	0.000000000	0.000000000	0.000000000	0.000000000	0.000000000	0.000000000
0.435435435	0.000000000	0.000000000	0.000000000	0.000000000	0.000000000	0.000000000
0.442442442	0.000000000	0.000000000	0.000000000	0.000000000	0.000000000	0.000000000
0.449449449	0.000000000	0.000000000	0.000000000	0.000000000	0.000000000	0.000000000
0.456456456	0.000000000	0.000000000	0.000000000	0.000000000	0.000000000	0.000000000
0.463463463	0.000000000	0.000000000	0.000000000	0.000000000	0.000000000	0.000000000
0.470470470	0.000000000	0.000000000	0.000000000	0.000000000	0.000000000	0.000000000
0.477477477	0.000000000	0.000000000	0.000000000	0.000000000	0.000000000	0.000000000
0.484484484	0.000000000	0.000000000	0.000000000	0.000000000	0.000000000	0.000000000
0.491491491	0.000000000	0.000000000	0.000000000	0.000000000	0.000000000	0.000000000
0.498498498	0.000000000	0.000000000	0.000000000	0.000000000	0.000000000	0.000000000
0.505505506	0.000000000	0.000000000	0.000000000	0.000000000	0.000000000	0.000000000
0.512512513	0.000000000	0.000000000	0.000000000	0.000000000	0.000000000	0.000000000
0.519519520	0.000000000	0.000000000	0.000000000	0.000000000	0.000000000	0.000000000
0.526526527	0.000000000	0.000000000	0.000000000	0.000000000	0.000000000	0.000000000
0.533533534	0.000000000	0.000000000	0.000000000	0.000000000	0.000000000	0.000000000
0.540540541	0.000000000	0.000000000	0.000000000	0.000000000	0.000000000	0.000000000
0.547547548	0.000000000	0.000000000	0.000000000	0.000000000	0.000000000	0.000000000
0.554554555	0.000000000	0.000000000	0.000000000	0.000000000	0.000000000	0.000000000
0.561561562	0.000000000	0.000000000	0.000000000	0.000000000	0.000000000	0.000000000
0.568568569	0.000000000	0.000000000	0.000000000	0.000000000	0.000000000	0.000000000
0.575575576	0.000000000	0.000000000	0.000000000	0.000000000	0.000000000	0.000000000
0.582582583	0.000000000	0.000000000	0.000000000	0.000000000	0.000000000	0.000000000
0.589589590	0.000000000	0.000000000	0.000000000	0.000000000	0.000000000	0.000000000
0.596596597	0.000000000	0.000000000	0.000000000	0.000000000	0.000000000	0.000000000
0.603603604	0.000000000	0.000000000	0.000000000	0.000000000	0.000000000	0.000000000
0.610610611	0.000000000	0.000000000	0.000000000	0.000000000	0.000000000	0.000000000
0.617617618	0.000000000	0.000000000	0.000000000	0.000000000	0.000000000	0.000000000
0.624624625	0.000000000	0.000000000	0.000000000	0.000000000	0.000000000	0.000000000
0.631631632	0.000000000	0.000000000	0.000000000	0.000000000	0.000000000	0.000000000
0.638638639	0.000000000	0.000000000	0.000000000	0.000000000	0.000000000	0.000000000
0.645645646	0.000000000	0.000000000	0.000000000	0.000000000	0.000000000	0.000000000
0.652652653	0.000000000	0.000000000	0.000000000	0.000000000	0.000000000	0.000000000
0.659659660	0.000000000	0.000000000	0.000000000	0.000000000	0.000000000	0.000000000
0.666666667	0.000000000	0.000000000	0.000000000	0.000000000	0.000000000	0.000000000
0.673673674	0.000000000	0.000000000	0.000000000	0.000000000	0.000000000	0.000000000
0.680680681	0.000000000	0.000000000	0.000000000	0.000000000	0.000000000	0.000000000
0.687687688	0.000000000	0.000000000	0.000000000	0.000000000	0.000000000	0.000000000
0.694694695	0.000000000	0.000000000	0.000000000	0.000000000	0.000000000	0.000000000
0.701701702	0.000000000	0.000000000	0.000000000	0.000000000	0.000000000	0.000000000
0.708708709	0.000000000	0.000000000	0.000000000	0.000000000	0.000000000	0.000000000
0.715715716	0.000000000	0.000000000	0.000000000	0.000000000	0.000000000	0.000000000
0.722722723	0.000000000	0.000000000	0.000000000	0.000000000	0.000000000	0.000000000
0.729729730	0.000000000	0.000000000	0.000000000	0.000000000	0.000000000	0.000000000
0.736736737	0.000000000	0.000000000	0.000000000	0.000000000	0.000000000	0.000000000
0.743743744	0.000000000	0.000000000	0.000000000	0.000000000	0.000000000	0.000000000
0.750750751	0.000000000	0.000000000	0.000000000	0.000000000	0.000000000	0.000000000
0.757757758	0.000000000	0.000000000	0.000000000	0.000000000	0.000000000	0.000000000
0.764764765	0.000000000	0.000000000	0.000000000	0.000000000	0.000000000	0.000000000
0.771771772	0.000000000	0.000000000	0.000000000	0.000000000	0.000000000	0.000000000
0.778778779	0.000000000	0.000000000	0.000000000	0.000000000	0.000000000	0.000000000
0.785785786	0.000000000	0.000000000	0.000000000	0.000000000	0.000000000	0.000000000
0.792792793	0.000000000	0.000000000	0.000000000	0.000000000	0.000000000	0.000000000
0.799799800	0.000000000	0.000000000	0.000000000	0.000000000	0.000000000	0.000000000
0.806806807	0.000000000	0.000000000	0.000000000	0.000000000	0.000000000	0.000000000
0.813813814	0.000000000	0.000000000	0.000000000	0.000000000	0.000000000	0.000000000
0.820820821	0.000000000	0.000000000	0.000000000	0.000000000	0.000000000	0.000000000
0.827827828	0.000000000	0.000000000	0.000000000	0.000000000	0.000000000	0.000000000
0.834834835	0.000000000	0.000000000	0.000000000	0.000000000	0.000000000	0.000000000
0.841841842	0.000000000	0.000000000	0.000000000	0.000000000	0.000000000	0.000000000
0.848848849	0.000000000	0.000000000	0.000000000	0.000000000	0.000000000	0.000000000
0.855855856	0.000000000	0.000000000	0.000000000	0.000000000	0.000000000	0.000000000
0.862862863	0.000000000	0.000000000	0.000000000	0.000000000	0.000000000	0.000000000
0.869869870	0.000000000	0.000000000	0.000000000	0.000000000	0.000000000	0.000000000
0.876876877	0.000000000	0.000000000	0.000000000	0.000000000	0.000000000	0.000000000
0.883883884	0.000000000	0.000000000	0.000000000	0.000000000	0.000000000	0.000000000
0.890890891	0.000000000	0.000000000	0.000000000	0.000000000	0.000000000	0.000000000
0.897897898	0.000000000	0.000000000	0.000000000	0.000000000	0.000000000	0.000000000
0.904904905	0.000000000	0.000000000	0.000000000	0.000000000	0.000000000	0.000000000
0.911911912	0.000000000	0.000000000	0.000000000	0.000000000	0.000000000	0.000000000
0.918918919	0.000000000	0.000000000	0.000000000	0.000000000	0.000000000	0.000000000
0.925925926	0.000000000	0.000000000	0.000000000	0.000000000	0.000000000	0.000000000
0.932932933	0.000000000	0.000000000	0.000000000	0.000000000	0.000000000	0.000000000
0.939939940	0.000000000	0.000000000	0.000000000	0.000000000	0.000000000	0.000000000
0.946946947	0.000000000	0.000000000	0.000000000	0.000000000	0.000000000	0.000000000
0.953953954	0.000000000	0.000000000	0.000000000	0.000000000	0.000000000	0.000000000
0.960960961	0.000000000	0.000000000	0.000000000	0.000000000	0.000000000	0.000000000
0.967967968	0.000000000	0.000000000	0.000000000	0.000000000	0.000000000	0.000000000
0.974974975	0.000000000	0.000000000	0.000000000	0.000000000	0.000000000	0.000000000
0.981981982	0.000000000	0.000000000	0.000000000	0.000000000	0.000000000	0.000000000
0.988988989	0.000000000	0.000000000	0.000000000	0.000000000	0.000000000	0.000000000
0.995995996	0.000000000	0.000000000	0.000000000	0.000000000	0.000000000	0.000000000
1.003003003	0.000000000	0.000000000	0.000000000	0.000000000	0.000000000	0.000000000
1.010010010	0.000000000	0.000000000	0.000000000	0.000000000	0.000000000	0.000000000
1.017017017	0.000000000	0.000000000	0.000000000	0.000000000	0.000000000	0.000000000
1.024024024	0.000000000	0.000000000	0.000000000	0.000000000	0.000000000	0.000000000
1.031031031	0.000000000	0.000000000	0.000000000	0.000000000	0.000000000	0.000000000
1.038038038	0.000000000	0.000000000	0.000000000	0.000000000	0.000000000	0.000000000
1.045045045	0.000000000	0.000000000	0.000000000	0.000000000	0.000000000	0.000000000
1.052052052	0.000000000	0.000000000	0.000000000	0.000000000	0.000000000	0.000000000
1.059059059	0.000000000	0.000000000	0.000000000	0.000000000	0.000000000	0.000000000
1.066066066	0.000000000	0.000000000	0.000000000	0.000000000	0.000000000	0.000000000
1.073073073	0.000000000	0.000000000	0.000000000	0.000000000	0.000000000	0.000000000
1.080080080	0.000000000	0.000000000	0.000000000	0.000000000	0.000000000	0.000000000
1.087087087	0.000000000	0.000000000	0.000000000	0.000000000	0.000000000	0.000000000
1.094094094	0.000000000	0.000000000	0.000000000	0.000000000	0.000000000	0.000000000
1.101101101	0.000000000	0.000000000	0.000000000	0.000000000	0.000000000	0.000000000
1.108108108	0.000000000	0.000000000	0.000000000	0.000000000	0.000000000	0.000000000
1.115115115	0.000000000	0.000000000	0.000000000	0.000000000	0.000000000	0.000000000
1.122122122	0.000000000	0.000000000	0.000000000	0.000000000	0.000000000	0.000000000
1.129129129	0.000000000	0.000000000	0.000000000	0.000000000	0.000000000	0.000000000
1.136136136	0.000000000	0.000000000	0.000000000	0.000000000	0.000000000	0.000000000
1.143143143	0.000000000	0.000000000	0.000000000	0.000000000	0.000000000	0.000000000
1.150150150	0.000000000	0.000000000	0.000000000	0.000000000	0.000000000	0.000000000
1.157157157	0.000000000	0.000000000	0.000000000	0.000000000	0.000000000	0.000000000
1.164164164	0.000000000	0.000000000	0.000000000	0.000000000	0.000000000	0.000000000
1.171171171	0.000000000	0.000000000	0.000000000	0.000000000	0.000000000	0.000000000
1.178178178	0.000000000	0.000000000	0.000000000	0.000000000	0.000000000	0.000000000
1.185185185	0.000000000	0.000000000	0.000000000	0.000000000	0.000000000	0.000000000
1.192192192	0.000000000	0.000000000	0.000000000	0.000000000	0.000000000	0.000000000
1.199199199	0.000000000	0.000000000	0.000000000	0.000000000	0.000000000	0.000000000
1.206206206	0.000000000	0.000000000	0.000000000	0.000000000	0.000000000	0.000000000
1.213213213	0.000000000	0.000000000	0.000000000	0.000000000	0.000000000	0.000000000
1.220220220	0.000000000	0.000000000	0.000000000	0.000000000	0.000000000	0.000000000
1.227227227	0.000000000	0.000000000	0.000000000	0.000000000	0.000000000	0.000000000
1.234234234	0.000000000	0.000000000	0.000000000	0.000000000	0.000000000	0.000000000
1.241241241	0.000000000	0.000000000	0.000000000	0.000000000	0.000000000	0.000000000
1.248248248	0.000000000	0.000000000	0.000000000	0.000000000	0.000000000	0.000000000
1.255255255	0.000000000	0.000000000	0.000000000	0.000000000	0.000000000	0.000000000
1.262262262	0.000000000	0.000000000	0.000000000	0.000000000	0.000000000	0.000000000
1.269269269	0.000000000	0.000000000	0.000000000	0.000000000	0.000000000	0.000000000
1.276276276	0.000000000	0.000000000	0.000000000	0.000000000	0.000000000	0.000000000
1.283283283	0.000000000	0.000000000	0.000000000	0.000000000	0.000000000	0.000000000
1.290290290	0.000000000	0.000000000	0.000000000	0.000000000	0.000000000	0.000000000
1.297297297	0.000000000	0.000000000	0.000000000	0.000000000	0.000000000	0.000000000
1.304304304	0.000000000	0.000000000	0.000000000	0.000000000	0.000000000	0.000000000
1.311311311	0.000000000	0.000000000	0.000000000	0.000000000	0.000000000	0.000000000
1.318318318	0.000000000	0.000000000	0.000000000	0.000000000	0.000000000	0.000000000
1.325325325	0.000000000	0.000000000	0.000000000	0.000000000	0.000000000	0.000000000
1.332332332	0.000000000	0.000000000	0.000000000	0.000000000	0.000000000	0.000000000
1.339339339	0.000000000	0.000000000	0.000000000	0.000000000	0.000000000	0.000000000
1.346346346	0.000000000	0.000000000	0.000000000	0.000000000	0.000000000	0.000000000
1.353353353	0.000000000	0.000000000	0.000000000	0.000000000	0.000000000	0.000000000
1.360360360	0.000000000	0.000000000	0.000000000	0.000000000	0.000000000	0.000000000
1.367367367	0.000000000	0.000000000	0.000000000	0.000000000	0.000000000	0.000000000
1.374374374	0.000000000	0.000000000	0.000000000	0.000000000	0.000000000	0.000000000
1.381381381	0.000000000	0.000000000	0.000000000	0.000000000	0.000000000	0.000000000
1.388388388	0.000000000	0.000000000	0.000000000	0.000000000	0.000000000	0.000000000
1.395395395	0.000000000	0.000000000	0.000000000	0.000000000	0.000000000	0.000000000
1.402402402	0.000000000	0.000000000	0.000000000	0.000000000	0.000000000	0.000000000
1.409409409	0.000000000	0.000000000	0.000000000	0.000000000	0.000000000	0.000000000
1.416416416	0.000000000	0.000000000	0.000000000	0.000000000	0.000000000	0.000000000
1.423423423	0.000000000	0.000000000	0.000000000	0.000000000	0.000000000	0.000000000
1.430430430	0.000000000	0.000000000	0.000000000	0.000000000	0.000000000	0.000000000
1.437437437	0.000000000	0.000000000	0.000000000	0.000000000	0.000000000	0.000000000
1.444444444	0.000000000	0.000000000	0.000000000	0.000000000	0.000000000	0.000000000
1.451451451	0.000000000	0.000000000	0.000000000	0.000000000	0.000000000	0.000000000
1.458458458	0.000000000	0.000000000	0.000000000	0.000000000	0.000000000	0.000000000
1.465465465	0.000000000	0.000000000	0.000000000	0.000000000	0.000000000	0.000000000
1.472472472	0.000000000	0.000000000	0.000000000	0.000000000	0.000000000	0.000000000
1.479479479	0.000000000	0.000000000	0.000000000	0.000000000	0.000000000	0.000000000
1.486486486	0.000000000	0.000000000	0.000000000	0.000000000	0.000000000	0.000000000
1.493493493	0.000000000	0.000000000	0.000000000	0.000000000	0.000000000	0.000000000
1.500500501	0.000000000	0.000000000	0.000000000	0.000000000	0.000000000	0.000000000
1.507507508	0.000000000	0.000000000	0.000000000	0.000000000	0.000000000	0.000000000
1.514514515	0.000000000	0.000000000	0.000000000	0.000000000	0.000000000	0.000000000
1.521521522	0.000000000	0.000000000	0.000000000	0.000000000	0.000000000	0.000000000
1.528528529	0.000000000	0.000000000	0.000000000	0.000000000	0.000000000	0.000000000
1.535535536	0.000000000	0.000000000	0.000000000	0.000000000	0.000000000	0.000000000
1.542542543	0.000000000	0.000000000	0.000000000	0.000000000	0.000000000	0.000000000
1.549549550	0.000000000	0.000000000	0.000000000	0.000000000	0.000000000	0.000000000
1.556556557	0.000000000	0.000000000	0.000000000	0.000000000	0.000000000	0.000000000
1.563563564	0.000000000	0.000000000	0.000000000	0.000000000	0.000000000	0.000000000
1.570570571	0.000000000	0.000000000	0.000000000	0.000000000	0.000000000	0.000000000
1.577577578	0.000000000	0.000000000	0.000000000	0.000000000	0.000000000	0.000000000
1.584584585	0.000000000	0.000000000	0.000000000	0.000000000	0.000000000	0.000000000
1.591591592	0.000000000	0.000000000	0.000000000	0.000000000	0.000000000	0.000000000
1.598598599	0.000000000	0.000000000	0.000000000	0.000000000	0.000000000	0.000000000
1.605605606	0.000000000	0.000000000	0.000000000	0.000000000	0.000000000	0.000000000
1.612612613	0.000000000	0.000000000	0.000000000	0.000000000	0.000000000	0.000000000
1.619619620	0.000000000	0.000000000	0.000000000	0.000000000	0.000000000	0.000000000
1.626626627	0.000000000	0.000000000	0.000000000	0.000000000	0.000000000	0.000000000
1.633633634	0.000000000	0.000000000	0.000000000	0.000000000	0.000000000	0.000000000
1.640640641	0.000000000	0.000000000	0.000000000	0.000000000	0.000000000	0.000000000
1.647647648	0.000000000	0.000000000	0.000000000	0.000000000	0.000000000	0.000000000
1.654654655	0.000000000	0.000000000	0.000000000	0.000000000	0.000000000	0.000000000
1.661661662	0.000000000	0.000000000	0.000000000	0.000000000	0.000000000	0.000000000
1.668668669	0.000000000	0.000000000	0.000000000	0.000000000	0.000000000	0.000000000
1.675675676	0.000000000	0.000000000	0.000000000	0.000000000	0.000000000	0.000000000
1.682682683	0.000000000	0.000000000	0.000000000	0.000000000	0.000000000	0.000000000
1.689689690	0.000000000	0.000000000	0.000000000	0.000000000	0.000000000	0.000000000
1.696696697	0.000000000	0.000000000	0.000000000	0.000000000	0.000000000	0.000000000
1.703703704	0.000000000	0.000000000	0.000000000	0.000000000	0.000000000	0.000000000
1.710710711	0.000000000	0.000000000	0.000000000	0.000000000	0.000000000	0.000000000
1.717717718	0.000000000	0.000000000	0.000000000	0.000000000	0.000000000	0.000000000
1.724724725	0.000000000	0.000000000	0.000000000	0.000000000	0.000000000	0.000000000
1.731731732	0.000000000	0.000000000	0.000000000	0.000000000	0.000000000	0.000000000
1.738738739	0.000000000	0.000000000	0.000000000	0.000000000	0.000000000	0.000000000
1.745745746	0.000000000	0.000000000	0.000000000	0.000000000	0.000000000	0.000000000
1.752752753	0.000000000	0.000000000	0.000000000	0.000000000	0.000000000	0.000000000
1.759759760	0.000000000	0.000000000	0.000000000	0.000000000	0.000000000	0.000000000
1.766766767	0.000000000	0.000000000	0.000000000	0.000000000	0.000000000	0.000000000
1.773773774	0.000000000	0.000000000	0.000000000	0.000000000	0.000000000	0.000000000
1.780780781	0.000000000	0.000000000	0.000000000	0.000000000	0.000000000	0.000000000
1.787787788	0.000000000	0.000000000	0.000000000	0.000000000	0.000000000	0.000000000
1.794794795	0.000000000	0.000000000	0.000000000	0.000000000	0.000000000	0.000000000
1.801801802	0.000000000	0.000000000	0.000000000	0.000000000	0.000000000	0.000000000
1.808808809	0.000000000	0.000000000	0.000000000	0.000000000	0.000000000	0.000000000
1.815815816	0.000000000	0.000000000	0.000000000	0.000000000	0.000000000	0.000000000
1.822822823	0.000000000	0.000000000	0.000000000	0.000000000	0.000000000	0.000000000
1.829829830	0.000000000	0.000000000	0.000000000	0.000000000	0.000000000	0.000000000
1.836836837	0.000000000	0.000000000	0.000000000	0.000000000	0.000000000	0.000000000
1.843843844	0.000000000	0.000000000	0.000000000	0.000000000	0.000000000	0.000000000
1.850850851	0.000000000	0.000000000	0.000000000	0.000000000	0.000000000	0.000000000
1.857857858	0.000000000	0.000000000	0.000000000	0.000000000	0.000000000	0.000000000
1.864864865	0.000000000	0.000000000	0.000000000	0.000000000	0.000000000	0.000000000
1.871871872	0.000000000	0.000000000	0.000000000	0.000000000	0.000000000	0.000000000
1.878878879	0.000000000	0.000000000	0.000000000	0.000000000	0.000000000	0.000000000
1.885885886	0.000000000	0.000000000	0.000000000	0.000000000	0.000000000	0.000000000
1.892892893	0.000000000	0.000000000	0.000000000	0.000000000	0.000000000	0.000000000
1.899899900	0.000000000	0.000000000	0.000000000	0.000000000	0.000000000	0.000000000
1.906906907	0.000000000	0.000000000	0.000000000	0.000000000	0.000000000	0.000000000
1.913913914	0.000000000	0.000000000	0.000000000	0.000000000	0.000000000	0.000000000
1.920920921	0.000000000	0.000000000	0.000000000	0.000000000	0.000000000	0.000000000
1.927927928	0.000000000	0.000000000	0.000000000	0.000000000	0.000000000	0.000000000
1.934934935	0.000000000	0.000000000	0.000000000	0.000000000	0.000000000	0.000000000
1.941941942	0.000000000	0.000000000	0.000000000	0.000000000	0.000000000	0.000000000
1.948948949	0.000000000	0.000000000	0.000000000	0.000000000	0.000000000	0.000000000
1.955955956	0.000000000	0.000000000	0.000000000	0.000000000	0.000000000	0.000000000
1.962962963	0.000000000	0.000000000	0.000000000	0.000000000	0.000000000	0.000000000
1.969969970	0.000000000	0.000000000	0.000000000	0.000000000	0.000000000	0.000000000
1.976976977	0.000000000	0.000000000	0.000000000	0.000000000	0.000000000	0.000000000
1.983983984	0.000000000	0.000000000	0.000000000	0.000000000	0.000000000	0.000000000
1.990990991	0.000000000	0.000000000	0.000000000	0.000000000	0.000000000	0.000000000
1.997997998	0.000000000	0.000000000	0.000000000	0.000000000	0.000000000	0.000000000
2.005005005	0.000000000	0.000000000	0.000000000	0.000000000	0.000000000	0.000000000
2.012012012	0.000000000	0.000000000	0.000000000	0.000000000	0.000000000	0.000000000
2.019019019	0.000000000	0.000000000	0.000000000	0.000000000	0.000000000	0.000000000
2.026026026	0.000000000	0.000000000	0.000000000	0.000000000	0.000000000	0.000000000
2.033033033	0.000000000	0.000000000	0.000000000	0.000000000	0.000000000	0.000000000
2.040040040	0.000000000	0.000000000	0.000000000	0.000000000	0.000000000	0.000000000
2.047047047	0.000000000	0.000000000	0.000000000	0.000000000	0.000000000	0.000000000
2.054054054	0.000000000	0.000000000	0.000000000	0.000000000	0.000000000	0.000000000
2.061061061	0.000000000	0.000000000	0.000000000	0.000000000	0.000000000	0.000000000
2.068068068	0.000000000	0.000000000	0.000000000	0.000000000	0.000000000	0.000000000
2.075075075	0.000000000	0.000000000	0.000000000	0.000000000	0.000000000	0.000000000
2.082082082	0.000000000	0.000000000	0.000000000	0.000000000	0.000000000	0.000000000
2.089089089	0.000000000	0.000000000	0.000000000	0.000000000	0.000000000	0.000000000
2.096096096	0.000000000	0.000000000	0.000000000	0.000000000	0.000000000	0.000000000
2.103103103	0.000000000	0.000000000	0.000000000	0.000000000	0.000000000	0.000000000
2.110110110	0.000000000	0.000000000	0.000000000	0.000000000	0.000000000	0.000000000
2.117117117	0.000000000	0.000000000	0.000000000	0.000000000	0.000000000	0.000000000
2.124124124	0.000000000	0.000000000	0.000000000	0.000000000	0.000000000	0.000000000
2.131131131	0.000000000	0.000000000	0.000000000	0.000000000	0.000000000	0.000000000
2.138138138	0.000000000	0.000000000	0.000000000	0.000000000	0.000000000	0.000000000
2.145145145	0.000000000	0.000000000	0.000000000	0.000000000	0.000000000	0.000000000
2.152152152	0.000000000	0.000000000	0.000000000	0.000000000	0.000000000	0.000000000
2.159159159	0.000000000	0.000000000	0.000000000	0.000000000	0.000000000	0.000000000
2.166166166	0.000000000	0.000000000	0.000000000	0.000000000	0.000000000	0.000000000
2.173173173	0.000000000	0.000000000	0.000000000	0.000000000	0.000000000	0.000000000
2.180180180	0.000000000	0.000000000	0.000000000	0.000000000	0.000000000	0.000000000
2.187187187	0.000000000	0.000000000	0.000000000	0.000000000	0.000000000	0.000000000
2.194194194	0.000000000	0.000000000	0.000000000	0.000000000	0.000000000	0.000000000
2.201201201	0.000000000	0.000000000	0.000000000	0.000000000	0.000000000	0.000000000
2.208208208	0.000000000	0.000000000	0.000000000	0.000000000	0.000000000	0.000000000
2.215215215	0.000000000	0.000000000	0.000000000	0.000000000	0.000000000	0.000000000
2.222222222	0.000000000	0.000000000	0.000000000	0.000000000	0.000000000	0.000000000
2.229229229	0.000000000	0.000000000	0.000000000	0.000000000	0.000000000	0.000000000
2.236236236	0.000000000	0.000000000	0.000000000	0.000000000	0.000000000	0.000000000
2.243243243	0.000000000	0.000000000	0.000000000	0.000000000	0.000000000	0.000000000
2.250250250	0.000000000	0.000000000	0.000000000	0.000000000	0.000000000	0.000000000
2.257257257	0.000000000	0.000000000	0.000000000	0.000000000	0.000000000	0.000000000
2.264264264	0.000000000	0.000000000	0.000000000	0.000000000	0.000000000	0.000000000
2.271271271	0.000000000	0.000000000	0.000000000	0.000000000	0.000000000	0.000000000
2.278278278	0.000000000	0.000000000	0.000000000	0.000000000	0.000000000	0.000000000
2.285285285	0.000000000	0.000000000	0.000000000	0.000000000	0.000000000	0.000000000
2.292292292	0.000000000	0.000000000	0.000000000	0.000000000	0.000000000	0.000000000
2.299299299	0.000000000	0.000000000	0.000000000	0.000000000	0.000000000	0.000000000
2.306306306	0.000000000	0.000000000	0.000000000	0.000000000	0.000000000	0.000000000
2.313313313	0.000000000	0.000000000	0.000000000	0.000000000	0.000000000	0.000000000
2.320320320	0.000000000	0.000000000	0.000000000	0.000000000	0.000000000	0.000000000
2.327327327	0.000000000	0.000000000	0.000000000	0.000000000	0.000000000	0.000000000
2.334334334	0.000000000	0.000000000	0.000000000	0.000000000	0.000000000	0.000000000
2.341341341	0.000000000	0.000000000	0.000000000	0.000000000	0.000000000	0.000000000
2.348348348	0.000000000	0.000000000	0.000000000	0.000000000	0.000000000	0.000000000
2.355355355	0.000000000	0.000000000	0.000000000	0.000000000	0.000000000	0.000000000
2.362362362	0.000000000	0.000000000	0.000000000	0.000000000	0.000000000	0.000000000
2.369369369	0.000000000	0.000000000	0.000000000	0.000000000	0.000000000	0.000000000
2.376376376	0.000000000	0.000000000	0.000000000	0.000000000	0.000000000	0.000000000
2.383383383	0.000000000	0.000000000	0.000000000	0.000000000	0.000000000	0.000000000
2.390390390	0.000000000	0.000000000	0.000000000	0.000000000	0.000000000	0.000000000
2.397397397	0.000000000	0.000000000	0.000000000	0.000000000	0.000000000	0.000000000
2.404404404	0.000000000	0.000000000	0.000000000	0.000000000	0.000000000	0.000000000
2.411411411	0.000000000	0.000000000	0.000000000	0.000000000	0.000000000	0.000000000
2.418418418	0.000000000	0.000000000	0.000000000	0.000000000	0.000000000	0.000000000
2.425425425	0.000000000	0.000000000	0.000000000	0.000000000	0.000000000	0.000000000
2.432432432	0.000000000	0.000000000	0.000000000	0.000000000	0.000000000	0.000000000
2.439439439	0.000000000	0.000000000	0.000000000	0.000000000	0.000000000	0.000000000
2.446446446	0.000000000	0.000000000	0.000000000	0.000000000	0.000000000	0.000000000
2.453453453	0.000000000	0.000000000	0.000000000	0.000000000	0.000000000	0.000000000
2.460460460	0.000000000	0.000000000	0.000000000	0.000000000	0.000000000	0.000000000
2.467467467	0.000000000	0.000000000	0.000000000	0.000000000	0.000000000	0.000000000
2.474474474	0.000000000	0.000000000	0.000000000	0.000000000	0.000000000	0.000000000
2.481481481	0.000000000	0.000000000	0.000000000	0.000000000	0.000000000	0.000000000
2.488488488	0.000000000	0.000000000	0.000000000	0.000000000	0.000000000	0.000000000
2.495495495	0.000000000	0.000000000	0.000000000	0.000000000	0.000000000	0.000000000
2.502502503	0.000000000	0.000000000	0.000000000	0.000000000	0.000000000	0.000000000
2.509509510	0.000000000	0.000000000	0.000000000	0.000000000	0.000000000	0.000000000
2.516516517	0.000000000	0.000000000	0.000000000	0.000000000	0.000000000	0.000000000
2.523523524	0.000000000	0.000000000	0.000000000	0.000000000	0.000000000	0.000000000
2.530530531	0.000000000	0.000000000	0.000000000	0.000000000	0.000000000	0.000000000
2.537537538	0.000000000	0.000000000	0.000000000	0.000000000	0.000000000	0.000000000
2.544544545	0.000000000	0.000000000	0.000000000	0.000000000	0.000000000	0.000000000
2.551551552	0.000000000	0.000000000	0.000000000	0.000000000	0.000000000	0.000000000
2.558558559	0.000000000	0.000000000	0.000000000	0.000000000	0.000000000	0.000000000
2.565565566	0.000000000	0.000000000	0.000000000	0.000000000	0.000000000	0.000000000
2.572572573	0.000000000	0.000000000	0.000000000	0.000000000	0.000000000	0.000000000
2.579579580	0.000000000	0.000000000	0.000000000	0.000000000	0.000000000	0.000000000
2.586586587	0.000000000	0.000000000	0.000000000	0.000000000	0.000000000	0.000000000
2.593593594	0.000000000	0.000000000	0.000000000	0.000000000	0.000000000	0.000000000
2.600600601	0.000000000	0.000000000	0.000000000	0.000000000	0.000000000	0.000000000
2.607607608	0.000000000	0.000000000	0.000000000	0.000000000	0.000000000	0.000000000
2.614614615	0.000000000	0.000000000	0.000000000	0.000000000	0.000000000	0.000000000
2.621621622	0.000000000	0.000000000	0.000000000	0.000000000	0.000000000	0.000000000
2.628628629	0.000000000	0.000000000	0.000000000	0.000000000	0.000000000	0.000000000
2.635635636	0.000000000	0.000000000	0.000000000	0.000000000	0.000000000	0.000000000
2.642642643	0.000000000	0.000000000	0.000000000	0.000000000	0.000000000	0.000000000
2.649649650	0.000000000	0.000000000	0.000000000	0.000000000	0.000000000	0.000000000
2.656656657	0.000000000	0.000000000	0.000000000	0.000000000	0.000000000	0.000000000
2.663663664	0.000000000	0.000000000	0.000000000	0.000000000	0.000000000	0.000000000
2.670670671	0.000000000	0.000000000	0.000000000	0.000000000	0.000000000	0.000000000
2.677677678	0.000000000	0.000000000	0.000000000	0.000000000	0.000000000	0.000000000
2.684684685	0.000000000	0.000000000	0.000000000	0.000000000	0.000000000	0.000000000
2.691691692	0.000000000	0.000000000	0.000000000	0.000000000	0.000000000	0.000000000
2.698698699	0.000000000	0.000000000	0.000000000	0.000000000	0.000000000	0.000000000
2.705705706	0.000000000	0.000000000	0.000000000	0.000000000	0.000000000	0.000000000
2.712712713	0.000000000	0.000000000	0.000000000	0.000000000	0.000000000	0.000000000
2.719719720	0.000000000	0.000000000	0.000000000	0.000000000	0.000000000	0.000000000
2.726726727	0.000000000	0.000000000	0.000000000	0.000000000	0.000000000	0.000000000
2.733733734	0.000000000	0.000000000	0.000000000	0.000000000	0.000000000	0.000000000
2.740740741	0.000000000	0.000000000	0.000000000	0.000000000	0.000000000	0.000000000
2.747747748	0.000000000	0.000000000	0.000000000	0.000000000	0.000000000	0.000000000
2.754754755	0.000000000	0.000000000	0.000000000	0.000000000	0.000000000	0.000000000
2.761761762	0.000000000	0.000000000	0.000000000	0.000000000	0.000000000	0.000000000
2.768768769	0.000000000	0.000000000	0.000000000	0.000000000	0.000000000	0.000000000
2.775775776	0.000000000	0.000000000	0.000000000	0.000000000	0.000000000	0.000000000
2.782782783	0.000000000	0.000000000	0.000000000	0.000000000	0.000000000	0.000000000
2.789789790	0.000000000	0.000000000	0.000000000	0.000000000	0.000000000	0.000000000
2.796796797	0.000000000	0.000000000	0.000000000	0.000000000	0.000000000	0.000000000
2.803803804	0.000000000	0.000000000	0.000000000	0.000000000	0.000000000	0.000000000
2.810810811	0.000000000	0.000000000	0.000000000	0.000000000	0.000000000	0.000000000
2.817817818	0.000000000	0.000000000	0.000000000	0.000000000	0.000000000	0.000000000
2.824824825	0.000000000	0.000000000	0.000000000	0.000000000	0.000000000	0.000000000
2.831831832	0.000000000	0.000000000	0.000000000	0.000000000	0.000000000	0.000000000
2.838838839	0.000000000	0.000000000	0.000000000	0.000000000	0.000000000	0.000000000
2.845845846	0.000000000	0.000000000	0.000000000	0.000000000	0.000000000	0.000000000
2.852852853	0.000000000	0.000000000	0.000000000	0.000000000	0.000000000	0.000000000
2.859859860	0.000000000	0.000000000	0.000000000	0.000000000	0.000000000	0.000000000
2.866866867	0.000000000	0.000000000	0.000000000	0.000000000	0.000000000	0.000000000
2.873873874	0.000000000	0.000000000	0.000000000	0.000000000	0.000000000	0.000000000
2.880880881	0.000000000	0.000000000	0.000000000	0.000000000	0.000000000	0.000000000
2.887887888	0.000000000	0.000000000	0.000000000	0.000000000	0.000000000	0.000000000
2.894894895	0.000000000	0.000000000	0.000000000	0.000000000	0.000000000	0.000000000
2.901901902	0.000000000	0.000000000	0.000000000	0.000000000	0.000000000	0.000000000
2.908908909	0.000000000	0.000000000	0.000000000	0.000000000	0.000000000	0.000000000
2.915915916	0.000000000	0.000000000	0.000000000	0.000000000	0.000000000	0.000000000
2.922922923	0.000000000	0.000000000	0.000000000	0.000000000	0.000000000	0.000000000
2.929929930	0.000000000	0.000000000	0.000000000	0.000000000	0.000000000	0.000000000
2.936936937	0.000000000	0.000000000	0.000000000	0.000000000	0.000000000	0.000000000
2.943943944	0.000000000	0.000000000	0.000000000	0.000000000	0.000000000	0.000000000
2.950950951	0.000000000	0.000000000	0.000000000	0.000000000	0.000000000	0.000000000
2.957957958	0.000000000	0.000000000	0.000000000	0.000000000	0.000000000	0.000000000
2.964964965	0.000000000	0.000000000	0.000000000	0.000000000	0.000000000	0.000000000
2.971971972	0.000000000	0.000000000	0.000000000	0.000000000	0.000000000	0.000000000
2.978978979	0.000000000	0.000000000	0.000000000	0.000000000	0.000000000	0.000000000
2.985985986	0.000000000	0.000000000	0.000000000	0.000000000	0.000000000	0.000000000
2.992992993	0.000000000	0.000000000	0.000000000	0.000000000	0.000000000	0.000000000
3.000000000	0.000000000	0.000000000	0.000000000	0.000000000	0.000000000	0.000000000
