-4.00000000	0.001918485	0.004547999	0.004926549	0.019935910	0.005123805	0.006751482
-3.99299299	0.001943502	0.004598448	0.004980206	0.020157275	0.005173798	0.006815608
-3.98598599	0.001968865	0.004649498	0.005034491	0.020381048	0.005224328	0.006880405
-3.97897898	0.001994580	0.004701155	0.005089411	0.020607255	0.005275403	0.006945881
-3.97197197	0.002020652	0.004753428	0.005144975	0.020835921	0.005327028	0.007012044
-3.96496496	0.002047085	0.004806324	0.005201191	0.021067073	0.005379210	0.007078902
-3.95795796	0.002073886	0.004859852	0.005258066	0.021300735	0.005431955	0.007146462
-3.95095095	0.002101059	0.004914019	0.005315610	0.021536934	0.005485271	0.007214734
-3.94394394	0.002128611	0.004968834	0.005373830	0.021775697	0.005539164	0.007283724
-3.93693694	0.002156545	0.005024304	0.005432735	0.022017049	0.005593641	0.007353442
-3.92992993	0.002184870	0.005080439	0.005492333	0.022261019	0.005648708	0.007423896
-3.92292292	0.002213589	0.005137247	0.005552635	0.022507632	0.005704374	0.007495094
-3.91591592	0.002242709	0.005194736	0.005613647	0.022756917	0.005760644	0.007567045
-3.90890891	0.002272235	0.005252914	0.005675379	0.023008901	0.005817526	0.007639758
-3.90190190	0.002302175	0.005311792	0.005737841	0.023263612	0.005875029	0.007713242
-3.89489489	0.002332533	0.005371378	0.005801042	0.023521079	0.005933157	0.007787505
-3.88788789	0.002363316	0.005431680	0.005864990	0.023781329	0.005991921	0.007862557
-3.88088088	0.002394531	0.005492708	0.005929696	0.024044391	0.006051326	0.007938406
-3.87387387	0.002426183	0.005554472	0.005995169	0.024310295	0.006111381	0.008015063
-3.86686687	0.002458280	0.005616981	0.006061419	0.024579069	0.006172093	0.008092536
-3.85985986	0.002490827	0.005680245	0.006128455	0.024850744	0.006233471	0.008170836
-3.85285285	0.002523832	0.005744272	0.006196288	0.025125348	0.006295523	0.008249971
-3.84584585	0.002557301	0.005809074	0.006264927	0.025402913	0.006358255	0.008329952
-3.83883884	0.002591242	0.005874659	0.006334384	0.025683468	0.006421678	0.008410788
-3.83183183	0.002625660	0.005941039	0.006404668	0.025967045	0.006485798	0.008492490
-3.82482482	0.002660564	0.006008224	0.006475790	0.026253673	0.006550625	0.008575068
-3.81781782	0.002695961	0.006076223	0.006547760	0.026543385	0.006616167	0.008658532
-3.81081081	0.002731857	0.006145047	0.006620591	0.026836211	0.006682433	0.008742893
-3.80380380	0.002768261	0.006214708	0.006694291	0.027132185	0.006749431	0.008828161
-3.79679680	0.002805180	0.006285215	0.006768874	0.027431337	0.006817171	0.008914346
-3.78978979	0.002842621	0.006356580	0.006844349	0.027733700	0.006885660	0.009001461
-3.78278278	0.002880593	0.006428815	0.006920729	0.028039307	0.006954910	0.009089515
-3.77577578	0.002919104	0.006501930	0.006998025	0.028348190	0.007024928	0.009178520
-3.76876877	0.002958161	0.006575936	0.007076249	0.028660384	0.007095724	0.009268487
-3.76176176	0.002997772	0.006650846	0.007155412	0.028975921	0.007167308	0.009359427
-3.75475475	0.003037947	0.006726671	0.007235527	0.029294836	0.007239689	0.009451353
-3.74774775	0.003078693	0.006803423	0.007316606	0.029617163	0.007312877	0.009544276
-3.74074074	0.003120020	0.006881115	0.007398662	0.029942936	0.007386882	0.009638207
-3.73373373	0.003161935	0.006959757	0.007481707	0.030272191	0.007461714	0.009733160
-3.72672673	0.003204448	0.007039364	0.007565754	0.030604961	0.007537383	0.009829145
-3.71971972	0.003247567	0.007119947	0.007650816	0.030941283	0.007613899	0.009926176
-3.71271271	0.003291303	0.007201519	0.007736905	0.031281193	0.007691273	0.010024265
-3.70570571	0.003335664	0.007284094	0.007824036	0.031624726	0.007769516	0.010123424
-3.69869870	0.003380659	0.007367684	0.007912222	0.031971919	0.007848637	0.010223667
-3.69169169	0.003426298	0.007452303	0.008001476	0.032322809	0.007928648	0.010325007
-3.68468468	0.003472592	0.007537963	0.008091812	0.032677433	0.008009561	0.010427456
-3.67767768	0.003519549	0.007624680	0.008183245	0.033035828	0.008091385	0.010531028
-3.67067067	0.003567180	0.007712467	0.008275789	0.033398032	0.008174132	0.010635737
-3.66366366	0.003615496	0.007801337	0.008369457	0.033764083	0.008257815	0.010741596
-3.65665666	0.003664505	0.007891305	0.008464266	0.034134019	0.008342444	0.010848619
-3.64964965	0.003714220	0.007982386	0.008560229	0.034507879	0.008428031	0.010956821
-3.64264264	0.003764651	0.008074595	0.008657361	0.034885702	0.008514588	0.011066215
-3.63563564	0.003815808	0.008167945	0.008755679	0.035267528	0.008602128	0.011176816
-3.62862863	0.003867704	0.008262453	0.008855197	0.035653395	0.008690661	0.011288640
-3.62162162	0.003920348	0.008358133	0.008955932	0.036043346	0.008780202	0.011401699
-3.61461461	0.003973753	0.008455002	0.009057898	0.036437418	0.008870763	0.011516011
-3.60760761	0.004027929	0.008553074	0.009161113	0.036835655	0.008962355	0.011631589
-3.60060060	0.004082890	0.008652366	0.009265592	0.037238096	0.009054993	0.011748450
-3.59359359	0.004138646	0.008752894	0.009371353	0.037644783	0.009148689	0.011866609
-3.58658659	0.004195210	0.008854674	0.009478412	0.038055757	0.009243457	0.011986082
-3.57957958	0.004252595	0.008957723	0.009586786	0.038471062	0.009339310	0.012106884
-3.57257257	0.004310812	0.009062059	0.009696493	0.038890740	0.009436261	0.012229034
-3.56556557	0.004369876	0.009167697	0.009807550	0.039314833	0.009534326	0.012352546
-3.55855856	0.004429798	0.009274656	0.009919974	0.039743384	0.009633517	0.012477437
-3.55155155	0.004490592	0.009382952	0.010033785	0.040176438	0.009733849	0.012603726
-3.54454454	0.004552271	0.009492605	0.010149000	0.040614039	0.009835336	0.012731428
-3.53753754	0.004614849	0.009603631	0.010265638	0.041056230	0.009937993	0.012860561
-3.53053053	0.004678340	0.009716050	0.010383718	0.041503056	0.010041836	0.012991144
-3.52352352	0.004742757	0.009829879	0.010503259	0.041954563	0.010146878	0.013123193
-3.51651652	0.004808116	0.009945139	0.010624279	0.042410795	0.010253136	0.013256727
-3.50950951	0.004874430	0.010061847	0.010746800	0.042871799	0.010360624	0.013391765
-3.50250250	0.004941715	0.010180024	0.010870841	0.043337621	0.010469358	0.013528324
-3.49549550	0.005009985	0.010299689	0.010996422	0.043808308	0.010579355	0.013666425
-3.48848849	0.005079256	0.010420862	0.011123563	0.044283905	0.010690630	0.013806086
-3.48148148	0.005149543	0.010543563	0.011252286	0.044764462	0.010803201	0.013947327
-3.47447447	0.005220862	0.010667813	0.011382611	0.045250024	0.010917082	0.014090167
-3.46746747	0.005293228	0.010793633	0.011514560	0.045740641	0.011032292	0.014234626
-3.46046046	0.005366659	0.010921044	0.011648155	0.046236361	0.011148847	0.014380724
-3.45345345	0.005441171	0.011050067	0.011783417	0.046737233	0.011266764	0.014528483
-3.44644645	0.005516779	0.011180725	0.011920370	0.047243305	0.011386062	0.014677923
-3.43943944	0.005593503	0.011313038	0.012059035	0.047754628	0.011506758	0.014829065
-3.43243243	0.005671358	0.011447031	0.012199435	0.048271252	0.011628870	0.014981930
-3.42542543	0.005750363	0.011582724	0.012341595	0.048793226	0.011752416	0.015136540
-3.41841842	0.005830536	0.011720142	0.012485537	0.049320602	0.011877415	0.015292917
-3.41141141	0.005911894	0.011859307	0.012631286	0.049853431	0.012003885	0.015451083
-3.40440440	0.005994456	0.012000244	0.012778866	0.050391763	0.012131847	0.015611061
-3.39739740	0.006078241	0.012142977	0.012928301	0.050935653	0.012261318	0.015772874
-3.39039039	0.006163269	0.012287529	0.013079618	0.051485150	0.012392320	0.015936546
-3.38338338	0.006249558	0.012433926	0.013232840	0.052040309	0.012524871	0.016102098
-3.37637638	0.006337128	0.012582192	0.013387994	0.052601182	0.012658992	0.016269557
-3.36936937	0.006426000	0.012732354	0.013545106	0.053167823	0.012794704	0.016438944
-3.36236236	0.006516194	0.012884436	0.013704203	0.053740286	0.012932027	0.016610287
-3.35535536	0.006607730	0.013038466	0.013865311	0.054318625	0.013070982	0.016783608
-3.34834835	0.006700631	0.013194469	0.014028458	0.054902895	0.013211591	0.016958934
-3.34134134	0.006794916	0.013352473	0.014193671	0.055493150	0.013353875	0.017136289
-3.33433433	0.006890609	0.013512506	0.014360979	0.056089446	0.013497857	0.017315701
-3.32732733	0.006987730	0.013674594	0.014530410	0.056691840	0.013643559	0.017497195
-3.32032032	0.007086304	0.013838765	0.014701993	0.057300387	0.013791004	0.017680798
-3.31331331	0.007186352	0.014005050	0.014875758	0.057915144	0.013940213	0.017866537
-3.30630631	0.007287898	0.014173476	0.015051734	0.058536168	0.014091212	0.018054440
-3.29929930	0.007390966	0.014344073	0.015229951	0.059163517	0.014244023	0.018244534
-3.29229229	0.007495579	0.014516870	0.015410440	0.059797248	0.014398671	0.018436848
-3.28528529	0.007601762	0.014691899	0.015593233	0.060437420	0.014555179	0.018631410
-3.27827828	0.007709541	0.014869189	0.015778360	0.061084091	0.014713574	0.018828249
-3.27127127	0.007818940	0.015048773	0.015965855	0.061737320	0.014873878	0.019027395
-3.26426426	0.007929985	0.015230680	0.016155748	0.062397167	0.015036119	0.019228878
-3.25725726	0.008042702	0.015414944	0.016348074	0.063063691	0.015200322	0.019432728
-3.25025025	0.008157118	0.015601598	0.016542866	0.063736953	0.015366513	0.019638976
-3.24324324	0.008273260	0.015790673	0.016740158	0.064417014	0.015534718	0.019847652
-3.23623624	0.008391155	0.015982204	0.016939984	0.065103933	0.015704966	0.020058790
-3.22922923	0.008510831	0.016176224	0.017142380	0.065797774	0.015877282	0.020272420
-3.22222222	0.008632317	0.016372769	0.017347380	0.066498596	0.016051695	0.020488575
-3.21521522	0.008755642	0.016571872	0.017555021	0.067206463	0.016228233	0.020707288
-3.20820821	0.008880834	0.016773571	0.017765340	0.067921437	0.016406925	0.020928593
-3.20120120	0.009007924	0.016977899	0.017978373	0.068643582	0.016587799	0.021152524
-3.19419419	0.009136942	0.017184895	0.018194158	0.069372959	0.016770886	0.021379116
-3.18718719	0.009267919	0.017394595	0.018412734	0.070109633	0.016956214	0.021608402
-3.18018018	0.009400887	0.017607037	0.018634139	0.070853668	0.017143815	0.021840419
-3.17317317	0.009535877	0.017822259	0.018858413	0.071605128	0.017333719	0.022075203
-3.16616617	0.009672921	0.018040300	0.019085595	0.072364079	0.017525957	0.022312790
-3.15915916	0.009812053	0.018261200	0.019315727	0.073130584	0.017720561	0.022553217
-3.15215215	0.009953307	0.018484997	0.019548849	0.073904711	0.017917564	0.022796522
-3.14514515	0.010096716	0.018711733	0.019785003	0.074686524	0.018116997	0.023042743
-3.13813814	0.010242315	0.018941448	0.020024232	0.075476089	0.018318895	0.023291919
-3.13113113	0.010390140	0.019174185	0.020266579	0.076273474	0.018523291	0.023544089
-3.12412412	0.010540226	0.019409986	0.020512087	0.077078746	0.018730218	0.023799293
-3.11711712	0.010692610	0.019648894	0.020760800	0.077891971	0.018939712	0.024057571
-3.11011011	0.010847328	0.019890952	0.021012765	0.078713217	0.019151808	0.024318964
-3.10310310	0.011004420	0.020136205	0.021268026	0.079542552	0.019366542	0.024583514
-3.09609610	0.011163922	0.020384697	0.021526630	0.080380045	0.019583949	0.024851263
-3.08908909	0.011325875	0.020636474	0.021788624	0.081225763	0.019804067	0.025122254
-3.08208208	0.011490318	0.020891582	0.022054056	0.082079777	0.020026934	0.025396531
-3.07507508	0.011657290	0.021150069	0.022322975	0.082942155	0.020252586	0.025674137
-3.06806807	0.011826834	0.021411982	0.022595429	0.083812966	0.020481063	0.025955118
-3.06106106	0.011998992	0.021677369	0.022871469	0.084692282	0.020712404	0.026239519
-3.05405405	0.012173804	0.021946280	0.023151146	0.085580171	0.020946649	0.026527386
-3.04704705	0.012351316	0.022218764	0.023434510	0.086476704	0.021183837	0.026818766
-3.04004004	0.012531570	0.022494871	0.023721616	0.087381953	0.021424010	0.027113706
-3.03303303	0.012714611	0.022774654	0.024012515	0.088295988	0.021667210	0.027412255
-3.02602603	0.012900486	0.023058163	0.024307262	0.089218880	0.021913478	0.027714461
-3.01901902	0.013089239	0.023345453	0.024605911	0.090150701	0.022162858	0.028020375
-3.01201201	0.013280919	0.023636577	0.024908518	0.091091524	0.022415393	0.028330047
-3.00500501	0.013475572	0.023931588	0.025215140	0.092041419	0.022671127	0.028643528
-2.99799800	0.013673249	0.024230543	0.025525834	0.093000459	0.022930105	0.028960870
-2.99099099	0.013873997	0.024533498	0.025840659	0.093968718	0.023192373	0.029282125
-2.98398398	0.014077868	0.024840509	0.026159672	0.094946267	0.023457977	0.029607348
-2.97697698	0.014284913	0.025151634	0.026482936	0.095933180	0.023726964	0.029936592
-2.96996997	0.014495183	0.025466933	0.026810509	0.096929530	0.023999382	0.030269913
-2.96296296	0.014708732	0.025786464	0.027142455	0.097935391	0.024275279	0.030607367
-2.95595596	0.014925614	0.026110288	0.027478837	0.098950835	0.024554705	0.030949011
-2.94894895	0.015145884	0.026438467	0.027819717	0.099975938	0.024837710	0.031294902
-2.94194194	0.015369597	0.026771062	0.028165161	0.101010773	0.025124343	0.031645099
-2.93493493	0.015596810	0.027108137	0.028515236	0.102055413	0.025414658	0.031999662
-2.92792793	0.015827581	0.027449757	0.028870006	0.103109934	0.025708706	0.032358651
-2.92092092	0.016061968	0.027795986	0.029229542	0.104174409	0.026006541	0.032722127
-2.91391391	0.016300032	0.028146890	0.029593911	0.105248914	0.026308217	0.033090153
-2.90690691	0.016541833	0.028502538	0.029963184	0.106333523	0.026613788	0.033462792
-2.89989990	0.016787433	0.028862996	0.030337431	0.107428310	0.026923310	0.033840108
-2.89289289	0.017036895	0.029228335	0.030716725	0.108533351	0.027236841	0.034222166
-2.88588589	0.017290283	0.029598624	0.031101140	0.109648720	0.027554437	0.034609032
-2.87887888	0.017547662	0.029973934	0.031490750	0.110774492	0.027876158	0.035000774
-2.87187187	0.017809098	0.030354339	0.031885630	0.111910742	0.028202062	0.035397460
-2.86486486	0.018074659	0.030739912	0.032285858	0.113057546	0.028532210	0.035799159
-2.85785786	0.018344413	0.031130727	0.032691511	0.114214978	0.028866664	0.036205942
-2.85085085	0.018618430	0.031526861	0.033102669	0.115383113	0.029205485	0.036617880
-2.84384384	0.018896781	0.031928390	0.033519412	0.116562026	0.029548736	0.037035046
-2.83683684	0.019179539	0.032335392	0.033941823	0.117751791	0.029896483	0.037457513
-2.82982983	0.019466777	0.032747946	0.034369984	0.118952485	0.030248791	0.037885357
-2.82282282	0.019758569	0.033166134	0.034803980	0.120164182	0.030605726	0.038318652
-2.81581582	0.020054992	0.033590037	0.035243896	0.121386955	0.030967355	0.038757478
-2.80880881	0.020356123	0.034019737	0.035689821	0.122620880	0.031333747	0.039201911
-2.80180180	0.020662041	0.034455320	0.036141841	0.123866032	0.031704971	0.039652031
-2.79479479	0.020972826	0.034896871	0.036600047	0.125122484	0.032081099	0.040107921
-2.78778779	0.021288560	0.035344476	0.037064530	0.126390310	0.032462202	0.040569661
-2.78078078	0.021609326	0.035798225	0.037535384	0.127669584	0.032848354	0.041037335
-2.77377377	0.021935208	0.036258205	0.038012702	0.128960380	0.033239629	0.041511027
-2.76676677	0.022266292	0.036724509	0.038496580	0.130262771	0.033636101	0.041990825
-2.75975976	0.022602666	0.037197229	0.038987116	0.131576831	0.034037849	0.042476816
-2.75275275	0.022944419	0.037676458	0.039484408	0.132902631	0.034444950	0.042969087
-2.74574575	0.023291641	0.038162292	0.039988556	0.134240245	0.034857482	0.043467731
-2.73873874	0.023644424	0.038654828	0.040499663	0.135589744	0.035275528	0.043972837
-2.73173173	0.024002863	0.039154163	0.041017832	0.136951200	0.035699168	0.044484500
-2.72472472	0.024367053	0.039660397	0.041543169	0.138324684	0.036128486	0.045002814
-2.71771772	0.024737090	0.040173631	0.042075780	0.139710267	0.036563566	0.045527876
-2.71071071	0.025113075	0.040693968	0.042615774	0.141108020	0.037004494	0.046059782
-2.70370370	0.025495107	0.041221513	0.043163262	0.142518013	0.037451358	0.046598632
-2.69669670	0.025883289	0.041756372	0.043718356	0.143940314	0.037904247	0.047144527
-2.68968969	0.026277725	0.042298651	0.044281169	0.145374992	0.038363251	0.047697569
-2.68268268	0.026678522	0.042848460	0.044851818	0.146822116	0.038828461	0.048257863
-2.67567568	0.027085787	0.043405911	0.045430421	0.148281754	0.039299971	0.048825513
-2.66866867	0.027499630	0.043971115	0.046017096	0.149753971	0.039777876	0.049400628
-2.66166166	0.027920163	0.044544188	0.046611966	0.151238835	0.040262272	0.049983317
-2.65465465	0.028347499	0.045125245	0.047215153	0.152736410	0.040753257	0.050573690
-2.64764765	0.028781756	0.045714404	0.047826784	0.154246761	0.041250932	0.051171860
-2.64064064	0.029223050	0.046311785	0.048446986	0.155769953	0.041755397	0.051777942
-2.63363363	0.029671502	0.046917510	0.049075889	0.157306048	0.042266755	0.052392052
-2.62662663	0.030127234	0.047531702	0.049713623	0.158855109	0.042785111	0.053014308
-2.61961962	0.030590370	0.048154486	0.050360324	0.160417196	0.043310572	0.053644831
-2.61261261	0.031061037	0.048785990	0.051016126	0.161992369	0.043843245	0.054283742
-2.60560561	0.031539364	0.049426344	0.051681169	0.163580689	0.044383242	0.054931165
-2.59859860	0.032025481	0.050075678	0.052355592	0.165182213	0.044930674	0.055587228
-2.59159159	0.032519523	0.050734127	0.053039538	0.166796999	0.045485655	0.056252056
-2.58458458	0.033021625	0.051401824	0.053733152	0.168425102	0.046048301	0.056925782
-2.57757758	0.033531926	0.052078909	0.054436582	0.170066577	0.046618730	0.057608537
-2.57057057	0.034050566	0.052765520	0.055149978	0.171721477	0.047197061	0.058300456
-2.56356356	0.034577688	0.053461800	0.055873491	0.173389855	0.047783416	0.059001676
-2.55655656	0.035113440	0.054167892	0.056607277	0.175071762	0.048377919	0.059712334
-2.54954955	0.035657968	0.054883943	0.057351492	0.176767247	0.048980696	0.060432574
-2.54254254	0.036211425	0.055610102	0.058106296	0.178476358	0.049591875	0.061162537
-2.53553554	0.036773964	0.056346518	0.058871852	0.180199141	0.050211586	0.061902370
-2.52852853	0.037345742	0.057093346	0.059648325	0.181935643	0.050839963	0.062652221
-2.52152152	0.037926919	0.057850741	0.060435882	0.183685906	0.051477139	0.063412242
-2.51451451	0.038517656	0.058618860	0.061234695	0.185449972	0.052123253	0.064182584
-2.50750751	0.039118120	0.059397865	0.062044935	0.187227881	0.052778442	0.064963403
-2.50050050	0.039728478	0.060187918	0.062866780	0.189019671	0.053442850	0.065754859
-2.49349349	0.040348902	0.060989185	0.063700409	0.190825379	0.054116621	0.066557111
-2.48648649	0.040979566	0.061801834	0.064546003	0.192645039	0.054799900	0.067370324
-2.47947948	0.041620647	0.062626035	0.065403747	0.194478684	0.055492839	0.068194663
-2.47247247	0.042272328	0.063461961	0.066273829	0.196326344	0.056195588	0.069030297
-2.46546547	0.042934791	0.064309789	0.067156440	0.198188048	0.056908302	0.069877398
-2.45845846	0.043608223	0.065169697	0.068051775	0.200063822	0.057631139	0.070736140
-2.45145145	0.044292817	0.066041866	0.068960030	0.201953691	0.058364258	0.071606702
-2.44444444	0.044988765	0.066926482	0.069881406	0.203857675	0.059107821	0.072489262
-2.43743744	0.045696267	0.067823730	0.070816107	0.205775795	0.059861996	0.073384006
-2.43043043	0.046415522	0.068733802	0.071764341	0.207708068	0.060626949	0.074291118
-2.42342342	0.047146735	0.069656889	0.072726317	0.209654507	0.061402852	0.075210789
-2.41641642	0.047890117	0.070593188	0.073702250	0.211615126	0.062189880	0.076143211
-2.40940941	0.048645878	0.071542898	0.074692357	0.213589932	0.062988210	0.077088581
-2.40240240	0.049414236	0.072506221	0.075696860	0.215578933	0.063798022	0.078047096
-2.39539540	0.050195410	0.073483362	0.076715982	0.217582133	0.064619500	0.079018959
-2.38838839	0.050989625	0.074474528	0.077749954	0.219599532	0.065452831	0.080004377
-2.38138138	0.051797109	0.075479933	0.078799006	0.221631127	0.066298205	0.081003558
-2.37437437	0.052618094	0.076499790	0.079863374	0.223676915	0.067155816	0.082016715
-2.36736737	0.053452817	0.077534318	0.080943299	0.225736886	0.068025860	0.083044064
-2.36036036	0.054301520	0.078583738	0.082039024	0.227811029	0.068908537	0.084085824
-2.35335335	0.055164446	0.079648274	0.083150796	0.229899330	0.069804052	0.085142220
-2.34634635	0.056041846	0.080728156	0.084278868	0.232001769	0.070712612	0.086213478
-2.33933934	0.056933975	0.081823615	0.085423496	0.234118325	0.071634428	0.087299830
-2.33233233	0.057841091	0.082934886	0.086584939	0.236248974	0.072569714	0.088401509
-2.32532533	0.058763458	0.084062209	0.087763461	0.238393685	0.073518690	0.089518754
-2.31831832	0.059701343	0.085205825	0.088959332	0.240552426	0.074481578	0.090651809
-2.31131131	0.060655022	0.086365981	0.090172823	0.242725161	0.075458604	0.091800920
-2.30430430	0.061624771	0.087542928	0.091404213	0.244911849	0.076449998	0.092966337
-2.29729730	0.062610873	0.088736918	0.092653784	0.247112445	0.077455996	0.094148315
-2.29029029	0.063613618	0.089948211	0.093921821	0.249326902	0.078476835	0.095347114
-2.28328328	0.064633299	0.091177067	0.095208616	0.251555165	0.079512759	0.096562996
-2.27627628	0.065670215	0.092423752	0.096514464	0.253797178	0.080564015	0.097796230
-2.26926927	0.066724670	0.093688535	0.097839666	0.256052879	0.081630854	0.099047088
-2.26226226	0.067796974	0.094971691	0.099184528	0.258322201	0.082713532	0.100315846
-2.25525526	0.068887443	0.096273498	0.100549360	0.260605075	0.083812311	0.101602786
-2.24824825	0.069996398	0.097594236	0.101934477	0.262901424	0.084927454	0.102908193
-2.24124124	0.071124166	0.098934193	0.103340199	0.265211168	0.086059233	0.104232359
-2.23423423	0.072271079	0.100293659	0.104766852	0.267534221	0.087207921	0.105575579
-2.22722723	0.073437477	0.101672928	0.106214766	0.269870493	0.088373799	0.106938152
-2.22022022	0.074623705	0.103072301	0.107684277	0.272219888	0.089557150	0.108320385
-2.21321321	0.075830115	0.104492081	0.109175728	0.274582306	0.090758266	0.109722587
-2.20620621	0.077057063	0.105932575	0.110689463	0.276957639	0.091977440	0.111145075
-2.19919920	0.078304914	0.107394098	0.112225836	0.279345777	0.093214972	0.112588168
-2.19219219	0.079574039	0.108876966	0.113785204	0.281746602	0.094471169	0.114052192
-2.18518519	0.080864814	0.110381501	0.115367930	0.284159990	0.095746340	0.115537478
-2.17817818	0.082177625	0.111908031	0.116974383	0.286585812	0.097040802	0.117044363
-2.17117117	0.083512862	0.113456886	0.118604939	0.289023935	0.098354877	0.118573188
-2.16416416	0.084870923	0.115028404	0.120259977	0.291474215	0.099688894	0.120124302
-2.15715716	0.086252213	0.116622925	0.121939884	0.293936508	0.101043185	0.121698058
-2.15015015	0.087657145	0.118240796	0.123645053	0.296410658	0.102418090	0.123294813
-2.14314314	0.089086139	0.119882368	0.125375882	0.298896506	0.103813954	0.124914933
-2.13613614	0.090539621	0.121547998	0.127132776	0.301393886	0.105231129	0.126558789
-2.12912913	0.092018027	0.123238047	0.128916145	0.303902624	0.106669974	0.128226756
-2.12212212	0.093521798	0.124952880	0.130726406	0.306422541	0.108130852	0.129919217
-2.11511512	0.095051387	0.126692871	0.132563984	0.308953451	0.109614134	0.131636561
-2.10810811	0.096607250	0.128458397	0.134429306	0.311495158	0.111120197	0.133379183
-2.10110110	0.098189856	0.130249838	0.136322810	0.314047464	0.112649426	0.135147482
-2.09409409	0.099799677	0.132067584	0.138244938	0.316610159	0.114202210	0.136941868
-2.08708709	0.101437198	0.133912027	0.140196138	0.319183028	0.115778949	0.138762752
-2.08008008	0.103102911	0.135783565	0.142176867	0.321765849	0.117380045	0.140610556
-2.07307307	0.104797314	0.137682603	0.144187588	0.324358391	0.119005912	0.142485705
-2.06606607	0.106520919	0.139609550	0.146228768	0.326960416	0.120656968	0.144388634
-2.05905906	0.108274241	0.141564821	0.148300884	0.329571679	0.122333639	0.146319782
-2.05205205	0.110057809	0.143548836	0.150404418	0.332191926	0.124036360	0.148279597
-2.04504505	0.111872158	0.145562022	0.152539859	0.334820895	0.125765572	0.150268530
-2.03803804	0.113717833	0.147604811	0.154707704	0.337458317	0.127521723	0.152287043
-2.03103103	0.115595389	0.149677640	0.156908456	0.340103913	0.129305271	0.154335604
-2.02402402	0.117505391	0.151780953	0.159142625	0.342757397	0.131116681	0.156414686
-2.01701702	0.119448411	0.153915199	0.161410728	0.345418474	0.132956426	0.158524771
-2.01001001	0.121425034	0.156080832	0.163713289	0.348086841	0.134824987	0.160666347
-2.00300300	0.123435853	0.158278313	0.166050838	0.350762187	0.136722853	0.162839911
-1.99599600	0.125481472	0.160508109	0.168423914	0.353444190	0.138650522	0.165045965
-1.98898899	0.127562504	0.162770691	0.170833061	0.356132520	0.140608501	0.167285019
-1.98198198	0.129679573	0.165066539	0.173278832	0.358826841	0.142597304	0.169557592
-1.97497497	0.131833314	0.167396136	0.175761785	0.361526803	0.144617456	0.171864207
-1.96796797	0.134024371	0.169759971	0.178282487	0.364232051	0.146669488	0.174205397
-1.96096096	0.136253399	0.172158540	0.180841511	0.366942219	0.148753944	0.176581701
-1.95395395	0.138521065	0.174592345	0.183439435	0.369656932	0.150871373	0.178993668
-1.94694695	0.140828046	0.177061894	0.186076847	0.372375805	0.153022335	0.181441851
-1.93993994	0.143175030	0.179567698	0.188754341	0.375098444	0.155207400	0.183926813
-1.93293293	0.145562715	0.182110277	0.191472516	0.377824447	0.157427147	0.186449122
-1.92592593	0.147991812	0.184690156	0.194231981	0.380553400	0.159682163	0.189009357
-1.91891892	0.150463043	0.187307864	0.197033348	0.383284881	0.161973048	0.191608101
-1.91191191	0.152977139	0.189963939	0.199877238	0.386018458	0.164300408	0.194245946
-1.90490490	0.155534845	0.192658920	0.202764279	0.388753688	0.166664861	0.196923492
-1.89789790	0.158136917	0.195393356	0.205695102	0.391490120	0.169067036	0.199641346
-1.89089089	0.160784122	0.198167800	0.208670347	0.394227292	0.171507568	0.202400121
-1.88388388	0.163477238	0.200982808	0.211690661	0.396964733	0.173987107	0.205200440
-1.87687688	0.166217055	0.203838945	0.214756694	0.399701960	0.176506309	0.208042930
-1.86986987	0.169004377	0.206736779	0.217869104	0.402438483	0.179065844	0.210928228
-1.86286286	0.171840017	0.209676885	0.221028553	0.405173800	0.181666389	0.213856977
-1.85585586	0.174724801	0.212659840	0.224235710	0.407907399	0.184308635	0.216829826
-1.84884885	0.177659565	0.215686228	0.227491248	0.410638758	0.186993279	0.219847433
-1.84184184	0.180645160	0.218756639	0.230795846	0.413367347	0.189721032	0.222910461
-1.83483483	0.183682447	0.221871665	0.234150186	0.416092624	0.192492615	0.226019581
-1.82782783	0.186772297	0.225031904	0.237554957	0.418814036	0.195308758	0.229175469
-1.82082082	0.189915597	0.228237958	0.241010849	0.421531022	0.198170205	0.232378808
-1.81381381	0.193113241	0.231490432	0.244518559	0.424243010	0.201077706	0.235630289
-1.80680681	0.196366139	0.234789938	0.248078784	0.426949419	0.204032025	0.238930604
-1.79979980	0.199675208	0.238137087	0.251692228	0.429649657	0.207033936	0.242280457
-1.79279279	0.203041382	0.241532499	0.255359594	0.432343121	0.210084223	0.245680552
-1.78578579	0.206465600	0.244976792	0.259081590	0.435029201	0.213183682	0.249131602
-1.77877878	0.209948818	0.248470590	0.262858924	0.437707275	0.216333117	0.252634323
-1.77177177	0.213491999	0.252014519	0.266692306	0.440376713	0.219533345	0.256189435
-1.76476476	0.217096118	0.255609208	0.270582447	0.443036872	0.222785193	0.259797665
-1.75775776	0.220762162	0.259255287	0.274530058	0.445687104	0.226089496	0.263459740
-1.75075075	0.224491127	0.262953387	0.278535849	0.448326748	0.229447103	0.267176394
-1.74374374	0.228284018	0.266704143	0.282600532	0.450955135	0.232858870	0.270948363
-1.73673674	0.232141852	0.270508189	0.286724813	0.453571586	0.236325664	0.274776384
-1.72972973	0.236065656	0.274366158	0.290909398	0.456175415	0.239848363	0.278661199
-1.72272272	0.240056462	0.278278688	0.295154991	0.458765923	0.243427853	0.282603548
-1.71571572	0.244115316	0.282246411	0.299462290	0.461342406	0.247065029	0.286604176
-1.70870871	0.248243269	0.286269962	0.303831990	0.463904149	0.250760796	0.290663826
-1.70170170	0.252441381	0.290349973	0.308264779	0.466450430	0.254516069	0.294783241
-1.69469469	0.256710719	0.294487075	0.312761340	0.468980516	0.258331770	0.298963165
-1.68768769	0.261052355	0.298681894	0.317322348	0.471493669	0.262208828	0.303204337
-1.68068068	0.265467372	0.302935057	0.321948470	0.473989140	0.266148184	0.307507498
-1.67367367	0.269956853	0.307247183	0.326640361	0.476466175	0.270150782	0.311873382
-1.66666667	0.274521889	0.311618889	0.331398669	0.478924011	0.274217575	0.316302722
-1.65965966	0.279163574	0.316050786	0.336224028	0.481361876	0.278349523	0.320796244
-1.65265265	0.283883006	0.320543480	0.341117059	0.483778993	0.282547591	0.325354670
-1.64564565	0.288681285	0.325097570	0.346078370	0.486174579	0.286812750	0.329978714
-1.63863864	0.293559512	0.329713645	0.351108551	0.488547840	0.291145976	0.334669083
-1.63163163	0.298518788	0.334392288	0.356208176	0.490897982	0.295548248	0.339426474
-1.62462462	0.303560215	0.339134073	0.361377801	0.493224198	0.300020551	0.344251575
-1.61761762	0.308684892	0.343939561	0.366617960	0.495525681	0.304563870	0.349145061
-1.61061061	0.313893914	0.348809305	0.371929165	0.497801615	0.309179193	0.354107595
-1.60360360	0.319188374	0.353743843	0.377311906	0.500051180	0.313867510	0.359139827
-1.59659660	0.324569358	0.358743700	0.382766646	0.502273551	0.318629809	0.364242391
-1.58958959	0.330037944	0.363809386	0.388293821	0.504467899	0.323467079	0.369415901
-1.58258258	0.335595202	0.368941397	0.393893838	0.506633391	0.328380307	0.374660957
-1.57557558	0.341242192	0.374140208	0.399567070	0.508769188	0.333370474	0.379978135
-1.56856857	0.346979961	0.379406279	0.405313860	0.510874451	0.338438561	0.385367989
-1.56156156	0.352809543	0.384740049	0.411134513	0.512948334	0.343585540	0.390831052
-1.55455455	0.358731954	0.390141933	0.417029295	0.514989993	0.348812378	0.396367827
-1.54754755	0.364748194	0.395612327	0.422998433	0.516998578	0.354120032	0.401978791
-1.54054054	0.370859241	0.401151599	0.429042111	0.518973239	0.359509451	0.407664391
-1.53353353	0.377066051	0.406760093	0.435160464	0.520913124	0.364981569	0.413425041
-1.52652653	0.383369554	0.412438124	0.441353583	0.522817381	0.370537309	0.419261120
-1.51951952	0.389770654	0.418185978	0.447621505	0.524685156	0.376177579	0.425172970
-1.51251251	0.396270223	0.424003907	0.453964212	0.526515596	0.381903268	0.431160893
-1.50550551	0.402869099	0.429892132	0.460381631	0.528307848	0.387715247	0.437225150
-1.49849850	0.409568086	0.435850837	0.466873627	0.530061061	0.393614365	0.443365954
-1.49149149	0.416367945	0.441880169	0.473440002	0.531774384	0.399601447	0.449583473
-1.48448448	0.423269398	0.447980235	0.480080492	0.533446969	0.405677291	0.455877823
-1.47747748	0.430273117	0.454151097	0.486794760	0.535077970	0.411842667	0.462249063
-1.47047047	0.437379726	0.460392777	0.493582397	0.536666544	0.418098313	0.468697200
-1.46346346	0.444589794	0.466705247	0.500442917	0.538211851	0.424444934	0.475222175
-1.45645646	0.451903833	0.473088430	0.507375751	0.539713057	0.430883194	0.481823869
-1.44944945	0.459322291	0.479542196	0.514380247	0.541169330	0.437413721	0.488502093
-1.44244244	0.466845552	0.486066362	0.521455662	0.542579844	0.444037094	0.495256586
-1.43543544	0.474473925	0.492660685	0.528601161	0.543943781	0.450753849	0.502087013
-1.42842843	0.482207648	0.499324863	0.535815812	0.545260324	0.457564469	0.508992960
-1.42142142	0.490046874	0.506058530	0.543098580	0.546528669	0.464469381	0.515973928
-1.41441441	0.497991671	0.512861252	0.550448327	0.547748015	0.471468955	0.523029332
-1.40740741	0.506042016	0.519732528	0.557863803	0.548917570	0.478563497	0.530158494
-1.40040040	0.514197788	0.526671780	0.565343644	0.550036552	0.485753246	0.537360640
-1.39339339	0.522458765	0.533678356	0.572886366	0.551104186	0.493038370	0.544634894
-1.38638639	0.530824613	0.540751524	0.580490364	0.552119709	0.500418957	0.551980277
-1.37937938	0.539294885	0.547890467	0.588153902	0.553082366	0.507895017	0.559395696
-1.37237237	0.547869012	0.555094282	0.595875112	0.553991413	0.515466472	0.566879944
-1.36536537	0.556546295	0.562361974	0.603651988	0.554846121	0.523133152	0.574431695
-1.35835836	0.565325902	0.569692454	0.611482383	0.555645768	0.530894788	0.582049495
-1.35135135	0.574206856	0.577084533	0.619364001	0.556389648	0.538751009	0.589731759
-1.34434434	0.583188034	0.584536921	0.627294394	0.557077069	0.546701334	0.597476769
-1.33733734	0.592268153	0.592048218	0.635270959	0.557707349	0.554745168	0.605282660
-1.33033033	0.601445765	0.599616917	0.643290928	0.558279823	0.562881792	0.613147426
-1.32332332	0.610719251	0.607241393	0.651351371	0.558793843	0.571110360	0.621068902
-1.31631632	0.620086809	0.614919900	0.659449183	0.559248772	0.579429888	0.629044770
-1.30930931	0.629546450	0.622650572	0.667581086	0.559643992	0.587839253	0.637072545
-1.30230230	0.639095985	0.630431410	0.675743621	0.559978902	0.596337181	0.645149573
-1.29529530	0.648733022	0.638260285	0.683933144	0.560252918	0.604922240	0.653273025
-1.28828829	0.658454950	0.646134928	0.692145823	0.560465472	0.613592835	0.661439891
-1.28128128	0.668258938	0.654052929	0.700377631	0.560616018	0.622347197	0.669646975
-1.27427427	0.678141921	0.662011730	0.708624347	0.560704025	0.631183379	0.677890886
-1.26726727	0.688100591	0.670008623	0.716881547	0.560728985	0.640099242	0.686168040
-1.26026026	0.698131392	0.678040740	0.725144603	0.560690409	0.649092453	0.694474645
-1.25325325	0.708230506	0.686105056	0.733408681	0.560587827	0.658160473	0.702806703
-1.24624625	0.718393846	0.694198376	0.741668733	0.560420791	0.667300548	0.711160002
-1.23923924	0.728617047	0.702317337	0.749919501	0.560188877	0.676509704	0.719530112
-1.23223223	0.738895460	0.710458401	0.758155510	0.559891680	0.685784733	0.727912377
-1.22522523	0.749224135	0.718617848	0.766371066	0.559528818	0.695122187	0.736301914
-1.21821822	0.759597821	0.726791774	0.774560257	0.559099933	0.704518373	0.744693608
-1.21121121	0.770010952	0.734976086	0.782716950	0.558604690	0.713969335	0.753082106
-1.20420420	0.780457641	0.743166498	0.790834790	0.558042779	0.723470854	0.761461815
-1.19719720	0.790931669	0.751358526	0.798907200	0.557413913	0.733018434	0.769826900
-1.19019019	0.801426483	0.759547484	0.806927383	0.556717829	0.742607295	0.778171275
-1.18318318	0.811935182	0.767728479	0.814888321	0.555954292	0.752232364	0.786488608
-1.17617618	0.822450513	0.775896409	0.822782775	0.555123089	0.761888267	0.794772313
-1.16916917	0.832964866	0.784045958	0.830603292	0.554224036	0.771569321	0.803015552
-1.16216216	0.843470265	0.792171593	0.838342202	0.553256973	0.781269525	0.811211234
-1.15515516	0.853958364	0.800267561	0.845991626	0.552221767	0.790982554	0.819352012
-1.14814815	0.864420443	0.808327884	0.853543476	0.551118314	0.800701748	0.827430283
-1.14114114	0.874847405	0.816346361	0.860989465	0.549946533	0.810420111	0.835438193
-1.13413413	0.885229769	0.824316559	0.868321106	0.548706374	0.820130300	0.843367637
-1.12712713	0.895557671	0.832231819	0.875529727	0.547397813	0.829824619	0.851210258
-1.12012012	0.905820864	0.840085245	0.882606469	0.546020854	0.839495018	0.858957455
-1.11311311	0.916008713	0.847869713	0.889542302	0.544575529	0.849133083	0.866600385
-1.10610611	0.926110203	0.855577860	0.896328029	0.543061898	0.858730038	0.874129967
-1.09909910	0.936113934	0.863202092	0.902954300	0.541480051	0.868276735	0.881536892
-1.09209209	0.946008129	0.870734580	0.909411620	0.539830103	0.877763660	0.888811626
-1.08508509	0.955780640	0.878167262	0.915690361	0.538112202	0.887180923	0.895944419
-1.07807808	0.965418949	0.885491841	0.921780776	0.536326523	0.896518267	0.902925317
-1.07107107	0.974910181	0.892699793	0.927673013	0.534473267	0.905765063	0.909744168
-1.06406406	0.984241112	0.899782365	0.933357128	0.532552669	0.914910313	0.916390636
-1.05705706	0.993398178	0.906730579	0.938823103	0.530564988	0.923942655	0.922854215
-1.05005005	1.002367492	0.913535237	0.944060860	0.528510516	0.932850369	0.929124240
-1.04304304	1.011134855	0.920186922	0.949060281	0.526389572	0.941621381	0.935189903
-1.03603604	1.019685775	0.926676011	0.953811222	0.524202503	0.950243273	0.941040269
-1.02902903	1.028005484	0.932992672	0.958303539	0.521949687	0.958703290	0.946664295
-1.02202202	1.036078959	0.939126877	0.962527103	0.519631530	0.966988355	0.952050845
-1.01501502	1.043890944	0.945068408	0.966471820	0.517248465	0.975085080	0.957188715
-1.00800801	1.051425974	0.950806866	0.970127658	0.514800956	0.982979779	0.962066649
-1.00100100	1.058668405	0.956331680	0.973484664	0.512289495	0.990658490	0.966673366
-0.99399399	1.065602435	0.961632118	0.976532988	0.509714601	0.998106989	0.970997577
-0.98698699	1.072212143	0.966697298	0.979262911	0.507076822	1.005310811	0.975028018
-0.97997998	1.078481514	0.971516203	0.981664862	0.504376734	1.012255276	0.978753465
-0.97297297	1.084394478	0.976077691	0.983729446	0.501614940	1.018925511	0.982162771
-0.96596597	1.089934944	0.980370510	0.985447470	0.498792072	1.025306479	0.985244886
-0.95895896	1.095086841	0.984383318	0.986809965	0.495908788	1.031383002	0.987988886
-0.95195195	1.099834151	0.988104693	0.987808214	0.492965773	1.037139800	0.990384005
-0.94494494	1.104160960	0.991523155	0.988433775	0.489963739	1.042561519	0.992419662
-0.93793794	1.108051493	0.994627184	0.988678508	0.486903425	1.047632764	0.994085492
-0.93093093	1.111490161	0.997405240	0.988534597	0.483785594	1.052338142	0.995371374
-0.92392392	1.114461610	0.999845781	0.987994579	0.480611037	1.056662293	0.996267466
-0.91691692	1.116950762	1.001937289	0.987051366	0.477380570	1.060589934	0.996764232
-0.90990991	1.118942869	1.003668291	0.985698270	0.474095033	1.064105901	0.996852473
-0.90290290	1.120423555	1.005027382	0.983929025	0.470755290	1.067195190	0.996523360
-0.89589590	1.121378871	1.006003253	0.981737811	0.467362233	1.069843004	0.995768462
-0.88888889	1.121795343	1.006584713	0.979119276	0.463916772	1.072034794	0.994579777
-0.88188188	1.121660019	1.006760720	0.976068559	0.460419846	1.073756311	0.992949761
-0.87487487	1.120960524	1.006520405	0.972581304	0.456872413	1.074993649	0.990871355
-0.86786787	1.119685103	1.005853106	0.968653688	0.453275456	1.075733293	0.988338014
-0.86086086	1.117822676	1.004748393	0.964282433	0.449629978	1.075962170	0.985343734
-0.85385385	1.115362884	1.003196100	0.959464822	0.445937005	1.075667692	0.981883075
-0.84684685	1.112296135	1.001186361	0.954198721	0.442197583	1.074837809	0.977951184
-0.83983984	1.108613652	0.998709634	0.948482585	0.438412780	1.073461051	0.973543820
-0.83283283	1.104307519	0.995756744	0.942315479	0.434583683	1.071526576	0.968657373
-0.82582583	1.099370721	0.992318908	0.935697082	0.430711399	1.069024219	0.963288879
-0.81881882	1.093797187	0.988387777	0.928627702	0.426797053	1.065944529	0.957436043
-0.81181181	1.087581830	0.983955466	0.921108283	0.422841790	1.062278817	0.951097248
-0.80480480	1.080720585	0.979014593	0.913140409	0.418846772	1.058019191	0.944271568
-0.79779780	1.073210441	0.973558317	0.904726317	0.414813179	1.053158599	0.936958780
-0.79079079	1.065049478	0.967580371	0.895868892	0.410742207	1.047690862	0.929159371
-0.78378378	1.056236893	0.961075104	0.886571678	0.406635069	1.041610705	0.920874540
-0.77677678	1.046773032	0.954037519	0.876838875	0.402492993	1.034913790	0.912106208
-0.76976977	1.036659410	0.946463308	0.866675340	0.398317223	1.027596741	0.902857013
-0.76276276	1.025898738	0.938348899	0.856086587	0.394109018	1.019657169	0.893130310
-0.75575576	1.014494942	0.929691488	0.845078785	0.389869649	1.011093689	0.882930169
-0.74874875	1.002453178	0.920489086	0.833658757	0.385600402	1.001905940	0.872261370
-0.74174174	0.989779850	0.910740556	0.821833973	0.381302576	0.992094596	0.861129395
-0.73473473	0.976482621	0.900445656	0.809612551	0.376977481	0.981661377	0.849540418
-0.72772773	0.962570423	0.889605082	0.797003249	0.372626440	0.970609053	0.837501298
-0.72072072	0.948053470	0.878220510	0.784015461	0.368250786	0.958941451	0.825019568
-0.71371371	0.932943260	0.866294635	0.770659214	0.363851862	0.946663452	0.812103418
-0.70670671	0.917252583	0.853831223	0.756945165	0.359431022	0.933780989	0.798761690
-0.69969970	0.900995523	0.840835145	0.742884591	0.354989628	0.920301045	0.785003863
-0.69269269	0.884187467	0.827312428	0.728489392	0.350529053	0.906231640	0.770840039
-0.68568569	0.866845099	0.813270295	0.713772083	0.346050674	0.891581829	0.756280935
-0.67867868	0.848986410	0.798717215	0.698745797	0.341555879	0.876361689	0.741337874
-0.67167167	0.830630694	0.783662943	0.683424280	0.337046060	0.860582313	0.726022776
-0.66466466	0.811798556	0.768118565	0.667821891	0.332522616	0.844255799	0.710348154
-0.65765766	0.792511905	0.752096547	0.651953608	0.327986953	0.827395244	0.694327110
-0.65065065	0.772793966	0.735610777	0.635835023	0.323440480	0.810014740	0.677973342
-0.64364364	0.752669277	0.718676609	0.619482356	0.318884609	0.792129372	0.661301143
-0.63663664	0.732163692	0.701310907	0.602912452	0.314320759	0.773755222	0.644325420
-0.62962963	0.711304389	0.683532088	0.586142793	0.309750348	0.754909381	0.627061703
-0.62262262	0.690119869	0.665360163	0.569191506	0.305174800	0.735609958	0.609526176
-0.61561562	0.668639961	0.646816774	0.552077372	0.300595536	0.715876113	0.591735701
-0.60860861	0.646895827	0.627925234	0.534819836	0.296013983	0.695728087	0.573707856
-0.60160160	0.624919963	0.608710556	0.517439021	0.291431564	0.675187244	0.555460985
-0.59459459	0.602746196	0.589199485	0.499955741	0.286849704	0.654276134	0.537014245
-0.58758759	0.580409687	0.569420521	0.482391507	0.282269826	0.633018557	0.518387676
-0.58058058	0.557946919	0.549403939	0.464768548	0.277693350	0.611439650	0.499602263
-0.57357357	0.535395691	0.529181795	0.447109814	0.273121696	0.589565987	0.480680028
-0.56656657	0.512795093	0.508787935	0.429438986	0.268556280	0.567425694	0.461644107
-0.55955956	0.490185484	0.488257982	0.411780484	0.263998512	0.545048580	0.442518856
-0.55255255	0.467608452	0.467629318	0.394159468	0.259449799	0.522466290	0.423329952
-0.54554555	0.445106766	0.446941050	0.376601834	0.254911545	0.499712462	0.404104503
-0.53853854	0.422724306	0.426233964	0.359134204	0.250385143	0.476822914	0.384871165
-0.53153153	0.400505984	0.405550455	0.341783908	0.245871984	0.453835833	0.365660259
-0.52452452	0.378497638	0.384934441	0.324578961	0.241373448	0.430791978	0.346503884
-0.51751752	0.356745908	0.364431254	0.307548022	0.236890909	0.407734888	0.327436036
-0.51051051	0.335298077	0.344087508	0.290720345	0.232425731	0.384711094	0.308492701
-0.50350350	0.314201893	0.323950932	0.274125715	0.227979269	0.361770315	0.289711951
-0.49649650	0.293505352	0.304070181	0.257794363	0.223552867	0.338965651	0.271134007
-0.48948949	0.273256448	0.284494612	0.241756871	0.219147858	0.316353737	0.252801271
-0.48248248	0.253502891	0.265274022	0.226044051	0.214765563	0.293994860	0.234758334
-0.47547548	0.234291776	0.246458354	0.210686800	0.210407290	0.271953016	0.217051914
-0.46846847	0.215669227	0.228097357	0.195715936	0.206074334	0.250295890	0.199730750
-0.46146146	0.197679985	0.210240217	0.181162006	0.201767974	0.229094733	0.182845413
-0.45445445	0.180366971	0.192935133	0.167055069	0.197489477	0.208424107	0.166448029
-0.44744745	0.163770805	0.176228870	0.153424451	0.193240091	0.188361473	0.150591902
-0.44044044	0.147929296	0.160166257	0.140298472	0.189021048	0.168986596	0.135331013
-0.43343343	0.132876902	0.144789659	0.127704146	0.184833564	0.150380711	0.120719391
-0.42642643	0.118644171	0.130138416	0.115666862	0.180678835	0.132625444	0.106810328
-0.41941942	0.105257173	0.116248254	0.104210029	0.176558038	0.115801434	0.093655440
-0.41241241	0.092736936	0.103150676	0.093354719	0.172472329	0.099986643	0.081303565
-0.40540541	0.081098892	0.090872354	0.083119275	0.168422846	0.085254331	0.069799485
-0.39839840	0.070352366	0.079434518	0.073518933	0.164410703	0.071670692	0.059182497
-0.39139139	0.060500107	0.068852368	0.064565424	0.160436992	0.059292177	0.049484844
-0.38438438	0.051537901	0.059134529	0.056266599	0.156502781	0.048162552	0.040730046
-0.37737738	0.043454280	0.050282563	0.048626067	0.152609114	0.038309775	0.032931184
-0.37037037	0.036230347	0.042290562	0.041642872	0.148757010	0.029742862	0.026089215
-0.36336336	0.029839748	0.035144859	0.035311216	0.144947464	0.022448914	0.020191442
-0.35635636	0.024248814	0.028823867	0.029620245	0.141181440	0.016390632	0.015210249
-0.34934935	0.019416889	0.023298092	0.024553923	0.137459878	0.011504648	0.011102296
-0.34234234	0.015296858	0.018530332	0.020091002	0.133783689	0.007701139	0.007808355
-0.33533534	0.011835893	0.014476100	0.016205109	0.130153753	0.004865196	0.005254012
-0.32832833	0.008976408	0.011084282	0.012864969	0.126570923	0.002860446	0.003351429
-0.32132132	0.006657225	0.008298053	0.010034777	0.123036017	0.001535303	0.002002356
-0.31431431	0.004814912	0.006056039	0.007674721	0.119549825	0.000731940	0.001102456
-0.30730731	0.003385268	0.004293731	0.005741677	0.116113104	0.000297569	0.000546853
-0.30030030	0.002304896	0.002945099	0.004190050	0.112726576	0.000096778	0.000236543
-0.29329329	0.001512791	0.001944377	0.002972765	0.109390931	0.000022604	0.000084939
-0.28628629	0.000951861	0.001227917	0.002042375	0.106106823	0.000003099	0.000023399
-0.27927928	0.000570288	0.000736026	0.001352245	0.102874873	0.000000160	0.000004312
-0.27227227	0.000322620	0.000414657	0.000857762	0.099695663	0.000000001	0.000000407
-0.26526527	0.000170519	0.000216804	0.000517496	0.096569741	0.000000000	0.000000010
-0.25825826	0.000083073	0.000103469	0.000294239	0.093497617	0.000000000	0.000000000
-0.25125125	0.000036649	0.000044077	0.000155836	0.090479762	0.000000000	0.000000000
-0.24424424	0.000014299	0.000016248	0.000075715	0.087516610	0.000000000	0.000000000
-0.23723724	0.000004777	0.000004956	0.000033069	0.084608557	0.000000000	0.000000000
-0.23023023	0.000001304	0.000001170	0.000012626	0.081755956	0.000000000	0.000000000
-0.22322322	0.000000272	0.000000192	0.000004051	0.078959125	0.000000000	0.000000000
-0.21621622	0.000000039	0.000000018	0.000001030	0.076218338	0.000000000	0.000000000
-0.20920921	0.000000003	0.000000001	0.000000190	0.073533830	0.000000000	0.000000000
-0.20220220	0.000000000	0.000000000	0.000000022	0.070905796	0.000000000	0.000000000
-0.19519520	0.000000000	0.000000000	0.000000001	0.068334388	0.000000000	0.000000000
-0.18818819	0.000000000	0.000000000	0.000000000	0.065819718	0.000000000	0.000000000
-0.18118118	0.000000000	0.000000000	0.000000000	0.063361855	0.000000000	0.000000000
-0.17417417	0.000000000	0.000000000	0.000000000	0.060960829	0.000000000	0.000000000
-0.16716717	0.000000000	0.000000000	0.000000000	0.058616626	0.000000000	0.000000000
-0.16016016	0.000000000	0.000000000	0.000000000	0.056329190	0.000000000	0.000000000
-0.15315315	0.000000000	0.000000000	0.000000000	0.054098426	0.000000000	0.000000000
-0.14614615	0.000000000	0.000000000	0.000000000	0.051924194	0.000000000	0.000000000
-0.13913914	0.000000000	0.000000000	0.000000000	0.049806315	0.000000000	0.000000000
-0.13213213	0.000000000	0.000000000	0.000000000	0.047744569	0.000000000	0.000000000
-0.12512513	0.000000000	0.000000000	0.000000000	0.045738694	0.000000000	0.000000000
-0.11811812	0.000000000	0.000000000	0.000000000	0.043788388	0.000000000	0.000000000
-0.11111111	0.000000000	0.000000000	0.000000000	0.041893308	0.000000000	0.000000000
-0.10410410	0.000000000	0.000000000	0.000000000	0.040053074	0.000000000	0.000000000
-0.09709710	0.000000000	0.000000000	0.000000000	0.038267265	0.000000000	0.000000000
-0.09009009	0.000000000	0.000000000	0.000000000	0.036535421	0.000000000	0.000000000
-0.08308308	0.000000000	0.000000000	0.000000000	0.034857047	0.000000000	0.000000000
-0.07607608	0.000000000	0.000000000	0.000000000	0.033231609	0.000000000	0.000000000
-0.06906907	0.000000000	0.000000000	0.000000000	0.031658537	0.000000000	0.000000000
-0.06206206	0.000000000	0.000000000	0.000000000	0.030137227	0.000000000	0.000000000
-0.05505506	0.000000000	0.000000000	0.000000000	0.028667040	0.000000000	0.000000000
-0.04804805	0.000000000	0.000000000	0.000000000	0.027247305	0.000000000	0.000000000
-0.04104104	0.000000000	0.000000000	0.000000000	0.025877317	0.000000000	0.000000000
-0.03403403	0.000000000	0.000000000	0.000000000	0.024556342	0.000000000	0.000000000
-0.02702703	0.000000000	0.000000000	0.000000000	0.023283614	0.000000000	0.000000000
-0.02002002	0.000000000	0.000000000	0.000000000	0.022058341	0.000000000	0.000000000
-0.01301301	0.000000000	0.000000000	0.000000000	0.020879702	0.000000000	0.000000000
-0.00600601	0.000000000	0.000000000	0.000000000	0.019746852	0.000000000	0.000000000
0.00100100	0.000000000	0.000000000	0.000000000	0.018658919	0.000000000	0.000000000
0.00800801	0.000000000	0.000000000	0.000000000	0.017615012	0.000000000	0.000000000
0.01501502	0.000000000	0.000000000	0.000000000	0.016614215	0.000000000	0.000000000
0.02202202	0.000000000	0.000000000	0.000000000	0.015655594	0.000000000	0.000000000
0.02902903	0.000000000	0.000000000	0.000000000	0.014738197	0.000000000	0.000000000
0.03603604	0.000000000	0.000000000	0.000000000	0.013861053	0.000000000	0.000000000
0.04304304	0.000000000	0.000000000	0.000000000	0.013023180	0.000000000	0.000000000
0.05005005	0.000000000	0.000000000	0.000000000	0.012223580	0.000000000	0.000000000
0.05705706	0.000000000	0.000000000	0.000000000	0.011461244	0.000000000	0.000000000
0.06406406	0.000000000	0.000000000	0.000000000	0.010735152	0.000000000	0.000000000
0.07107107	0.000000000	0.000000000	0.000000000	0.010044279	0.000000000	0.000000000
0.07807808	0.000000000	0.000000000	0.000000000	0.009387591	0.000000000	0.000000000
0.08508509	0.000000000	0.000000000	0.000000000	0.008764050	0.000000000	0.000000000
0.09209209	0.000000000	0.000000000	0.000000000	0.008172616	0.000000000	0.000000000
0.09909910	0.000000000	0.000000000	0.000000000	0.007612245	0.000000000	0.000000000
0.10610611	0.000000000	0.000000000	0.000000000	0.007081897	0.000000000	0.000000000
0.11311311	0.000000000	0.000000000	0.000000000	0.006580532	0.000000000	0.000000000
0.12012012	0.000000000	0.000000000	0.000000000	0.006107115	0.000000000	0.000000000
0.12712713	0.000000000	0.000000000	0.000000000	0.005660616	0.000000000	0.000000000
0.13413413	0.000000000	0.000000000	0.000000000	0.005240012	0.000000000	0.000000000
0.14114114	0.000000000	0.000000000	0.000000000	0.004844288	0.000000000	0.000000000
0.14814815	0.000000000	0.000000000	0.000000000	0.004472442	0.000000000	0.000000000
0.15515516	0.000000000	0.000000000	0.000000000	0.004123480	0.000000000	0.000000000
0.16216216	0.000000000	0.000000000	0.000000000	0.003796424	0.000000000	0.000000000
0.16916917	0.000000000	0.000000000	0.000000000	0.003490310	0.000000000	0.000000000
0.17617618	0.000000000	0.000000000	0.000000000	0.003204187	0.000000000	0.000000000
0.18318318	0.000000000	0.000000000	0.000000000	0.002937125	0.000000000	0.000000000
0.19019019	0.000000000	0.000000000	0.000000000	0.002688210	0.000000000	0.000000000
0.19719720	0.000000000	0.000000000	0.000000000	0.002456548	0.000000000	0.000000000
0.20420420	0.000000000	0.000000000	0.000000000	0.002241265	0.000000000	0.000000000
0.21121121	0.000000000	0.000000000	0.000000000	0.002041508	0.000000000	0.000000000
0.21821822	0.000000000	0.000000000	0.000000000	0.001856449	0.000000000	0.000000000
0.22522523	0.000000000	0.000000000	0.000000000	0.001685278	0.000000000	0.000000000
0.23223223	0.000000000	0.000000000	0.000000000	0.001527214	0.000000000	0.000000000
0.23923924	0.000000000	0.000000000	0.000000000	0.001381496	0.000000000	0.000000000
0.24624625	0.000000000	0.000000000	0.000000000	0.001247390	0.000000000	0.000000000
0.25325325	0.000000000	0.000000000	0.000000000	0.001124189	0.000000000	0.000000000
0.26026026	0.000000000	0.000000000	0.000000000	0.001011207	0.000000000	0.000000000
0.26726727	0.000000000	0.000000000	0.000000000	0.000907789	0.000000000	0.000000000
0.27427427	0.000000000	0.000000000	0.000000000	0.000813303	0.000000000	0.000000000
0.28128128	0.000000000	0.000000000	0.000000000	0.000727145	0.000000000	0.000000000
0.28828829	0.000000000	0.000000000	0.000000000	0.000648735	0.000000000	0.000000000
0.29529530	0.000000000	0.000000000	0.000000000	0.000577523	0.000000000	0.000000000
0.30230230	0.000000000	0.000000000	0.000000000	0.000512982	0.000000000	0.000000000
0.30930931	0.000000000	0.000000000	0.000000000	0.000454611	0.000000000	0.000000000
0.31631632	0.000000000	0.000000000	0.000000000	0.000401938	0.000000000	0.000000000
0.32332332	0.000000000	0.000000000	0.000000000	0.000354511	0.000000000	0.000000000
0.33033033	0.000000000	0.000000000	0.000000000	0.000311908	0.000000000	0.000000000
0.33733734	0.000000000	0.000000000	0.000000000	0.000273728	0.000000000	0.000000000
0.34434434	0.000000000	0.000000000	0.000000000	0.000239596	0.000000000	0.000000000
0.35135135	0.000000000	0.000000000	0.000000000	0.000209158	0.000000000	0.000000000
0.35835836	0.000000000	0.000000000	0.000000000	0.000182085	0.000000000	0.000000000
0.36536537	0.000000000	0.000000000	0.000000000	0.000158067	0.000000000	0.000000000
0.37237237	0.000000000	0.000000000	0.000000000	0.000136819	0.000000000	0.000000000
0.37937938	0.000000000	0.000000000	0.000000000	0.000118073	0.000000000	0.000000000
0.38638639	0.000000000	0.000000000	0.000000000	0.000101581	0.000000000	0.000000000
0.39339339	0.000000000	0.000000000	0.000000000	0.000087116	0.000000000	0.000000000
0.40040040	0.000000000	0.000000000	0.000000000	0.000074468	0.000000000	0.000000000
0.40740741	0.000000000	0.000000000	0.000000000	0.000063442	0.000000000	0.000000000
0.41441441	0.000000000	0.000000000	0.000000000	0.000053862	0.000000000	0.000000000
0.42142142	0.000000000	0.000000000	0.000000000	0.000045565	0.000000000	0.000000000
0.42842843	0.000000000	0.000000000	0.000000000	0.000038405	0.000000000	0.000000000
0.43543544	0.000000000	0.000000000	0.000000000	0.000032247	0.000000000	0.000000000
0.44244244	0.000000000	0.000000000	0.000000000	0.000026971	0.000000000	0.000000000
0.44944945	0.000000000	0.000000000	0.000000000	0.000022467	0.000000000	0.000000000
0.45645646	0.000000000	0.000000000	0.000000000	0.000018637	0.000000000	0.000000000
0.46346346	0.000000000	0.000000000	0.000000000	0.000015394	0.000000000	0.000000000
0.47047047	0.000000000	0.000000000	0.000000000	0.000012658	0.000000000	0.000000000
0.47747748	0.000000000	0.000000000	0.000000000	0.000010361	0.000000000	0.000000000
0.48448448	0.000000000	0.000000000	0.000000000	0.000008441	0.000000000	0.000000000
0.49149149	0.000000000	0.000000000	0.000000000	0.000006842	0.000000000	0.000000000
0.49849850	0.000000000	0.000000000	0.000000000	0.000005518	0.000000000	0.000000000
0.50550551	0.000000000	0.000000000	0.000000000	0.000004427	0.000000000	0.000000000
0.51251251	0.000000000	0.000000000	0.000000000	0.000003532	0.000000000	0.000000000
0.51951952	0.000000000	0.000000000	0.000000000	0.000002803	0.000000000	0.000000000
0.52652653	0.000000000	0.000000000	0.000000000	0.000002210	0.000000000	0.000000000
0.53353353	0.000000000	0.000000000	0.000000000	0.000001733	0.000000000	0.000000000
0.54054054	0.000000000	0.000000000	0.000000000	0.000001350	0.000000000	0.000000000
0.54754755	0.000000000	0.000000000	0.000000000	0.000001045	0.000000000	0.000000000
0.55455455	0.000000000	0.000000000	0.000000000	0.000000803	0.000000000	0.000000000
0.56156156	0.000000000	0.000000000	0.000000000	0.000000613	0.000000000	0.000000000
0.56856857	0.000000000	0.000000000	0.000000000	0.000000464	0.000000000	0.000000000
0.57557558	0.000000000	0.000000000	0.000000000	0.000000349	0.000000000	0.000000000
0.58258258	0.000000000	0.000000000	0.000000000	0.000000260	0.000000000	0.000000000
0.58958959	0.000000000	0.000000000	0.000000000	0.000000192	0.000000000	0.000000000
0.59659660	0.000000000	0.000000000	0.000000000	0.000000141	0.000000000	0.000000000
0.60360360	0.000000000	0.000000000	0.000000000	0.000000102	0.000000000	0.000000000
0.61061061	0.000000000	0.000000000	0.000000000	0.000000074	0.000000000	0.000000000
0.61761762	0.000000000	0.000000000	0.000000000	0.000000052	0.000000000	0.000000000
0.62462462	0.000000000	0.000000000	0.000000000	0.000000037	0.000000000	0.000000000
0.63163163	0.000000000	0.000000000	0.000000000	0.000000026	0.000000000	0.000000000
0.63863864	0.000000000	0.000000000	0.000000000	0.000000018	0.000000000	0.000000000
0.64564565	0.000000000	0.000000000	0.000000000	0.000000012	0.000000000	0.000000000
0.65265265	0.000000000	0.000000000	0.000000000	0.000000008	0.000000000	0.000000000
0.65965966	0.000000000	0.000000000	0.000000000	0.000000005	0.000000000	0.000000000
0.66666667	0.000000000	0.000000000	0.000000000	0.000000004	0.000000000	0.000000000
0.67367367	0.000000000	0.000000000	0.000000000	0.000000002	0.000000000	0.000000000
0.68068068	0.000000000	0.000000000	0.000000000	0.000000001	0.000000000	0.000000000
0.68768769	0.000000000	0.000000000	0.000000000	0.000000001	0.000000000	0.000000000
0.69469469	0.000000000	0.000000000	0.000000000	0.000000001	0.000000000	0.000000000
0.70170170	0.000000000	0.000000000	0.000000000	0.000000000	0.000000000	0.000000000
0.70870871	0.000000000	0.000000000	0.000000000	0.000000000	0.000000000	0.000000000
0.71571572	0.000000000	0.000000000	0.000000000	0.000000000	0.000000000	0.000000000
0.72272272	0.000000000	0.000000000	0.000000000	0.000000000	0.000000000	0.000000000
0.72972973	0.000000000	0.000000000	0.000000000	0.000000000	0.000000000	0.000000000
0.73673674	0.000000000	0.000000000	0.000000000	0.000000000	0.000000000	0.000000000
0.74374374	0.000000000	0.000000000	0.000000000	0.000000000	0.000000000	0.000000000
0.75075075	0.000000000	0.000000000	0.000000000	0.000000000	0.000000000	0.000000000
0.75775776	0.000000000	0.000000000	0.000000000	0.000000000	0.000000000	0.000000000
0.76476476	0.000000000	0.000000000	0.000000000	0.000000000	0.000000000	0.000000000
0.77177177	0.000000000	0.000000000	0.000000000	0.000000000	0.000000000	0.000000000
0.77877878	0.000000000	0.000000000	0.000000000	0.000000000	0.000000000	0.000000000
0.78578579	0.000000000	0.000000000	0.000000000	0.000000000	0.000000000	0.000000000
0.79279279	0.000000000	0.000000000	0.000000000	0.000000000	0.000000000	0.000000000
0.79979980	0.000000000	0.000000000	0.000000000	0.000000000	0.000000000	0.000000000
0.80680681	0.000000000	0.000000000	0.000000000	0.000000000	0.000000000	0.000000000
0.81381381	0.000000000	0.000000000	0.000000000	0.000000000	0.000000000	0.000000000
0.82082082	0.000000000	0.000000000	0.000000000	0.000000000	0.000000000	0.000000000
0.82782783	0.000000000	0.000000000	0.000000000	0.000000000	0.000000000	0.000000000
0.83483483	0.000000000	0.000000000	0.000000000	0.000000000	0.000000000	0.000000000
0.84184184	0.000000000	0.000000000	0.000000000	0.000000000	0.000000000	0.000000000
0.84884885	0.000000000	0.000000000	0.000000000	0.000000000	0.000000000	0.000000000
0.85585586	0.000000000	0.000000000	0.000000000	0.000000000	0.000000000	0.000000000
0.86286286	0.000000000	0.000000000	0.000000000	0.000000000	0.000000000	0.000000000
0.86986987	0.000000000	0.000000000	0.000000000	0.000000000	0.000000000	0.000000000
0.87687688	0.000000000	0.000000000	0.000000000	0.000000000	0.000000000	0.000000000
0.88388388	0.000000000	0.000000000	0.000000000	0.000000000	0.000000000	0.000000000
0.89089089	0.000000000	0.000000000	0.000000000	0.000000000	0.000000000	0.000000000
0.89789790	0.000000000	0.000000000	0.000000000	0.000000000	0.000000000	0.000000000
0.90490490	0.000000000	0.000000000	0.000000000	0.000000000	0.000000000	0.000000000
0.91191191	0.000000000	0.000000000	0.000000000	0.000000000	0.000000000	0.000000000
0.91891892	0.000000000	0.000000000	0.000000000	0.000000000	0.000000000	0.000000000
0.92592593	0.000000000	0.000000000	0.000000000	0.000000000	0.000000000	0.000000000
0.93293293	0.000000000	0.000000000	0.000000000	0.000000000	0.000000000	0.000000000
0.93993994	0.000000000	0.000000000	0.000000000	0.000000000	0.000000000	0.000000000
0.94694695	0.000000000	0.000000000	0.000000000	0.000000000	0.000000000	0.000000000
0.95395395	0.000000000	0.000000000	0.000000000	0.000000000	0.000000000	0.000000000
0.96096096	0.000000000	0.000000000	0.000000000	0.000000000	0.000000000	0.000000000
0.96796797	0.000000000	0.000000000	0.000000000	0.000000000	0.000000000	0.000000000
0.97497497	0.000000000	0.000000000	0.000000000	0.000000000	0.000000000	0.000000000
0.98198198	0.000000000	0.000000000	0.000000000	0.000000000	0.000000000	0.000000000
0.98898899	0.000000000	0.000000000	0.000000000	0.000000000	0.000000000	0.000000000
0.99599600	0.000000000	0.000000000	0.000000000	0.000000000	0.000000000	0.000000000
1.00300300	0.000000000	0.000000000	0.000000000	0.000000000	0.000000000	0.000000000
1.01001001	0.000000000	0.000000000	0.000000000	0.000000000	0.000000000	0.000000000
1.01701702	0.000000000	0.000000000	0.000000000	0.000000000	0.000000000	0.000000000
1.02402402	0.000000000	0.000000000	0.000000000	0.000000000	0.000000000	0.000000000
1.03103103	0.000000000	0.000000000	0.000000000	0.000000000	0.000000000	0.000000000
1.03803804	0.000000000	0.000000000	0.000000000	0.000000000	0.000000000	0.000000000
1.04504505	0.000000000	0.000000000	0.000000000	0.000000000	0.000000000	0.000000000
1.05205205	0.000000000	0.000000000	0.000000000	0.000000000	0.000000000	0.000000000
1.05905906	0.000000000	0.000000000	0.000000000	0.000000000	0.000000000	0.000000000
1.06606607	0.000000000	0.000000000	0.000000000	0.000000000	0.000000000	0.000000000
1.07307307	0.000000000	0.000000000	0.000000000	0.000000000	0.000000000	0.000000000
1.08008008	0.000000000	0.000000000	0.000000000	0.000000000	0.000000000	0.000000000
1.08708709	0.000000000	0.000000000	0.000000000	0.000000000	0.000000000	0.000000000
1.09409409	0.000000000	0.000000000	0.000000000	0.000000000	0.000000000	0.000000000
1.10110110	0.000000000	0.000000000	0.000000000	0.000000000	0.000000000	0.000000000
1.10810811	0.000000000	0.000000000	0.000000000	0.000000000	0.000000000	0.000000000
1.11511512	0.000000000	0.000000000	0.000000000	0.000000000	0.000000000	0.000000000
1.12212212	0.000000000	0.000000000	0.000000000	0.000000000	0.000000000	0.000000000
1.12912913	0.000000000	0.000000000	0.000000000	0.000000000	0.000000000	0.000000000
1.13613614	0.000000000	0.000000000	0.000000000	0.000000000	0.000000000	0.000000000
1.14314314	0.000000000	0.000000000	0.000000000	0.000000000	0.000000000	0.000000000
1.15015015	0.000000000	0.000000000	0.000000000	0.000000000	0.000000000	0.000000000
1.15715716	0.000000000	0.000000000	0.000000000	0.000000000	0.000000000	0.000000000
1.16416416	0.000000000	0.000000000	0.000000000	0.000000000	0.000000000	0.000000000
1.17117117	0.000000000	0.000000000	0.000000000	0.000000000	0.000000000	0.000000000
1.17817818	0.000000000	0.000000000	0.000000000	0.000000000	0.000000000	0.000000000
1.18518519	0.000000000	0.000000000	0.000000000	0.000000000	0.000000000	0.000000000
1.19219219	0.000000000	0.000000000	0.000000000	0.000000000	0.000000000	0.000000000
1.19919920	0.000000000	0.000000000	0.000000000	0.000000000	0.000000000	0.000000000
1.20620621	0.000000000	0.000000000	0.000000000	0.000000000	0.000000000	0.000000000
1.21321321	0.000000000	0.000000000	0.000000000	0.000000000	0.000000000	0.000000000
1.22022022	0.000000000	0.000000000	0.000000000	0.000000000	0.000000000	0.000000000
1.22722723	0.000000000	0.000000000	0.000000000	0.000000000	0.000000000	0.000000000
1.23423423	0.000000000	0.000000000	0.000000000	0.000000000	0.000000000	0.000000000
1.24124124	0.000000000	0.000000000	0.000000000	0.000000000	0.000000000	0.000000000
1.24824825	0.000000000	0.000000000	0.000000000	0.000000000	0.000000000	0.000000000
1.25525526	0.000000000	0.000000000	0.000000000	0.000000000	0.000000000	0.000000000
1.26226226	0.000000000	0.000000000	0.000000000	0.000000000	0.000000000	0.000000000
1.26926927	0.000000000	0.000000000	0.000000000	0.000000000	0.000000000	0.000000000
1.27627628	0.000000000	0.000000000	0.000000000	0.000000000	0.000000000	0.000000000
1.28328328	0.000000000	0.000000000	0.000000000	0.000000000	0.000000000	0.000000000
1.29029029	0.000000000	0.000000000	0.000000000	0.000000000	0.000000000	0.000000000
1.29729730	0.000000000	0.000000000	0.000000000	0.000000000	0.000000000	0.000000000
1.30430430	0.000000000	0.000000000	0.000000000	0.000000000	0.000000000	0.000000000
1.31131131	0.000000000	0.000000000	0.000000000	0.000000000	0.000000000	0.000000000
1.31831832	0.000000000	0.000000000	0.000000000	0.000000000	0.000000000	0.000000000
1.32532533	0.000000000	0.000000000	0.000000000	0.000000000	0.000000000	0.000000000
1.33233233	0.000000000	0.000000000	0.000000000	0.000000000	0.000000000	0.000000000
1.33933934	0.000000000	0.000000000	0.000000000	0.000000000	0.000000000	0.000000000
1.34634635	0.000000000	0.000000000	0.000000000	0.000000000	0.000000000	0.000000000
1.35335335	0.000000000	0.000000000	0.000000000	0.000000000	0.000000000	0.000000000
1.36036036	0.000000000	0.000000000	0.000000000	0.000000000	0.000000000	0.000000000
1.36736737	0.000000000	0.000000000	0.000000000	0.000000000	0.000000000	0.000000000
1.37437437	0.000000000	0.000000000	0.000000000	0.000000000	0.000000000	0.000000000
1.38138138	0.000000000	0.000000000	0.000000000	0.000000000	0.000000000	0.000000000
1.38838839	0.000000000	0.000000000	0.000000000	0.000000000	0.000000000	0.000000000
1.39539540	0.000000000	0.000000000	0.000000000	0.000000000	0.000000000	0.000000000
1.40240240	0.000000000	0.000000000	0.000000000	0.000000000	0.000000000	0.000000000
1.40940941	0.000000000	0.000000000	0.000000000	0.000000000	0.000000000	0.000000000
1.41641642	0.000000000	0.000000000	0.000000000	0.000000000	0.000000000	0.000000000
1.42342342	0.000000000	0.000000000	0.000000000	0.000000000	0.000000000	0.000000000
1.43043043	0.000000000	0.000000000	0.000000000	0.000000000	0.000000000	0.000000000
1.43743744	0.000000000	0.000000000	0.000000000	0.000000000	0.000000000	0.000000000
1.44444444	0.000000000	0.000000000	0.000000000	0.000000000	0.000000000	0.000000000
1.45145145	0.000000000	0.000000000	0.000000000	0.000000000	0.000000000	0.000000000
1.45845846	0.000000000	0.000000000	0.000000000	0.000000000	0.000000000	0.000000000
1.46546547	0.000000000	0.000000000	0.000000000	0.000000000	0.000000000	0.000000000
1.47247247	0.000000000	0.000000000	0.000000000	0.000000000	0.000000000	0.000000000
1.47947948	0.000000000	0.000000000	0.000000000	0.000000000	0.000000000	0.000000000
1.48648649	0.000000000	0.000000000	0.000000000	0.000000000	0.000000000	0.000000000
1.49349349	0.000000000	0.000000000	0.000000000	0.000000000	0.000000000	0.000000000
1.50050050	0.000000000	0.000000000	0.000000000	0.000000000	0.000000000	0.000000000
1.50750751	0.000000000	0.000000000	0.000000000	0.000000000	0.000000000	0.000000000
1.51451451	0.000000000	0.000000000	0.000000000	0.000000000	0.000000000	0.000000000
1.52152152	0.000000000	0.000000000	0.000000000	0.000000000	0.000000000	0.000000000
1.52852853	0.000000000	0.000000000	0.000000000	0.000000000	0.000000000	0.000000000
1.53553554	0.000000000	0.000000000	0.000000000	0.000000000	0.000000000	0.000000000
1.54254254	0.000000000	0.000000000	0.000000000	0.000000000	0.000000000	0.000000000
1.54954955	0.000000000	0.000000000	0.000000000	0.000000000	0.000000000	0.000000000
1.55655656	0.000000000	0.000000000	0.000000000	0.000000000	0.000000000	0.000000000
1.56356356	0.000000000	0.000000000	0.000000000	0.000000000	0.000000000	0.000000000
1.57057057	0.000000000	0.000000000	0.000000000	0.000000000	0.000000000	0.000000000
1.57757758	0.000000000	0.000000000	0.000000000	0.000000000	0.000000000	0.000000000
1.58458458	0.000000000	0.000000000	0.000000000	0.000000000	0.000000000	0.000000000
1.59159159	0.000000000	0.000000000	0.000000000	0.000000000	0.000000000	0.000000000
1.59859860	0.000000000	0.000000000	0.000000000	0.000000000	0.000000000	0.000000000
1.60560561	0.000000000	0.000000000	0.000000000	0.000000000	0.000000000	0.000000000
1.61261261	0.000000000	0.000000000	0.000000000	0.000000000	0.000000000	0.000000000
1.61961962	0.000000000	0.000000000	0.000000000	0.000000000	0.000000000	0.000000000
1.62662663	0.000000000	0.000000000	0.000000000	0.000000000	0.000000000	0.000000000
1.63363363	0.000000000	0.000000000	0.000000000	0.000000000	0.000000000	0.000000000
1.64064064	0.000000000	0.000000000	0.000000000	0.000000000	0.000000000	0.000000000
1.64764765	0.000000000	0.000000000	0.000000000	0.000000000	0.000000000	0.000000000
1.65465465	0.000000000	0.000000000	0.000000000	0.000000000	0.000000000	0.000000000
1.66166166	0.000000000	0.000000000	0.000000000	0.000000000	0.000000000	0.000000000
1.66866867	0.000000000	0.000000000	0.000000000	0.000000000	0.000000000	0.000000000
1.67567568	0.000000000	0.000000000	0.000000000	0.000000000	0.000000000	0.000000000
1.68268268	0.000000000	0.000000000	0.000000000	0.000000000	0.000000000	0.000000000
1.68968969	0.000000000	0.000000000	0.000000000	0.000000000	0.000000000	0.000000000
1.69669670	0.000000000	0.000000000	0.000000000	0.000000000	0.000000000	0.000000000
1.70370370	0.000000000	0.000000000	0.000000000	0.000000000	0.000000000	0.000000000
1.71071071	0.000000000	0.000000000	0.000000000	0.000000000	0.000000000	0.000000000
1.71771772	0.000000000	0.000000000	0.000000000	0.000000000	0.000000000	0.000000000
1.72472472	0.000000000	0.000000000	0.000000000	0.000000000	0.000000000	0.000000000
1.73173173	0.000000000	0.000000000	0.000000000	0.000000000	0.000000000	0.000000000
1.73873874	0.000000000	0.000000000	0.000000000	0.000000000	0.000000000	0.000000000
1.74574575	0.000000000	0.000000000	0.000000000	0.000000000	0.000000000	0.000000000
1.75275275	0.000000000	0.000000000	0.000000000	0.000000000	0.000000000	0.000000000
1.75975976	0.000000000	0.000000000	0.000000000	0.000000000	0.000000000	0.000000000
1.76676677	0.000000000	0.000000000	0.000000000	0.000000000	0.000000000	0.000000000
1.77377377	0.000000000	0.000000000	0.000000000	0.000000000	0.000000000	0.000000000
1.78078078	0.000000000	0.000000000	0.000000000	0.000000000	0.000000000	0.000000000
1.78778779	0.000000000	0.000000000	0.000000000	0.000000000	0.000000000	0.000000000
1.79479479	0.000000000	0.000000000	0.000000000	0.000000000	0.000000000	0.000000000
1.80180180	0.000000000	0.000000000	0.000000000	0.000000000	0.000000000	0.000000000
1.80880881	0.000000000	0.000000000	0.000000000	0.000000000	0.000000000	0.000000000
1.81581582	0.000000000	0.000000000	0.000000000	0.000000000	0.000000000	0.000000000
1.82282282	0.000000000	0.000000000	0.000000000	0.000000000	0.000000000	0.000000000
1.82982983	0.000000000	0.000000000	0.000000000	0.000000000	0.000000000	0.000000000
1.83683684	0.000000000	0.000000000	0.000000000	0.000000000	0.000000000	0.000000000
1.84384384	0.000000000	0.000000000	0.000000000	0.000000000	0.000000000	0.000000000
1.85085085	0.000000000	0.000000000	0.000000000	0.000000000	0.000000000	0.000000000
1.85785786	0.000000000	0.000000000	0.000000000	0.000000000	0.000000000	0.000000000
1.86486486	0.000000000	0.000000000	0.000000000	0.000000000	0.000000000	0.000000000
1.87187187	0.000000000	0.000000000	0.000000000	0.000000000	0.000000000	0.000000000
1.87887888	0.000000000	0.000000000	0.000000000	0.000000000	0.000000000	0.000000000
1.88588589	0.000000000	0.000000000	0.000000000	0.000000000	0.000000000	0.000000000
1.89289289	0.000000000	0.000000000	0.000000000	0.000000000	0.000000000	0.000000000
1.89989990	0.000000000	0.000000000	0.000000000	0.000000000	0.000000000	0.000000000
1.90690691	0.000000000	0.000000000	0.000000000	0.000000000	0.000000000	0.000000000
1.91391391	0.000000000	0.000000000	0.000000000	0.000000000	0.000000000	0.000000000
1.92092092	0.000000000	0.000000000	0.000000000	0.000000000	0.000000000	0.000000000
1.92792793	0.000000000	0.000000000	0.000000000	0.000000000	0.000000000	0.000000000
1.93493493	0.000000000	0.000000000	0.000000000	0.000000000	0.000000000	0.000000000
1.94194194	0.000000000	0.000000000	0.000000000	0.000000000	0.000000000	0.000000000
1.94894895	0.000000000	0.000000000	0.000000000	0.000000000	0.000000000	0.000000000
1.95595596	0.000000000	0.000000000	0.000000000	0.000000000	0.000000000	0.000000000
1.96296296	0.000000000	0.000000000	0.000000000	0.000000000	0.000000000	0.000000000
1.96996997	0.000000000	0.000000000	0.000000000	0.000000000	0.000000000	0.000000000
1.97697698	0.000000000	0.000000000	0.000000000	0.000000000	0.000000000	0.000000000
1.98398398	0.000000000	0.000000000	0.000000000	0.000000000	0.000000000	0.000000000
1.99099099	0.000000000	0.000000000	0.000000000	0.000000000	0.000000000	0.000000000
1.99799800	0.000000000	0.000000000	0.000000000	0.000000000	0.000000000	0.000000000
2.00500501	0.000000000	0.000000000	0.000000000	0.000000000	0.000000000	0.000000000
2.01201201	0.000000000	0.000000000	0.000000000	0.000000000	0.000000000	0.000000000
2.01901902	0.000000000	0.000000000	0.000000000	0.000000000	0.000000000	0.000000000
2.02602603	0.000000000	0.000000000	0.000000000	0.000000000	0.000000000	0.000000000
2.03303303	0.000000000	0.000000000	0.000000000	0.000000000	0.000000000	0.000000000
2.04004004	0.000000000	0.000000000	0.000000000	0.000000000	0.000000000	0.000000000
2.04704705	0.000000000	0.000000000	0.000000000	0.000000000	0.000000000	0.000000000
2.05405405	0.000000000	0.000000000	0.000000000	0.000000000	0.000000000	0.000000000
2.06106106	0.000000000	0.000000000	0.000000000	0.000000000	0.000000000	0.000000000
2.06806807	0.000000000	0.000000000	0.000000000	0.000000000	0.000000000	0.000000000
2.07507508	0.000000000	0.000000000	0.000000000	0.000000000	0.000000000	0.000000000
2.08208208	0.000000000	0.000000000	0.000000000	0.000000000	0.000000000	0.000000000
2.08908909	0.000000000	0.000000000	0.000000000	0.000000000	0.000000000	0.000000000
2.09609610	0.000000000	0.000000000	0.000000000	0.000000000	0.000000000	0.000000000
2.10310310	0.000000000	0.000000000	0.000000000	0.000000000	0.000000000	0.000000000
2.11011011	0.000000000	0.000000000	0.000000000	0.000000000	0.000000000	0.000000000
2.11711712	0.000000000	0.000000000	0.000000000	0.000000000	0.000000000	0.000000000
2.12412412	0.000000000	0.000000000	0.000000000	0.000000000	0.000000000	0.000000000
2.13113113	0.000000000	0.000000000	0.000000000	0.000000000	0.000000000	0.000000000
2.13813814	0.000000000	0.000000000	0.000000000	0.000000000	0.000000000	0.000000000
2.14514515	0.000000000	0.000000000	0.000000000	0.000000000	0.000000000	0.000000000
2.15215215	0.000000000	0.000000000	0.000000000	0.000000000	0.000000000	0.000000000
2.15915916	0.000000000	0.000000000	0.000000000	0.000000000	0.000000000	0.000000000
2.16616617	0.000000000	0.000000000	0.000000000	0.000000000	0.000000000	0.000000000
2.17317317	0.000000000	0.000000000	0.000000000	0.000000000	0.000000000	0.000000000
2.18018018	0.000000000	0.000000000	0.000000000	0.000000000	0.000000000	0.000000000
2.18718719	0.000000000	0.000000000	0.000000000	0.000000000	0.000000000	0.000000000
2.19419419	0.000000000	0.000000000	0.000000000	0.000000000	0.000000000	0.000000000
2.20120120	0.000000000	0.000000000	0.000000000	0.000000000	0.000000000	0.000000000
2.20820821	0.000000000	0.000000000	0.000000000	0.000000000	0.000000000	0.000000000
2.21521522	0.000000000	0.000000000	0.000000000	0.000000000	0.000000000	0.000000000
2.22222222	0.000000000	0.000000000	0.000000000	0.000000000	0.000000000	0.000000000
2.22922923	0.000000000	0.000000000	0.000000000	0.000000000	0.000000000	0.000000000
2.23623624	0.000000000	0.000000000	0.000000000	0.000000000	0.000000000	0.000000000
2.24324324	0.000000000	0.000000000	0.000000000	0.000000000	0.000000000	0.000000000
2.25025025	0.000000000	0.000000000	0.000000000	0.000000000	0.000000000	0.000000000
2.25725726	0.000000000	0.000000000	0.000000000	0.000000000	0.000000000	0.000000000
2.26426426	0.000000000	0.000000000	0.000000000	0.000000000	0.000000000	0.000000000
2.27127127	0.000000000	0.000000000	0.000000000	0.000000000	0.000000000	0.000000000
2.27827828	0.000000000	0.000000000	0.000000000	0.000000000	0.000000000	0.000000000
2.28528529	0.000000000	0.000000000	0.000000000	0.000000000	0.000000000	0.000000000
2.29229229	0.000000000	0.000000000	0.000000000	0.000000000	0.000000000	0.000000000
2.29929930	0.000000000	0.000000000	0.000000000	0.000000000	0.000000000	0.000000000
2.30630631	0.000000000	0.000000000	0.000000000	0.000000000	0.000000000	0.000000000
2.31331331	0.000000000	0.000000000	0.000000000	0.000000000	0.000000000	0.000000000
2.32032032	0.000000000	0.000000000	0.000000000	0.000000000	0.000000000	0.000000000
2.32732733	0.000000000	0.000000000	0.000000000	0.000000000	0.000000000	0.000000000
2.33433433	0.000000000	0.000000000	0.000000000	0.000000000	0.000000000	0.000000000
2.34134134	0.000000000	0.000000000	0.000000000	0.000000000	0.000000000	0.000000000
2.34834835	0.000000000	0.000000000	0.000000000	0.000000000	0.000000000	0.000000000
2.35535536	0.000000000	0.000000000	0.000000000	0.000000000	0.000000000	0.000000000
2.36236236	0.000000000	0.000000000	0.000000000	0.000000000	0.000000000	0.000000000
2.36936937	0.000000000	0.000000000	0.000000000	0.000000000	0.000000000	0.000000000
2.37637638	0.000000000	0.000000000	0.000000000	0.000000000	0.000000000	0.000000000
2.38338338	0.000000000	0.000000000	0.000000000	0.000000000	0.000000000	0.000000000
2.39039039	0.000000000	0.000000000	0.000000000	0.000000000	0.000000000	0.000000000
2.39739740	0.000000000	0.000000000	0.000000000	0.000000000	0.000000000	0.000000000
2.40440440	0.000000000	0.000000000	0.000000000	0.000000000	0.000000000	0.000000000
2.41141141	0.000000000	0.000000000	0.000000000	0.000000000	0.000000000	0.000000000
2.41841842	0.000000000	0.000000000	0.000000000	0.000000000	0.000000000	0.000000000
2.42542543	0.000000000	0.000000000	0.000000000	0.000000000	0.000000000	0.000000000
2.43243243	0.000000000	0.000000000	0.000000000	0.000000000	0.000000000	0.000000000
2.43943944	0.000000000	0.000000000	0.000000000	0.000000000	0.000000000	0.000000000
2.44644645	0.000000000	0.000000000	0.000000000	0.000000000	0.000000000	0.000000000
2.45345345	0.000000000	0.000000000	0.000000000	0.000000000	0.000000000	0.000000000
2.46046046	0.000000000	0.000000000	0.000000000	0.000000000	0.000000000	0.000000000
2.46746747	0.000000000	0.000000000	0.000000000	0.000000000	0.000000000	0.000000000
2.47447447	0.000000000	0.000000000	0.000000000	0.000000000	0.000000000	0.000000000
2.48148148	0.000000000	0.000000000	0.000000000	0.000000000	0.000000000	0.000000000
2.48848849	0.000000000	0.000000000	0.000000000	0.000000000	0.000000000	0.000000000
2.49549550	0.000000000	0.000000000	0.000000000	0.000000000	0.000000000	0.000000000
2.50250250	0.000000000	0.000000000	0.000000000	0.000000000	0.000000000	0.000000000
2.50950951	0.000000000	0.000000000	0.000000000	0.000000000	0.000000000	0.000000000
2.51651652	0.000000000	0.000000000	0.000000000	0.000000000	0.000000000	0.000000000
2.52352352	0.000000000	0.000000000	0.000000000	0.000000000	0.000000000	0.000000000
2.53053053	0.000000000	0.000000000	0.000000000	0.000000000	0.000000000	0.000000000
2.53753754	0.000000000	0.000000000	0.000000000	0.000000000	0.000000000	0.000000000
2.54454454	0.000000000	0.000000000	0.000000000	0.000000000	0.000000000	0.000000000
2.55155155	0.000000000	0.000000000	0.000000000	0.000000000	0.000000000	0.000000000
2.55855856	0.000000000	0.000000000	0.000000000	0.000000000	0.000000000	0.000000000
2.56556557	0.000000000	0.000000000	0.000000000	0.000000000	0.000000000	0.000000000
2.57257257	0.000000000	0.000000000	0.000000000	0.000000000	0.000000000	0.000000000
2.57957958	0.000000000	0.000000000	0.000000000	0.000000000	0.000000000	0.000000000
2.58658659	0.000000000	0.000000000	0.000000000	0.000000000	0.000000000	0.000000000
2.59359359	0.000000000	0.000000000	0.000000000	0.000000000	0.000000000	0.000000000
2.60060060	0.000000000	0.000000000	0.000000000	0.000000000	0.000000000	0.000000000
2.60760761	0.000000000	0.000000000	0.000000000	0.000000000	0.000000000	0.000000000
2.61461461	0.000000000	0.000000000	0.000000000	0.000000000	0.000000000	0.000000000
2.62162162	0.000000000	0.000000000	0.000000000	0.000000000	0.000000000	0.000000000
2.62862863	0.000000000	0.000000000	0.000000000	0.000000000	0.000000000	0.000000000
2.63563564	0.000000000	0.000000000	0.000000000	0.000000000	0.000000000	0.000000000
2.64264264	0.000000000	0.000000000	0.000000000	0.000000000	0.000000000	0.000000000
2.64964965	0.000000000	0.000000000	0.000000000	0.000000000	0.000000000	0.000000000
2.65665666	0.000000000	0.000000000	0.000000000	0.000000000	0.000000000	0.000000000
2.66366366	0.000000000	0.000000000	0.000000000	0.000000000	0.000000000	0.000000000
2.67067067	0.000000000	0.000000000	0.000000000	0.000000000	0.000000000	0.000000000
2.67767768	0.000000000	0.000000000	0.000000000	0.000000000	0.000000000	0.000000000
2.68468468	0.000000000	0.000000000	0.000000000	0.000000000	0.000000000	0.000000000
2.69169169	0.000000000	0.000000000	0.000000000	0.000000000	0.000000000	0.000000000
2.69869870	0.000000000	0.000000000	0.000000000	0.000000000	0.000000000	0.000000000
2.70570571	0.000000000	0.000000000	0.000000000	0.000000000	0.000000000	0.000000000
2.71271271	0.000000000	0.000000000	0.000000000	0.000000000	0.000000000	0.000000000
2.71971972	0.000000000	0.000000000	0.000000000	0.000000000	0.000000000	0.000000000
2.72672673	0.000000000	0.000000000	0.000000000	0.000000000	0.000000000	0.000000000
2.73373373	0.000000000	0.000000000	0.000000000	0.000000000	0.000000000	0.000000000
2.74074074	0.000000000	0.000000000	0.000000000	0.000000000	0.000000000	0.000000000
2.74774775	0.000000000	0.000000000	0.000000000	0.000000000	0.000000000	0.000000000
2.75475475	0.000000000	0.000000000	0.000000000	0.000000000	0.000000000	0.000000000
2.76176176	0.000000000	0.000000000	0.000000000	0.000000000	0.000000000	0.000000000
2.76876877	0.000000000	0.000000000	0.000000000	0.000000000	0.000000000	0.000000000
2.77577578	0.000000000	0.000000000	0.000000000	0.000000000	0.000000000	0.000000000
2.78278278	0.000000000	0.000000000	0.000000000	0.000000000	0.000000000	0.000000000
2.78978979	0.000000000	0.000000000	0.000000000	0.000000000	0.000000000	0.000000000
2.79679680	0.000000000	0.000000000	0.000000000	0.000000000	0.000000000	0.000000000
2.80380380	0.000000000	0.000000000	0.000000000	0.000000000	0.000000000	0.000000000
2.81081081	0.000000000	0.000000000	0.000000000	0.000000000	0.000000000	0.000000000
2.81781782	0.000000000	0.000000000	0.000000000	0.000000000	0.000000000	0.000000000
2.82482482	0.000000000	0.000000000	0.000000000	0.000000000	0.000000000	0.000000000
2.83183183	0.000000000	0.000000000	0.000000000	0.000000000	0.000000000	0.000000000
2.83883884	0.000000000	0.000000000	0.000000000	0.000000000	0.000000000	0.000000000
2.84584585	0.000000000	0.000000000	0.000000000	0.000000000	0.000000000	0.000000000
2.85285285	0.000000000	0.000000000	0.000000000	0.000000000	0.000000000	0.000000000
2.85985986	0.000000000	0.000000000	0.000000000	0.000000000	0.000000000	0.000000000
2.86686687	0.000000000	0.000000000	0.000000000	0.000000000	0.000000000	0.000000000
2.87387387	0.000000000	0.000000000	0.000000000	0.000000000	0.000000000	0.000000000
2.88088088	0.000000000	0.000000000	0.000000000	0.000000000	0.000000000	0.000000000
2.88788789	0.000000000	0.000000000	0.000000000	0.000000000	0.000000000	0.000000000
2.89489489	0.000000000	0.000000000	0.000000000	0.000000000	0.000000000	0.000000000
2.90190190	0.000000000	0.000000000	0.000000000	0.000000000	0.000000000	0.000000000
2.90890891	0.000000000	0.000000000	0.000000000	0.000000000	0.000000000	0.000000000
2.91591592	0.000000000	0.000000000	0.000000000	0.000000000	0.000000000	0.000000000
2.92292292	0.000000000	0.000000000	0.000000000	0.000000000	0.000000000	0.000000000
2.92992993	0.000000000	0.000000000	0.000000000	0.000000000	0.000000000	0.000000000
2.93693694	0.000000000	0.000000000	0.000000000	0.000000000	0.000000000	0.000000000
2.94394394	0.000000000	0.000000000	0.000000000	0.000000000	0.000000000	0.000000000
2.95095095	0.000000000	0.000000000	0.000000000	0.000000000	0.000000000	0.000000000
2.95795796	0.000000000	0.000000000	0.000000000	0.000000000	0.000000000	0.000000000
2.96496496	0.000000000	0.000000000	0.000000000	0.000000000	0.000000000	0.000000000
2.97197197	0.000000000	0.000000000	0.000000000	0.000000000	0.000000000	0.000000000
2.97897898	0.000000000	0.000000000	0.000000000	0.000000000	0.000000000	0.000000000
2.98598599	0.000000000	0.000000000	0.000000000	0.000000000	0.000000000	0.000000000
2.99299299	0.000000000	0.000000000	0.000000000	0.000000000	0.000000000	0.000000000
3.00000000	0.000000000	0.000000000	0.000000000	0.000000000	0.000000000	0.000000000
