-4.00000000	0.002163007	0.005421332	0.004825730	0.016550675	0.004434411	0.007237023
-3.99299299	0.002190449	0.005476988	0.004879360	0.016728499	0.004479296	0.007305311
-3.98598599	0.002218262	0.005533265	0.004933628	0.016908242	0.004524680	0.007374308
-3.97897898	0.002246451	0.005590170	0.004988542	0.017089925	0.004570568	0.007444022
-3.97197197	0.002275021	0.005647710	0.005044108	0.017273568	0.004616968	0.007514462
-3.96496496	0.002303978	0.005705893	0.005100337	0.017459194	0.004663885	0.007585635
-3.95795796	0.002333328	0.005764726	0.005157235	0.017646822	0.004711325	0.007657550
-3.95095095	0.002363075	0.005824218	0.005214813	0.017836475	0.004759295	0.007730216
-3.94394394	0.002393225	0.005884377	0.005273077	0.018028174	0.004807802	0.007803640
-3.93693694	0.002423786	0.005945210	0.005332038	0.018221941	0.004856851	0.007877832
-3.92992993	0.002454761	0.006006725	0.005391703	0.018417798	0.004906451	0.007952801
-3.92292292	0.002486158	0.006068932	0.005452082	0.018615768	0.004956606	0.008028556
-3.91591592	0.002517982	0.006131838	0.005513184	0.018815872	0.005007325	0.008105104
-3.90890891	0.002550240	0.006195452	0.005575018	0.019018135	0.005058614	0.008182456
-3.90190190	0.002582938	0.006259782	0.005637594	0.019222579	0.005110479	0.008260621
-3.89489489	0.002616081	0.006324837	0.005700921	0.019429227	0.005162929	0.008339608
-3.88788789	0.002649678	0.006390626	0.005765008	0.019638103	0.005215971	0.008419427
-3.88088088	0.002683733	0.006457158	0.005829866	0.019849231	0.005269611	0.008500087
-3.87387387	0.002718255	0.006524442	0.005895503	0.020062635	0.005323857	0.008581598
-3.86686687	0.002753249	0.006592488	0.005961931	0.020278338	0.005378717	0.008663970
-3.85985986	0.002788723	0.006661303	0.006029160	0.020496367	0.005434198	0.008747212
-3.85285285	0.002824683	0.006730898	0.006097198	0.020716744	0.005490307	0.008831336
-3.84584585	0.002861136	0.006801283	0.006166058	0.020939496	0.005547054	0.008916350
-3.83883884	0.002898090	0.006872467	0.006235749	0.021164648	0.005604445	0.009002266
-3.83183183	0.002935552	0.006944460	0.006306283	0.021392226	0.005662488	0.009089094
-3.82482482	0.002973529	0.007017271	0.006377670	0.021622254	0.005721192	0.009176844
-3.81781782	0.003012030	0.007090911	0.006449920	0.021854760	0.005780565	0.009265527
-3.81081081	0.003051060	0.007165391	0.006523046	0.022089769	0.005840615	0.009355155
-3.80380380	0.003090629	0.007240719	0.006597059	0.022327309	0.005901351	0.009445738
-3.79679680	0.003130744	0.007316907	0.006671969	0.022567407	0.005962781	0.009537287
-3.78978979	0.003171414	0.007393966	0.006747789	0.022810088	0.006024915	0.009629814
-3.78278278	0.003212645	0.007471906	0.006824530	0.023055382	0.006087760	0.009723329
-3.77577578	0.003254447	0.007550737	0.006902205	0.023303316	0.006151325	0.009817846
-3.76876877	0.003296827	0.007630472	0.006980825	0.023553917	0.006215621	0.009913375
-3.76176176	0.003339795	0.007711121	0.007060403	0.023807215	0.006280655	0.010009928
-3.75475475	0.003383359	0.007792696	0.007140950	0.024063237	0.006346437	0.010107517
-3.74774775	0.003427528	0.007875207	0.007222481	0.024322013	0.006412978	0.010206156
-3.74074074	0.003472310	0.007958667	0.007305007	0.024583572	0.006480285	0.010305855
-3.73373373	0.003517714	0.008043087	0.007388541	0.024847943	0.006548369	0.010406627
-3.72672673	0.003563751	0.008128480	0.007473097	0.025115157	0.006617240	0.010508486
-3.71971972	0.003610428	0.008214857	0.007558688	0.025385243	0.006686908	0.010611443
-3.71271271	0.003657756	0.008302230	0.007645327	0.025658232	0.006757382	0.010715513
-3.70570571	0.003705745	0.008390613	0.007733028	0.025934155	0.006828673	0.010820708
-3.69869870	0.003754403	0.008480017	0.007821805	0.026213043	0.006900792	0.010927041
-3.69169169	0.003803741	0.008570456	0.007911672	0.026494926	0.006973748	0.011034527
-3.68468468	0.003853769	0.008661942	0.008002643	0.026779837	0.007047554	0.011143178
-3.67767768	0.003904496	0.008754488	0.008094733	0.027067808	0.007122218	0.011253009
-3.67067067	0.003955935	0.008848108	0.008187956	0.027358871	0.007197753	0.011364033
-3.66366366	0.004008094	0.008942815	0.008282328	0.027653059	0.007274169	0.011476265
-3.65665666	0.004060986	0.009038623	0.008377863	0.027950405	0.007351478	0.011589720
-3.64964965	0.004114619	0.009135545	0.008474576	0.028250942	0.007429691	0.011704412
-3.64264264	0.004169007	0.009233596	0.008572484	0.028554703	0.007508820	0.011820356
-3.63563564	0.004224159	0.009332790	0.008671602	0.028861723	0.007588877	0.011937566
-3.62862863	0.004280088	0.009433141	0.008771945	0.029172037	0.007669872	0.012056058
-3.62162162	0.004336804	0.009534663	0.008873530	0.029485678	0.007751820	0.012175848
-3.61461461	0.004394321	0.009637372	0.008976374	0.029802683	0.007834731	0.012296951
-3.60760761	0.004452648	0.009741283	0.009080492	0.030123085	0.007918618	0.012419382
-3.60060060	0.004511800	0.009846410	0.009185903	0.030446922	0.008003494	0.012543159
-3.59359359	0.004571787	0.009952769	0.009292622	0.030774229	0.008089372	0.012668296
-3.58658659	0.004632623	0.010060375	0.009400668	0.031105042	0.008176264	0.012794811
-3.57957958	0.004694320	0.010169246	0.009510057	0.031439399	0.008264184	0.012922720
-3.57257257	0.004756891	0.010279395	0.009620808	0.031777337	0.008353144	0.013052041
-3.56556557	0.004820350	0.010390840	0.009732938	0.032118893	0.008443160	0.013182789
-3.55855856	0.004884709	0.010503598	0.009846467	0.032464105	0.008534243	0.013314983
-3.55155155	0.004949982	0.010617684	0.009961412	0.032813012	0.008626409	0.013448640
-3.54454454	0.005016184	0.010733116	0.010077793	0.033165653	0.008719671	0.013583777
-3.53753754	0.005083327	0.010849910	0.010195628	0.033522065	0.008814044	0.013720414
-3.53053053	0.005151426	0.010968085	0.010314938	0.033882290	0.008909542	0.013858567
-3.52352352	0.005220496	0.011087658	0.010435741	0.034246366	0.009006179	0.013998257
-3.51651652	0.005290550	0.011208646	0.010558057	0.034614335	0.009103972	0.014139500
-3.50950951	0.005361605	0.011331069	0.010681907	0.034986236	0.009202934	0.014282318
-3.50250250	0.005433675	0.011454943	0.010807312	0.035362111	0.009303081	0.014426728
-3.49549550	0.005506776	0.011580288	0.010934292	0.035742001	0.009404430	0.014572750
-3.48848849	0.005580922	0.011707123	0.011062868	0.036125948	0.009506995	0.014720404
-3.48148148	0.005656131	0.011835467	0.011193062	0.036513995	0.009610792	0.014869710
-3.47447447	0.005732417	0.011965338	0.011324895	0.036906184	0.009715839	0.015020689
-3.46746747	0.005809799	0.012096758	0.011458389	0.037302559	0.009822151	0.015173361
-3.46046046	0.005888291	0.012229745	0.011593568	0.037703162	0.009929745	0.015327746
-3.45345345	0.005967911	0.012364320	0.011730452	0.038108038	0.010038639	0.015483867
-3.44644645	0.006048676	0.012500503	0.011869066	0.038517231	0.010148849	0.015641744
-3.43943944	0.006130604	0.012638315	0.012009433	0.038930786	0.010260392	0.015801400
-3.43243243	0.006213712	0.012777778	0.012151576	0.039348749	0.010373288	0.015962855
-3.42542543	0.006298018	0.012918912	0.012295519	0.039771165	0.010487553	0.016126134
-3.41841842	0.006383542	0.013061739	0.012441287	0.040198079	0.010603206	0.016291257
-3.41141141	0.006470300	0.013206281	0.012588905	0.040629540	0.010720266	0.016458249
-3.40440440	0.006558312	0.013352560	0.012738396	0.041065593	0.010838750	0.016627133
-3.39739740	0.006647598	0.013500600	0.012889788	0.041506287	0.010958679	0.016797931
-3.39039039	0.006738176	0.013650422	0.013043105	0.041951669	0.011080072	0.016970669
-3.38338338	0.006830067	0.013802050	0.013198373	0.042401787	0.011202948	0.017145369
-3.37637638	0.006923291	0.013955507	0.013355620	0.042856692	0.011327327	0.017322058
-3.36936937	0.007017868	0.014110818	0.013514872	0.043316431	0.011453230	0.017500759
-3.36236236	0.007113819	0.014268006	0.013676156	0.043781054	0.011580676	0.017681498
-3.35535536	0.007211166	0.014427095	0.013839501	0.044250613	0.011709688	0.017864300
-3.34834835	0.007309928	0.014588112	0.014004933	0.044725157	0.011840285	0.018049192
-3.34134134	0.007410130	0.014751081	0.014172483	0.045204738	0.011972490	0.018236200
-3.33433433	0.007511792	0.014916027	0.014342177	0.045689408	0.012106324	0.018425350
-3.32732733	0.007614937	0.015082977	0.014514047	0.046179219	0.012241809	0.018616669
-3.32032032	0.007719589	0.015251956	0.014688121	0.046674223	0.012378968	0.018810185
-3.31331331	0.007825769	0.015422992	0.014864431	0.047174474	0.012517823	0.019005926
-3.30630631	0.007933503	0.015596111	0.015043005	0.047680026	0.012658397	0.019203920
-3.29929930	0.008042814	0.015771341	0.015223877	0.048190932	0.012800715	0.019404194
-3.29229229	0.008153727	0.015948710	0.015407076	0.048707247	0.012944799	0.019606780
-3.28528529	0.008266266	0.016128245	0.015592635	0.049229027	0.013090674	0.019811704
-3.27827828	0.008380457	0.016309976	0.015780587	0.049756327	0.013238365	0.020018999
-3.27127127	0.008496325	0.016493931	0.015970965	0.050289204	0.013387895	0.020228693
-3.26426426	0.008613896	0.016680140	0.016163802	0.050827714	0.013539291	0.020440817
-3.25725726	0.008733197	0.016868632	0.016359131	0.051371914	0.013692578	0.020655402
-3.25025025	0.008854256	0.017059439	0.016556988	0.051921862	0.013847783	0.020872480
-3.24324324	0.008977098	0.017252589	0.016757407	0.052477616	0.014004931	0.021092083
-3.23623624	0.009101753	0.017448116	0.016960424	0.053039236	0.014164049	0.021314243
-3.22922923	0.009228248	0.017646050	0.017166074	0.053606781	0.014325164	0.021538993
-3.22222222	0.009356612	0.017846422	0.017374394	0.054180310	0.014488305	0.021766366
-3.21521522	0.009486874	0.018049267	0.017585422	0.054759884	0.014653500	0.021996396
-3.20820821	0.009619065	0.018254616	0.017799194	0.055345564	0.014820775	0.022229116
-3.20120120	0.009753214	0.018462503	0.018015750	0.055937412	0.014990162	0.022464563
-3.19419419	0.009889352	0.018672962	0.018235127	0.056535489	0.015161688	0.022702771
-3.18718719	0.010027510	0.018886027	0.018457364	0.057139858	0.015335385	0.022943775
-3.18018018	0.010167721	0.019101733	0.018682503	0.057750583	0.015511281	0.023187613
-3.17317317	0.010310015	0.019320116	0.018910583	0.058367727	0.015689408	0.023434320
-3.16616617	0.010454427	0.019541211	0.019141645	0.058991354	0.015869797	0.023683934
-3.15915916	0.010600989	0.019765054	0.019375731	0.059621529	0.016052480	0.023936493
-3.15215215	0.010749735	0.019991683	0.019612883	0.060258318	0.016237488	0.024192035
-3.14514515	0.010900700	0.020221135	0.019853144	0.060901786	0.016424855	0.024450599
-3.13813814	0.011053919	0.020453448	0.020096558	0.061552001	0.016614614	0.024712225
-3.13113113	0.011209427	0.020688661	0.020343169	0.062209028	0.016806798	0.024976951
-3.12412412	0.011367261	0.020926812	0.020593022	0.062872937	0.017001441	0.025244820
-3.11711712	0.011527457	0.021167941	0.020846163	0.063543795	0.017198579	0.025515872
-3.11011011	0.011690053	0.021412089	0.021102637	0.064221671	0.017398246	0.025790148
-3.10310310	0.011855087	0.021659296	0.021362491	0.064906634	0.017600479	0.026067692
-3.09609610	0.012022597	0.021909603	0.021625774	0.065598754	0.017805313	0.026348546
-3.08908909	0.012192623	0.022163054	0.021892533	0.066298103	0.018012786	0.026632753
-3.08208208	0.012365205	0.022419689	0.022162818	0.067004751	0.018222936	0.026920359
-3.07507508	0.012540384	0.022679553	0.022436679	0.067718770	0.018435799	0.027211407
-3.06806807	0.012718200	0.022942689	0.022714165	0.068440231	0.018651416	0.027505943
-3.06106106	0.012898697	0.023209142	0.022995329	0.069169210	0.018869826	0.027804014
-3.05405405	0.013081916	0.023478957	0.023280222	0.069905777	0.019091067	0.028105667
-3.04704705	0.013267901	0.023752179	0.023568898	0.070650009	0.019315182	0.028410948
-3.04004004	0.013456696	0.024028856	0.023861409	0.071401979	0.019542211	0.028719906
-3.03303303	0.013648347	0.024309034	0.024157812	0.072161763	0.019772195	0.029032590
-3.02602603	0.013842899	0.024592762	0.024458160	0.072929436	0.020005179	0.029349049
-3.01901902	0.014040398	0.024880087	0.024762511	0.073705076	0.020241204	0.029669334
-3.01201201	0.014240891	0.025171059	0.025070920	0.074488759	0.020480315	0.029993497
-3.00500501	0.014444427	0.025465728	0.025383447	0.075280562	0.020722556	0.030321588
-2.99799800	0.014651055	0.025764145	0.025700150	0.076080565	0.020967973	0.030653660
-2.99099099	0.014860824	0.026066361	0.026021088	0.076888846	0.021216612	0.030989768
-2.98398398	0.015073785	0.026372428	0.026346323	0.077705484	0.021468519	0.031329964
-2.97697698	0.015289988	0.026682399	0.026675915	0.078530560	0.021723741	0.031674304
-2.96996997	0.015509488	0.026996329	0.027009928	0.079364154	0.021982329	0.032022844
-2.96296296	0.015732335	0.027314272	0.027348424	0.080206348	0.022244329	0.032375640
-2.95595596	0.015958586	0.027636282	0.027691468	0.081057222	0.022509793	0.032732750
-2.94894895	0.016188293	0.027962417	0.028039125	0.081916861	0.022778770	0.033094231
-2.94194194	0.016421514	0.028292733	0.028391463	0.082785346	0.023051312	0.033460144
-2.93493493	0.016658306	0.028627288	0.028748547	0.083662761	0.023327473	0.033830549
-2.92792793	0.016898725	0.028966140	0.029110447	0.084549191	0.023607304	0.034205505
-2.92092092	0.017142832	0.029309351	0.029477232	0.085444720	0.023890859	0.034585075
-2.91391391	0.017390685	0.029656979	0.029848973	0.086349433	0.024178195	0.034969322
-2.90690691	0.017642346	0.030009086	0.030225742	0.087263417	0.024469365	0.035358309
-2.89989990	0.017897876	0.030365735	0.030607610	0.088186758	0.024764428	0.035752102
-2.89289289	0.018157338	0.030726989	0.030994653	0.089119543	0.025063441	0.036150765
-2.88588589	0.018420797	0.031092912	0.031386945	0.090061860	0.025366462	0.036554365
-2.87887888	0.018688317	0.031463569	0.031784562	0.091013797	0.025673551	0.036962970
-2.87187187	0.018959965	0.031839026	0.032187581	0.091975442	0.025984768	0.037376649
-2.86486486	0.019235808	0.032219350	0.032596082	0.092946886	0.026300176	0.037795470
-2.85785786	0.019515915	0.032604610	0.033010144	0.093928217	0.026619835	0.038219506
-2.85085085	0.019800355	0.032994874	0.033429848	0.094919527	0.026943811	0.038648827
-2.84384384	0.020089199	0.033390213	0.033855277	0.095920906	0.027272167	0.039083507
-2.83683684	0.020382519	0.033790697	0.034286513	0.096932446	0.027604969	0.039523619
-2.82982983	0.020680389	0.034196400	0.034723643	0.097954238	0.027942284	0.039969238
-2.82282282	0.020982883	0.034607394	0.035166751	0.098986376	0.028284180	0.040420441
-2.81581582	0.021290078	0.035023754	0.035615926	0.100028953	0.028630726	0.040877305
-2.80880881	0.021602050	0.035445555	0.036071256	0.101082061	0.028981992	0.041339909
-2.80180180	0.021918878	0.035872874	0.036532833	0.102145796	0.029338050	0.041808332
-2.79479479	0.022240642	0.036305789	0.037000747	0.103220251	0.029698971	0.042282655
-2.78778779	0.022567423	0.036744379	0.037475091	0.104305522	0.030064829	0.042762961
-2.78078078	0.022899304	0.037188725	0.037955962	0.105401705	0.030435700	0.043249333
-2.77377377	0.023236369	0.037638907	0.038443453	0.106508894	0.030811660	0.043741855
-2.76676677	0.023578705	0.038095009	0.038937664	0.107627188	0.031192786	0.044240614
-2.75975976	0.023926397	0.038557114	0.039438693	0.108756682	0.031579156	0.044745696
-2.75275275	0.024279534	0.039025307	0.039946641	0.109897474	0.031970852	0.045257192
-2.74574575	0.024638208	0.039499675	0.040461610	0.111049661	0.032367955	0.045775190
-2.73873874	0.025002509	0.039980306	0.040983705	0.112213343	0.032770547	0.046299782
-2.73173173	0.025372530	0.040467290	0.041513030	0.113388616	0.033178713	0.046831061
-2.72472472	0.025748367	0.040960715	0.042049693	0.114575582	0.033592538	0.047369121
-2.71771772	0.026130117	0.041460675	0.042593803	0.115774337	0.034012110	0.047914058
-2.71071071	0.026517878	0.041967262	0.043145470	0.116984983	0.034437518	0.048465969
-2.70370370	0.026911749	0.042480572	0.043704808	0.118207620	0.034868850	0.049024953
-2.69669670	0.027311833	0.043000700	0.044271929	0.119442347	0.035306200	0.049591110
-2.68968969	0.027718233	0.043527744	0.044846951	0.120689265	0.035749661	0.050164542
-2.68268268	0.028131054	0.044061803	0.045429990	0.121948475	0.036199326	0.050745351
-2.67567568	0.028550404	0.044602978	0.046021167	0.123220079	0.036655294	0.051333644
-2.66866867	0.028976392	0.045151370	0.046620603	0.124504177	0.037117661	0.051929526
-2.66166166	0.029409130	0.045707084	0.047228421	0.125800872	0.037586529	0.052533106
-2.65465465	0.029848729	0.046270225	0.047844748	0.127110264	0.038061998	0.053144494
-2.64764765	0.030295304	0.046840900	0.048469710	0.128432458	0.038544171	0.053763802
-2.64064064	0.030748974	0.047419216	0.049103437	0.129767553	0.039033155	0.054391142
-2.63363363	0.031209857	0.048005285	0.049746060	0.131115654	0.039529056	0.055026630
-2.62662663	0.031678074	0.048599219	0.050397714	0.132476862	0.040031982	0.055670383
-2.61961962	0.032153749	0.049201130	0.051058534	0.133851280	0.040542045	0.056322520
-2.61261261	0.032637006	0.049811135	0.051728657	0.135239011	0.041059357	0.056983161
-2.60560561	0.033127975	0.050429349	0.052408225	0.136640158	0.041584033	0.057652429
-2.59859860	0.033626783	0.051055894	0.053097379	0.138054822	0.042116189	0.058330449
-2.59159159	0.034133565	0.051690888	0.053796264	0.139483107	0.042655944	0.059017346
-2.58458458	0.034648455	0.052334455	0.054505028	0.140925116	0.043203418	0.059713249
-2.57757758	0.035171589	0.052986719	0.055223819	0.142380951	0.043758736	0.060418289
-2.57057057	0.035703106	0.053647807	0.055952788	0.143850714	0.044322021	0.061132598
-2.56356356	0.036243150	0.054317846	0.056692092	0.145334509	0.044893401	0.061856310
-2.55655656	0.036791864	0.054996968	0.057441884	0.146832436	0.045473005	0.062589563
-2.54954955	0.037349395	0.055685305	0.058202326	0.148344599	0.046060966	0.063332494
-2.54254254	0.037915894	0.056382990	0.058973579	0.149871099	0.046657417	0.064085246
-2.53553554	0.038491511	0.057090162	0.059755806	0.151412037	0.047262494	0.064847961
-2.52852853	0.039076402	0.057806957	0.060549176	0.152967515	0.047876337	0.065620786
-2.52152152	0.039670726	0.058533517	0.061353856	0.154537633	0.048499088	0.066403866
-2.51451451	0.040274642	0.059269985	0.062170020	0.156122492	0.049130889	0.067197354
-2.50750751	0.040888313	0.060016506	0.062997843	0.157722192	0.049771887	0.068001401
-2.50050050	0.041511907	0.060773228	0.063837502	0.159336832	0.050422232	0.068816162
-2.49349349	0.042145592	0.061540299	0.064689178	0.160966511	0.051082076	0.069641795
-2.48648649	0.042789541	0.062317872	0.065553055	0.162611328	0.051751572	0.070478460
-2.47947948	0.043443929	0.063106101	0.066429320	0.164271380	0.052430878	0.071326318
-2.47247247	0.044108935	0.063905144	0.067318161	0.165946765	0.053120154	0.072185536
-2.46546547	0.044784740	0.064715158	0.068219772	0.167637579	0.053819564	0.073056280
-2.45845846	0.045471530	0.065536306	0.069134347	0.169343917	0.054529272	0.073938722
-2.45145145	0.046169492	0.066368752	0.070062087	0.171065874	0.055249448	0.074833033
-2.44444444	0.046878819	0.067212662	0.071003193	0.172803544	0.055980264	0.075739390
-2.43743744	0.047599706	0.068068206	0.071957869	0.174557021	0.056721894	0.076657971
-2.43043043	0.048332350	0.068935555	0.072926325	0.176326395	0.057474518	0.077588958
-2.42342342	0.049076955	0.069814885	0.073908773	0.178111758	0.058238316	0.078532535
-2.41641642	0.049833726	0.070706372	0.074905427	0.179913200	0.059013474	0.079488889
-2.40940941	0.050602873	0.071610196	0.075916507	0.181730809	0.059800179	0.080458211
-2.40240240	0.051384608	0.072526540	0.076942235	0.183564672	0.060598623	0.081440693
-2.39539540	0.052179150	0.073455590	0.077982835	0.185414876	0.061409001	0.082436532
-2.38838839	0.052986718	0.074397534	0.079038539	0.187281505	0.062231512	0.083445926
-2.38138138	0.053807539	0.075352564	0.080109578	0.189164642	0.063066358	0.084469080
-2.37437437	0.054641840	0.076320874	0.081196190	0.191064369	0.063913744	0.085506199
-2.36736737	0.055489856	0.077302661	0.082298615	0.192980766	0.064773882	0.086557491
-2.36036036	0.056351823	0.078298126	0.083417097	0.194913911	0.065646983	0.087623169
-2.35335335	0.057227983	0.079307472	0.084551884	0.196863880	0.066533267	0.088703448
-2.34634635	0.058118582	0.080330907	0.085703230	0.198830749	0.067432953	0.089798549
-2.33933934	0.059023870	0.081368639	0.086871389	0.200814590	0.068346269	0.090908694
-2.33233233	0.059944103	0.082420883	0.088056623	0.202815473	0.069273443	0.092034108
-2.32532533	0.060879539	0.083487854	0.089259196	0.204833468	0.070214710	0.093175022
-2.31831832	0.061830444	0.084569773	0.090479376	0.206868640	0.071170307	0.094331669
-2.31131131	0.062797085	0.085666863	0.091717436	0.208921055	0.072140479	0.095504287
-2.30430430	0.063779736	0.086779349	0.092973653	0.210990772	0.073125471	0.096693116
-2.29729730	0.064778677	0.087907464	0.094248309	0.213077853	0.074125535	0.097898400
-2.29029029	0.065794190	0.089051439	0.095541689	0.215182353	0.075140929	0.099120389
-2.28328328	0.066826566	0.090211513	0.096854085	0.217304327	0.076171914	0.100359336
-2.27627628	0.067876097	0.091387926	0.098185791	0.219443825	0.077218754	0.101615495
-2.26926927	0.068943082	0.092580924	0.099537107	0.221600896	0.078281723	0.102889129
-2.26226226	0.070027828	0.093790753	0.100908337	0.223775585	0.079361094	0.104180501
-2.25525526	0.071130643	0.095017668	0.102299790	0.225967935	0.080457151	0.105489881
-2.24824825	0.072251843	0.096261924	0.103711780	0.228177984	0.081570179	0.106817542
-2.24124124	0.073391750	0.097523780	0.105144626	0.230405768	0.082700470	0.108163760
-2.23423423	0.074550692	0.098803502	0.106598651	0.232651319	0.083848321	0.109528818
-2.22722723	0.075729000	0.100101356	0.108074185	0.234914665	0.085014035	0.110913001
-2.22022022	0.076927014	0.101417616	0.109571560	0.237195832	0.086197920	0.112316600
-2.21321321	0.078145079	0.102752557	0.111091115	0.239494840	0.087400292	0.113739910
-2.20620621	0.079383547	0.104106460	0.112633196	0.241811706	0.088621468	0.115183231
-2.19919920	0.080642774	0.105479609	0.114198150	0.244146444	0.089861777	0.116646867
-2.19219219	0.081923126	0.106872295	0.115786333	0.246499061	0.091121550	0.118131127
-2.18518519	0.083224971	0.108284809	0.117398104	0.248869563	0.092401125	0.119636324
-2.17817818	0.084548688	0.109717451	0.119033830	0.251257948	0.093700846	0.121162778
-2.17117117	0.085894660	0.111170523	0.120693880	0.253664213	0.095021066	0.122710811
-2.16416416	0.087263278	0.112644331	0.122378631	0.256088348	0.096362142	0.124280753
-2.15715716	0.088654939	0.114139187	0.124088466	0.258530337	0.097724438	0.125872936
-2.15015015	0.090070049	0.115655408	0.125823772	0.260990161	0.099108325	0.127487700
-2.14314314	0.091509018	0.117193314	0.127584942	0.263467795	0.100514182	0.129125387
-2.13613614	0.092972266	0.118753231	0.129372376	0.265963209	0.101942393	0.130786346
-2.12912913	0.094460220	0.120335490	0.131186479	0.268476367	0.103393351	0.132470933
-2.12212212	0.095973314	0.121940427	0.133027662	0.271007227	0.104867457	0.134179505
-2.11511512	0.097511989	0.123568381	0.134896341	0.273555741	0.106365116	0.135912429
-2.10810811	0.099076695	0.125219698	0.136792940	0.276121857	0.107886744	0.137670074
-2.10110110	0.100667890	0.126894729	0.138717888	0.278705513	0.109432764	0.139452816
-2.09409409	0.102286038	0.128593830	0.140671619	0.281306644	0.111003605	0.141261036
-2.08708709	0.103931615	0.130317362	0.142654575	0.283925177	0.112599707	0.143095121
-2.08008008	0.105605101	0.132065691	0.144667203	0.286561032	0.114221515	0.144955464
-2.07307307	0.107306986	0.133839188	0.146709957	0.289214123	0.115869485	0.146842462
-2.06606607	0.109037771	0.135638230	0.148783296	0.291884356	0.117544080	0.148756521
-2.05905906	0.110797961	0.137463200	0.150887686	0.294571631	0.119245771	0.150698049
-2.05205205	0.112588075	0.139314485	0.153023600	0.297275838	0.120975040	0.152667463
-2.04504505	0.114408635	0.141192479	0.155191517	0.299996862	0.122732376	0.154665183
-2.03803804	0.116260178	0.143097581	0.157391920	0.302734578	0.124518277	0.156691638
-2.03103103	0.118143246	0.145030194	0.159625303	0.305488856	0.126333251	0.158747261
-2.02402402	0.120058391	0.146990731	0.161892162	0.308259554	0.128177815	0.160832491
-2.01701702	0.122006177	0.148979606	0.164193001	0.311046523	0.130052496	0.162947774
-2.01001001	0.123987173	0.150997241	0.166528332	0.313849608	0.131957830	0.165093561
-2.00300300	0.126001963	0.153044063	0.168898671	0.316668640	0.133894362	0.167270311
-1.99599600	0.128051136	0.155120508	0.171304541	0.319503446	0.135862648	0.169478488
-1.98898899	0.130135293	0.157227013	0.173746471	0.322353841	0.137863255	0.171718560
-1.98198198	0.132255046	0.159364024	0.176224999	0.325219631	0.139896758	0.173991005
-1.97497497	0.134411015	0.161531992	0.178740667	0.328100612	0.141963744	0.176296305
-1.96796797	0.136603832	0.163731375	0.181294022	0.330996571	0.144064811	0.178634949
-1.96096096	0.138834137	0.165962637	0.183885619	0.333907284	0.146200565	0.181007432
-1.95395395	0.141102585	0.168226246	0.186516021	0.336832519	0.148371625	0.183414254
-1.94694695	0.143409836	0.170522679	0.189185793	0.339772030	0.150578622	0.185855923
-1.93993994	0.145756564	0.172852417	0.191895509	0.342725563	0.152822195	0.188332953
-1.93293293	0.148143453	0.175215948	0.194645749	0.345692851	0.155102998	0.190845863
-1.92592593	0.150571199	0.177613767	0.197437097	0.348673619	0.157421692	0.193395178
-1.91891892	0.153040507	0.180046373	0.200270144	0.351667578	0.159778954	0.195981432
-1.91191191	0.155552094	0.182514274	0.203145488	0.354674429	0.162175469	0.198605162
-1.90490490	0.158106688	0.185017982	0.206063729	0.357693859	0.164611937	0.201266913
-1.89789790	0.160705029	0.187558016	0.209025476	0.360725545	0.167089068	0.203967233
-1.89089089	0.163347867	0.190134901	0.212031342	0.363769152	0.169607584	0.206706680
-1.88388388	0.166035965	0.192749169	0.215081944	0.366824333	0.172168221	0.209485815
-1.87687688	0.168770094	0.195401357	0.218177906	0.369890725	0.174771725	0.212305205
-1.86986987	0.171551041	0.198092009	0.221319855	0.372967958	0.177418856	0.215165425
-1.86286286	0.174379601	0.200821675	0.224508423	0.376055644	0.180110386	0.218067053
-1.85585586	0.177256582	0.203590910	0.227744248	0.379153384	0.182847100	0.221010673
-1.84884885	0.180182803	0.206400277	0.231027970	0.382260765	0.185629796	0.223996875
-1.84184184	0.183159095	0.209250344	0.234360234	0.385377362	0.188459282	0.227026254
-1.83483483	0.186186301	0.212141684	0.237741687	0.388502734	0.191336383	0.230099410
-1.82782783	0.189265274	0.215074878	0.241172981	0.391636428	0.194261935	0.233216948
-1.82082082	0.192396879	0.218050510	0.244654770	0.394777975	0.197236787	0.236379476
-1.81381381	0.195581993	0.221069173	0.248187710	0.397926895	0.200261800	0.239587610
-1.80680681	0.198821505	0.224131463	0.251772462	0.401082689	0.203337850	0.242841967
-1.79979980	0.202116313	0.227237982	0.255409686	0.404244848	0.206465825	0.246143170
-1.79279279	0.205467329	0.230389339	0.259100044	0.407412844	0.209646627	0.249491845
-1.78578579	0.208875473	0.233586146	0.262844200	0.410586138	0.212881169	0.252888621
-1.77877878	0.212341679	0.236829022	0.266642816	0.413764173	0.216170378	0.256334131
-1.77177177	0.215866889	0.240118589	0.270496556	0.416946378	0.219515196	0.259829011
-1.76476476	0.219452058	0.243455477	0.274406085	0.420132167	0.222916575	0.263373899
-1.75775776	0.223098151	0.246840317	0.278372063	0.423320937	0.226375481	0.266969436
-1.75075075	0.226806142	0.250273746	0.282395150	0.426512072	0.229892892	0.270616265
-1.74374374	0.230577016	0.253756405	0.286476005	0.429704937	0.233469800	0.274315029
-1.73673674	0.234411766	0.257288941	0.290615283	0.432898884	0.237107208	0.278066373
-1.72972973	0.238311397	0.260872000	0.294813633	0.436093247	0.240806131	0.281870943
-1.72272272	0.242276921	0.264506237	0.299071703	0.439287346	0.244567597	0.285729384
-1.71571572	0.246309360	0.268192307	0.303390134	0.442480483	0.248392645	0.289642341
-1.70870871	0.250409742	0.271930868	0.307769561	0.445671946	0.252282325	0.293610458
-1.70170170	0.254579107	0.275722580	0.312210612	0.448861004	0.256237700	0.297634378
-1.69469469	0.258818496	0.279568108	0.316713906	0.452046913	0.260259841	0.301714741
-1.68768769	0.263128964	0.283468115	0.321280056	0.455228909	0.264349830	0.305852183
-1.68068068	0.267511565	0.287423269	0.325909661	0.458406215	0.268508761	0.310047340
-1.67367367	0.271967365	0.291434237	0.330603313	0.461578036	0.272737734	0.314300839
-1.66666667	0.276497430	0.295501687	0.335361590	0.464743561	0.277037861	0.318613306
-1.65965966	0.281102833	0.299626287	0.340185055	0.467901964	0.281410259	0.322985359
-1.65265265	0.285784650	0.303808704	0.345074260	0.471052400	0.285856056	0.327417610
-1.64564565	0.290543957	0.308049604	0.350029738	0.474194011	0.290376384	0.331910661
-1.63863864	0.295381835	0.312349654	0.355052007	0.477325920	0.294972382	0.336465110
-1.63163163	0.300299364	0.316709516	0.360141565	0.480447236	0.299645196	0.341081541
-1.62462462	0.305297624	0.321129850	0.365298890	0.483557051	0.304395973	0.345760529
-1.61761762	0.310377694	0.325611312	0.370524440	0.486654441	0.309225866	0.350502637
-1.61061061	0.315540649	0.330154556	0.375818646	0.489738469	0.314136029	0.355308415
-1.60360360	0.320787561	0.334760228	0.381181918	0.492808178	0.319127619	0.360178400
-1.59659660	0.326119497	0.339428971	0.386614638	0.495862598	0.324201792	0.365113111
-1.58958959	0.331537517	0.344161419	0.392117157	0.498900745	0.329359701	0.370113052
-1.58258258	0.337042674	0.348958201	0.397689800	0.501921618	0.334602500	0.375178708
-1.57557558	0.342636009	0.353819935	0.403332855	0.504924202	0.339931335	0.380310544
-1.56856857	0.348318553	0.358747233	0.409046579	0.507907468	0.345347349	0.385509004
-1.56156156	0.354091324	0.363740692	0.414831190	0.510870371	0.350851678	0.390774511
-1.55455455	0.359955324	0.368800903	0.420686868	0.513811855	0.356445447	0.396107459
-1.54754755	0.365911539	0.373928440	0.426613752	0.516730847	0.362129769	0.401508219
-1.54054054	0.371960936	0.379123864	0.432611937	0.519626262	0.367905748	0.406977134
-1.53353353	0.378104458	0.384387723	0.438681471	0.522497004	0.373774469	0.412514514
-1.52652653	0.384343026	0.389720548	0.444822355	0.525341961	0.379737001	0.418120639
-1.51951952	0.390677536	0.395122849	0.451034538	0.528160012	0.385794393	0.423795755
-1.51251251	0.397108853	0.400595122	0.457317915	0.530950021	0.391947670	0.429540070
-1.50550551	0.403637810	0.406137838	0.463672323	0.533710843	0.398197833	0.435353756
-1.49849850	0.410265207	0.411751448	0.470097540	0.536441322	0.404545855	0.441236940
-1.49149149	0.416991805	0.417436379	0.476593281	0.539140290	0.410992677	0.447189708
-1.48448448	0.423818326	0.423193030	0.483159197	0.541806571	0.417539206	0.453212101
-1.47747748	0.430745444	0.429021777	0.489794865	0.544438978	0.424186310	0.459304110
-1.47047047	0.437773790	0.434922961	0.496499794	0.547036316	0.430934817	0.465465673
-1.46346346	0.444903939	0.440896896	0.503273415	0.549597381	0.437785508	0.471696678
-1.45645646	0.452136414	0.446943862	0.510115081	0.552120964	0.444739117	0.477996952
-1.44944945	0.459471677	0.453064101	0.517024060	0.554605845	0.451796322	0.484366264
-1.44244244	0.466910127	0.459257819	0.523999536	0.557050800	0.458957745	0.490804320
-1.43543544	0.474452095	0.465525182	0.531040600	0.559454600	0.466223945	0.497310758
-1.42842843	0.482097838	0.471866314	0.538146253	0.561816008	0.473595413	0.503885147
-1.42142142	0.489847537	0.478281292	0.545315393	0.564133787	0.481072568	0.510526985
-1.41441441	0.497701290	0.484770146	0.552546820	0.566406692	0.488655752	0.517235690
-1.40740741	0.505659108	0.491332856	0.559839227	0.568633479	0.496345224	0.524010601
-1.40040040	0.513720908	0.497969350	0.567191198	0.570812898	0.504141153	0.530850975
-1.39339339	0.521886509	0.504679497	0.574601200	0.572943703	0.512043613	0.537755978
-1.38638639	0.530155625	0.511463108	0.582067585	0.575024643	0.520052578	0.544724687
-1.37937938	0.538527860	0.518319933	0.589588582	0.577054469	0.528167911	0.551756082
-1.37237237	0.547002701	0.525249654	0.597162292	0.579031934	0.536389365	0.558849045
-1.36536537	0.555579512	0.532251884	0.604786686	0.580955793	0.544716568	0.566002351
-1.35835836	0.564257526	0.539326165	0.612459600	0.582824803	0.553149020	0.573214670
-1.35135135	0.573035840	0.546471962	0.620178730	0.584637727	0.561686083	0.580484557
-1.34434434	0.581913409	0.553688659	0.627941629	0.586393332	0.570326977	0.587810453
-1.33733734	0.590889033	0.560975558	0.635745700	0.588090389	0.579070767	0.595190676
-1.33033033	0.599961356	0.568331870	0.643588196	0.589727680	0.587916359	0.602623419
-1.32332332	0.609128855	0.575756717	0.651466213	0.591303991	0.596862487	0.610106742
-1.31631632	0.618389832	0.583249122	0.659376685	0.592818119	0.605907708	0.617638574
-1.30930931	0.627742410	0.590808010	0.667316382	0.594268870	0.615050391	0.625216701
-1.30230230	0.637184516	0.598432199	0.675281905	0.595655063	0.624288709	0.632838768
-1.29529530	0.646713882	0.606120396	0.683269684	0.596975525	0.633620625	0.640502267
-1.28828829	0.656328032	0.613871196	0.691275971	0.598229100	0.643043890	0.648204539
-1.28128128	0.666024274	0.621683072	0.699296837	0.599414643	0.652556024	0.655942767
-1.27427427	0.675799688	0.629554374	0.707328173	0.600531025	0.662154315	0.663713969
-1.26726727	0.685651125	0.637483322	0.715365680	0.601577136	0.671835800	0.671514996
-1.26026026	0.695575190	0.645467999	0.723404870	0.602551878	0.681597260	0.679342528
-1.25325325	0.705568237	0.653506351	0.731441063	0.603454176	0.691435210	0.687193066
-1.24624625	0.715626359	0.661596175	0.739469385	0.604282971	0.701345885	0.695062932
-1.23923924	0.725745380	0.669735119	0.747484761	0.605037226	0.711325229	0.702948261
-1.23223223	0.735920845	0.677920673	0.755481920	0.605715926	0.721368889	0.710845000
-1.22522523	0.746148008	0.686150164	0.763455389	0.606318078	0.731472199	0.718748901
-1.21821822	0.756421832	0.694420750	0.771399490	0.606842712	0.741630176	0.726655518
-1.21121121	0.766736969	0.702729415	0.779308346	0.607288883	0.751837500	0.734560207
-1.20420420	0.777087760	0.711072963	0.787175873	0.607655672	0.762088514	0.742458116
-1.19719720	0.787468224	0.719448009	0.794995783	0.607942188	0.772377207	0.750344188
-1.19019019	0.797872049	0.727850978	0.802761587	0.608147564	0.782697207	0.758213153
-1.18318318	0.808292583	0.736278094	0.810466590	0.608270967	0.793041772	0.766059531
-1.17617618	0.818722831	0.744725378	0.818103899	0.608311590	0.803403781	0.773877625
-1.16916917	0.829155445	0.753188636	0.825666420	0.608268658	0.813775722	0.781661520
-1.16216216	0.839582718	0.761663462	0.833146862	0.608141428	0.824149690	0.789405084
-1.15515516	0.849996578	0.770145222	0.840537742	0.607929190	0.834517377	0.797101965
-1.14814815	0.860388583	0.778629054	0.847831387	0.607631266	0.844870065	0.804745591
-1.14114114	0.870749916	0.787109860	0.855019937	0.607247015	0.855198621	0.812329170
-1.13413413	0.881071384	0.795582301	0.862095354	0.606775831	0.865493493	0.819845688
-1.12712713	0.891343408	0.804040791	0.869049426	0.606217143	0.875744706	0.827287917
-1.12012012	0.901556030	0.812479490	0.875873773	0.605570417	0.885941858	0.834648408
-1.11311311	0.911698903	0.820892298	0.882559854	0.604835160	0.896074123	0.841919500
-1.10610611	0.921761299	0.829272853	0.889098977	0.604010916	0.906130247	0.849093317
-1.09909910	0.931732102	0.837614524	0.895482307	0.603097267	0.916098549	0.856161780
-1.09209209	0.941599816	0.845910405	0.901700875	0.602093838	0.925966930	0.863116601
-1.08508509	0.951352568	0.854153311	0.907745591	0.601000293	0.935722870	0.869949297
-1.07807808	0.960978109	0.862335773	0.913607253	0.599816340	0.945353440	0.876651193
-1.07107107	0.970463824	0.870450039	0.919276557	0.598541727	0.954845310	0.883213426
-1.06406406	0.979796737	0.878488061	0.924744117	0.597176247	0.964184756	0.889626957
-1.05705706	0.988963525	0.886441501	0.930000473	0.595719734	0.973357675	0.895882577
-1.05005005	0.997950522	0.894301723	0.935036106	0.594172069	0.982349599	0.901970917
-1.04304304	1.006743738	0.902059793	0.939841457	0.592533175	0.991145711	0.907882458
-1.03603604	1.015328868	0.909706476	0.944406939	0.590803021	0.999730867	0.913607544
-1.02902903	1.023691314	0.917232235	0.948722958	0.588981622	1.008089614	0.919136391
-1.02202202	1.031816197	0.924627233	0.952779927	0.587069039	1.016206214	0.924459104
-1.01501502	1.039688385	0.931881330	0.956568286	0.585065376	1.024064674	0.929565689
-1.00800801	1.047292505	0.938984086	0.960078523	0.582970788	1.031648772	0.934446067
-1.00100100	1.054612975	0.945924761	0.963301191	0.580785473	1.038942088	0.939090093
-0.99399399	1.061634026	0.952692320	0.966226928	0.578509678	1.045928042	0.943487570
-0.98698699	1.068339733	0.959275435	0.968846481	0.576143696	1.052589925	0.947628269
-0.97997998	1.074714041	0.965662491	0.971150724	0.573687867	1.058910942	0.951501947
-0.97297297	1.080740800	0.971841588	0.973130682	0.571142579	1.064874253	0.955098366
-0.96596597	1.086403797	0.977800553	0.974777553	0.568508267	1.070463016	0.958407315
-0.95895896	1.091686792	0.983526940	0.976082727	0.565785413	1.075660433	0.961418629
-0.95195195	1.096573559	0.989008049	0.977037815	0.562974548	1.080449800	0.964122213
-0.94494494	1.101047920	0.994230925	0.977634665	0.560076246	1.084814553	0.966508063
-0.93793794	1.105093789	0.999182379	0.977865390	0.557091133	1.088738327	0.968566292
-0.93093093	1.108695214	1.003848995	0.977722387	0.554019879	1.092205002	0.970287150
-0.92392392	1.111836422	1.008217143	0.977198364	0.550863202	1.095198766	0.971661051
-0.91691692	1.114501864	1.012273002	0.976286358	0.547621865	1.097704164	0.972678595
-0.90990991	1.116676260	1.016002567	0.974979759	0.544296678	1.099706159	0.973330598
-0.90290290	1.118344650	1.019391677	0.973272335	0.540888498	1.101190189	0.973608110
-0.89589590	1.119492441	1.022426028	0.971158248	0.537398226	1.102142224	0.973502446
-0.88888889	1.120105455	1.025091200	0.968632081	0.533826809	1.102548827	0.973005210
-0.88188188	1.120169980	1.027372676	0.965688852	0.530175238	1.102397206	0.972108317
-0.87487487	1.119672823	1.029255873	0.962324041	0.526444549	1.101675276	0.970804022
-0.86786787	1.118601355	1.030726163	0.958533602	0.522635822	1.100371711	0.969084942
-0.86086086	1.116943565	1.031768907	0.954313986	0.518750179	1.098475998	0.966944082
-0.85385385	1.114688112	1.032369485	0.949662158	0.514788787	1.095978492	0.964374855
-0.84684685	1.111824369	1.032513326	0.944575611	0.510752852	1.092870460	0.961371110
-0.83983984	1.108342475	1.032185948	0.939052382	0.506643625	1.089144134	0.957927152
-0.83283283	1.104233384	1.031372990	0.933091071	0.502462395	1.084792749	0.954037761
-0.82582583	1.099488913	1.030060256	0.926690847	0.498210494	1.079810586	0.949698216
-0.81881882	1.094101781	1.028233751	0.919851467	0.493889291	1.074193009	0.944904312
-0.81181181	1.088065662	1.025879731	0.912573284	0.489500195	1.067936493	0.939652379
-0.80480480	1.081375222	1.022984744	0.904857257	0.485044654	1.061038655	0.933939299
-0.79779780	1.074026164	1.019535680	0.896704963	0.480524152	1.053498277	0.927762522
-0.79079079	1.066015261	1.015519821	0.888118603	0.475940211	1.045315322	0.921120079
-0.78378378	1.057340400	1.010924893	0.879101008	0.471294387	1.036490945	0.914010597
-0.77677678	1.048000615	1.005739124	0.869655647	0.466588273	1.027027506	0.906433309
-0.76976977	1.037996117	0.999951301	0.859786633	0.461823495	1.016928568	0.898388067
-0.76276276	1.027328328	0.993550827	0.849498726	0.457001713	1.006198894	0.889875347
-0.75575576	1.015999911	0.986527789	0.838797336	0.452124618	0.994844440	0.880896260
-0.74874875	1.004014794	0.978873020	0.827688528	0.447193936	0.982872342	0.871452559
-0.74174174	0.991378197	0.970578169	0.816179020	0.442211419	0.970290898	0.861546640
-0.73473473	0.978096653	0.961635773	0.804276191	0.437178854	0.957109542	0.851181555
-0.72772773	0.964178031	0.952039326	0.791988077	0.432098053	0.943338821	0.840361006
-0.72072072	0.949631556	0.941783363	0.779323375	0.426970857	0.928990365	0.829089355
-0.71371371	0.934467825	0.930863534	0.766291442	0.421799136	0.914076848	0.817371623
-0.70670671	0.918698826	0.919276689	0.752902297	0.416584784	0.898611958	0.805213497
-0.69969970	0.902337954	0.907020964	0.739166621	0.411329721	0.882610355	0.792621326
-0.69269269	0.885400024	0.894095865	0.725095758	0.406035892	0.866087632	0.779602132
-0.68568569	0.867901285	0.880502367	0.710701716	0.400705263	0.849060279	0.766163606
-0.67867868	0.849859438	0.866243000	0.695997170	0.395339826	0.831545639	0.752314119
-0.67167167	0.831293645	0.851321955	0.680995461	0.389941591	0.813561875	0.738062725
-0.66466466	0.812224543	0.835745174	0.665710600	0.384512590	0.795127934	0.723419170
-0.65765766	0.792674260	0.819520462	0.650157271	0.379054874	0.776263519	0.708393906
-0.65065065	0.772666426	0.802657583	0.634350833	0.373570512	0.756989060	0.692998099
-0.64364364	0.752226185	0.785168373	0.618307325	0.368061592	0.737325698	0.677243649
-0.63663664	0.731380211	0.767066847	0.602043470	0.362530216	0.717295273	0.661143212
-0.62962963	0.710156719	0.748369307	0.585576678	0.356978503	0.696920320	0.644710221
-0.62262262	0.688585477	0.729094453	0.568925051	0.351408586	0.676224077	0.627958918
-0.61561562	0.666697816	0.709263494	0.552107391	0.345822610	0.655230505	0.610904390
-0.60860861	0.644526642	0.688900255	0.535143200	0.340222734	0.633964318	0.593562607
-0.60160160	0.622106439	0.668031283	0.518052686	0.334611126	0.612451025	0.575950470
-0.59459459	0.599473273	0.646685953	0.500856764	0.328989966	0.590716994	0.558085860
-0.58758759	0.576664792	0.624896563	0.483577063	0.323361441	0.568789521	0.539987705
-0.58058058	0.553720217	0.602698424	0.466235917	0.317727747	0.546696922	0.521676035
-0.57357357	0.530680326	0.580129941	0.448856372	0.312091086	0.524468640	0.503172065
-0.56656657	0.507587430	0.557232686	0.431462170	0.306453666	0.502135364	0.484498265
-0.55955956	0.484485336	0.534051446	0.414077749	0.300817698	0.479729167	0.465678448
-0.55255255	0.461419296	0.510634262	0.396728220	0.295185398	0.457283655	0.446737860
-0.54554555	0.438435938	0.487032443	0.379439353	0.289558981	0.434834135	0.427703272
-0.53853854	0.415583181	0.463300553	0.362237546	0.283940665	0.412417781	0.408603073
-0.53153153	0.392910125	0.439496368	0.345149793	0.278332666	0.390073813	0.389467372
-0.52452452	0.370466917	0.415680793	0.328203637	0.272737198	0.367843677	0.370328087
-0.51751752	0.348304584	0.391917744	0.311427121	0.267156473	0.345771217	0.351219040
-0.51051051	0.326474839	0.368273972	0.294848719	0.261592696	0.323902826	0.332176032
-0.50350350	0.305029849	0.344818845	0.278497260	0.256048067	0.302287588	0.313236912
-0.49649650	0.284021967	0.321624053	0.262401836	0.250524779	0.280977367	0.294441632
-0.48948949	0.263503419	0.298763259	0.246591694	0.245025016	0.260026859	0.275832263
-0.48248248	0.243525952	0.276311660	0.231096117	0.239550950	0.239493566	0.257452992
-0.47547548	0.224140435	0.254345478	0.215944281	0.234104742	0.219437691	0.239350073
-0.46846847	0.205396420	0.232941354	0.201165097	0.228688539	0.199921923	0.221571731
-0.46146146	0.187341648	0.212175649	0.186787035	0.223304474	0.181011090	0.204168003
-0.45445445	0.170021527	0.192123646	0.172837929	0.217954661	0.162771656	0.187190510
-0.44744745	0.153478559	0.172858652	0.159344760	0.212641198	0.145271039	0.170692145
-0.44044044	0.137751741	0.154450998	0.146333425	0.207366160	0.128576716	0.154726671
-0.43343343	0.122875938	0.136966945	0.133828485	0.202131602	0.112755108	0.139348204
-0.42642643	0.108881242	0.120467492	0.121852900	0.196939554	0.097870208	0.124610582
-0.41941942	0.095792332	0.105007122	0.110427744	0.191792022	0.083981957	0.110566604
-0.41241241	0.083627842	0.090632480	0.099571921	0.186690982	0.071144363	0.097267135
-0.40540541	0.072399767	0.077381033	0.089301862	0.181638383	0.059403383	0.084760069
-0.39839840	0.062112923	0.065279730	0.079631228	0.176636142	0.048794615	0.073089150
-0.39139139	0.052764481	0.054343726	0.070570614	0.171686141	0.039340864	0.062292677
-0.38438438	0.044343616	0.044575217	0.062127266	0.166790230	0.031049702	0.052402087
-0.37737738	0.036831279	0.035962454	0.054304812	0.161950217	0.023911159	0.043440471
-0.37037037	0.030200135	0.028479035	0.047103032	0.157167876	0.017895768	0.035421060
-0.36336336	0.024414693	0.022083535	0.040517647	0.152444934	0.012953200	0.028345755
-0.35635636	0.019431645	0.016719608	0.034540178	0.147783079	0.009011791	0.022203781
-0.34934935	0.015200444	0.012316624	0.029157845	0.143183951	0.005979297	0.016970585
-0.34234234	0.011664126	0.008790963	0.024353548	0.138649143	0.003745199	0.012607116
-0.33533534	0.008760389	0.006048016	0.020105924	0.134180196	0.002184822	0.009059637
-0.32832833	0.006422905	0.003984947	0.016389497	0.129778601	0.001165380	0.006260246
-0.32132132	0.004582857	0.002494171	0.013174929	0.125445794	0.000553802	0.004128269
-0.31431431	0.003170636	0.001467472	0.010429373	0.121183154	0.000225710	0.002572683
-0.30730731	0.002117654	0.000800517	0.008116943	0.116992003	0.000074403	0.001495630
-0.30030030	0.001358170	0.000397444	0.006199286	0.112873601	0.000018009	0.000797003
-0.29329329	0.000831031	0.000175035	0.004636256	0.108829145	0.000002688	0.000379872
-0.28628629	0.000481214	0.000065900	0.003386690	0.104859767	0.000000172	0.000156273
-0.27927928	0.000261039	0.000020067	0.002409235	0.100966534	0.000000002	0.000052556
-0.27227227	0.000130937	0.000004524	0.001663239	0.097150443	0.000000000	0.000013231
-0.26526527	0.000059708	0.000000648	0.001109633	0.093412418	0.000000000	0.000002134
-0.25825826	0.000024197	0.000000044	0.000711792	0.089753315	0.000000000	0.000000161
-0.25125125	0.000008446	0.000000001	0.000436303	0.086173913	0.000000000	0.000000003
-0.24424424	0.000002429	0.000000000	0.000253607	0.082674914	0.000000000	0.000000000
-0.23723724	0.000000539	0.000000000	0.000138453	0.079256944	0.000000000	0.000000000
-0.23023023	0.000000083	0.000000000	0.000070128	0.075920549	0.000000000	0.000000000
-0.22322322	0.000000008	0.000000000	0.000032435	0.072666196	0.000000000	0.000000000
-0.21621622	0.000000000	0.000000000	0.000013411	0.069494267	0.000000000	0.000000000
-0.20920921	0.000000000	0.000000000	0.000004816	0.066405065	0.000000000	0.000000000
-0.20220220	0.000000000	0.000000000	0.000001442	0.063398805	0.000000000	0.000000000
-0.19519520	0.000000000	0.000000000	0.000000339	0.060475620	0.000000000	0.000000000
-0.18818819	0.000000000	0.000000000	0.000000057	0.057635556	0.000000000	0.000000000
-0.18118118	0.000000000	0.000000000	0.000000006	0.054878572	0.000000000	0.000000000
-0.17417417	0.000000000	0.000000000	0.000000000	0.052204543	0.000000000	0.000000000
-0.16716717	0.000000000	0.000000000	0.000000000	0.049613254	0.000000000	0.000000000
-0.16016016	0.000000000	0.000000000	0.000000000	0.047104406	0.000000000	0.000000000
-0.15315315	0.000000000	0.000000000	0.000000000	0.044677611	0.000000000	0.000000000
-0.14614615	0.000000000	0.000000000	0.000000000	0.042332395	0.000000000	0.000000000
-0.13913914	0.000000000	0.000000000	0.000000000	0.040068200	0.000000000	0.000000000
-0.13213213	0.000000000	0.000000000	0.000000000	0.037884381	0.000000000	0.000000000
-0.12512513	0.000000000	0.000000000	0.000000000	0.035780209	0.000000000	0.000000000
-0.11811812	0.000000000	0.000000000	0.000000000	0.033754873	0.000000000	0.000000000
-0.11111111	0.000000000	0.000000000	0.000000000	0.031807481	0.000000000	0.000000000
-0.10410410	0.000000000	0.000000000	0.000000000	0.029937060	0.000000000	0.000000000
-0.09709710	0.000000000	0.000000000	0.000000000	0.028142560	0.000000000	0.000000000
-0.09009009	0.000000000	0.000000000	0.000000000	0.026422854	0.000000000	0.000000000
-0.08308308	0.000000000	0.000000000	0.000000000	0.024776743	0.000000000	0.000000000
-0.07607608	0.000000000	0.000000000	0.000000000	0.023202957	0.000000000	0.000000000
-0.06906907	0.000000000	0.000000000	0.000000000	0.021700158	0.000000000	0.000000000
-0.06206206	0.000000000	0.000000000	0.000000000	0.020266940	0.000000000	0.000000000
-0.05505506	0.000000000	0.000000000	0.000000000	0.018901840	0.000000000	0.000000000
-0.04804805	0.000000000	0.000000000	0.000000000	0.017603333	0.000000000	0.000000000
-0.04104104	0.000000000	0.000000000	0.000000000	0.016369840	0.000000000	0.000000000
-0.03403403	0.000000000	0.000000000	0.000000000	0.015199731	0.000000000	0.000000000
-0.02702703	0.000000000	0.000000000	0.000000000	0.014091329	0.000000000	0.000000000
-0.02002002	0.000000000	0.000000000	0.000000000	0.013042914	0.000000000	0.000000000
-0.01301301	0.000000000	0.000000000	0.000000000	0.012052727	0.000000000	0.000000000
-0.00600601	0.000000000	0.000000000	0.000000000	0.011118975	0.000000000	0.000000000
0.00100100	0.000000000	0.000000000	0.000000000	0.010239834	0.000000000	0.000000000
0.00800801	0.000000000	0.000000000	0.000000000	0.009413457	0.000000000	0.000000000
0.01501502	0.000000000	0.000000000	0.000000000	0.008637974	0.000000000	0.000000000
0.02202202	0.000000000	0.000000000	0.000000000	0.007911502	0.000000000	0.000000000
0.02902903	0.000000000	0.000000000	0.000000000	0.007232144	0.000000000	0.000000000
0.03603604	0.000000000	0.000000000	0.000000000	0.006598000	0.000000000	0.000000000
0.04304304	0.000000000	0.000000000	0.000000000	0.006007166	0.000000000	0.000000000
0.05005005	0.000000000	0.000000000	0.000000000	0.005457743	0.000000000	0.000000000
0.05705706	0.000000000	0.000000000	0.000000000	0.004947841	0.000000000	0.000000000
0.06406406	0.000000000	0.000000000	0.000000000	0.004475581	0.000000000	0.000000000
0.07107107	0.000000000	0.000000000	0.000000000	0.004039104	0.000000000	0.000000000
0.07807808	0.000000000	0.000000000	0.000000000	0.003636570	0.000000000	0.000000000
0.08508509	0.000000000	0.000000000	0.000000000	0.003266169	0.000000000	0.000000000
0.09209209	0.000000000	0.000000000	0.000000000	0.002926119	0.000000000	0.000000000
0.09909910	0.000000000	0.000000000	0.000000000	0.002614674	0.000000000	0.000000000
0.10610611	0.000000000	0.000000000	0.000000000	0.002330125	0.000000000	0.000000000
0.11311311	0.000000000	0.000000000	0.000000000	0.002070807	0.000000000	0.000000000
0.12012012	0.000000000	0.000000000	0.000000000	0.001835099	0.000000000	0.000000000
0.12712713	0.000000000	0.000000000	0.000000000	0.001621429	0.000000000	0.000000000
0.13413413	0.000000000	0.000000000	0.000000000	0.001428274	0.000000000	0.000000000
0.14114114	0.000000000	0.000000000	0.000000000	0.001254169	0.000000000	0.000000000
0.14814815	0.000000000	0.000000000	0.000000000	0.001097702	0.000000000	0.000000000
0.15515516	0.000000000	0.000000000	0.000000000	0.000957518	0.000000000	0.000000000
0.16216216	0.000000000	0.000000000	0.000000000	0.000832324	0.000000000	0.000000000
0.16916917	0.000000000	0.000000000	0.000000000	0.000720886	0.000000000	0.000000000
0.17617618	0.000000000	0.000000000	0.000000000	0.000622032	0.000000000	0.000000000
0.18318318	0.000000000	0.000000000	0.000000000	0.000534652	0.000000000	0.000000000
0.19019019	0.000000000	0.000000000	0.000000000	0.000457698	0.000000000	0.000000000
0.19719720	0.000000000	0.000000000	0.000000000	0.000390184	0.000000000	0.000000000
0.20420420	0.000000000	0.000000000	0.000000000	0.000331188	0.000000000	0.000000000
0.21121121	0.000000000	0.000000000	0.000000000	0.000279846	0.000000000	0.000000000
0.21821822	0.000000000	0.000000000	0.000000000	0.000235358	0.000000000	0.000000000
0.22522523	0.000000000	0.000000000	0.000000000	0.000196978	0.000000000	0.000000000
0.23223223	0.000000000	0.000000000	0.000000000	0.000164023	0.000000000	0.000000000
0.23923924	0.000000000	0.000000000	0.000000000	0.000135861	0.000000000	0.000000000
0.24624625	0.000000000	0.000000000	0.000000000	0.000111916	0.000000000	0.000000000
0.25325325	0.000000000	0.000000000	0.000000000	0.000091664	0.000000000	0.000000000
0.26026026	0.000000000	0.000000000	0.000000000	0.000074628	0.000000000	0.000000000
0.26726727	0.000000000	0.000000000	0.000000000	0.000060379	0.000000000	0.000000000
0.27427427	0.000000000	0.000000000	0.000000000	0.000048532	0.000000000	0.000000000
0.28128128	0.000000000	0.000000000	0.000000000	0.000038744	0.000000000	0.000000000
0.28828829	0.000000000	0.000000000	0.000000000	0.000030710	0.000000000	0.000000000
0.29529530	0.000000000	0.000000000	0.000000000	0.000024160	0.000000000	0.000000000
0.30230230	0.000000000	0.000000000	0.000000000	0.000018858	0.000000000	0.000000000
0.30930931	0.000000000	0.000000000	0.000000000	0.000014599	0.000000000	0.000000000
0.31631632	0.000000000	0.000000000	0.000000000	0.000011204	0.000000000	0.000000000
0.32332332	0.000000000	0.000000000	0.000000000	0.000008521	0.000000000	0.000000000
0.33033033	0.000000000	0.000000000	0.000000000	0.000006419	0.000000000	0.000000000
0.33733734	0.000000000	0.000000000	0.000000000	0.000004786	0.000000000	0.000000000
0.34434434	0.000000000	0.000000000	0.000000000	0.000003532	0.000000000	0.000000000
0.35135135	0.000000000	0.000000000	0.000000000	0.000002577	0.000000000	0.000000000
0.35835836	0.000000000	0.000000000	0.000000000	0.000001858	0.000000000	0.000000000
0.36536537	0.000000000	0.000000000	0.000000000	0.000001322	0.000000000	0.000000000
0.37237237	0.000000000	0.000000000	0.000000000	0.000000929	0.000000000	0.000000000
0.37937938	0.000000000	0.000000000	0.000000000	0.000000644	0.000000000	0.000000000
0.38638639	0.000000000	0.000000000	0.000000000	0.000000439	0.000000000	0.000000000
0.39339339	0.000000000	0.000000000	0.000000000	0.000000295	0.000000000	0.000000000
0.40040040	0.000000000	0.000000000	0.000000000	0.000000195	0.000000000	0.000000000
0.40740741	0.000000000	0.000000000	0.000000000	0.000000126	0.000000000	0.000000000
0.41441441	0.000000000	0.000000000	0.000000000	0.000000080	0.000000000	0.000000000
0.42142142	0.000000000	0.000000000	0.000000000	0.000000050	0.000000000	0.000000000
0.42842843	0.000000000	0.000000000	0.000000000	0.000000030	0.000000000	0.000000000
0.43543544	0.000000000	0.000000000	0.000000000	0.000000018	0.000000000	0.000000000
0.44244244	0.000000000	0.000000000	0.000000000	0.000000010	0.000000000	0.000000000
0.44944945	0.000000000	0.000000000	0.000000000	0.000000006	0.000000000	0.000000000
0.45645646	0.000000000	0.000000000	0.000000000	0.000000003	0.000000000	0.000000000
0.46346346	0.000000000	0.000000000	0.000000000	0.000000002	0.000000000	0.000000000
0.47047047	0.000000000	0.000000000	0.000000000	0.000000001	0.000000000	0.000000000
0.47747748	0.000000000	0.000000000	0.000000000	0.000000000	0.000000000	0.000000000
0.48448448	0.000000000	0.000000000	0.000000000	0.000000000	0.000000000	0.000000000
0.49149149	0.000000000	0.000000000	0.000000000	0.000000000	0.000000000	0.000000000
0.49849850	0.000000000	0.000000000	0.000000000	0.000000000	0.000000000	0.000000000
0.50550551	0.000000000	0.000000000	0.000000000	0.000000000	0.000000000	0.000000000
0.51251251	0.000000000	0.000000000	0.000000000	0.000000000	0.000000000	0.000000000
0.51951952	0.000000000	0.000000000	0.000000000	0.000000000	0.000000000	0.000000000
0.52652653	0.000000000	0.000000000	0.000000000	0.000000000	0.000000000	0.000000000
0.53353353	0.000000000	0.000000000	0.000000000	0.000000000	0.000000000	0.000000000
0.54054054	0.000000000	0.000000000	0.000000000	0.000000000	0.000000000	0.000000000
0.54754755	0.000000000	0.000000000	0.000000000	0.000000000	0.000000000	0.000000000
0.55455455	0.000000000	0.000000000	0.000000000	0.000000000	0.000000000	0.000000000
0.56156156	0.000000000	0.000000000	0.000000000	0.000000000	0.000000000	0.000000000
0.56856857	0.000000000	0.000000000	0.000000000	0.000000000	0.000000000	0.000000000
0.57557558	0.000000000	0.000000000	0.000000000	0.000000000	0.000000000	0.000000000
0.58258258	0.000000000	0.000000000	0.000000000	0.000000000	0.000000000	0.000000000
0.58958959	0.000000000	0.000000000	0.000000000	0.000000000	0.000000000	0.000000000
0.59659660	0.000000000	0.000000000	0.000000000	0.000000000	0.000000000	0.000000000
0.60360360	0.000000000	0.000000000	0.000000000	0.000000000	0.000000000	0.000000000
0.61061061	0.000000000	0.000000000	0.000000000	0.000000000	0.000000000	0.000000000
0.61761762	0.000000000	0.000000000	0.000000000	0.000000000	0.000000000	0.000000000
0.62462462	0.000000000	0.000000000	0.000000000	0.000000000	0.000000000	0.000000000
0.63163163	0.000000000	0.000000000	0.000000000	0.000000000	0.000000000	0.000000000
0.63863864	0.000000000	0.000000000	0.000000000	0.000000000	0.000000000	0.000000000
0.64564565	0.000000000	0.000000000	0.000000000	0.000000000	0.000000000	0.000000000
0.65265265	0.000000000	0.000000000	0.000000000	0.000000000	0.000000000	0.000000000
0.65965966	0.000000000	0.000000000	0.000000000	0.000000000	0.000000000	0.000000000
0.66666667	0.000000000	0.000000000	0.000000000	0.000000000	0.000000000	0.000000000
0.67367367	0.000000000	0.000000000	0.000000000	0.000000000	0.000000000	0.000000000
0.68068068	0.000000000	0.000000000	0.000000000	0.000000000	0.000000000	0.000000000
0.68768769	0.000000000	0.000000000	0.000000000	0.000000000	0.000000000	0.000000000
0.69469469	0.000000000	0.000000000	0.000000000	0.000000000	0.000000000	0.000000000
0.70170170	0.000000000	0.000000000	0.000000000	0.000000000	0.000000000	0.000000000
0.70870871	0.000000000	0.000000000	0.000000000	0.000000000	0.000000000	0.000000000
0.71571572	0.000000000	0.000000000	0.000000000	0.000000000	0.000000000	0.000000000
0.72272272	0.000000000	0.000000000	0.000000000	0.000000000	0.000000000	0.000000000
0.72972973	0.000000000	0.000000000	0.000000000	0.000000000	0.000000000	0.000000000
0.73673674	0.000000000	0.000000000	0.000000000	0.000000000	0.000000000	0.000000000
0.74374374	0.000000000	0.000000000	0.000000000	0.000000000	0.000000000	0.000000000
0.75075075	0.000000000	0.000000000	0.000000000	0.000000000	0.000000000	0.000000000
0.75775776	0.000000000	0.000000000	0.000000000	0.000000000	0.000000000	0.000000000
0.76476476	0.000000000	0.000000000	0.000000000	0.000000000	0.000000000	0.000000000
0.77177177	0.000000000	0.000000000	0.000000000	0.000000000	0.000000000	0.000000000
0.77877878	0.000000000	0.000000000	0.000000000	0.000000000	0.000000000	0.000000000
0.78578579	0.000000000	0.000000000	0.000000000	0.000000000	0.000000000	0.000000000
0.79279279	0.000000000	0.000000000	0.000000000	0.000000000	0.000000000	0.000000000
0.79979980	0.000000000	0.000000000	0.000000000	0.000000000	0.000000000	0.000000000
0.80680681	0.000000000	0.000000000	0.000000000	0.000000000	0.000000000	0.000000000
0.81381381	0.000000000	0.000000000	0.000000000	0.000000000	0.000000000	0.000000000
0.82082082	0.000000000	0.000000000	0.000000000	0.000000000	0.000000000	0.000000000
0.82782783	0.000000000	0.000000000	0.000000000	0.000000000	0.000000000	0.000000000
0.83483483	0.000000000	0.000000000	0.000000000	0.000000000	0.000000000	0.000000000
0.84184184	0.000000000	0.000000000	0.000000000	0.000000000	0.000000000	0.000000000
0.84884885	0.000000000	0.000000000	0.000000000	0.000000000	0.000000000	0.000000000
0.85585586	0.000000000	0.000000000	0.000000000	0.000000000	0.000000000	0.000000000
0.86286286	0.000000000	0.000000000	0.000000000	0.000000000	0.000000000	0.000000000
0.86986987	0.000000000	0.000000000	0.000000000	0.000000000	0.000000000	0.000000000
0.87687688	0.000000000	0.000000000	0.000000000	0.000000000	0.000000000	0.000000000
0.88388388	0.000000000	0.000000000	0.000000000	0.000000000	0.000000000	0.000000000
0.89089089	0.000000000	0.000000000	0.000000000	0.000000000	0.000000000	0.000000000
0.89789790	0.000000000	0.000000000	0.000000000	0.000000000	0.000000000	0.000000000
0.90490490	0.000000000	0.000000000	0.000000000	0.000000000	0.000000000	0.000000000
0.91191191	0.000000000	0.000000000	0.000000000	0.000000000	0.000000000	0.000000000
0.91891892	0.000000000	0.000000000	0.000000000	0.000000000	0.000000000	0.000000000
0.92592593	0.000000000	0.000000000	0.000000000	0.000000000	0.000000000	0.000000000
0.93293293	0.000000000	0.000000000	0.000000000	0.000000000	0.000000000	0.000000000
0.93993994	0.000000000	0.000000000	0.000000000	0.000000000	0.000000000	0.000000000
0.94694695	0.000000000	0.000000000	0.000000000	0.000000000	0.000000000	0.000000000
0.95395395	0.000000000	0.000000000	0.000000000	0.000000000	0.000000000	0.000000000
0.96096096	0.000000000	0.000000000	0.000000000	0.000000000	0.000000000	0.000000000
0.96796797	0.000000000	0.000000000	0.000000000	0.000000000	0.000000000	0.000000000
0.97497497	0.000000000	0.000000000	0.000000000	0.000000000	0.000000000	0.000000000
0.98198198	0.000000000	0.000000000	0.000000000	0.000000000	0.000000000	0.000000000
0.98898899	0.000000000	0.000000000	0.000000000	0.000000000	0.000000000	0.000000000
0.99599600	0.000000000	0.000000000	0.000000000	0.000000000	0.000000000	0.000000000
1.00300300	0.000000000	0.000000000	0.000000000	0.000000000	0.000000000	0.000000000
1.01001001	0.000000000	0.000000000	0.000000000	0.000000000	0.000000000	0.000000000
1.01701702	0.000000000	0.000000000	0.000000000	0.000000000	0.000000000	0.000000000
1.02402402	0.000000000	0.000000000	0.000000000	0.000000000	0.000000000	0.000000000
1.03103103	0.000000000	0.000000000	0.000000000	0.000000000	0.000000000	0.000000000
1.03803804	0.000000000	0.000000000	0.000000000	0.000000000	0.000000000	0.000000000
1.04504505	0.000000000	0.000000000	0.000000000	0.000000000	0.000000000	0.000000000
1.05205205	0.000000000	0.000000000	0.000000000	0.000000000	0.000000000	0.000000000
1.05905906	0.000000000	0.000000000	0.000000000	0.000000000	0.000000000	0.000000000
1.06606607	0.000000000	0.000000000	0.000000000	0.000000000	0.000000000	0.000000000
1.07307307	0.000000000	0.000000000	0.000000000	0.000000000	0.000000000	0.000000000
1.08008008	0.000000000	0.000000000	0.000000000	0.000000000	0.000000000	0.000000000
1.08708709	0.000000000	0.000000000	0.000000000	0.000000000	0.000000000	0.000000000
1.09409409	0.000000000	0.000000000	0.000000000	0.000000000	0.000000000	0.000000000
1.10110110	0.000000000	0.000000000	0.000000000	0.000000000	0.000000000	0.000000000
1.10810811	0.000000000	0.000000000	0.000000000	0.000000000	0.000000000	0.000000000
1.11511512	0.000000000	0.000000000	0.000000000	0.000000000	0.000000000	0.000000000
1.12212212	0.000000000	0.000000000	0.000000000	0.000000000	0.000000000	0.000000000
1.12912913	0.000000000	0.000000000	0.000000000	0.000000000	0.000000000	0.000000000
1.13613614	0.000000000	0.000000000	0.000000000	0.000000000	0.000000000	0.000000000
1.14314314	0.000000000	0.000000000	0.000000000	0.000000000	0.000000000	0.000000000
1.15015015	0.000000000	0.000000000	0.000000000	0.000000000	0.000000000	0.000000000
1.15715716	0.000000000	0.000000000	0.000000000	0.000000000	0.000000000	0.000000000
1.16416416	0.000000000	0.000000000	0.000000000	0.000000000	0.000000000	0.000000000
1.17117117	0.000000000	0.000000000	0.000000000	0.000000000	0.000000000	0.000000000
1.17817818	0.000000000	0.000000000	0.000000000	0.000000000	0.000000000	0.000000000
1.18518519	0.000000000	0.000000000	0.000000000	0.000000000	0.000000000	0.000000000
1.19219219	0.000000000	0.000000000	0.000000000	0.000000000	0.000000000	0.000000000
1.19919920	0.000000000	0.000000000	0.000000000	0.000000000	0.000000000	0.000000000
1.20620621	0.000000000	0.000000000	0.000000000	0.000000000	0.000000000	0.000000000
1.21321321	0.000000000	0.000000000	0.000000000	0.000000000	0.000000000	0.000000000
1.22022022	0.000000000	0.000000000	0.000000000	0.000000000	0.000000000	0.000000000
1.22722723	0.000000000	0.000000000	0.000000000	0.000000000	0.000000000	0.000000000
1.23423423	0.000000000	0.000000000	0.000000000	0.000000000	0.000000000	0.000000000
1.24124124	0.000000000	0.000000000	0.000000000	0.000000000	0.000000000	0.000000000
1.24824825	0.000000000	0.000000000	0.000000000	0.000000000	0.000000000	0.000000000
1.25525526	0.000000000	0.000000000	0.000000000	0.000000000	0.000000000	0.000000000
1.26226226	0.000000000	0.000000000	0.000000000	0.000000000	0.000000000	0.000000000
1.26926927	0.000000000	0.000000000	0.000000000	0.000000000	0.000000000	0.000000000
1.27627628	0.000000000	0.000000000	0.000000000	0.000000000	0.000000000	0.000000000
1.28328328	0.000000000	0.000000000	0.000000000	0.000000000	0.000000000	0.000000000
1.29029029	0.000000000	0.000000000	0.000000000	0.000000000	0.000000000	0.000000000
1.29729730	0.000000000	0.000000000	0.000000000	0.000000000	0.000000000	0.000000000
1.30430430	0.000000000	0.000000000	0.000000000	0.000000000	0.000000000	0.000000000
1.31131131	0.000000000	0.000000000	0.000000000	0.000000000	0.000000000	0.000000000
1.31831832	0.000000000	0.000000000	0.000000000	0.000000000	0.000000000	0.000000000
1.32532533	0.000000000	0.000000000	0.000000000	0.000000000	0.000000000	0.000000000
1.33233233	0.000000000	0.000000000	0.000000000	0.000000000	0.000000000	0.000000000
1.33933934	0.000000000	0.000000000	0.000000000	0.000000000	0.000000000	0.000000000
1.34634635	0.000000000	0.000000000	0.000000000	0.000000000	0.000000000	0.000000000
1.35335335	0.000000000	0.000000000	0.000000000	0.000000000	0.000000000	0.000000000
1.36036036	0.000000000	0.000000000	0.000000000	0.000000000	0.000000000	0.000000000
1.36736737	0.000000000	0.000000000	0.000000000	0.000000000	0.000000000	0.000000000
1.37437437	0.000000000	0.000000000	0.000000000	0.000000000	0.000000000	0.000000000
1.38138138	0.000000000	0.000000000	0.000000000	0.000000000	0.000000000	0.000000000
1.38838839	0.000000000	0.000000000	0.000000000	0.000000000	0.000000000	0.000000000
1.39539540	0.000000000	0.000000000	0.000000000	0.000000000	0.000000000	0.000000000
1.40240240	0.000000000	0.000000000	0.000000000	0.000000000	0.000000000	0.000000000
1.40940941	0.000000000	0.000000000	0.000000000	0.000000000	0.000000000	0.000000000
1.41641642	0.000000000	0.000000000	0.000000000	0.000000000	0.000000000	0.000000000
1.42342342	0.000000000	0.000000000	0.000000000	0.000000000	0.000000000	0.000000000
1.43043043	0.000000000	0.000000000	0.000000000	0.000000000	0.000000000	0.000000000
1.43743744	0.000000000	0.000000000	0.000000000	0.000000000	0.000000000	0.000000000
1.44444444	0.000000000	0.000000000	0.000000000	0.000000000	0.000000000	0.000000000
1.45145145	0.000000000	0.000000000	0.000000000	0.000000000	0.000000000	0.000000000
1.45845846	0.000000000	0.000000000	0.000000000	0.000000000	0.000000000	0.000000000
1.46546547	0.000000000	0.000000000	0.000000000	0.000000000	0.000000000	0.000000000
1.47247247	0.000000000	0.000000000	0.000000000	0.000000000	0.000000000	0.000000000
1.47947948	0.000000000	0.000000000	0.000000000	0.000000000	0.000000000	0.000000000
1.48648649	0.000000000	0.000000000	0.000000000	0.000000000	0.000000000	0.000000000
1.49349349	0.000000000	0.000000000	0.000000000	0.000000000	0.000000000	0.000000000
1.50050050	0.000000000	0.000000000	0.000000000	0.000000000	0.000000000	0.000000000
1.50750751	0.000000000	0.000000000	0.000000000	0.000000000	0.000000000	0.000000000
1.51451451	0.000000000	0.000000000	0.000000000	0.000000000	0.000000000	0.000000000
1.52152152	0.000000000	0.000000000	0.000000000	0.000000000	0.000000000	0.000000000
1.52852853	0.000000000	0.000000000	0.000000000	0.000000000	0.000000000	0.000000000
1.53553554	0.000000000	0.000000000	0.000000000	0.000000000	0.000000000	0.000000000
1.54254254	0.000000000	0.000000000	0.000000000	0.000000000	0.000000000	0.000000000
1.54954955	0.000000000	0.000000000	0.000000000	0.000000000	0.000000000	0.000000000
1.55655656	0.000000000	0.000000000	0.000000000	0.000000000	0.000000000	0.000000000
1.56356356	0.000000000	0.000000000	0.000000000	0.000000000	0.000000000	0.000000000
1.57057057	0.000000000	0.000000000	0.000000000	0.000000000	0.000000000	0.000000000
1.57757758	0.000000000	0.000000000	0.000000000	0.000000000	0.000000000	0.000000000
1.58458458	0.000000000	0.000000000	0.000000000	0.000000000	0.000000000	0.000000000
1.59159159	0.000000000	0.000000000	0.000000000	0.000000000	0.000000000	0.000000000
1.59859860	0.000000000	0.000000000	0.000000000	0.000000000	0.000000000	0.000000000
1.60560561	0.000000000	0.000000000	0.000000000	0.000000000	0.000000000	0.000000000
1.61261261	0.000000000	0.000000000	0.000000000	0.000000000	0.000000000	0.000000000
1.61961962	0.000000000	0.000000000	0.000000000	0.000000000	0.000000000	0.000000000
1.62662663	0.000000000	0.000000000	0.000000000	0.000000000	0.000000000	0.000000000
1.63363363	0.000000000	0.000000000	0.000000000	0.000000000	0.000000000	0.000000000
1.64064064	0.000000000	0.000000000	0.000000000	0.000000000	0.000000000	0.000000000
1.64764765	0.000000000	0.000000000	0.000000000	0.000000000	0.000000000	0.000000000
1.65465465	0.000000000	0.000000000	0.000000000	0.000000000	0.000000000	0.000000000
1.66166166	0.000000000	0.000000000	0.000000000	0.000000000	0.000000000	0.000000000
1.66866867	0.000000000	0.000000000	0.000000000	0.000000000	0.000000000	0.000000000
1.67567568	0.000000000	0.000000000	0.000000000	0.000000000	0.000000000	0.000000000
1.68268268	0.000000000	0.000000000	0.000000000	0.000000000	0.000000000	0.000000000
1.68968969	0.000000000	0.000000000	0.000000000	0.000000000	0.000000000	0.000000000
1.69669670	0.000000000	0.000000000	0.000000000	0.000000000	0.000000000	0.000000000
1.70370370	0.000000000	0.000000000	0.000000000	0.000000000	0.000000000	0.000000000
1.71071071	0.000000000	0.000000000	0.000000000	0.000000000	0.000000000	0.000000000
1.71771772	0.000000000	0.000000000	0.000000000	0.000000000	0.000000000	0.000000000
1.72472472	0.000000000	0.000000000	0.000000000	0.000000000	0.000000000	0.000000000
1.73173173	0.000000000	0.000000000	0.000000000	0.000000000	0.000000000	0.000000000
1.73873874	0.000000000	0.000000000	0.000000000	0.000000000	0.000000000	0.000000000
1.74574575	0.000000000	0.000000000	0.000000000	0.000000000	0.000000000	0.000000000
1.75275275	0.000000000	0.000000000	0.000000000	0.000000000	0.000000000	0.000000000
1.75975976	0.000000000	0.000000000	0.000000000	0.000000000	0.000000000	0.000000000
1.76676677	0.000000000	0.000000000	0.000000000	0.000000000	0.000000000	0.000000000
1.77377377	0.000000000	0.000000000	0.000000000	0.000000000	0.000000000	0.000000000
1.78078078	0.000000000	0.000000000	0.000000000	0.000000000	0.000000000	0.000000000
1.78778779	0.000000000	0.000000000	0.000000000	0.000000000	0.000000000	0.000000000
1.79479479	0.000000000	0.000000000	0.000000000	0.000000000	0.000000000	0.000000000
1.80180180	0.000000000	0.000000000	0.000000000	0.000000000	0.000000000	0.000000000
1.80880881	0.000000000	0.000000000	0.000000000	0.000000000	0.000000000	0.000000000
1.81581582	0.000000000	0.000000000	0.000000000	0.000000000	0.000000000	0.000000000
1.82282282	0.000000000	0.000000000	0.000000000	0.000000000	0.000000000	0.000000000
1.82982983	0.000000000	0.000000000	0.000000000	0.000000000	0.000000000	0.000000000
1.83683684	0.000000000	0.000000000	0.000000000	0.000000000	0.000000000	0.000000000
1.84384384	0.000000000	0.000000000	0.000000000	0.000000000	0.000000000	0.000000000
1.85085085	0.000000000	0.000000000	0.000000000	0.000000000	0.000000000	0.000000000
1.85785786	0.000000000	0.000000000	0.000000000	0.000000000	0.000000000	0.000000000
1.86486486	0.000000000	0.000000000	0.000000000	0.000000000	0.000000000	0.000000000
1.87187187	0.000000000	0.000000000	0.000000000	0.000000000	0.000000000	0.000000000
1.87887888	0.000000000	0.000000000	0.000000000	0.000000000	0.000000000	0.000000000
1.88588589	0.000000000	0.000000000	0.000000000	0.000000000	0.000000000	0.000000000
1.89289289	0.000000000	0.000000000	0.000000000	0.000000000	0.000000000	0.000000000
1.89989990	0.000000000	0.000000000	0.000000000	0.000000000	0.000000000	0.000000000
1.90690691	0.000000000	0.000000000	0.000000000	0.000000000	0.000000000	0.000000000
1.91391391	0.000000000	0.000000000	0.000000000	0.000000000	0.000000000	0.000000000
1.92092092	0.000000000	0.000000000	0.000000000	0.000000000	0.000000000	0.000000000
1.92792793	0.000000000	0.000000000	0.000000000	0.000000000	0.000000000	0.000000000
1.93493493	0.000000000	0.000000000	0.000000000	0.000000000	0.000000000	0.000000000
1.94194194	0.000000000	0.000000000	0.000000000	0.000000000	0.000000000	0.000000000
1.94894895	0.000000000	0.000000000	0.000000000	0.000000000	0.000000000	0.000000000
1.95595596	0.000000000	0.000000000	0.000000000	0.000000000	0.000000000	0.000000000
1.96296296	0.000000000	0.000000000	0.000000000	0.000000000	0.000000000	0.000000000
1.96996997	0.000000000	0.000000000	0.000000000	0.000000000	0.000000000	0.000000000
1.97697698	0.000000000	0.000000000	0.000000000	0.000000000	0.000000000	0.000000000
1.98398398	0.000000000	0.000000000	0.000000000	0.000000000	0.000000000	0.000000000
1.99099099	0.000000000	0.000000000	0.000000000	0.000000000	0.000000000	0.000000000
1.99799800	0.000000000	0.000000000	0.000000000	0.000000000	0.000000000	0.000000000
2.00500501	0.000000000	0.000000000	0.000000000	0.000000000	0.000000000	0.000000000
2.01201201	0.000000000	0.000000000	0.000000000	0.000000000	0.000000000	0.000000000
2.01901902	0.000000000	0.000000000	0.000000000	0.000000000	0.000000000	0.000000000
2.02602603	0.000000000	0.000000000	0.000000000	0.000000000	0.000000000	0.000000000
2.03303303	0.000000000	0.000000000	0.000000000	0.000000000	0.000000000	0.000000000
2.04004004	0.000000000	0.000000000	0.000000000	0.000000000	0.000000000	0.000000000
2.04704705	0.000000000	0.000000000	0.000000000	0.000000000	0.000000000	0.000000000
2.05405405	0.000000000	0.000000000	0.000000000	0.000000000	0.000000000	0.000000000
2.06106106	0.000000000	0.000000000	0.000000000	0.000000000	0.000000000	0.000000000
2.06806807	0.000000000	0.000000000	0.000000000	0.000000000	0.000000000	0.000000000
2.07507508	0.000000000	0.000000000	0.000000000	0.000000000	0.000000000	0.000000000
2.08208208	0.000000000	0.000000000	0.000000000	0.000000000	0.000000000	0.000000000
2.08908909	0.000000000	0.000000000	0.000000000	0.000000000	0.000000000	0.000000000
2.09609610	0.000000000	0.000000000	0.000000000	0.000000000	0.000000000	0.000000000
2.10310310	0.000000000	0.000000000	0.000000000	0.000000000	0.000000000	0.000000000
2.11011011	0.000000000	0.000000000	0.000000000	0.000000000	0.000000000	0.000000000
2.11711712	0.000000000	0.000000000	0.000000000	0.000000000	0.000000000	0.000000000
2.12412412	0.000000000	0.000000000	0.000000000	0.000000000	0.000000000	0.000000000
2.13113113	0.000000000	0.000000000	0.000000000	0.000000000	0.000000000	0.000000000
2.13813814	0.000000000	0.000000000	0.000000000	0.000000000	0.000000000	0.000000000
2.14514515	0.000000000	0.000000000	0.000000000	0.000000000	0.000000000	0.000000000
2.15215215	0.000000000	0.000000000	0.000000000	0.000000000	0.000000000	0.000000000
2.15915916	0.000000000	0.000000000	0.000000000	0.000000000	0.000000000	0.000000000
2.16616617	0.000000000	0.000000000	0.000000000	0.000000000	0.000000000	0.000000000
2.17317317	0.000000000	0.000000000	0.000000000	0.000000000	0.000000000	0.000000000
2.18018018	0.000000000	0.000000000	0.000000000	0.000000000	0.000000000	0.000000000
2.18718719	0.000000000	0.000000000	0.000000000	0.000000000	0.000000000	0.000000000
2.19419419	0.000000000	0.000000000	0.000000000	0.000000000	0.000000000	0.000000000
2.20120120	0.000000000	0.000000000	0.000000000	0.000000000	0.000000000	0.000000000
2.20820821	0.000000000	0.000000000	0.000000000	0.000000000	0.000000000	0.000000000
2.21521522	0.000000000	0.000000000	0.000000000	0.000000000	0.000000000	0.000000000
2.22222222	0.000000000	0.000000000	0.000000000	0.000000000	0.000000000	0.000000000
2.22922923	0.000000000	0.000000000	0.000000000	0.000000000	0.000000000	0.000000000
2.23623624	0.000000000	0.000000000	0.000000000	0.000000000	0.000000000	0.000000000
2.24324324	0.000000000	0.000000000	0.000000000	0.000000000	0.000000000	0.000000000
2.25025025	0.000000000	0.000000000	0.000000000	0.000000000	0.000000000	0.000000000
2.25725726	0.000000000	0.000000000	0.000000000	0.000000000	0.000000000	0.000000000
2.26426426	0.000000000	0.000000000	0.000000000	0.000000000	0.000000000	0.000000000
2.27127127	0.000000000	0.000000000	0.000000000	0.000000000	0.000000000	0.000000000
2.27827828	0.000000000	0.000000000	0.000000000	0.000000000	0.000000000	0.000000000
2.28528529	0.000000000	0.000000000	0.000000000	0.000000000	0.000000000	0.000000000
2.29229229	0.000000000	0.000000000	0.000000000	0.000000000	0.000000000	0.000000000
2.29929930	0.000000000	0.000000000	0.000000000	0.000000000	0.000000000	0.000000000
2.30630631	0.000000000	0.000000000	0.000000000	0.000000000	0.000000000	0.000000000
2.31331331	0.000000000	0.000000000	0.000000000	0.000000000	0.000000000	0.000000000
2.32032032	0.000000000	0.000000000	0.000000000	0.000000000	0.000000000	0.000000000
2.32732733	0.000000000	0.000000000	0.000000000	0.000000000	0.000000000	0.000000000
2.33433433	0.000000000	0.000000000	0.000000000	0.000000000	0.000000000	0.000000000
2.34134134	0.000000000	0.000000000	0.000000000	0.000000000	0.000000000	0.000000000
2.34834835	0.000000000	0.000000000	0.000000000	0.000000000	0.000000000	0.000000000
2.35535536	0.000000000	0.000000000	0.000000000	0.000000000	0.000000000	0.000000000
2.36236236	0.000000000	0.000000000	0.000000000	0.000000000	0.000000000	0.000000000
2.36936937	0.000000000	0.000000000	0.000000000	0.000000000	0.000000000	0.000000000
2.37637638	0.000000000	0.000000000	0.000000000	0.000000000	0.000000000	0.000000000
2.38338338	0.000000000	0.000000000	0.000000000	0.000000000	0.000000000	0.000000000
2.39039039	0.000000000	0.000000000	0.000000000	0.000000000	0.000000000	0.000000000
2.39739740	0.000000000	0.000000000	0.000000000	0.000000000	0.000000000	0.000000000
2.40440440	0.000000000	0.000000000	0.000000000	0.000000000	0.000000000	0.000000000
2.41141141	0.000000000	0.000000000	0.000000000	0.000000000	0.000000000	0.000000000
2.41841842	0.000000000	0.000000000	0.000000000	0.000000000	0.000000000	0.000000000
2.42542543	0.000000000	0.000000000	0.000000000	0.000000000	0.000000000	0.000000000
2.43243243	0.000000000	0.000000000	0.000000000	0.000000000	0.000000000	0.000000000
2.43943944	0.000000000	0.000000000	0.000000000	0.000000000	0.000000000	0.000000000
2.44644645	0.000000000	0.000000000	0.000000000	0.000000000	0.000000000	0.000000000
2.45345345	0.000000000	0.000000000	0.000000000	0.000000000	0.000000000	0.000000000
2.46046046	0.000000000	0.000000000	0.000000000	0.000000000	0.000000000	0.000000000
2.46746747	0.000000000	0.000000000	0.000000000	0.000000000	0.000000000	0.000000000
2.47447447	0.000000000	0.000000000	0.000000000	0.000000000	0.000000000	0.000000000
2.48148148	0.000000000	0.000000000	0.000000000	0.000000000	0.000000000	0.000000000
2.48848849	0.000000000	0.000000000	0.000000000	0.000000000	0.000000000	0.000000000
2.49549550	0.000000000	0.000000000	0.000000000	0.000000000	0.000000000	0.000000000
2.50250250	0.000000000	0.000000000	0.000000000	0.000000000	0.000000000	0.000000000
2.50950951	0.000000000	0.000000000	0.000000000	0.000000000	0.000000000	0.000000000
2.51651652	0.000000000	0.000000000	0.000000000	0.000000000	0.000000000	0.000000000
2.52352352	0.000000000	0.000000000	0.000000000	0.000000000	0.000000000	0.000000000
2.53053053	0.000000000	0.000000000	0.000000000	0.000000000	0.000000000	0.000000000
2.53753754	0.000000000	0.000000000	0.000000000	0.000000000	0.000000000	0.000000000
2.54454454	0.000000000	0.000000000	0.000000000	0.000000000	0.000000000	0.000000000
2.55155155	0.000000000	0.000000000	0.000000000	0.000000000	0.000000000	0.000000000
2.55855856	0.000000000	0.000000000	0.000000000	0.000000000	0.000000000	0.000000000
2.56556557	0.000000000	0.000000000	0.000000000	0.000000000	0.000000000	0.000000000
2.57257257	0.000000000	0.000000000	0.000000000	0.000000000	0.000000000	0.000000000
2.57957958	0.000000000	0.000000000	0.000000000	0.000000000	0.000000000	0.000000000
2.58658659	0.000000000	0.000000000	0.000000000	0.000000000	0.000000000	0.000000000
2.59359359	0.000000000	0.000000000	0.000000000	0.000000000	0.000000000	0.000000000
2.60060060	0.000000000	0.000000000	0.000000000	0.000000000	0.000000000	0.000000000
2.60760761	0.000000000	0.000000000	0.000000000	0.000000000	0.000000000	0.000000000
2.61461461	0.000000000	0.000000000	0.000000000	0.000000000	0.000000000	0.000000000
2.62162162	0.000000000	0.000000000	0.000000000	0.000000000	0.000000000	0.000000000
2.62862863	0.000000000	0.000000000	0.000000000	0.000000000	0.000000000	0.000000000
2.63563564	0.000000000	0.000000000	0.000000000	0.000000000	0.000000000	0.000000000
2.64264264	0.000000000	0.000000000	0.000000000	0.000000000	0.000000000	0.000000000
2.64964965	0.000000000	0.000000000	0.000000000	0.000000000	0.000000000	0.000000000
2.65665666	0.000000000	0.000000000	0.000000000	0.000000000	0.000000000	0.000000000
2.66366366	0.000000000	0.000000000	0.000000000	0.000000000	0.000000000	0.000000000
2.67067067	0.000000000	0.000000000	0.000000000	0.000000000	0.000000000	0.000000000
2.67767768	0.000000000	0.000000000	0.000000000	0.000000000	0.000000000	0.000000000
2.68468468	0.000000000	0.000000000	0.000000000	0.000000000	0.000000000	0.000000000
2.69169169	0.000000000	0.000000000	0.000000000	0.000000000	0.000000000	0.000000000
2.69869870	0.000000000	0.000000000	0.000000000	0.000000000	0.000000000	0.000000000
2.70570571	0.000000000	0.000000000	0.000000000	0.000000000	0.000000000	0.000000000
2.71271271	0.000000000	0.000000000	0.000000000	0.000000000	0.000000000	0.000000000
2.71971972	0.000000000	0.000000000	0.000000000	0.000000000	0.000000000	0.000000000
2.72672673	0.000000000	0.000000000	0.000000000	0.000000000	0.000000000	0.000000000
2.73373373	0.000000000	0.000000000	0.000000000	0.000000000	0.000000000	0.000000000
2.74074074	0.000000000	0.000000000	0.000000000	0.000000000	0.000000000	0.000000000
2.74774775	0.000000000	0.000000000	0.000000000	0.000000000	0.000000000	0.000000000
2.75475475	0.000000000	0.000000000	0.000000000	0.000000000	0.000000000	0.000000000
2.76176176	0.000000000	0.000000000	0.000000000	0.000000000	0.000000000	0.000000000
2.76876877	0.000000000	0.000000000	0.000000000	0.000000000	0.000000000	0.000000000
2.77577578	0.000000000	0.000000000	0.000000000	0.000000000	0.000000000	0.000000000
2.78278278	0.000000000	0.000000000	0.000000000	0.000000000	0.000000000	0.000000000
2.78978979	0.000000000	0.000000000	0.000000000	0.000000000	0.000000000	0.000000000
2.79679680	0.000000000	0.000000000	0.000000000	0.000000000	0.000000000	0.000000000
2.80380380	0.000000000	0.000000000	0.000000000	0.000000000	0.000000000	0.000000000
2.81081081	0.000000000	0.000000000	0.000000000	0.000000000	0.000000000	0.000000000
2.81781782	0.000000000	0.000000000	0.000000000	0.000000000	0.000000000	0.000000000
2.82482482	0.000000000	0.000000000	0.000000000	0.000000000	0.000000000	0.000000000
2.83183183	0.000000000	0.000000000	0.000000000	0.000000000	0.000000000	0.000000000
2.83883884	0.000000000	0.000000000	0.000000000	0.000000000	0.000000000	0.000000000
2.84584585	0.000000000	0.000000000	0.000000000	0.000000000	0.000000000	0.000000000
2.85285285	0.000000000	0.000000000	0.000000000	0.000000000	0.000000000	0.000000000
2.85985986	0.000000000	0.000000000	0.000000000	0.000000000	0.000000000	0.000000000
2.86686687	0.000000000	0.000000000	0.000000000	0.000000000	0.000000000	0.000000000
2.87387387	0.000000000	0.000000000	0.000000000	0.000000000	0.000000000	0.000000000
2.88088088	0.000000000	0.000000000	0.000000000	0.000000000	0.000000000	0.000000000
2.88788789	0.000000000	0.000000000	0.000000000	0.000000000	0.000000000	0.000000000
2.89489489	0.000000000	0.000000000	0.000000000	0.000000000	0.000000000	0.000000000
2.90190190	0.000000000	0.000000000	0.000000000	0.000000000	0.000000000	0.000000000
2.90890891	0.000000000	0.000000000	0.000000000	0.000000000	0.000000000	0.000000000
2.91591592	0.000000000	0.000000000	0.000000000	0.000000000	0.000000000	0.000000000
2.92292292	0.000000000	0.000000000	0.000000000	0.000000000	0.000000000	0.000000000
2.92992993	0.000000000	0.000000000	0.000000000	0.000000000	0.000000000	0.000000000
2.93693694	0.000000000	0.000000000	0.000000000	0.000000000	0.000000000	0.000000000
2.94394394	0.000000000	0.000000000	0.000000000	0.000000000	0.000000000	0.000000000
2.95095095	0.000000000	0.000000000	0.000000000	0.000000000	0.000000000	0.000000000
2.95795796	0.000000000	0.000000000	0.000000000	0.000000000	0.000000000	0.000000000
2.96496496	0.000000000	0.000000000	0.000000000	0.000000000	0.000000000	0.000000000
2.97197197	0.000000000	0.000000000	0.000000000	0.000000000	0.000000000	0.000000000
2.97897898	0.000000000	0.000000000	0.000000000	0.000000000	0.000000000	0.000000000
2.98598599	0.000000000	0.000000000	0.000000000	0.000000000	0.000000000	0.000000000
2.99299299	0.000000000	0.000000000	0.000000000	0.000000000	0.000000000	0.000000000
3.00000000	0.000000000	0.000000000	0.000000000	0.000000000	0.000000000	0.000000000
