-4.000000000	0.006884505	0.002400341	0.001372660	0.002515198	0.006593032	0.001393257
-3.992992993	0.007010835	0.002455628	0.001422646	0.002563308	0.006698811	0.001433104
-3.985985986	0.007139301	0.002512086	0.001474272	0.002612291	0.006806191	0.001474008
-3.978978979	0.007269936	0.002569737	0.001527586	0.002662164	0.006915194	0.001515993
-3.971971972	0.007402771	0.002628603	0.001582634	0.002712940	0.007025843	0.001559086
-3.964964965	0.007537840	0.002688707	0.001639467	0.002764636	0.007138162	0.001603314
-3.957957958	0.007675176	0.002750073	0.001698134	0.002817267	0.007252173	0.001648704
-3.950950951	0.007814815	0.002812723	0.001758687	0.002870848	0.007367899	0.001695282
-3.943943944	0.007956789	0.002876683	0.001821178	0.002925397	0.007485366	0.001743078
-3.936936937	0.008101133	0.002941977	0.001885661	0.002980929	0.007604597	0.001792121
-3.929929930	0.008247884	0.003008629	0.001952192	0.003037460	0.007725617	0.001842439
-3.922922923	0.008397077	0.003076664	0.002020826	0.003095009	0.007848449	0.001894063
-3.915915916	0.008548747	0.003146108	0.002091620	0.003153591	0.007973121	0.001947023
-3.908908909	0.008702932	0.003216988	0.002164634	0.003213225	0.008099656	0.002001351
-3.901901902	0.008859669	0.003289329	0.002239926	0.003273927	0.008228081	0.002057079
-3.894894895	0.009018994	0.003363159	0.002317559	0.003335716	0.008358422	0.002114238
-3.887887888	0.009180947	0.003438504	0.002397595	0.003398610	0.008490705	0.002172863
-3.880880881	0.009345565	0.003515392	0.002480098	0.003462628	0.008624957	0.002232987
-3.873873874	0.009512887	0.003593851	0.002565133	0.003527787	0.008761205	0.002294644
-3.866866867	0.009682953	0.003673910	0.002652766	0.003594108	0.008899476	0.002357870
-3.859859860	0.009855802	0.003755598	0.002743065	0.003661609	0.009039797	0.002422701
-3.852852853	0.010031475	0.003838944	0.002836100	0.003730311	0.009182198	0.002489174
-3.845845846	0.010210013	0.003923977	0.002931941	0.003800232	0.009326706	0.002557325
-3.838838839	0.010391456	0.004010729	0.003030660	0.003871394	0.009473350	0.002627193
-3.831831832	0.010575847	0.004099229	0.003132331	0.003943816	0.009622159	0.002698817
-3.824824825	0.010763228	0.004189509	0.003237029	0.004017520	0.009773163	0.002772236
-3.817817818	0.010953641	0.004281600	0.003344830	0.004092527	0.009926390	0.002847490
-3.810810811	0.011147130	0.004375535	0.003455812	0.004168858	0.010081872	0.002924621
-3.803803804	0.011343738	0.004471347	0.003570055	0.004246535	0.010239639	0.003003671
-3.796796797	0.011543510	0.004569067	0.003687640	0.004325580	0.010399721	0.003084682
-3.789789790	0.011746490	0.004668730	0.003808648	0.004406015	0.010562151	0.003167697
-3.782782783	0.011952723	0.004770369	0.003933165	0.004487864	0.010726958	0.003252762
-3.775775776	0.012162256	0.004874019	0.004061275	0.004571149	0.010894176	0.003339920
-3.768768769	0.012375135	0.004979716	0.004193066	0.004655894	0.011063837	0.003429219
-3.761761762	0.012591406	0.005087494	0.004328626	0.004742122	0.011235973	0.003520705
-3.754754755	0.012811116	0.005197389	0.004468046	0.004829858	0.011410618	0.003614426
-3.747747748	0.013034314	0.005309439	0.004611418	0.004919127	0.011587805	0.003710429
-3.740740741	0.013261048	0.005423679	0.004758835	0.005009952	0.011767567	0.003808766
-3.733733734	0.013491367	0.005540148	0.004910393	0.005102360	0.011949940	0.003909486
-3.726726727	0.013725320	0.005658883	0.005066187	0.005196375	0.012134957	0.004012640
-3.719719720	0.013962956	0.005779923	0.005226318	0.005292025	0.012322655	0.004118281
-3.712712713	0.014204328	0.005903307	0.005390884	0.005389335	0.012513067	0.004226462
-3.705705706	0.014449485	0.006029076	0.005559988	0.005488331	0.012706231	0.004337237
-3.698698699	0.014698479	0.006157268	0.005733733	0.005589042	0.012902183	0.004450661
-3.691691692	0.014951363	0.006287925	0.005912225	0.005691494	0.013100958	0.004566790
-3.684684685	0.015208189	0.006421087	0.006095570	0.005795716	0.013302595	0.004685681
-3.677677678	0.015469011	0.006556798	0.006283877	0.005901735	0.013507131	0.004807393
-3.670670671	0.015733881	0.006695098	0.006477256	0.006009581	0.013714604	0.004931983
-3.663663664	0.016002855	0.006836032	0.006675820	0.006119283	0.013925053	0.005059513
-3.656656657	0.016275988	0.006979643	0.006879681	0.006230870	0.014138516	0.005190043
-3.649649650	0.016553334	0.007125974	0.007088957	0.006344371	0.014355032	0.005323636
-3.642642643	0.016834951	0.007275071	0.007303764	0.006459819	0.014574641	0.005460354
-3.635635636	0.017120894	0.007426978	0.007524221	0.006577242	0.014797384	0.005600262
-3.628628629	0.017411221	0.007581742	0.007750448	0.006696674	0.015023301	0.005743426
-3.621621622	0.017705990	0.007739409	0.007982570	0.006818144	0.015252434	0.005889912
-3.614614615	0.018005259	0.007900026	0.008220709	0.006941686	0.015484823	0.006039787
-3.607607608	0.018309088	0.008063640	0.008464992	0.007067333	0.015720511	0.006193120
-3.600600601	0.018617534	0.008230301	0.008715547	0.007195116	0.015959540	0.006349981
-3.593593594	0.018930659	0.008400056	0.008972504	0.007325070	0.016201954	0.006510440
-3.586586587	0.019248524	0.008572956	0.009235994	0.007457228	0.016447795	0.006674571
-3.579579580	0.019571189	0.008749050	0.009506149	0.007591626	0.016697108	0.006842446
-3.572572573	0.019898717	0.008928389	0.009783107	0.007728298	0.016949936	0.007014140
-3.565565566	0.020231170	0.009111025	0.010067002	0.007867279	0.017206326	0.007189728
-3.558558559	0.020568611	0.009297009	0.010357973	0.008008606	0.017466322	0.007369287
-3.551551552	0.020911104	0.009486394	0.010656161	0.008152315	0.017729969	0.007552895
-3.544544545	0.021258712	0.009679234	0.010961708	0.008298442	0.017997316	0.007740632
-3.537537538	0.021611501	0.009875582	0.011274758	0.008447026	0.018268407	0.007932579
-3.530530531	0.021969537	0.010075492	0.011595455	0.008598104	0.018543291	0.008128816
-3.523523524	0.022332884	0.010279021	0.011923948	0.008751715	0.018822016	0.008329427
-3.516516517	0.022701611	0.010486224	0.012260386	0.008907897	0.019104629	0.008534496
-3.509509510	0.023075783	0.010697157	0.012604919	0.009066691	0.019391180	0.008744109
-3.502502503	0.023455470	0.010911878	0.012957699	0.009228136	0.019681718	0.008958352
-3.495495495	0.023840739	0.011130444	0.013318881	0.009392272	0.019976294	0.009177315
-3.488488488	0.024231659	0.011352914	0.013688622	0.009559142	0.020274956	0.009401086
-3.481481481	0.024628300	0.011579348	0.014067077	0.009728787	0.020577758	0.009629756
-3.474474474	0.025030732	0.011809805	0.014454408	0.009901248	0.020884749	0.009863417
-3.467467467	0.025439027	0.012044345	0.014850774	0.010076570	0.021195983	0.010102163
-3.460460460	0.025853255	0.012283031	0.015256338	0.010254795	0.021511511	0.010346089
-3.453453453	0.026273488	0.012525923	0.015671265	0.010435967	0.021831387	0.010595290
-3.446446446	0.026699799	0.012773085	0.016095720	0.010620131	0.022155664	0.010849865
-3.439439439	0.027132262	0.013024580	0.016529871	0.010807332	0.022484398	0.011109913
-3.432432432	0.027570950	0.013280472	0.016973886	0.010997616	0.022817642	0.011375533
-3.425425425	0.028015937	0.013540826	0.017427938	0.011191029	0.023155452	0.011646827
-3.418418418	0.028467299	0.013805706	0.017892197	0.011387619	0.023497883	0.011923900
-3.411411411	0.028925111	0.014075181	0.018366837	0.011587432	0.023844993	0.012206854
-3.404404404	0.029389449	0.014349315	0.018852035	0.011790517	0.024196839	0.012495797
-3.397397397	0.029860391	0.014628177	0.019347965	0.011996923	0.024553478	0.012790835
-3.390390390	0.030338013	0.014911836	0.019854807	0.012206700	0.024914968	0.013092078
-3.383383383	0.030822394	0.015200359	0.020372740	0.012419897	0.025281368	0.013399635
-3.376376376	0.031313611	0.015493818	0.020901946	0.012636565	0.025652737	0.013713620
-3.369369369	0.031811745	0.015792281	0.021442606	0.012856756	0.026029136	0.014034143
-3.362362362	0.032316875	0.016095822	0.021994905	0.013080523	0.026410625	0.014361322
-3.355355355	0.032829080	0.016404511	0.022559027	0.013307916	0.026797265	0.014695271
-3.348348348	0.033348443	0.016718421	0.023135159	0.013538991	0.027189118	0.015036108
-3.341341341	0.033875044	0.017037625	0.023723489	0.013773802	0.027586247	0.015383952
-3.334334334	0.034408966	0.017362198	0.024324206	0.014012402	0.027988713	0.015738924
-3.327327327	0.034950291	0.017692215	0.024937500	0.014254848	0.028396582	0.016101147
-3.320320320	0.035499102	0.018027751	0.025563562	0.014501195	0.028809916	0.016470743
-3.313313313	0.036055483	0.018368883	0.026202584	0.014751502	0.029228781	0.016847837
-3.306306306	0.036619517	0.018715687	0.026854762	0.015005825	0.029653243	0.017232557
-3.299299299	0.037191291	0.019068241	0.027520288	0.015264223	0.030083366	0.017625031
-3.292292292	0.037770889	0.019426625	0.028199360	0.015526754	0.030519219	0.018025387
-3.285285285	0.038358397	0.019790916	0.028892173	0.015793480	0.030960867	0.018433757
-3.278278278	0.038953901	0.020161197	0.029598926	0.016064459	0.031408380	0.018850274
-3.271271271	0.039557489	0.020537546	0.030319816	0.016339755	0.031861825	0.019275072
-3.264264264	0.040169247	0.020920046	0.031055045	0.016619428	0.032321272	0.019708286
-3.257257257	0.040789264	0.021308779	0.031804811	0.016903542	0.032786791	0.020150053
-3.250250250	0.041417629	0.021703829	0.032569317	0.017192160	0.033258452	0.020600513
-3.243243243	0.042054429	0.022105278	0.033348764	0.017485346	0.033736325	0.021059805
-3.236236236	0.042699755	0.022513212	0.034143355	0.017783166	0.034220484	0.021528071
-3.229229229	0.043353697	0.022927716	0.034953293	0.018085687	0.034711000	0.022005454
-3.222222222	0.044016345	0.023348875	0.035778782	0.018392973	0.035207946	0.022492099
-3.215215215	0.044687790	0.023776778	0.036620027	0.018705094	0.035711397	0.022988152
-3.208208208	0.045368123	0.024211510	0.037477233	0.019022118	0.036221425	0.023493761
-3.201201201	0.046057436	0.024653162	0.038350605	0.019344113	0.036738107	0.024009075
-3.194194194	0.046755822	0.025101820	0.039240349	0.019671150	0.037261518	0.024534244
-3.187187187	0.047463373	0.025557577	0.040146672	0.020003299	0.037791734	0.025069420
-3.180180180	0.048180182	0.026020521	0.041069780	0.020340633	0.038328833	0.025614758
-3.173173173	0.048906343	0.026490744	0.042009880	0.020683224	0.038872891	0.026170412
-3.166166166	0.049641950	0.026968339	0.042967180	0.021031145	0.039423988	0.026736539
-3.159159159	0.050387097	0.027453398	0.043941886	0.021384471	0.039982201	0.027313297
-3.152152152	0.051141879	0.027946015	0.044934207	0.021743277	0.040547612	0.027900844
-3.145145145	0.051906391	0.028446284	0.045944348	0.022107638	0.041120299	0.028499343
-3.138138138	0.052680729	0.028954299	0.046972519	0.022477632	0.041700345	0.029108955
-3.131131131	0.053464988	0.029470157	0.048018926	0.022853337	0.042287831	0.029729843
-3.124124124	0.054259266	0.029993954	0.049083777	0.023234831	0.042882838	0.030362174
-3.117117117	0.055063657	0.030525787	0.050167278	0.023622193	0.043485451	0.031006112
-3.110110110	0.055878260	0.031065755	0.051269636	0.024015505	0.044095752	0.031661827
-3.103103103	0.056703172	0.031613955	0.052391058	0.024414847	0.044713827	0.032329487
-3.096096096	0.057538489	0.032170488	0.053531750	0.024820302	0.045339759	0.033009263
-3.089089089	0.058384310	0.032735453	0.054691917	0.025231953	0.045973636	0.033701326
-3.082082082	0.059240732	0.033308951	0.055871765	0.025649885	0.046615542	0.034405850
-3.075075075	0.060107855	0.033891083	0.057071497	0.026074182	0.047265566	0.035123009
-3.068068068	0.060985776	0.034481952	0.058291319	0.026504930	0.047923794	0.035852978
-3.061061061	0.061874594	0.035081661	0.059531432	0.026942217	0.048590316	0.036595934
-3.054054054	0.062774408	0.035690313	0.060792039	0.027386131	0.049265221	0.037352057
-3.047047047	0.063685318	0.036308013	0.062073342	0.027836761	0.049948597	0.038121524
-3.040040040	0.064607421	0.036934865	0.063375541	0.028294195	0.050640536	0.038904516
-3.033033033	0.065540819	0.037570975	0.064698836	0.028758527	0.051341128	0.039701215
-3.026026026	0.066485611	0.038216450	0.066043425	0.029229846	0.052050466	0.040511804
-3.019019019	0.067441896	0.038871396	0.067409504	0.029708247	0.052768642	0.041336466
-3.012012012	0.068409773	0.039535922	0.068797271	0.030193822	0.053495749	0.042175387
-3.005005005	0.069389344	0.040210135	0.070206920	0.030686668	0.054231880	0.043028752
-2.997997998	0.070380707	0.040894145	0.071638643	0.031186879	0.054977131	0.043896749
-2.990990991	0.071383963	0.041588061	0.073092633	0.031694554	0.055731595	0.044779565
-2.983983984	0.072399213	0.042291993	0.074569079	0.032209789	0.056495370	0.045677389
-2.976976977	0.073426554	0.043006053	0.076068171	0.032732683	0.057268551	0.046590411
-2.969969970	0.074466089	0.043730351	0.077590095	0.033263338	0.058051235	0.047518822
-2.962962963	0.075517916	0.044465001	0.079135035	0.033801853	0.058843521	0.048462813
-2.955955956	0.076582136	0.045210114	0.080703176	0.034348331	0.059645506	0.049422576
-2.948948949	0.077658848	0.045965804	0.082294697	0.034902875	0.060457289	0.050398306
-2.941941942	0.078748152	0.046732185	0.083909777	0.035465589	0.061278970	0.051390195
-2.934934935	0.079850147	0.047509372	0.085548594	0.036036578	0.062110650	0.052398439
-2.927927928	0.080964933	0.048297480	0.087211321	0.036615949	0.062952430	0.053423232
-2.920920921	0.082092610	0.049096624	0.088898131	0.037203809	0.063804410	0.054464770
-2.913913914	0.083233274	0.049906920	0.090609193	0.037800267	0.064666693	0.055523250
-2.906906907	0.084387027	0.050728486	0.092344674	0.038405432	0.065539381	0.056598869
-2.899899900	0.085553965	0.051561438	0.094104738	0.039019414	0.066422580	0.057691823
-2.892892893	0.086734188	0.052405894	0.095889547	0.039642326	0.067316391	0.058802311
-2.885885886	0.087927793	0.053261973	0.097699259	0.040274281	0.068220920	0.059930532
-2.878878879	0.089134876	0.054129794	0.099534030	0.040915391	0.069136272	0.061076683
-2.871871872	0.090355537	0.055009476	0.101394012	0.041565772	0.070062553	0.062240963
-2.864864865	0.091589870	0.055901138	0.103279355	0.042225541	0.070999868	0.063423571
-2.857857858	0.092837973	0.056804901	0.105190204	0.042894814	0.071948326	0.064624707
-2.850850851	0.094099940	0.057720886	0.107126703	0.043573710	0.072908034	0.065844570
-2.843843844	0.095375868	0.058649213	0.109088989	0.044262348	0.073879099	0.067083359
-2.836836837	0.096665851	0.059590004	0.111077199	0.044960848	0.074861631	0.068341273
-2.829829830	0.097969983	0.060543382	0.113091463	0.045669333	0.075855737	0.069618511
-2.822822823	0.099288357	0.061509468	0.115131910	0.046387926	0.076861529	0.070915274
-2.815815816	0.100621067	0.062488386	0.117198663	0.047116749	0.077879116	0.072231758
-2.808808809	0.101968204	0.063480257	0.119291842	0.047855928	0.078908609	0.073568164
-2.801801802	0.103329860	0.064485207	0.121411562	0.048605590	0.079950119	0.074924690
-2.794794795	0.104706126	0.065503358	0.123557933	0.049365861	0.081003758	0.076301533
-2.787787788	0.106097092	0.066534835	0.125731063	0.050136871	0.082069639	0.077698890
-2.780780781	0.107502846	0.067579762	0.127931052	0.050918747	0.083147872	0.079116959
-2.773773774	0.108923478	0.068638263	0.130157997	0.051711622	0.084238573	0.080555935
-2.766766767	0.110359074	0.069710464	0.132411991	0.052515627	0.085341854	0.082016015
-2.759759760	0.111809720	0.070796490	0.134693121	0.053330895	0.086457829	0.083497393
-2.752752753	0.113275503	0.071896466	0.137001467	0.054157561	0.087586612	0.085000263
-2.745745746	0.114756506	0.073010518	0.139337106	0.054995758	0.088728319	0.086524818
-2.738738739	0.116252813	0.074138771	0.141700110	0.055845624	0.089883065	0.088071249
-2.731731732	0.117764506	0.075281352	0.144090543	0.056707297	0.091050965	0.089639748
-2.724724725	0.119291666	0.076438386	0.146508464	0.057580914	0.092232134	0.091230504
-2.717717718	0.120834373	0.077609999	0.148953928	0.058466615	0.093426690	0.092843705
-2.710710711	0.122392705	0.078796318	0.151426981	0.059364542	0.094634749	0.094479539
-2.703703704	0.123966740	0.079997470	0.153927664	0.060274837	0.095856427	0.096138190
-2.696696697	0.125556554	0.081213580	0.156456013	0.061197642	0.097091842	0.097819843
-2.689689690	0.127162222	0.082444775	0.159012054	0.062133101	0.098341111	0.099524680
-2.682682683	0.128783816	0.083691181	0.161595811	0.063081361	0.099604352	0.101252882
-2.675675676	0.130421408	0.084952925	0.164207296	0.064042567	0.100881682	0.103004627
-2.668668669	0.132075068	0.086230134	0.166846518	0.065016867	0.102173220	0.104780092
-2.661661662	0.133744865	0.087522932	0.169513477	0.066004410	0.103479083	0.106579450
-2.654654655	0.135430866	0.088831446	0.172208164	0.067005346	0.104799391	0.108402876
-2.647647648	0.137133136	0.090155803	0.174930566	0.068019825	0.106134262	0.110250539
-2.640640641	0.138851738	0.091496128	0.177680660	0.069047999	0.107483814	0.112122606
-2.633633634	0.140586735	0.092852547	0.180458414	0.070090021	0.108848167	0.114019244
-2.626626627	0.142338185	0.094225185	0.183263791	0.071146046	0.110227438	0.115940614
-2.619619620	0.144106147	0.095614167	0.186096743	0.072216229	0.111621747	0.117886877
-2.612612613	0.145890678	0.097019618	0.188957214	0.073300725	0.113031213	0.119858189
-2.605605606	0.147691830	0.098441662	0.191845140	0.074399692	0.114455955	0.121854705
-2.598598599	0.149509655	0.099880424	0.194760448	0.075513288	0.115896091	0.123876576
-2.591591592	0.151344204	0.101336027	0.197703055	0.076641673	0.117351740	0.125923949
-2.584584585	0.153195524	0.102808594	0.200672871	0.077785007	0.118823020	0.127996969
-2.577577578	0.155063660	0.104298249	0.203669793	0.078943451	0.120310051	0.130095778
-2.570570571	0.156948656	0.105805113	0.206693711	0.080117167	0.121812950	0.132220511
-2.563563564	0.158850551	0.107329309	0.209744504	0.081306319	0.123331836	0.134371304
-2.556556557	0.160769384	0.108870957	0.212822042	0.082511072	0.124866827	0.136548285
-2.549549550	0.162705190	0.110430178	0.215926184	0.083731589	0.126418039	0.138751580
-2.542542543	0.164658004	0.112007092	0.219056777	0.084968038	0.127985591	0.140981312
-2.535535536	0.166627854	0.113601818	0.222213661	0.086220585	0.129569599	0.143237597
-2.528528529	0.168614769	0.115214474	0.225396660	0.087489398	0.131170180	0.145520549
-2.521521522	0.170618774	0.116845178	0.228605592	0.088774647	0.132787450	0.147830275
-2.514514515	0.172639890	0.118494047	0.231840261	0.090076501	0.134421525	0.150166879
-2.507507508	0.174678138	0.120161196	0.235100459	0.091395130	0.136072520	0.152530460
-2.500500501	0.176733533	0.121846740	0.238385968	0.092730706	0.137740549	0.154921111
-2.493493493	0.178806089	0.123550794	0.241696556	0.094083400	0.139425728	0.157338921
-2.486486486	0.180895815	0.125273470	0.245031981	0.095453387	0.141128168	0.159783974
-2.479479479	0.183002719	0.127014879	0.248391986	0.096840840	0.142847983	0.162256346
-2.472472472	0.185126804	0.128775133	0.251776305	0.098245933	0.144585286	0.164756110
-2.465465465	0.187268071	0.130554341	0.255184656	0.099668841	0.146340186	0.167283332
-2.458458458	0.189426516	0.132352610	0.258616746	0.101109741	0.148112796	0.169838073
-2.451451451	0.191602134	0.134170049	0.262072266	0.102568808	0.149903223	0.172420385
-2.444444444	0.193794912	0.136006761	0.265550897	0.104046221	0.151711578	0.175030317
-2.437437437	0.196004839	0.137862852	0.269052305	0.105542156	0.153537967	0.177667911
-2.430430430	0.198231897	0.139738423	0.272576141	0.107056793	0.155382497	0.180333200
-2.423423423	0.200476064	0.141633576	0.276122043	0.108590310	0.157245274	0.183026212
-2.416416416	0.202737315	0.143548410	0.279689635	0.110142886	0.159126403	0.185746968
-2.409409409	0.205015622	0.145483023	0.283278527	0.111714701	0.161025986	0.188495483
-2.402402402	0.207310951	0.147437510	0.286888312	0.113305937	0.162944125	0.191271761
-2.395395395	0.209623265	0.149411965	0.290518572	0.114916773	0.164880921	0.194075801
-2.388388388	0.211952522	0.151406482	0.294168869	0.116547390	0.166836474	0.196907594
-2.381381381	0.214298678	0.153421149	0.297838755	0.118197971	0.168810880	0.199767124
-2.374374374	0.216661683	0.155456056	0.301527763	0.119868696	0.170804237	0.202654365
-2.367367367	0.219041481	0.157511287	0.305235412	0.121559748	0.172816638	0.205569283
-2.360360360	0.221438014	0.159586928	0.308961204	0.123271309	0.174848177	0.208511837
-2.353353353	0.223851219	0.161683060	0.312704628	0.125003562	0.176898946	0.211481975
-2.346346346	0.226281028	0.163799762	0.316465154	0.126756688	0.178969032	0.214479640
-2.339339339	0.228727368	0.165937110	0.320242238	0.128530870	0.181058525	0.217504761
-2.332332332	0.231190161	0.168095180	0.324035317	0.130326291	0.183167510	0.220557261
-2.325325325	0.233669324	0.170274043	0.327843814	0.132143133	0.185296070	0.223637053
-2.318318318	0.236164771	0.172473767	0.331667135	0.133981579	0.187444287	0.226744040
-2.311311311	0.238676408	0.174694421	0.335504668	0.135841810	0.189612239	0.229878115
-2.304304304	0.241204137	0.176936066	0.339355786	0.137724010	0.191800005	0.233039162
-2.297297297	0.243747855	0.179198763	0.343219845	0.139628359	0.194007658	0.236227053
-2.290290290	0.246307455	0.181482571	0.347096182	0.141555039	0.196235271	0.239441650
-2.283283283	0.248882822	0.183787542	0.350984119	0.143504230	0.198482913	0.242682806
-2.276276276	0.251473836	0.186113729	0.354882960	0.145476115	0.200750651	0.245950362
-2.269269269	0.254080373	0.188461179	0.358791992	0.147470872	0.203038550	0.249244148
-2.262262262	0.256702302	0.190829937	0.362710485	0.149488681	0.205346671	0.252563981
-2.255255255	0.259339487	0.193220043	0.366637692	0.151529721	0.207675072	0.255909670
-2.248248248	0.261991785	0.195631534	0.370572847	0.153594169	0.210023809	0.259281011
-2.241241241	0.264659048	0.198064445	0.374515170	0.155682204	0.212392934	0.262677786
-2.234234234	0.267341122	0.200518803	0.378463861	0.157794001	0.214782496	0.266099768
-2.227227227	0.270037847	0.202994636	0.382418103	0.159929736	0.217192542	0.269546715
-2.220220220	0.272749055	0.205491965	0.386377063	0.162089583	0.219623113	0.273018376
-2.213213213	0.275474575	0.208010806	0.390339891	0.164273715	0.222074248	0.276514484
-2.206206206	0.278214226	0.210551174	0.394305719	0.166482304	0.224545982	0.280034760
-2.199199199	0.280967824	0.213113076	0.398273662	0.168715521	0.227038347	0.283578913
-2.192192192	0.283735176	0.215696516	0.402242818	0.170973534	0.229551369	0.287146639
-2.185185185	0.286516083	0.218301495	0.406212271	0.173256511	0.232085074	0.290737619
-2.178178178	0.289310341	0.220928007	0.410181084	0.175564619	0.234639479	0.294351521
-2.171171171	0.292117736	0.223576041	0.414148307	0.177898022	0.237214600	0.297987999
-2.164164164	0.294938050	0.226245581	0.418112973	0.180256881	0.239810447	0.301646694
-2.157157157	0.297771056	0.228936609	0.422074098	0.182641358	0.242427027	0.305327232
-2.150150150	0.300616523	0.231649096	0.426030682	0.185051610	0.245064341	0.309029224
-2.143143143	0.303474209	0.234383013	0.429981712	0.187487795	0.247722386	0.312752268
-2.136136136	0.306343868	0.237138323	0.433926157	0.189950066	0.250401154	0.316495947
-2.129129129	0.309225245	0.239914982	0.437862971	0.192438575	0.253100631	0.320259827
-2.122122122	0.312118078	0.242712942	0.441791096	0.194953470	0.255820800	0.324043461
-2.115115115	0.315022099	0.245532149	0.445709457	0.197494898	0.258561636	0.327846387
-2.108108108	0.317937030	0.248372542	0.449616966	0.200063003	0.261323110	0.331668127
-2.101101101	0.320862588	0.251234055	0.453512521	0.202657925	0.264105187	0.335508187
-2.094094094	0.323798481	0.254116613	0.457395006	0.205279801	0.266907828	0.339366057
-2.087087087	0.326744410	0.257020137	0.461263294	0.207928767	0.269730985	0.343241214
-2.080080080	0.329700067	0.259944541	0.465116245	0.210604953	0.272574605	0.347133115
-2.073073073	0.332665139	0.262889730	0.468952705	0.213308487	0.275438632	0.351041203
-2.066066066	0.335639303	0.265855605	0.472771512	0.216039491	0.278322998	0.354964906
-2.059059059	0.338622228	0.268842057	0.476571489	0.218798087	0.281227633	0.358903634
-2.052052052	0.341613575	0.271848971	0.480351453	0.221584391	0.284152458	0.362856780
-2.045045045	0.344612999	0.274876224	0.484110207	0.224398513	0.287097388	0.366823722
-2.038038038	0.347620146	0.277923687	0.487846548	0.227240562	0.290062330	0.370803820
-2.031031031	0.350634652	0.280991221	0.491559262	0.230110640	0.293047187	0.374796420
-2.024024024	0.353656147	0.284078680	0.495247128	0.233008846	0.296051850	0.378800847
-2.017017017	0.356684253	0.287185909	0.498908917	0.235935274	0.299076205	0.382816412
-2.010010010	0.359718583	0.290312746	0.502543394	0.238890010	0.302120131	0.386842409
-2.003003003	0.362758741	0.293459020	0.506149317	0.241873140	0.305183498	0.390878113
-1.995995996	0.365804324	0.296624552	0.509725440	0.244884740	0.308266168	0.394922786
-1.988988989	0.368854920	0.299809151	0.513270511	0.247924882	0.311367994	0.398975668
-1.981981982	0.371910110	0.303012622	0.516783276	0.250993633	0.314488822	0.403035985
-1.974974975	0.374969464	0.306234757	0.520262474	0.254091052	0.317628490	0.407102945
-1.967967968	0.378032546	0.309475340	0.523706846	0.257217193	0.320786825	0.411175740
-1.960960961	0.381098912	0.312734146	0.527115130	0.260372105	0.323963646	0.415253543
-1.953953954	0.384168107	0.316010940	0.530486062	0.263555826	0.327158763	0.419335512
-1.946946947	0.387239670	0.319305476	0.533818381	0.266768391	0.330371978	0.423420786
-1.939939940	0.390313130	0.322617500	0.537110824	0.270009827	0.333603081	0.427508490
-1.932932933	0.393388008	0.325946747	0.540362132	0.273280151	0.336851853	0.431597728
-1.925925926	0.396463818	0.329292940	0.543571048	0.276579377	0.340118067	0.435687591
-1.918918919	0.399540064	0.332655795	0.546736319	0.279907506	0.343401484	0.439777151
-1.911911912	0.402616243	0.336035014	0.549856698	0.283264534	0.346701854	0.443865465
-1.904904905	0.405691842	0.339430291	0.552930941	0.286650447	0.350018919	0.447951573
-1.897897898	0.408766340	0.342841306	0.555957813	0.290065225	0.353352409	0.452034498
-1.890890891	0.411839209	0.346267731	0.558936084	0.293508835	0.356702042	0.456113247
-1.883883884	0.414909912	0.349709224	0.561864537	0.296981237	0.360067528	0.460186813
-1.876876877	0.417977904	0.353165433	0.564741958	0.300482383	0.363448562	0.464254170
-1.869869870	0.421042632	0.356635995	0.567567151	0.304012211	0.366844831	0.468314279
-1.862862863	0.424103533	0.360120532	0.570338925	0.307570652	0.370256008	0.472366085
-1.855855856	0.427160038	0.363618659	0.573056105	0.311157627	0.373681755	0.476408518
-1.848848849	0.430211571	0.367129975	0.575717528	0.314773044	0.377121722	0.480440493
-1.841841842	0.433257545	0.370654068	0.578322048	0.318416802	0.380575548	0.484460910
-1.834834835	0.436297367	0.374190513	0.580868532	0.322088787	0.384042856	0.488468655
-1.827827828	0.439330436	0.377738875	0.583355863	0.325788874	0.387523260	0.492462601
-1.820820821	0.442356144	0.381298703	0.585782945	0.329516928	0.391016360	0.496441607
-1.813813814	0.445373874	0.384869536	0.588148696	0.333272797	0.394521744	0.500404518
-1.806806807	0.448383003	0.388450897	0.590452058	0.337056322	0.398038984	0.504350168
-1.799799800	0.451382898	0.392042299	0.592691990	0.340867327	0.401567642	0.508277377
-1.792792793	0.454372923	0.395643241	0.594867475	0.344705624	0.405107265	0.512184952
-1.785785786	0.457352431	0.399253207	0.596977515	0.348571012	0.408657386	0.516071692
-1.778778779	0.460320770	0.402871670	0.599021140	0.352463275	0.412217525	0.519936382
-1.771771772	0.463277280	0.406498088	0.600997401	0.356382184	0.415787186	0.523777797
-1.764764765	0.466221295	0.410131905	0.602905376	0.360327494	0.419365863	0.527594703
-1.757757758	0.469152143	0.413772554	0.604744167	0.364298945	0.422953031	0.531385854
-1.750750751	0.472069144	0.417419450	0.606512905	0.368296263	0.426548153	0.535149999
-1.743743744	0.474971613	0.421071999	0.608210748	0.372319157	0.430150678	0.538885874
-1.736736737	0.477858859	0.424729588	0.609836884	0.376367321	0.433760038	0.542592210
-1.729729730	0.480730183	0.428391595	0.611390529	0.380440430	0.437375651	0.546267731
-1.722722723	0.483584883	0.432057380	0.612870930	0.384538145	0.440996920	0.549911152
-1.715715716	0.486422249	0.435726290	0.614277366	0.388660108	0.444623234	0.553521183
-1.708708709	0.489241569	0.439397659	0.615609147	0.392805945	0.448253965	0.557096531
-1.701701702	0.492042122	0.443070806	0.616865615	0.396975263	0.451888470	0.560635896
-1.694694695	0.494823184	0.446745035	0.618046146	0.401167650	0.455526090	0.564137974
-1.687687688	0.497584027	0.450419638	0.619150152	0.405382677	0.459166151	0.567601458
-1.680680681	0.500323917	0.454093889	0.620177075	0.409619894	0.462807964	0.571025039
-1.673673674	0.503042117	0.457767052	0.621126397	0.413878832	0.466450823	0.574407407
-1.666666667	0.505737885	0.461438374	0.621997633	0.418159004	0.470094005	0.577747250
-1.659659660	0.508410476	0.465107089	0.622790334	0.422459900	0.473736774	0.581043257
-1.652652653	0.511059141	0.468772415	0.623504090	0.426780991	0.477378375	0.584294115
-1.645645646	0.513683127	0.472433559	0.624138527	0.431121727	0.481018039	0.587498516
-1.638638639	0.516281681	0.476089711	0.624693308	0.435481536	0.484654980	0.590655153
-1.631631632	0.518854045	0.479740049	0.625168134	0.439859824	0.488288395	0.593762721
-1.624624625	0.521399458	0.483383735	0.625562745	0.444255976	0.491917466	0.596819922
-1.617617618	0.523917159	0.487019919	0.625876921	0.448669354	0.495541359	0.599825460
-1.610610611	0.526406383	0.490647736	0.626110478	0.453099296	0.499159222	0.602778047
-1.603603604	0.528866367	0.494266308	0.626263272	0.457545119	0.502770189	0.605676401
-1.596596597	0.531296342	0.497874745	0.626335200	0.462006114	0.506373376	0.608519247
-1.589589590	0.533695543	0.501472140	0.626326195	0.466481551	0.509967885	0.611305321
-1.582582583	0.536063202	0.505057576	0.626236234	0.470970672	0.513552800	0.614033367
-1.575575576	0.538398550	0.508630121	0.626065328	0.475472698	0.517127190	0.616702139
-1.568568569	0.540700820	0.512188831	0.625813532	0.479986823	0.520690107	0.619310405
-1.561561562	0.542969245	0.515732750	0.625480939	0.484512217	0.524240589	0.621856943
-1.554554555	0.545203060	0.519260908	0.625067679	0.489048023	0.527777657	0.624340546
-1.547547548	0.547401498	0.522772324	0.624573925	0.493593359	0.531300316	0.626760021
-1.540540541	0.549563797	0.526266005	0.623999886	0.498147318	0.534807558	0.629114190
-1.533533534	0.551689196	0.529740945	0.623345811	0.502708964	0.538298358	0.631401893
-1.526526527	0.553776936	0.533196128	0.622611988	0.507277338	0.541771675	0.633621987
-1.519519520	0.555826260	0.536630526	0.621798741	0.511851450	0.545226456	0.635773345
-1.512512513	0.557836416	0.540043100	0.620906434	0.516430286	0.548661630	0.637854863
-1.505505506	0.559806654	0.543432801	0.619935467	0.521012804	0.552076115	0.639865456
-1.498498498	0.561736229	0.546798571	0.618886278	0.525597933	0.555468812	0.641804058
-1.491491491	0.563624399	0.550139339	0.617759341	0.530184575	0.558838610	0.643669629
-1.484484484	0.565470429	0.553454026	0.616555166	0.534771606	0.562184383	0.645461150
-1.477477477	0.567273586	0.556741546	0.615274299	0.539357871	0.565504994	0.647177627
-1.470470470	0.569033146	0.560000800	0.613917320	0.543942190	0.568799292	0.648818091
-1.463463463	0.570748388	0.563230685	0.612484843	0.548523351	0.572066112	0.650381599
-1.456456456	0.572418598	0.566430088	0.610977517	0.553100116	0.575304278	0.651867234
-1.449449449	0.574043071	0.569597888	0.609396023	0.557671220	0.578512603	0.653274109
-1.442442442	0.575621107	0.572732957	0.607741074	0.562235365	0.581689889	0.654601363
-1.435435435	0.577152013	0.575834163	0.606013415	0.566791230	0.584834924	0.655848168
-1.428428428	0.578635106	0.578900365	0.604213821	0.571337462	0.587946489	0.657013723
-1.421421421	0.580069710	0.581930418	0.602343097	0.575872679	0.591023354	0.658097259
-1.414414414	0.581455160	0.584923172	0.600402079	0.580395475	0.594064279	0.659098041
-1.407407407	0.582790797	0.587877472	0.598391627	0.584904411	0.597068015	0.660015365
-1.400400400	0.584075973	0.590792159	0.596312633	0.589398022	0.600033306	0.660848560
-1.393393393	0.585310052	0.593666071	0.594166011	0.593874816	0.602958887	0.661596990
-1.386386386	0.586492406	0.596498043	0.591952704	0.598333271	0.605843486	0.662260055
-1.379379379	0.587622419	0.599286908	0.589673678	0.602771840	0.608685824	0.662837189
-1.372372372	0.588699485	0.602031497	0.587329923	0.607188946	0.611484618	0.663327862
-1.365365365	0.589723012	0.604730641	0.584922450	0.611582988	0.614238578	0.663731582
-1.358358358	0.590692419	0.607383169	0.582452294	0.615952336	0.616946410	0.664047893
-1.351351351	0.591607136	0.609987912	0.579920510	0.620295335	0.619606816	0.664276377
-1.344344344	0.592466609	0.612543701	0.577328171	0.624610304	0.622218494	0.664416656
-1.337337337	0.593270293	0.615049369	0.574676371	0.628895536	0.624780142	0.664468389
-1.330330330	0.594017661	0.617503750	0.571966220	0.633149299	0.627290453	0.664431274
-1.323323323	0.594708197	0.619905682	0.569198845	0.637369839	0.629748123	0.664305049
-1.316316316	0.595341400	0.622254007	0.566375388	0.641555375	0.632151845	0.664089493
-1.309309309	0.595916785	0.624547571	0.563497007	0.645704104	0.634500315	0.663784423
-1.302302302	0.596433881	0.626785223	0.560564871	0.649814201	0.636792227	0.663389698
-1.295295295	0.596892231	0.628965821	0.557580165	0.653883820	0.639026282	0.662905217
-1.288288288	0.597291395	0.631088228	0.554544082	0.657911090	0.641201181	0.662330919
-1.281281281	0.597630950	0.633151313	0.551457827	0.661894125	0.643315631	0.661666785
-1.274274274	0.597910488	0.635153954	0.548322615	0.665831016	0.645368344	0.660912837
-1.267267267	0.598129618	0.637095037	0.545139666	0.669719836	0.647358038	0.660069137
-1.260260260	0.598287965	0.638973458	0.541910212	0.673558640	0.649283436	0.659135789
-1.253253253	0.598385171	0.640788123	0.538635488	0.677345468	0.651143272	0.658112937
-1.246246246	0.598420898	0.642537948	0.535316736	0.681078342	0.652936288	0.657000766
-1.239239239	0.598394822	0.644221861	0.531955201	0.684755271	0.654661235	0.655799501
-1.232232232	0.598306640	0.645838802	0.528552133	0.688374250	0.656316875	0.654509409
-1.225225225	0.598156065	0.647387725	0.525108784	0.691933261	0.657901983	0.653130796
-1.218218218	0.597942829	0.648867595	0.521626406	0.695430274	0.659415345	0.651664008
-1.211211211	0.597666682	0.650277393	0.518106253	0.698863251	0.660855762	0.650109431
-1.204204204	0.597327392	0.651616117	0.514549579	0.702230143	0.662222050	0.648467490
-1.197197197	0.596924749	0.652882777	0.510957636	0.705528897	0.663513040	0.646738649
-1.190190190	0.596458558	0.654076402	0.507331674	0.708757449	0.664727580	0.644923409
-1.183183183	0.595928644	0.655196038	0.503672941	0.711913733	0.665864536	0.643022311
-1.176176176	0.595334853	0.656240748	0.499982681	0.714995681	0.666922793	0.641035930
-1.169169169	0.594677048	0.657209613	0.496262132	0.718001220	0.667901255	0.638964882
-1.162162162	0.593955113	0.658101736	0.492512529	0.720928278	0.668798847	0.636809816
-1.155155155	0.593168950	0.658916236	0.488735099	0.723774785	0.669614517	0.634571417
-1.148148148	0.592318481	0.659652256	0.484931063	0.726538672	0.670347233	0.632250404
-1.141141141	0.591403646	0.660308957	0.481101636	0.729217876	0.670995989	0.629847531
-1.134134134	0.590424407	0.660885524	0.477248021	0.731810338	0.671559801	0.627363585
-1.127127127	0.589380743	0.661381164	0.473371417	0.734314008	0.672037714	0.624799385
-1.120120120	0.588272654	0.661795104	0.469473010	0.736726845	0.672428796	0.622155781
-1.113113113	0.587100157	0.662126599	0.465553978	0.739046818	0.672732144	0.619433655
-1.106106106	0.585863291	0.662374925	0.461615485	0.741271909	0.672946882	0.616633917
-1.099099099	0.584562111	0.662539383	0.457658688	0.743400115	0.673072163	0.613757506
-1.092092092	0.583196693	0.662619298	0.453684731	0.745429447	0.673107170	0.610805390
-1.085085085	0.581767131	0.662614022	0.449694743	0.747357935	0.673051116	0.607778562
-1.078078078	0.580273538	0.662522933	0.445689843	0.749183629	0.672903245	0.604678042
-1.071071071	0.578716044	0.662345433	0.441671137	0.750904599	0.672662833	0.601504874
-1.064064064	0.577094800	0.662080953	0.437639715	0.752518939	0.672329189	0.598260126
-1.057057057	0.575409971	0.661728950	0.433596655	0.754024765	0.671901654	0.594944888
-1.050050050	0.573661743	0.661288909	0.429543020	0.755420222	0.671379602	0.591560271
-1.043043043	0.571850318	0.660760341	0.425479858	0.756703482	0.670762442	0.588107407
-1.036036036	0.569975915	0.660142787	0.421408201	0.757872746	0.670049618	0.584587447
-1.029029029	0.568038769	0.659435816	0.417329068	0.758926246	0.669240609	0.581001560
-1.022022022	0.566039135	0.658639024	0.413243459	0.759862248	0.668334926	0.577350932
-1.015015015	0.563977279	0.657752037	0.409152360	0.760679052	0.667332120	0.573636763
-1.008008008	0.561853486	0.656774509	0.405056742	0.761374992	0.666231776	0.569860269
-1.001001001	0.559668055	0.655706124	0.400957556	0.761948441	0.665033513	0.566022678
-0.993993994	0.557421300	0.654546595	0.396855739	0.762397810	0.663736988	0.562125232
-0.986986987	0.555113551	0.653295662	0.392752211	0.762721551	0.662341896	0.558169181
-0.979979980	0.552745148	0.651953098	0.388647873	0.762918156	0.660847963	0.554155787
-0.972972973	0.550316449	0.650518703	0.384543611	0.762986160	0.659254954	0.550086319
-0.965965966	0.547827821	0.648992305	0.380440294	0.762924141	0.657562671	0.545962054
-0.958958959	0.545279645	0.647373764	0.376338773	0.762730722	0.655770948	0.541784273
-0.951951952	0.542672315	0.645662968	0.372239880	0.762404572	0.653879655	0.537554265
-0.944944945	0.540006233	0.643859832	0.368144431	0.761944406	0.651888699	0.533273320
-0.937937938	0.537281814	0.641964303	0.364053227	0.761348984	0.649798017	0.528942731
-0.930930931	0.534499483	0.639976355	0.359967047	0.760617118	0.647607583	0.524563793
-0.923923924	0.531659672	0.637895990	0.355886655	0.759747663	0.645317400	0.520137800
-0.916916917	0.528762824	0.635723240	0.351812799	0.758739527	0.642927505	0.515666045
-0.909909910	0.525809389	0.633458162	0.347746207	0.757591664	0.640437965	0.511149821
-0.902902903	0.522799823	0.631100844	0.343687590	0.756303077	0.637848876	0.506590413
-0.895895896	0.519734590	0.628651399	0.339637644	0.754872817	0.635160363	0.501989107
-0.888888889	0.516614159	0.626109967	0.335597045	0.753299986	0.632372577	0.497347179
-0.881881882	0.513439004	0.623476715	0.331566454	0.751583730	0.629485696	0.492665902
-0.874874875	0.510209602	0.620751836	0.327546515	0.749723245	0.626499920	0.487946538
-0.867867868	0.506926434	0.617935549	0.323537853	0.747717773	0.623415472	0.483190343
-0.860860861	0.503589983	0.615028096	0.319541080	0.745566598	0.620232594	0.478398562
-0.853853854	0.500200735	0.612029746	0.315556788	0.743269052	0.616951548	0.473572429
-0.846846847	0.496759173	0.608940791	0.311585555	0.740824508	0.613572609	0.468713168
-0.839839840	0.493265783	0.605761544	0.307627941	0.738232378	0.610096067	0.463821989
-0.832832833	0.489721048	0.602492346	0.303684493	0.735492113	0.606522222	0.458900089
-0.825825826	0.486125448	0.599133554	0.299755738	0.732603203	0.602851383	0.453948652
-0.818818819	0.482479460	0.595685550	0.295842191	0.729565167	0.599083860	0.448968843
-0.811811812	0.478783558	0.592148736	0.291944351	0.726377558	0.595219969	0.443961815
-0.804804805	0.475038207	0.588523534	0.288062700	0.723039953	0.591260019	0.438928704
-0.797797798	0.471243868	0.584810384	0.284197707	0.719551956	0.587204317	0.433870624
-0.790790791	0.467400994	0.581009746	0.280349826	0.715913187	0.583053157	0.428788677
-0.783783784	0.463510027	0.577122095	0.276519496	0.712123283	0.578806819	0.423683940
-0.776776777	0.459571400	0.573147926	0.272707142	0.708181890	0.574465564	0.418557475
-0.769769770	0.455585535	0.569087747	0.268913175	0.704088659	0.570029627	0.413410321
-0.762762763	0.451552839	0.564942082	0.265137993	0.699843239	0.565499215	0.408243496
-0.755755756	0.447473707	0.560711470	0.261381981	0.695445271	0.560874496	0.403057997
-0.748748749	0.443348516	0.556396460	0.257645509	0.690894380	0.556155597	0.397854799
-0.741741742	0.439177628	0.551997617	0.253928935	0.686190171	0.551342593	0.392634854
-0.734734735	0.434961385	0.547515513	0.250232605	0.681332213	0.546435505	0.387399090
-0.727727728	0.430700108	0.542950734	0.246556853	0.676320037	0.541434284	0.382148413
-0.720720721	0.426394098	0.538303872	0.242902000	0.671153123	0.536338808	0.376883702
-0.713713714	0.422043631	0.533575529	0.239268355	0.665830888	0.531148870	0.371605813
-0.706706707	0.417648958	0.528766313	0.235656217	0.660352672	0.525864166	0.366315578
-0.699699700	0.413210302	0.523876838	0.232065872	0.654717731	0.520484285	0.361013801
-0.692692693	0.408727857	0.518907722	0.228497597	0.648925216	0.515008695	0.355701261
-0.685685686	0.404201786	0.513859588	0.224951657	0.642974157	0.509436728	0.350378713
-0.678678679	0.399632217	0.508733060	0.221428307	0.636863449	0.503767565	0.345046881
-0.671671672	0.395019244	0.503528764	0.217927793	0.630591829	0.498000215	0.339706467
-0.664664665	0.390362921	0.498247326	0.214450349	0.624157854	0.492133501	0.334358142
-0.657657658	0.385663262	0.492889371	0.210996203	0.617559877	0.486166032	0.329002552
-0.650650651	0.380920236	0.487455520	0.207565570	0.610796019	0.480096181	0.323640315
-0.643643644	0.376133767	0.481946393	0.204158659	0.603864139	0.473922054	0.318272020
-0.636636637	0.371303726	0.476362602	0.200775669	0.596761799	0.467641462	0.312898229
-0.629629630	0.366429934	0.470704753	0.197416791	0.589486226	0.461251883	0.307519475
-0.622622623	0.361512153	0.464973447	0.194082208	0.582034266	0.454750418	0.302136265
-0.615615616	0.356550086	0.459169273	0.190772095	0.574402335	0.448133747	0.296749074
-0.608608609	0.351543367	0.453292809	0.187486620	0.566586363	0.441398071	0.291358352
-0.601601602	0.346491565	0.447344623	0.184225943	0.558581728	0.434539052	0.285964516
-0.594594595	0.341394171	0.441325267	0.180990219	0.550383178	0.427551734	0.280567957
-0.587587588	0.336250597	0.435235279	0.177779593	0.541984749	0.420430461	0.275169037
-0.580580581	0.331060168	0.429075180	0.174594207	0.533379659	0.413168769	0.269768087
-0.573573574	0.325822117	0.422845471	0.171434195	0.524560189	0.405759268	0.264365410
-0.566566567	0.320535577	0.416546634	0.168299686	0.515517544	0.398193495	0.258961279
-0.559559560	0.315199572	0.410179128	0.165190802	0.506241687	0.390461735	0.253555939
-0.552552553	0.309813012	0.403743387	0.162107660	0.496721134	0.382552811	0.248149602
-0.545545546	0.304374677	0.397239818	0.159050374	0.486942720	0.374453818	0.242742452
-0.538538539	0.298883211	0.390668802	0.156019051	0.476891301	0.366149798	0.237334644
-0.531531532	0.293337110	0.384030687	0.153013794	0.466549394	0.357623332	0.231926301
-0.524524525	0.287734704	0.377325787	0.150034701	0.455896735	0.348854023	0.226517517
-0.517517518	0.282074146	0.370554381	0.147081866	0.444909715	0.339817832	0.221108353
-0.510510511	0.276353390	0.363716710	0.144155381	0.433560671	0.330486211	0.215698841
-0.503503504	0.270570176	0.356812971	0.141255332	0.421816975	0.320824962	0.210288981
-0.496496496	0.264722004	0.349843318	0.138381803	0.409639836	0.310792687	0.204878740
-0.489489489	0.258806107	0.342807855	0.135534873	0.396982716	0.300338661	0.199468055
-0.482482482	0.252819424	0.335706635	0.132714620	0.383789186	0.289399828	0.194056828
-0.475475475	0.246758562	0.328539651	0.129921118	0.369989952	0.277896438	0.188644929
-0.468468468	0.240619756	0.321306839	0.127154439	0.355498636	0.265725503	0.183232192
-0.461461461	0.234398821	0.314008065	0.124414652	0.340205610	0.252750563	0.177818418
-0.454454454	0.228091093	0.306643126	0.121701825	0.323968657	0.238784904	0.172403371
-0.447447447	0.221691368	0.299211738	0.119016023	0.306598203	0.223562257	0.166986775
-0.440440440	0.215193811	0.291713533	0.116357309	0.287832745	0.206681407	0.161568320
-0.433433433	0.208591866	0.284148050	0.113725745	0.267295111	0.187489436	0.156147651
-0.426426426	0.201878134	0.276514724	0.111121393	0.244407528	0.164793564	0.150724373
-0.419419419	0.195044225	0.268812879	0.108544311	0.218205563	0.135941862	0.145298045
-0.412412412	0.188080578	0.261041715	0.105994559	0.186849829	0.091773741	0.139868179
-0.405405405	0.180976227	0.253200294	0.103472193	0.145877275	0.000000000	0.134434235
-0.398398398	0.173718512	0.245287525	0.100977270	0.074116303	0.000000000	0.128995619
-0.391391391	0.166292700	0.237302146	0.098509849	0.000000000	0.000000000	0.123551677
-0.384384384	0.158681482	0.229242704	0.096069983	0.000000000	0.000000000	0.118101690
-0.377377377	0.150864312	0.221107529	0.093657731	0.000000000	0.000000000	0.112644866
-0.370370370	0.142816490	0.212894706	0.091273148	0.000000000	0.000000000	0.107180334
-0.363363363	0.134507886	0.204602040	0.088916291	0.000000000	0.000000000	0.101707130
-0.356356356	0.125901092	0.196227012	0.086587216	0.000000000	0.000000000	0.096224188
-0.349349349	0.116948661	0.187766730	0.084285982	0.000000000	0.000000000	0.090730322
-0.342342342	0.107588818	0.179217867	0.082012647	0.000000000	0.000000000	0.085224206
-0.335335335	0.097738419	0.170576582	0.079767269	0.000000000	0.000000000	0.079704350
-0.328328328	0.087280627	0.161838421	0.077549910	0.000000000	0.000000000	0.074169064
-0.321321321	0.076041393	0.152998198	0.075360630	0.000000000	0.000000000	0.068616411
-0.314314314	0.063738792	0.144049829	0.073199493	0.000000000	0.000000000	0.063044156
-0.307307307	0.049852007	0.134986130	0.071066563	0.000000000	0.000000000	0.057449671
-0.300300300	0.033153513	0.125798529	0.068961907	0.000000000	0.000000000	0.051829826
-0.293293293	0.007279257	0.116476691	0.066885591	0.000000000	0.000000000	0.046180810
-0.286286286	0.000000000	0.107007974	0.064837687	0.000000000	0.000000000	0.040497866
-0.279279279	0.000000000	0.097376660	0.062818266	0.000000000	0.000000000	0.034774861
-0.272272272	0.000000000	0.087562790	0.060827404	0.000000000	0.000000000	0.029003546
-0.265265265	0.000000000	0.077540344	0.058865176	0.000000000	0.000000000	0.023172169
-0.258258258	0.000000000	0.067274222	0.056931664	0.000000000	0.000000000	0.017262500
-0.251251251	0.000000000	0.056714866	0.055026949	0.000000000	0.000000000	0.011242122
-0.244244244	0.000000000	0.045787667	0.053151117	0.000000000	0.000000000	0.005035172
-0.237237237	0.000000000	0.034368870	0.051304257	0.000000000	0.000000000	0.000000000
-0.230230230	0.000000000	0.022216284	0.049486461	0.000000000	0.000000000	0.000000000
-0.223223223	0.000000000	0.008640998	0.047697825	0.000000000	0.000000000	0.000000000
-0.216216216	0.000000000	0.000000000	0.045938448	0.000000000	0.000000000	0.000000000
-0.209209209	0.000000000	0.000000000	0.044208434	0.000000000	0.000000000	0.000000000
-0.202202202	0.000000000	0.000000000	0.042507891	0.000000000	0.000000000	0.000000000
-0.195195195	0.000000000	0.000000000	0.040836929	0.000000000	0.000000000	0.000000000
-0.188188188	0.000000000	0.000000000	0.039195667	0.000000000	0.000000000	0.000000000
-0.181181181	0.000000000	0.000000000	0.037584224	0.000000000	0.000000000	0.000000000
-0.174174174	0.000000000	0.000000000	0.036002728	0.000000000	0.000000000	0.000000000
-0.167167167	0.000000000	0.000000000	0.034451310	0.000000000	0.000000000	0.000000000
-0.160160160	0.000000000	0.000000000	0.032930108	0.000000000	0.000000000	0.000000000
-0.153153153	0.000000000	0.000000000	0.031439265	0.000000000	0.000000000	0.000000000
-0.146146146	0.000000000	0.000000000	0.029978930	0.000000000	0.000000000	0.000000000
-0.139139139	0.000000000	0.000000000	0.028549260	0.000000000	0.000000000	0.000000000
-0.132132132	0.000000000	0.000000000	0.027150417	0.000000000	0.000000000	0.000000000
-0.125125125	0.000000000	0.000000000	0.025782573	0.000000000	0.000000000	0.000000000
-0.118118118	0.000000000	0.000000000	0.024445905	0.000000000	0.000000000	0.000000000
-0.111111111	0.000000000	0.000000000	0.023140599	0.000000000	0.000000000	0.000000000
-0.104104104	0.000000000	0.000000000	0.021866852	0.000000000	0.000000000	0.000000000
-0.097097097	0.000000000	0.000000000	0.020624867	0.000000000	0.000000000	0.000000000
-0.090090090	0.000000000	0.000000000	0.019414858	0.000000000	0.000000000	0.000000000
-0.083083083	0.000000000	0.000000000	0.018237052	0.000000000	0.000000000	0.000000000
-0.076076076	0.000000000	0.000000000	0.017091685	0.000000000	0.000000000	0.000000000
-0.069069069	0.000000000	0.000000000	0.015979005	0.000000000	0.000000000	0.000000000
-0.062062062	0.000000000	0.000000000	0.014899275	0.000000000	0.000000000	0.000000000
-0.055055055	0.000000000	0.000000000	0.013852772	0.000000000	0.000000000	0.000000000
-0.048048048	0.000000000	0.000000000	0.012839786	0.000000000	0.000000000	0.000000000
-0.041041041	0.000000000	0.000000000	0.011860628	0.000000000	0.000000000	0.000000000
-0.034034034	0.000000000	0.000000000	0.010915625	0.000000000	0.000000000	0.000000000
-0.027027027	0.000000000	0.000000000	0.010005125	0.000000000	0.000000000	0.000000000
-0.020020020	0.000000000	0.000000000	0.009129499	0.000000000	0.000000000	0.000000000
-0.013013013	0.000000000	0.000000000	0.008289141	0.000000000	0.000000000	0.000000000
-0.006006006	0.000000000	0.000000000	0.007484477	0.000000000	0.000000000	0.000000000
0.001001001	0.000000000	0.000000000	0.006715960	0.000000000	0.000000000	0.000000000
0.008008008	0.000000000	0.000000000	0.005984082	0.000000000	0.000000000	0.000000000
0.015015015	0.000000000	0.000000000	0.005289374	0.000000000	0.000000000	0.000000000
0.022022022	0.000000000	0.000000000	0.004632415	0.000000000	0.000000000	0.000000000
0.029029029	0.000000000	0.000000000	0.004013838	0.000000000	0.000000000	0.000000000
0.036036036	0.000000000	0.000000000	0.003434341	0.000000000	0.000000000	0.000000000
0.043043043	0.000000000	0.000000000	0.002894700	0.000000000	0.000000000	0.000000000
0.050050050	0.000000000	0.000000000	0.002395782	0.000000000	0.000000000	0.000000000
0.057057057	0.000000000	0.000000000	0.001938575	0.000000000	0.000000000	0.000000000
0.064064064	0.000000000	0.000000000	0.001524210	0.000000000	0.000000000	0.000000000
0.071071071	0.000000000	0.000000000	0.001154014	0.000000000	0.000000000	0.000000000
0.078078078	0.000000000	0.000000000	0.000829578	0.000000000	0.000000000	0.000000000
0.085085085	0.000000000	0.000000000	0.000552866	0.000000000	0.000000000	0.000000000
0.092092092	0.000000000	0.000000000	0.000326420	0.000000000	0.000000000	0.000000000
0.099099099	0.000000000	0.000000000	0.000153776	0.000000000	0.000000000	0.000000000
0.106106106	0.000000000	0.000000000	0.000040550	0.000000000	0.000000000	0.000000000
0.113113113	0.000000000	0.000000000	0.000000000	0.000000000	0.000000000	0.000000000
0.120120120	0.000000000	0.000000000	0.000000000	0.000000000	0.000000000	0.000000000
0.127127127	0.000000000	0.000000000	0.000000000	0.000000000	0.000000000	0.000000000
0.134134134	0.000000000	0.000000000	0.000000000	0.000000000	0.000000000	0.000000000
0.141141141	0.000000000	0.000000000	0.000000000	0.000000000	0.000000000	0.000000000
0.148148148	0.000000000	0.000000000	0.000000000	0.000000000	0.000000000	0.000000000
0.155155155	0.000000000	0.000000000	0.000000000	0.000000000	0.000000000	0.000000000
0.162162162	0.000000000	0.000000000	0.000000000	0.000000000	0.000000000	0.000000000
0.169169169	0.000000000	0.000000000	0.000000000	0.000000000	0.000000000	0.000000000
0.176176176	0.000000000	0.000000000	0.000000000	0.000000000	0.000000000	0.000000000
0.183183183	0.000000000	0.000000000	0.000000000	0.000000000	0.000000000	0.000000000
0.190190190	0.000000000	0.000000000	0.000000000	0.000000000	0.000000000	0.000000000
0.197197197	0.000000000	0.000000000	0.000000000	0.000000000	0.000000000	0.000000000
0.204204204	0.000000000	0.000000000	0.000000000	0.000000000	0.000000000	0.000000000
0.211211211	0.000000000	0.000000000	0.000000000	0.000000000	0.000000000	0.000000000
0.218218218	0.000000000	0.000000000	0.000000000	0.000000000	0.000000000	0.000000000
0.225225225	0.000000000	0.000000000	0.000000000	0.000000000	0.000000000	0.000000000
0.232232232	0.000000000	0.000000000	0.000000000	0.000000000	0.000000000	0.000000000
0.239239239	0.000000000	0.000000000	0.000000000	0.000000000	0.000000000	0.000000000
0.246246246	0.000000000	0.000000000	0.000000000	0.000000000	0.000000000	0.000000000
0.253253253	0.000000000	0.000000000	0.000000000	0.000000000	0.000000000	0.000000000
0.260260260	0.000000000	0.000000000	0.000000000	0.000000000	0.000000000	0.000000000
0.267267267	0.000000000	0.000000000	0.000000000	0.000000000	0.000000000	0.000000000
0.274274274	0.000000000	0.000000000	0.000000000	0.000000000	0.000000000	0.000000000
0.281281281	0.000000000	0.000000000	0.000000000	0.000000000	0.000000000	0.000000000
0.288288288	0.000000000	0.000000000	0.000000000	0.000000000	0.000000000	0.000000000
0.295295295	0.000000000	0.000000000	0.000000000	0.000000000	0.000000000	0.000000000
0.302302302	0.000000000	0.000000000	0.000000000	0.000000000	0.000000000	0.000000000
0.309309309	0.000000000	0.000000000	0.000000000	0.000000000	0.000000000	0.000000000
0.316316316	0.000000000	0.000000000	0.000000000	0.000000000	0.000000000	0.000000000
0.323323323	0.000000000	0.000000000	0.000000000	0.000000000	0.000000000	0.000000000
0.330330330	0.000000000	0.000000000	0.000000000	0.000000000	0.000000000	0.000000000
0.337337337	0.000000000	0.000000000	0.000000000	0.000000000	0.000000000	0.000000000
0.344344344	0.000000000	0.000000000	0.000000000	0.000000000	0.000000000	0.000000000
0.351351351	0.000000000	0.000000000	0.000000000	0.000000000	0.000000000	0.000000000
0.358358358	0.000000000	0.000000000	0.000000000	0.000000000	0.000000000	0.000000000
0.365365365	0.000000000	0.000000000	0.000000000	0.000000000	0.000000000	0.000000000
0.372372372	0.000000000	0.000000000	0.000000000	0.000000000	0.000000000	0.000000000
0.379379379	0.000000000	0.000000000	0.000000000	0.000000000	0.000000000	0.000000000
0.386386386	0.000000000	0.000000000	0.000000000	0.000000000	0.000000000	0.000000000
0.393393393	0.000000000	0.000000000	0.000000000	0.000000000	0.000000000	0.000000000
0.400400400	0.000000000	0.000000000	0.000000000	0.000000000	0.000000000	0.000000000
0.407407407	0.000000000	0.000000000	0.000000000	0.000000000	0.000000000	0.000000000
0.414414414	0.000000000	0.000000000	0.000000000	0.000000000	0.000000000	0.000000000
0.421421421	0.000000000	0.000000000	0.000000000	0.000000000	0.000000000	0.000000000
0.428428428	0.000000000	0.000000000	0.000000000	0.000000000	0.000000000	0.000000000
0.435435435	0.000000000	0.000000000	0.000000000	0.000000000	0.000000000	0.000000000
0.442442442	0.000000000	0.000000000	0.000000000	0.000000000	0.000000000	0.000000000
0.449449449	0.000000000	0.000000000	0.000000000	0.000000000	0.000000000	0.000000000
0.456456456	0.000000000	0.000000000	0.000000000	0.000000000	0.000000000	0.000000000
0.463463463	0.000000000	0.000000000	0.000000000	0.000000000	0.000000000	0.000000000
0.470470470	0.000000000	0.000000000	0.000000000	0.000000000	0.000000000	0.000000000
0.477477477	0.000000000	0.000000000	0.000000000	0.000000000	0.000000000	0.000000000
0.484484484	0.000000000	0.000000000	0.000000000	0.000000000	0.000000000	0.000000000
0.491491491	0.000000000	0.000000000	0.000000000	0.000000000	0.000000000	0.000000000
0.498498498	0.000000000	0.000000000	0.000000000	0.000000000	0.000000000	0.000000000
0.505505506	0.000000000	0.000000000	0.000000000	0.000000000	0.000000000	0.000000000
0.512512513	0.000000000	0.000000000	0.000000000	0.000000000	0.000000000	0.000000000
0.519519520	0.000000000	0.000000000	0.000000000	0.000000000	0.000000000	0.000000000
0.526526527	0.000000000	0.000000000	0.000000000	0.000000000	0.000000000	0.000000000
0.533533534	0.000000000	0.000000000	0.000000000	0.000000000	0.000000000	0.000000000
0.540540541	0.000000000	0.000000000	0.000000000	0.000000000	0.000000000	0.000000000
0.547547548	0.000000000	0.000000000	0.000000000	0.000000000	0.000000000	0.000000000
0.554554555	0.000000000	0.000000000	0.000000000	0.000000000	0.000000000	0.000000000
0.561561562	0.000000000	0.000000000	0.000000000	0.000000000	0.000000000	0.000000000
0.568568569	0.000000000	0.000000000	0.000000000	0.000000000	0.000000000	0.000000000
0.575575576	0.000000000	0.000000000	0.000000000	0.000000000	0.000000000	0.000000000
0.582582583	0.000000000	0.000000000	0.000000000	0.000000000	0.000000000	0.000000000
0.589589590	0.000000000	0.000000000	0.000000000	0.000000000	0.000000000	0.000000000
0.596596597	0.000000000	0.000000000	0.000000000	0.000000000	0.000000000	0.000000000
0.603603604	0.000000000	0.000000000	0.000000000	0.000000000	0.000000000	0.000000000
0.610610611	0.000000000	0.000000000	0.000000000	0.000000000	0.000000000	0.000000000
0.617617618	0.000000000	0.000000000	0.000000000	0.000000000	0.000000000	0.000000000
0.624624625	0.000000000	0.000000000	0.000000000	0.000000000	0.000000000	0.000000000
0.631631632	0.000000000	0.000000000	0.000000000	0.000000000	0.000000000	0.000000000
0.638638639	0.000000000	0.000000000	0.000000000	0.000000000	0.000000000	0.000000000
0.645645646	0.000000000	0.000000000	0.000000000	0.000000000	0.000000000	0.000000000
0.652652653	0.000000000	0.000000000	0.000000000	0.000000000	0.000000000	0.000000000
0.659659660	0.000000000	0.000000000	0.000000000	0.000000000	0.000000000	0.000000000
0.666666667	0.000000000	0.000000000	0.000000000	0.000000000	0.000000000	0.000000000
0.673673674	0.000000000	0.000000000	0.000000000	0.000000000	0.000000000	0.000000000
0.680680681	0.000000000	0.000000000	0.000000000	0.000000000	0.000000000	0.000000000
0.687687688	0.000000000	0.000000000	0.000000000	0.000000000	0.000000000	0.000000000
0.694694695	0.000000000	0.000000000	0.000000000	0.000000000	0.000000000	0.000000000
0.701701702	0.000000000	0.000000000	0.000000000	0.000000000	0.000000000	0.000000000
0.708708709	0.000000000	0.000000000	0.000000000	0.000000000	0.000000000	0.000000000
0.715715716	0.000000000	0.000000000	0.000000000	0.000000000	0.000000000	0.000000000
0.722722723	0.000000000	0.000000000	0.000000000	0.000000000	0.000000000	0.000000000
0.729729730	0.000000000	0.000000000	0.000000000	0.000000000	0.000000000	0.000000000
0.736736737	0.000000000	0.000000000	0.000000000	0.000000000	0.000000000	0.000000000
0.743743744	0.000000000	0.000000000	0.000000000	0.000000000	0.000000000	0.000000000
0.750750751	0.000000000	0.000000000	0.000000000	0.000000000	0.000000000	0.000000000
0.757757758	0.000000000	0.000000000	0.000000000	0.000000000	0.000000000	0.000000000
0.764764765	0.000000000	0.000000000	0.000000000	0.000000000	0.000000000	0.000000000
0.771771772	0.000000000	0.000000000	0.000000000	0.000000000	0.000000000	0.000000000
0.778778779	0.000000000	0.000000000	0.000000000	0.000000000	0.000000000	0.000000000
0.785785786	0.000000000	0.000000000	0.000000000	0.000000000	0.000000000	0.000000000
0.792792793	0.000000000	0.000000000	0.000000000	0.000000000	0.000000000	0.000000000
0.799799800	0.000000000	0.000000000	0.000000000	0.000000000	0.000000000	0.000000000
0.806806807	0.000000000	0.000000000	0.000000000	0.000000000	0.000000000	0.000000000
0.813813814	0.000000000	0.000000000	0.000000000	0.000000000	0.000000000	0.000000000
0.820820821	0.000000000	0.000000000	0.000000000	0.000000000	0.000000000	0.000000000
0.827827828	0.000000000	0.000000000	0.000000000	0.000000000	0.000000000	0.000000000
0.834834835	0.000000000	0.000000000	0.000000000	0.000000000	0.000000000	0.000000000
0.841841842	0.000000000	0.000000000	0.000000000	0.000000000	0.000000000	0.000000000
0.848848849	0.000000000	0.000000000	0.000000000	0.000000000	0.000000000	0.000000000
0.855855856	0.000000000	0.000000000	0.000000000	0.000000000	0.000000000	0.000000000
0.862862863	0.000000000	0.000000000	0.000000000	0.000000000	0.000000000	0.000000000
0.869869870	0.000000000	0.000000000	0.000000000	0.000000000	0.000000000	0.000000000
0.876876877	0.000000000	0.000000000	0.000000000	0.000000000	0.000000000	0.000000000
0.883883884	0.000000000	0.000000000	0.000000000	0.000000000	0.000000000	0.000000000
0.890890891	0.000000000	0.000000000	0.000000000	0.000000000	0.000000000	0.000000000
0.897897898	0.000000000	0.000000000	0.000000000	0.000000000	0.000000000	0.000000000
0.904904905	0.000000000	0.000000000	0.000000000	0.000000000	0.000000000	0.000000000
0.911911912	0.000000000	0.000000000	0.000000000	0.000000000	0.000000000	0.000000000
0.918918919	0.000000000	0.000000000	0.000000000	0.000000000	0.000000000	0.000000000
0.925925926	0.000000000	0.000000000	0.000000000	0.000000000	0.000000000	0.000000000
0.932932933	0.000000000	0.000000000	0.000000000	0.000000000	0.000000000	0.000000000
0.939939940	0.000000000	0.000000000	0.000000000	0.000000000	0.000000000	0.000000000
0.946946947	0.000000000	0.000000000	0.000000000	0.000000000	0.000000000	0.000000000
0.953953954	0.000000000	0.000000000	0.000000000	0.000000000	0.000000000	0.000000000
0.960960961	0.000000000	0.000000000	0.000000000	0.000000000	0.000000000	0.000000000
0.967967968	0.000000000	0.000000000	0.000000000	0.000000000	0.000000000	0.000000000
0.974974975	0.000000000	0.000000000	0.000000000	0.000000000	0.000000000	0.000000000
0.981981982	0.000000000	0.000000000	0.000000000	0.000000000	0.000000000	0.000000000
0.988988989	0.000000000	0.000000000	0.000000000	0.000000000	0.000000000	0.000000000
0.995995996	0.000000000	0.000000000	0.000000000	0.000000000	0.000000000	0.000000000
1.003003003	0.000000000	0.000000000	0.000000000	0.000000000	0.000000000	0.000000000
1.010010010	0.000000000	0.000000000	0.000000000	0.000000000	0.000000000	0.000000000
1.017017017	0.000000000	0.000000000	0.000000000	0.000000000	0.000000000	0.000000000
1.024024024	0.000000000	0.000000000	0.000000000	0.000000000	0.000000000	0.000000000
1.031031031	0.000000000	0.000000000	0.000000000	0.000000000	0.000000000	0.000000000
1.038038038	0.000000000	0.000000000	0.000000000	0.000000000	0.000000000	0.000000000
1.045045045	0.000000000	0.000000000	0.000000000	0.000000000	0.000000000	0.000000000
1.052052052	0.000000000	0.000000000	0.000000000	0.000000000	0.000000000	0.000000000
1.059059059	0.000000000	0.000000000	0.000000000	0.000000000	0.000000000	0.000000000
1.066066066	0.000000000	0.000000000	0.000000000	0.000000000	0.000000000	0.000000000
1.073073073	0.000000000	0.000000000	0.000000000	0.000000000	0.000000000	0.000000000
1.080080080	0.000000000	0.000000000	0.000000000	0.000000000	0.000000000	0.000000000
1.087087087	0.000000000	0.000000000	0.000000000	0.000000000	0.000000000	0.000000000
1.094094094	0.000000000	0.000000000	0.000000000	0.000000000	0.000000000	0.000000000
1.101101101	0.000000000	0.000000000	0.000000000	0.000000000	0.000000000	0.000000000
1.108108108	0.000000000	0.000000000	0.000000000	0.000000000	0.000000000	0.000000000
1.115115115	0.000000000	0.000000000	0.000000000	0.000000000	0.000000000	0.000000000
1.122122122	0.000000000	0.000000000	0.000000000	0.000000000	0.000000000	0.000000000
1.129129129	0.000000000	0.000000000	0.000000000	0.000000000	0.000000000	0.000000000
1.136136136	0.000000000	0.000000000	0.000000000	0.000000000	0.000000000	0.000000000
1.143143143	0.000000000	0.000000000	0.000000000	0.000000000	0.000000000	0.000000000
1.150150150	0.000000000	0.000000000	0.000000000	0.000000000	0.000000000	0.000000000
1.157157157	0.000000000	0.000000000	0.000000000	0.000000000	0.000000000	0.000000000
1.164164164	0.000000000	0.000000000	0.000000000	0.000000000	0.000000000	0.000000000
1.171171171	0.000000000	0.000000000	0.000000000	0.000000000	0.000000000	0.000000000
1.178178178	0.000000000	0.000000000	0.000000000	0.000000000	0.000000000	0.000000000
1.185185185	0.000000000	0.000000000	0.000000000	0.000000000	0.000000000	0.000000000
1.192192192	0.000000000	0.000000000	0.000000000	0.000000000	0.000000000	0.000000000
1.199199199	0.000000000	0.000000000	0.000000000	0.000000000	0.000000000	0.000000000
1.206206206	0.000000000	0.000000000	0.000000000	0.000000000	0.000000000	0.000000000
1.213213213	0.000000000	0.000000000	0.000000000	0.000000000	0.000000000	0.000000000
1.220220220	0.000000000	0.000000000	0.000000000	0.000000000	0.000000000	0.000000000
1.227227227	0.000000000	0.000000000	0.000000000	0.000000000	0.000000000	0.000000000
1.234234234	0.000000000	0.000000000	0.000000000	0.000000000	0.000000000	0.000000000
1.241241241	0.000000000	0.000000000	0.000000000	0.000000000	0.000000000	0.000000000
1.248248248	0.000000000	0.000000000	0.000000000	0.000000000	0.000000000	0.000000000
1.255255255	0.000000000	0.000000000	0.000000000	0.000000000	0.000000000	0.000000000
1.262262262	0.000000000	0.000000000	0.000000000	0.000000000	0.000000000	0.000000000
1.269269269	0.000000000	0.000000000	0.000000000	0.000000000	0.000000000	0.000000000
1.276276276	0.000000000	0.000000000	0.000000000	0.000000000	0.000000000	0.000000000
1.283283283	0.000000000	0.000000000	0.000000000	0.000000000	0.000000000	0.000000000
1.290290290	0.000000000	0.000000000	0.000000000	0.000000000	0.000000000	0.000000000
1.297297297	0.000000000	0.000000000	0.000000000	0.000000000	0.000000000	0.000000000
1.304304304	0.000000000	0.000000000	0.000000000	0.000000000	0.000000000	0.000000000
1.311311311	0.000000000	0.000000000	0.000000000	0.000000000	0.000000000	0.000000000
1.318318318	0.000000000	0.000000000	0.000000000	0.000000000	0.000000000	0.000000000
1.325325325	0.000000000	0.000000000	0.000000000	0.000000000	0.000000000	0.000000000
1.332332332	0.000000000	0.000000000	0.000000000	0.000000000	0.000000000	0.000000000
1.339339339	0.000000000	0.000000000	0.000000000	0.000000000	0.000000000	0.000000000
1.346346346	0.000000000	0.000000000	0.000000000	0.000000000	0.000000000	0.000000000
1.353353353	0.000000000	0.000000000	0.000000000	0.000000000	0.000000000	0.000000000
1.360360360	0.000000000	0.000000000	0.000000000	0.000000000	0.000000000	0.000000000
1.367367367	0.000000000	0.000000000	0.000000000	0.000000000	0.000000000	0.000000000
1.374374374	0.000000000	0.000000000	0.000000000	0.000000000	0.000000000	0.000000000
1.381381381	0.000000000	0.000000000	0.000000000	0.000000000	0.000000000	0.000000000
1.388388388	0.000000000	0.000000000	0.000000000	0.000000000	0.000000000	0.000000000
1.395395395	0.000000000	0.000000000	0.000000000	0.000000000	0.000000000	0.000000000
1.402402402	0.000000000	0.000000000	0.000000000	0.000000000	0.000000000	0.000000000
1.409409409	0.000000000	0.000000000	0.000000000	0.000000000	0.000000000	0.000000000
1.416416416	0.000000000	0.000000000	0.000000000	0.000000000	0.000000000	0.000000000
1.423423423	0.000000000	0.000000000	0.000000000	0.000000000	0.000000000	0.000000000
1.430430430	0.000000000	0.000000000	0.000000000	0.000000000	0.000000000	0.000000000
1.437437437	0.000000000	0.000000000	0.000000000	0.000000000	0.000000000	0.000000000
1.444444444	0.000000000	0.000000000	0.000000000	0.000000000	0.000000000	0.000000000
1.451451451	0.000000000	0.000000000	0.000000000	0.000000000	0.000000000	0.000000000
1.458458458	0.000000000	0.000000000	0.000000000	0.000000000	0.000000000	0.000000000
1.465465465	0.000000000	0.000000000	0.000000000	0.000000000	0.000000000	0.000000000
1.472472472	0.000000000	0.000000000	0.000000000	0.000000000	0.000000000	0.000000000
1.479479479	0.000000000	0.000000000	0.000000000	0.000000000	0.000000000	0.000000000
1.486486486	0.000000000	0.000000000	0.000000000	0.000000000	0.000000000	0.000000000
1.493493493	0.000000000	0.000000000	0.000000000	0.000000000	0.000000000	0.000000000
1.500500501	0.000000000	0.000000000	0.000000000	0.000000000	0.000000000	0.000000000
1.507507508	0.000000000	0.000000000	0.000000000	0.000000000	0.000000000	0.000000000
1.514514515	0.000000000	0.000000000	0.000000000	0.000000000	0.000000000	0.000000000
1.521521522	0.000000000	0.000000000	0.000000000	0.000000000	0.000000000	0.000000000
1.528528529	0.000000000	0.000000000	0.000000000	0.000000000	0.000000000	0.000000000
1.535535536	0.000000000	0.000000000	0.000000000	0.000000000	0.000000000	0.000000000
1.542542543	0.000000000	0.000000000	0.000000000	0.000000000	0.000000000	0.000000000
1.549549550	0.000000000	0.000000000	0.000000000	0.000000000	0.000000000	0.000000000
1.556556557	0.000000000	0.000000000	0.000000000	0.000000000	0.000000000	0.000000000
1.563563564	0.000000000	0.000000000	0.000000000	0.000000000	0.000000000	0.000000000
1.570570571	0.000000000	0.000000000	0.000000000	0.000000000	0.000000000	0.000000000
1.577577578	0.000000000	0.000000000	0.000000000	0.000000000	0.000000000	0.000000000
1.584584585	0.000000000	0.000000000	0.000000000	0.000000000	0.000000000	0.000000000
1.591591592	0.000000000	0.000000000	0.000000000	0.000000000	0.000000000	0.000000000
1.598598599	0.000000000	0.000000000	0.000000000	0.000000000	0.000000000	0.000000000
1.605605606	0.000000000	0.000000000	0.000000000	0.000000000	0.000000000	0.000000000
1.612612613	0.000000000	0.000000000	0.000000000	0.000000000	0.000000000	0.000000000
1.619619620	0.000000000	0.000000000	0.000000000	0.000000000	0.000000000	0.000000000
1.626626627	0.000000000	0.000000000	0.000000000	0.000000000	0.000000000	0.000000000
1.633633634	0.000000000	0.000000000	0.000000000	0.000000000	0.000000000	0.000000000
1.640640641	0.000000000	0.000000000	0.000000000	0.000000000	0.000000000	0.000000000
1.647647648	0.000000000	0.000000000	0.000000000	0.000000000	0.000000000	0.000000000
1.654654655	0.000000000	0.000000000	0.000000000	0.000000000	0.000000000	0.000000000
1.661661662	0.000000000	0.000000000	0.000000000	0.000000000	0.000000000	0.000000000
1.668668669	0.000000000	0.000000000	0.000000000	0.000000000	0.000000000	0.000000000
1.675675676	0.000000000	0.000000000	0.000000000	0.000000000	0.000000000	0.000000000
1.682682683	0.000000000	0.000000000	0.000000000	0.000000000	0.000000000	0.000000000
1.689689690	0.000000000	0.000000000	0.000000000	0.000000000	0.000000000	0.000000000
1.696696697	0.000000000	0.000000000	0.000000000	0.000000000	0.000000000	0.000000000
1.703703704	0.000000000	0.000000000	0.000000000	0.000000000	0.000000000	0.000000000
1.710710711	0.000000000	0.000000000	0.000000000	0.000000000	0.000000000	0.000000000
1.717717718	0.000000000	0.000000000	0.000000000	0.000000000	0.000000000	0.000000000
1.724724725	0.000000000	0.000000000	0.000000000	0.000000000	0.000000000	0.000000000
1.731731732	0.000000000	0.000000000	0.000000000	0.000000000	0.000000000	0.000000000
1.738738739	0.000000000	0.000000000	0.000000000	0.000000000	0.000000000	0.000000000
1.745745746	0.000000000	0.000000000	0.000000000	0.000000000	0.000000000	0.000000000
1.752752753	0.000000000	0.000000000	0.000000000	0.000000000	0.000000000	0.000000000
1.759759760	0.000000000	0.000000000	0.000000000	0.000000000	0.000000000	0.000000000
1.766766767	0.000000000	0.000000000	0.000000000	0.000000000	0.000000000	0.000000000
1.773773774	0.000000000	0.000000000	0.000000000	0.000000000	0.000000000	0.000000000
1.780780781	0.000000000	0.000000000	0.000000000	0.000000000	0.000000000	0.000000000
1.787787788	0.000000000	0.000000000	0.000000000	0.000000000	0.000000000	0.000000000
1.794794795	0.000000000	0.000000000	0.000000000	0.000000000	0.000000000	0.000000000
1.801801802	0.000000000	0.000000000	0.000000000	0.000000000	0.000000000	0.000000000
1.808808809	0.000000000	0.000000000	0.000000000	0.000000000	0.000000000	0.000000000
1.815815816	0.000000000	0.000000000	0.000000000	0.000000000	0.000000000	0.000000000
1.822822823	0.000000000	0.000000000	0.000000000	0.000000000	0.000000000	0.000000000
1.829829830	0.000000000	0.000000000	0.000000000	0.000000000	0.000000000	0.000000000
1.836836837	0.000000000	0.000000000	0.000000000	0.000000000	0.000000000	0.000000000
1.843843844	0.000000000	0.000000000	0.000000000	0.000000000	0.000000000	0.000000000
1.850850851	0.000000000	0.000000000	0.000000000	0.000000000	0.000000000	0.000000000
1.857857858	0.000000000	0.000000000	0.000000000	0.000000000	0.000000000	0.000000000
1.864864865	0.000000000	0.000000000	0.000000000	0.000000000	0.000000000	0.000000000
1.871871872	0.000000000	0.000000000	0.000000000	0.000000000	0.000000000	0.000000000
1.878878879	0.000000000	0.000000000	0.000000000	0.000000000	0.000000000	0.000000000
1.885885886	0.000000000	0.000000000	0.000000000	0.000000000	0.000000000	0.000000000
1.892892893	0.000000000	0.000000000	0.000000000	0.000000000	0.000000000	0.000000000
1.899899900	0.000000000	0.000000000	0.000000000	0.000000000	0.000000000	0.000000000
1.906906907	0.000000000	0.000000000	0.000000000	0.000000000	0.000000000	0.000000000
1.913913914	0.000000000	0.000000000	0.000000000	0.000000000	0.000000000	0.000000000
1.920920921	0.000000000	0.000000000	0.000000000	0.000000000	0.000000000	0.000000000
1.927927928	0.000000000	0.000000000	0.000000000	0.000000000	0.000000000	0.000000000
1.934934935	0.000000000	0.000000000	0.000000000	0.000000000	0.000000000	0.000000000
1.941941942	0.000000000	0.000000000	0.000000000	0.000000000	0.000000000	0.000000000
1.948948949	0.000000000	0.000000000	0.000000000	0.000000000	0.000000000	0.000000000
1.955955956	0.000000000	0.000000000	0.000000000	0.000000000	0.000000000	0.000000000
1.962962963	0.000000000	0.000000000	0.000000000	0.000000000	0.000000000	0.000000000
1.969969970	0.000000000	0.000000000	0.000000000	0.000000000	0.000000000	0.000000000
1.976976977	0.000000000	0.000000000	0.000000000	0.000000000	0.000000000	0.000000000
1.983983984	0.000000000	0.000000000	0.000000000	0.000000000	0.000000000	0.000000000
1.990990991	0.000000000	0.000000000	0.000000000	0.000000000	0.000000000	0.000000000
1.997997998	0.000000000	0.000000000	0.000000000	0.000000000	0.000000000	0.000000000
2.005005005	0.000000000	0.000000000	0.000000000	0.000000000	0.000000000	0.000000000
2.012012012	0.000000000	0.000000000	0.000000000	0.000000000	0.000000000	0.000000000
2.019019019	0.000000000	0.000000000	0.000000000	0.000000000	0.000000000	0.000000000
2.026026026	0.000000000	0.000000000	0.000000000	0.000000000	0.000000000	0.000000000
2.033033033	0.000000000	0.000000000	0.000000000	0.000000000	0.000000000	0.000000000
2.040040040	0.000000000	0.000000000	0.000000000	0.000000000	0.000000000	0.000000000
2.047047047	0.000000000	0.000000000	0.000000000	0.000000000	0.000000000	0.000000000
2.054054054	0.000000000	0.000000000	0.000000000	0.000000000	0.000000000	0.000000000
2.061061061	0.000000000	0.000000000	0.000000000	0.000000000	0.000000000	0.000000000
2.068068068	0.000000000	0.000000000	0.000000000	0.000000000	0.000000000	0.000000000
2.075075075	0.000000000	0.000000000	0.000000000	0.000000000	0.000000000	0.000000000
2.082082082	0.000000000	0.000000000	0.000000000	0.000000000	0.000000000	0.000000000
2.089089089	0.000000000	0.000000000	0.000000000	0.000000000	0.000000000	0.000000000
2.096096096	0.000000000	0.000000000	0.000000000	0.000000000	0.000000000	0.000000000
2.103103103	0.000000000	0.000000000	0.000000000	0.000000000	0.000000000	0.000000000
2.110110110	0.000000000	0.000000000	0.000000000	0.000000000	0.000000000	0.000000000
2.117117117	0.000000000	0.000000000	0.000000000	0.000000000	0.000000000	0.000000000
2.124124124	0.000000000	0.000000000	0.000000000	0.000000000	0.000000000	0.000000000
2.131131131	0.000000000	0.000000000	0.000000000	0.000000000	0.000000000	0.000000000
2.138138138	0.000000000	0.000000000	0.000000000	0.000000000	0.000000000	0.000000000
2.145145145	0.000000000	0.000000000	0.000000000	0.000000000	0.000000000	0.000000000
2.152152152	0.000000000	0.000000000	0.000000000	0.000000000	0.000000000	0.000000000
2.159159159	0.000000000	0.000000000	0.000000000	0.000000000	0.000000000	0.000000000
2.166166166	0.000000000	0.000000000	0.000000000	0.000000000	0.000000000	0.000000000
2.173173173	0.000000000	0.000000000	0.000000000	0.000000000	0.000000000	0.000000000
2.180180180	0.000000000	0.000000000	0.000000000	0.000000000	0.000000000	0.000000000
2.187187187	0.000000000	0.000000000	0.000000000	0.000000000	0.000000000	0.000000000
2.194194194	0.000000000	0.000000000	0.000000000	0.000000000	0.000000000	0.000000000
2.201201201	0.000000000	0.000000000	0.000000000	0.000000000	0.000000000	0.000000000
2.208208208	0.000000000	0.000000000	0.000000000	0.000000000	0.000000000	0.000000000
2.215215215	0.000000000	0.000000000	0.000000000	0.000000000	0.000000000	0.000000000
2.222222222	0.000000000	0.000000000	0.000000000	0.000000000	0.000000000	0.000000000
2.229229229	0.000000000	0.000000000	0.000000000	0.000000000	0.000000000	0.000000000
2.236236236	0.000000000	0.000000000	0.000000000	0.000000000	0.000000000	0.000000000
2.243243243	0.000000000	0.000000000	0.000000000	0.000000000	0.000000000	0.000000000
2.250250250	0.000000000	0.000000000	0.000000000	0.000000000	0.000000000	0.000000000
2.257257257	0.000000000	0.000000000	0.000000000	0.000000000	0.000000000	0.000000000
2.264264264	0.000000000	0.000000000	0.000000000	0.000000000	0.000000000	0.000000000
2.271271271	0.000000000	0.000000000	0.000000000	0.000000000	0.000000000	0.000000000
2.278278278	0.000000000	0.000000000	0.000000000	0.000000000	0.000000000	0.000000000
2.285285285	0.000000000	0.000000000	0.000000000	0.000000000	0.000000000	0.000000000
2.292292292	0.000000000	0.000000000	0.000000000	0.000000000	0.000000000	0.000000000
2.299299299	0.000000000	0.000000000	0.000000000	0.000000000	0.000000000	0.000000000
2.306306306	0.000000000	0.000000000	0.000000000	0.000000000	0.000000000	0.000000000
2.313313313	0.000000000	0.000000000	0.000000000	0.000000000	0.000000000	0.000000000
2.320320320	0.000000000	0.000000000	0.000000000	0.000000000	0.000000000	0.000000000
2.327327327	0.000000000	0.000000000	0.000000000	0.000000000	0.000000000	0.000000000
2.334334334	0.000000000	0.000000000	0.000000000	0.000000000	0.000000000	0.000000000
2.341341341	0.000000000	0.000000000	0.000000000	0.000000000	0.000000000	0.000000000
2.348348348	0.000000000	0.000000000	0.000000000	0.000000000	0.000000000	0.000000000
2.355355355	0.000000000	0.000000000	0.000000000	0.000000000	0.000000000	0.000000000
2.362362362	0.000000000	0.000000000	0.000000000	0.000000000	0.000000000	0.000000000
2.369369369	0.000000000	0.000000000	0.000000000	0.000000000	0.000000000	0.000000000
2.376376376	0.000000000	0.000000000	0.000000000	0.000000000	0.000000000	0.000000000
2.383383383	0.000000000	0.000000000	0.000000000	0.000000000	0.000000000	0.000000000
2.390390390	0.000000000	0.000000000	0.000000000	0.000000000	0.000000000	0.000000000
2.397397397	0.000000000	0.000000000	0.000000000	0.000000000	0.000000000	0.000000000
2.404404404	0.000000000	0.000000000	0.000000000	0.000000000	0.000000000	0.000000000
2.411411411	0.000000000	0.000000000	0.000000000	0.000000000	0.000000000	0.000000000
2.418418418	0.000000000	0.000000000	0.000000000	0.000000000	0.000000000	0.000000000
2.425425425	0.000000000	0.000000000	0.000000000	0.000000000	0.000000000	0.000000000
2.432432432	0.000000000	0.000000000	0.000000000	0.000000000	0.000000000	0.000000000
2.439439439	0.000000000	0.000000000	0.000000000	0.000000000	0.000000000	0.000000000
2.446446446	0.000000000	0.000000000	0.000000000	0.000000000	0.000000000	0.000000000
2.453453453	0.000000000	0.000000000	0.000000000	0.000000000	0.000000000	0.000000000
2.460460460	0.000000000	0.000000000	0.000000000	0.000000000	0.000000000	0.000000000
2.467467467	0.000000000	0.000000000	0.000000000	0.000000000	0.000000000	0.000000000
2.474474474	0.000000000	0.000000000	0.000000000	0.000000000	0.000000000	0.000000000
2.481481481	0.000000000	0.000000000	0.000000000	0.000000000	0.000000000	0.000000000
2.488488488	0.000000000	0.000000000	0.000000000	0.000000000	0.000000000	0.000000000
2.495495495	0.000000000	0.000000000	0.000000000	0.000000000	0.000000000	0.000000000
2.502502503	0.000000000	0.000000000	0.000000000	0.000000000	0.000000000	0.000000000
2.509509510	0.000000000	0.000000000	0.000000000	0.000000000	0.000000000	0.000000000
2.516516517	0.000000000	0.000000000	0.000000000	0.000000000	0.000000000	0.000000000
2.523523524	0.000000000	0.000000000	0.000000000	0.000000000	0.000000000	0.000000000
2.530530531	0.000000000	0.000000000	0.000000000	0.000000000	0.000000000	0.000000000
2.537537538	0.000000000	0.000000000	0.000000000	0.000000000	0.000000000	0.000000000
2.544544545	0.000000000	0.000000000	0.000000000	0.000000000	0.000000000	0.000000000
2.551551552	0.000000000	0.000000000	0.000000000	0.000000000	0.000000000	0.000000000
2.558558559	0.000000000	0.000000000	0.000000000	0.000000000	0.000000000	0.000000000
2.565565566	0.000000000	0.000000000	0.000000000	0.000000000	0.000000000	0.000000000
2.572572573	0.000000000	0.000000000	0.000000000	0.000000000	0.000000000	0.000000000
2.579579580	0.000000000	0.000000000	0.000000000	0.000000000	0.000000000	0.000000000
2.586586587	0.000000000	0.000000000	0.000000000	0.000000000	0.000000000	0.000000000
2.593593594	0.000000000	0.000000000	0.000000000	0.000000000	0.000000000	0.000000000
2.600600601	0.000000000	0.000000000	0.000000000	0.000000000	0.000000000	0.000000000
2.607607608	0.000000000	0.000000000	0.000000000	0.000000000	0.000000000	0.000000000
2.614614615	0.000000000	0.000000000	0.000000000	0.000000000	0.000000000	0.000000000
2.621621622	0.000000000	0.000000000	0.000000000	0.000000000	0.000000000	0.000000000
2.628628629	0.000000000	0.000000000	0.000000000	0.000000000	0.000000000	0.000000000
2.635635636	0.000000000	0.000000000	0.000000000	0.000000000	0.000000000	0.000000000
2.642642643	0.000000000	0.000000000	0.000000000	0.000000000	0.000000000	0.000000000
2.649649650	0.000000000	0.000000000	0.000000000	0.000000000	0.000000000	0.000000000
2.656656657	0.000000000	0.000000000	0.000000000	0.000000000	0.000000000	0.000000000
2.663663664	0.000000000	0.000000000	0.000000000	0.000000000	0.000000000	0.000000000
2.670670671	0.000000000	0.000000000	0.000000000	0.000000000	0.000000000	0.000000000
2.677677678	0.000000000	0.000000000	0.000000000	0.000000000	0.000000000	0.000000000
2.684684685	0.000000000	0.000000000	0.000000000	0.000000000	0.000000000	0.000000000
2.691691692	0.000000000	0.000000000	0.000000000	0.000000000	0.000000000	0.000000000
2.698698699	0.000000000	0.000000000	0.000000000	0.000000000	0.000000000	0.000000000
2.705705706	0.000000000	0.000000000	0.000000000	0.000000000	0.000000000	0.000000000
2.712712713	0.000000000	0.000000000	0.000000000	0.000000000	0.000000000	0.000000000
2.719719720	0.000000000	0.000000000	0.000000000	0.000000000	0.000000000	0.000000000
2.726726727	0.000000000	0.000000000	0.000000000	0.000000000	0.000000000	0.000000000
2.733733734	0.000000000	0.000000000	0.000000000	0.000000000	0.000000000	0.000000000
2.740740741	0.000000000	0.000000000	0.000000000	0.000000000	0.000000000	0.000000000
2.747747748	0.000000000	0.000000000	0.000000000	0.000000000	0.000000000	0.000000000
2.754754755	0.000000000	0.000000000	0.000000000	0.000000000	0.000000000	0.000000000
2.761761762	0.000000000	0.000000000	0.000000000	0.000000000	0.000000000	0.000000000
2.768768769	0.000000000	0.000000000	0.000000000	0.000000000	0.000000000	0.000000000
2.775775776	0.000000000	0.000000000	0.000000000	0.000000000	0.000000000	0.000000000
2.782782783	0.000000000	0.000000000	0.000000000	0.000000000	0.000000000	0.000000000
2.789789790	0.000000000	0.000000000	0.000000000	0.000000000	0.000000000	0.000000000
2.796796797	0.000000000	0.000000000	0.000000000	0.000000000	0.000000000	0.000000000
2.803803804	0.000000000	0.000000000	0.000000000	0.000000000	0.000000000	0.000000000
2.810810811	0.000000000	0.000000000	0.000000000	0.000000000	0.000000000	0.000000000
2.817817818	0.000000000	0.000000000	0.000000000	0.000000000	0.000000000	0.000000000
2.824824825	0.000000000	0.000000000	0.000000000	0.000000000	0.000000000	0.000000000
2.831831832	0.000000000	0.000000000	0.000000000	0.000000000	0.000000000	0.000000000
2.838838839	0.000000000	0.000000000	0.000000000	0.000000000	0.000000000	0.000000000
2.845845846	0.000000000	0.000000000	0.000000000	0.000000000	0.000000000	0.000000000
2.852852853	0.000000000	0.000000000	0.000000000	0.000000000	0.000000000	0.000000000
2.859859860	0.000000000	0.000000000	0.000000000	0.000000000	0.000000000	0.000000000
2.866866867	0.000000000	0.000000000	0.000000000	0.000000000	0.000000000	0.000000000
2.873873874	0.000000000	0.000000000	0.000000000	0.000000000	0.000000000	0.000000000
2.880880881	0.000000000	0.000000000	0.000000000	0.000000000	0.000000000	0.000000000
2.887887888	0.000000000	0.000000000	0.000000000	0.000000000	0.000000000	0.000000000
2.894894895	0.000000000	0.000000000	0.000000000	0.000000000	0.000000000	0.000000000
2.901901902	0.000000000	0.000000000	0.000000000	0.000000000	0.000000000	0.000000000
2.908908909	0.000000000	0.000000000	0.000000000	0.000000000	0.000000000	0.000000000
2.915915916	0.000000000	0.000000000	0.000000000	0.000000000	0.000000000	0.000000000
2.922922923	0.000000000	0.000000000	0.000000000	0.000000000	0.000000000	0.000000000
2.929929930	0.000000000	0.000000000	0.000000000	0.000000000	0.000000000	0.000000000
2.936936937	0.000000000	0.000000000	0.000000000	0.000000000	0.000000000	0.000000000
2.943943944	0.000000000	0.000000000	0.000000000	0.000000000	0.000000000	0.000000000
2.950950951	0.000000000	0.000000000	0.000000000	0.000000000	0.000000000	0.000000000
2.957957958	0.000000000	0.000000000	0.000000000	0.000000000	0.000000000	0.000000000
2.964964965	0.000000000	0.000000000	0.000000000	0.000000000	0.000000000	0.000000000
2.971971972	0.000000000	0.000000000	0.000000000	0.000000000	0.000000000	0.000000000
2.978978979	0.000000000	0.000000000	0.000000000	0.000000000	0.000000000	0.000000000
2.985985986	0.000000000	0.000000000	0.000000000	0.000000000	0.000000000	0.000000000
2.992992993	0.000000000	0.000000000	0.000000000	0.000000000	0.000000000	0.000000000
3.000000000	0.000000000	0.000000000	0.000000000	0.000000000	0.000000000	0.000000000