-4.00000000	0.003884429	0.008111770	0.011429310	0.036239102	0.011769918	0.016606455
-3.99299299	0.003934973	0.008201336	0.011552721	0.036632766	0.011883630	0.016761812
-3.98598599	0.003986214	0.008291958	0.011677552	0.037030520	0.011998543	0.016918752
-3.97897898	0.004038162	0.008383650	0.011803823	0.037432403	0.012114672	0.017077294
-3.97197197	0.004090827	0.008476425	0.011931549	0.037838453	0.012232031	0.017237455
-3.96496496	0.004144220	0.008570298	0.012060750	0.038248709	0.012350635	0.017399253
-3.95795796	0.004198352	0.008665281	0.012191442	0.038663211	0.012470496	0.017562706
-3.95095095	0.004253234	0.008761388	0.012323645	0.039081998	0.012591631	0.017727831
-3.94394394	0.004308875	0.008858635	0.012457376	0.039505109	0.012714053	0.017894648
-3.93693694	0.004365288	0.008957034	0.012592654	0.039932586	0.012837777	0.018063175
-3.92992993	0.004422484	0.009056601	0.012729499	0.040364468	0.012962818	0.018233431
-3.92292292	0.004480473	0.009157351	0.012867929	0.040800795	0.013089192	0.018405436
-3.91591592	0.004539269	0.009259297	0.013007963	0.041241610	0.013216914	0.018579207
-3.90890891	0.004598881	0.009362456	0.013149622	0.041686952	0.013346000	0.018754766
-3.90190190	0.004659324	0.009466842	0.013292925	0.042136864	0.013476464	0.018932131
-3.89489489	0.004720608	0.009572470	0.013437893	0.042591388	0.013608324	0.019111323
-3.88788789	0.004782745	0.009679358	0.013584546	0.043050564	0.013741595	0.019292363
-3.88088088	0.004845750	0.009787520	0.013732904	0.043514437	0.013876294	0.019475269
-3.87387387	0.004909633	0.009896973	0.013882988	0.043983047	0.014012437	0.019660064
-3.86686687	0.004974409	0.010007732	0.014034820	0.044456438	0.014150041	0.019846768
-3.85985986	0.005040090	0.010119815	0.014188422	0.044934653	0.014289123	0.020035402
-3.85285285	0.005106690	0.010233238	0.014343814	0.045417736	0.014429701	0.020225988
-3.84584585	0.005174221	0.010348018	0.014501019	0.045905730	0.014571791	0.020418548
-3.83883884	0.005242699	0.010464173	0.014660060	0.046398678	0.014715411	0.020613103
-3.83183183	0.005312136	0.010581719	0.014820958	0.046896626	0.014860579	0.020809676
-3.82482482	0.005382548	0.010700675	0.014983737	0.047399618	0.015007313	0.021008289
-3.81781782	0.005453948	0.010821058	0.015148420	0.047907697	0.015155632	0.021208966
-3.81081081	0.005526350	0.010942886	0.015315030	0.048420910	0.015305554	0.021411728
-3.80380380	0.005599771	0.011066178	0.015483592	0.048939302	0.015457097	0.021616599
-3.79679680	0.005674224	0.011190953	0.015654129	0.049462917	0.015610282	0.021823604
-3.78978979	0.005749726	0.011317229	0.015826665	0.049991802	0.015765126	0.022032765
-3.78278278	0.005826291	0.011445025	0.016001226	0.050526003	0.015921649	0.022244107
-3.77577578	0.005903936	0.011574360	0.016177837	0.051065566	0.016079872	0.022457654
-3.76876877	0.005982676	0.011705256	0.016356522	0.051610538	0.016239813	0.022673431
-3.76176176	0.006062528	0.011837730	0.016537307	0.052160964	0.016401494	0.022891463
-3.75475475	0.006143508	0.011971803	0.016720220	0.052716893	0.016564934	0.023111776
-3.74774775	0.006225633	0.012107497	0.016905284	0.053278371	0.016730155	0.023334394
-3.74074074	0.006308921	0.012244831	0.017092529	0.053845447	0.016897177	0.023559344
-3.73373373	0.006393387	0.012383826	0.017281980	0.054418167	0.017066022	0.023786652
-3.72672673	0.006479051	0.012524504	0.017473665	0.054996580	0.017236710	0.024016345
-3.71971972	0.006565929	0.012666886	0.017667611	0.055580734	0.017409265	0.024248448
-3.71271271	0.006654040	0.012810994	0.017863847	0.056170677	0.017583708	0.024482990
-3.70570571	0.006743402	0.012956850	0.018062401	0.056766458	0.017760060	0.024719998
-3.69869870	0.006834035	0.013104477	0.018263302	0.057368127	0.017938346	0.024959500
-3.69169169	0.006925956	0.013253897	0.018466580	0.057975731	0.018118588	0.025201524
-3.68468468	0.007019185	0.013405133	0.018672263	0.058589321	0.018300808	0.025446097
-3.67767768	0.007113742	0.013558208	0.018880381	0.059208946	0.018485031	0.025693250
-3.67067067	0.007209647	0.013713147	0.019090966	0.059834656	0.018671280	0.025943011
-3.66366366	0.007306920	0.013869973	0.019304047	0.060466500	0.018859579	0.026195409
-3.65665666	0.007405581	0.014028710	0.019519656	0.061104529	0.019049953	0.026450475
-3.64964965	0.007505651	0.014189383	0.019737824	0.061748794	0.019242426	0.026708239
-3.64264264	0.007607151	0.014352017	0.019958583	0.062399345	0.019437024	0.026968731
-3.63563564	0.007710103	0.014516638	0.020181966	0.063056233	0.019633771	0.027231982
-3.62862863	0.007814529	0.014683269	0.020408005	0.063719508	0.019832694	0.027498023
-3.62162162	0.007920450	0.014851939	0.020636734	0.064389222	0.020033818	0.027766886
-3.61461461	0.008027890	0.015022672	0.020868185	0.065065427	0.020237169	0.028038604
-3.60760761	0.008136871	0.015195496	0.021102394	0.065748173	0.020442775	0.028313207
-3.60060060	0.008247416	0.015370438	0.021339394	0.066437513	0.020650662	0.028590730
-3.59359359	0.008359549	0.015547524	0.021579220	0.067133498	0.020860857	0.028871205
-3.58658659	0.008473293	0.015726783	0.021821908	0.067836180	0.021073389	0.029154666
-3.57957958	0.008588674	0.015908243	0.022067494	0.068545612	0.021288285	0.029441148
-3.57257257	0.008705716	0.016091932	0.022316013	0.069261845	0.021505573	0.029730683
-3.56556557	0.008824443	0.016277879	0.022567503	0.069984933	0.021725282	0.030023307
-3.55855856	0.008944882	0.016466113	0.022822001	0.070714928	0.021947442	0.030319056
-3.55155155	0.009067058	0.016656664	0.023079545	0.071451882	0.022172082	0.030617964
-3.54454454	0.009190998	0.016849562	0.023340172	0.072195848	0.022399231	0.030920069
-3.53753754	0.009316728	0.017044838	0.023603921	0.072946880	0.022628921	0.031225405
-3.53053053	0.009444276	0.017242521	0.023870832	0.073705030	0.022861180	0.031534011
-3.52352352	0.009573669	0.017442645	0.024140944	0.074470352	0.023096042	0.031845924
-3.51651652	0.009704934	0.017645239	0.024414298	0.075242898	0.023333536	0.032161181
-3.50950951	0.009838101	0.017850337	0.024690934	0.076022723	0.023573695	0.032479821
-3.50250250	0.009973198	0.018057971	0.024970893	0.076809879	0.023816551	0.032801881
-3.49549550	0.010110255	0.018268173	0.025254217	0.077604420	0.024062137	0.033127403
-3.48848849	0.010249301	0.018480978	0.025540948	0.078406400	0.024310486	0.033456424
-3.48148148	0.010390367	0.018696419	0.025831130	0.079215873	0.024561630	0.033788986
-3.47447447	0.010533483	0.018914531	0.026124806	0.080032891	0.024815605	0.034125128
-3.46746747	0.010678680	0.019135347	0.026422019	0.080857508	0.025072443	0.034464892
-3.46046046	0.010825991	0.019358905	0.026722814	0.081689779	0.025332181	0.034808319
-3.45345345	0.010975448	0.019585239	0.027027236	0.082529758	0.025594854	0.035155452
-3.44644645	0.011127083	0.019814385	0.027335331	0.083377497	0.025860496	0.035506332
-3.43943944	0.011280929	0.020046380	0.027647146	0.084233050	0.026129145	0.035861003
-3.43243243	0.011437021	0.020281262	0.027962726	0.085096472	0.026400836	0.036219509
-3.42542543	0.011595392	0.020519068	0.028282120	0.085967816	0.026675607	0.036581893
-3.41841842	0.011756078	0.020759837	0.028605376	0.086847136	0.026953496	0.036948200
-3.41141141	0.011919114	0.021003606	0.028932541	0.087734486	0.027234540	0.037318476
-3.40440440	0.012084535	0.021250416	0.029263666	0.088629918	0.027518778	0.037692765
-3.39739740	0.012252379	0.021500307	0.029598801	0.089533487	0.027806249	0.038071114
-3.39039039	0.012422682	0.021753317	0.029937996	0.090445246	0.028096993	0.038453570
-3.38338338	0.012595483	0.022009489	0.030281302	0.091365249	0.028391049	0.038840180
-3.37637638	0.012770818	0.022268864	0.030628771	0.092293548	0.028688458	0.039230992
-3.36936937	0.012948729	0.022531484	0.030980456	0.093230197	0.028989262	0.039626055
-3.36236236	0.013129253	0.022797391	0.031336410	0.094175249	0.029293501	0.040025417
-3.35535536	0.013312431	0.023066628	0.031696687	0.095128757	0.029601218	0.040429127
-3.34834835	0.013498303	0.023339240	0.032061342	0.096090774	0.029912456	0.040837237
-3.34134134	0.013686912	0.023615270	0.032430429	0.097061351	0.030227257	0.041249797
-3.33433433	0.013878300	0.023894763	0.032804005	0.098040543	0.030545666	0.041666858
-3.32732733	0.014072508	0.024177766	0.033182127	0.099028400	0.030867728	0.042088472
-3.32032032	0.014269581	0.024464323	0.033564852	0.100024975	0.031193486	0.042514693
-3.31331331	0.014469563	0.024754481	0.033952238	0.101030320	0.031522986	0.042945572
-3.30630631	0.014672497	0.025048289	0.034344344	0.102044486	0.031856276	0.043381164
-3.29929930	0.014878431	0.025345794	0.034741230	0.103067525	0.032193400	0.043821524
-3.29229229	0.015087411	0.025647045	0.035142956	0.104099487	0.032534407	0.044266706
-3.28528529	0.015299482	0.025952090	0.035549584	0.105140424	0.032879345	0.044716766
-3.27827828	0.015514693	0.026260980	0.035961175	0.106190385	0.033228262	0.045171761
-3.27127127	0.015733093	0.026573766	0.036377792	0.107249422	0.033581207	0.045631748
-3.26426426	0.015954730	0.026890499	0.036799500	0.108317583	0.033938230	0.046096785
-3.25725726	0.016179656	0.027211231	0.037226361	0.109394918	0.034299382	0.046566930
-3.25025025	0.016407920	0.027536015	0.037658442	0.110481477	0.034664714	0.047042241
-3.24324324	0.016639574	0.027864903	0.038095808	0.111577308	0.035034276	0.047522780
-3.23623624	0.016874671	0.028197951	0.038538527	0.112682459	0.035408123	0.048008607
-3.22922923	0.017113264	0.028535212	0.038986666	0.113796979	0.035786307	0.048499783
-3.22222222	0.017355407	0.028876744	0.039440293	0.114920914	0.036168881	0.048996369
-3.21521522	0.017601155	0.029222601	0.039899479	0.116054312	0.036555901	0.049498429
-3.20820821	0.017850565	0.029572842	0.040364293	0.117197218	0.036947422	0.050006026
-3.20120120	0.018103693	0.029927524	0.040834806	0.118349680	0.037343499	0.050519224
-3.19419419	0.018360596	0.030286705	0.041311091	0.119511743	0.037744189	0.051038088
-3.18718719	0.018621333	0.030650445	0.041793221	0.120683451	0.038149550	0.051562684
-3.18018018	0.018885965	0.031018805	0.042281269	0.121864849	0.038559639	0.052093078
-3.17317317	0.019154550	0.031391846	0.042775312	0.123055980	0.038974517	0.052629338
-3.16616617	0.019427151	0.031769628	0.043275423	0.124256889	0.039394241	0.053171531
-3.15915916	0.019703830	0.032152216	0.043781680	0.125467616	0.039818873	0.053719727
-3.15215215	0.019984651	0.032539672	0.044294162	0.126688205	0.040248474	0.054273994
-3.14514515	0.020269678	0.032932061	0.044812945	0.127918696	0.040683106	0.054834404
-3.13813814	0.020558976	0.033329449	0.045338111	0.129159129	0.041122832	0.055401028
-3.13113113	0.020852612	0.033731900	0.045869740	0.130409546	0.041567716	0.055973937
-3.12412412	0.021150653	0.034139483	0.046407913	0.131669983	0.042017821	0.056553205
-3.11711712	0.021453169	0.034552266	0.046952714	0.132940481	0.042473213	0.057138906
-3.11011011	0.021760228	0.034970316	0.047504225	0.134221076	0.042933959	0.057731113
-3.10310310	0.022071902	0.035393704	0.048062532	0.135511804	0.043400125	0.058329903
-3.09609610	0.022388262	0.035822501	0.048627721	0.136812702	0.043871780	0.058935351
-3.08908909	0.022709382	0.036256778	0.049199878	0.138123804	0.044348991	0.059547535
-3.08208208	0.023035336	0.036696607	0.049779091	0.139445145	0.044831829	0.060166534
-3.07507508	0.023366198	0.037142063	0.050365449	0.140776756	0.045320364	0.060792425
-3.06806807	0.023702047	0.037593219	0.050959043	0.142118672	0.045814667	0.061425289
-3.06106106	0.024042960	0.038050152	0.051559964	0.143470921	0.046314812	0.062065207
-3.05405405	0.024389015	0.038512937	0.052168304	0.144833535	0.046820871	0.062712261
-3.04704705	0.024740293	0.038981652	0.052784157	0.146206542	0.047332919	0.063366533
-3.04004004	0.025096876	0.039456377	0.053407616	0.147589970	0.047851030	0.064028106
-3.03303303	0.025458846	0.039937189	0.054038779	0.148983846	0.048375281	0.064697066
-3.02602603	0.025826288	0.040424171	0.054677742	0.150388196	0.048905750	0.065373498
-3.01901902	0.026199287	0.040917403	0.055324603	0.151803044	0.049442513	0.066057487
-3.01201201	0.026577931	0.041416968	0.055979461	0.153228413	0.049985652	0.066749123
-3.00500501	0.026962307	0.041922951	0.056642417	0.154664325	0.050535245	0.067448493
-2.99799800	0.027352505	0.042435437	0.057313573	0.156110801	0.051091374	0.068155686
-2.99099099	0.027748616	0.042954510	0.057993032	0.157567861	0.051654121	0.068870794
-2.98398398	0.028150732	0.043480260	0.058680898	0.159035522	0.052223570	0.069593907
-2.97697698	0.028558948	0.044012773	0.059377276	0.160513801	0.052799805	0.070325118
-2.96996997	0.028973359	0.044552140	0.060082274	0.162002714	0.053382912	0.071064521
-2.96296296	0.029394062	0.045098452	0.060795999	0.163502275	0.053972977	0.071812210
-2.95595596	0.029821156	0.045651799	0.061518560	0.165012495	0.054570087	0.072568280
-2.94894895	0.030254740	0.046212276	0.062250069	0.166533385	0.055174333	0.073332829
-2.94194194	0.030694916	0.046779977	0.062990636	0.168064956	0.055785803	0.074105954
-2.93493493	0.031141787	0.047354996	0.063740376	0.169607214	0.056404589	0.074887754
-2.92792793	0.031595458	0.047937432	0.064499403	0.171160166	0.057030783	0.075678328
-2.92092092	0.032056036	0.048527382	0.065267833	0.172723817	0.057664479	0.076477779
-2.91391391	0.032523629	0.049124945	0.066045783	0.174298168	0.058305771	0.077286207
-2.90690691	0.032998346	0.049730223	0.066833372	0.175883222	0.058954755	0.078103716
-2.89989990	0.033480299	0.050343316	0.067630720	0.177478976	0.059611529	0.078930411
-2.89289289	0.033969601	0.050964329	0.068437948	0.179085430	0.060276191	0.079766396
-2.88588589	0.034466368	0.051593365	0.069255179	0.180702578	0.060948839	0.080611779
-2.87887888	0.034970717	0.052230531	0.070082538	0.182330414	0.061629576	0.081466667
-2.87187187	0.035482765	0.052875934	0.070920150	0.183968930	0.062318504	0.082331169
-2.86486486	0.036002634	0.053529683	0.071768142	0.185618115	0.063015725	0.083205395
-2.85785786	0.036530446	0.054191888	0.072626644	0.187277958	0.063721344	0.084089456
-2.85085085	0.037066325	0.054862660	0.073495784	0.188948443	0.064435469	0.084983465
-2.84384384	0.037610398	0.055542112	0.074375695	0.190629556	0.065158205	0.085887535
-2.83683684	0.038162793	0.056230359	0.075266510	0.192321277	0.065889662	0.086801782
-2.82982983	0.038723639	0.056927516	0.076168363	0.194023585	0.066629950	0.087726320
-2.82282282	0.039293071	0.057633700	0.077081390	0.195736457	0.067379181	0.088661267
-2.81581582	0.039871220	0.058349031	0.078005729	0.197459869	0.068137467	0.089606742
-2.80880881	0.040458225	0.059073628	0.078941519	0.199193792	0.068904923	0.090562864
-2.80180180	0.041054223	0.059807614	0.079888900	0.200938198	0.069681664	0.091529754
-2.79479479	0.041659355	0.060551111	0.080848015	0.202693053	0.070467809	0.092507534
-2.78778779	0.042273763	0.061304245	0.081819008	0.204458323	0.071263475	0.093496328
-2.78078078	0.042897594	0.062067142	0.082802023	0.206233970	0.072068782	0.094496259
-2.77377377	0.043530993	0.062839930	0.083797208	0.208019955	0.072883853	0.095507455
-2.76676677	0.044174111	0.063622739	0.084804711	0.209816236	0.073708811	0.096530041
-2.75975976	0.044827099	0.064415699	0.085824682	0.211622767	0.074543780	0.097564147
-2.75275275	0.045490111	0.065218944	0.086857272	0.213439501	0.075388887	0.098609902
-2.74574575	0.046163303	0.066032608	0.087902636	0.215266388	0.076244259	0.099667437
-2.73873874	0.046846835	0.066856827	0.088960928	0.217103374	0.077110026	0.100736884
-2.73173173	0.047540867	0.067691739	0.090032304	0.218950403	0.077986319	0.101818376
-2.72472472	0.048245564	0.068537484	0.091116923	0.220807417	0.078873270	0.102912049
-2.71771772	0.048961091	0.069394202	0.092214944	0.222674354	0.079771013	0.104018038
-2.71071071	0.049687617	0.070262037	0.093326529	0.224551149	0.080679685	0.105136481
-2.70370370	0.050425313	0.071141134	0.094451841	0.226437734	0.081599423	0.106267516
-2.69669670	0.051174353	0.072031638	0.095591044	0.228334039	0.082530366	0.107411284
-2.68968969	0.051934913	0.072933698	0.096744305	0.230239990	0.083472655	0.108567926
-2.68268268	0.052707173	0.073847464	0.097911793	0.232155510	0.084426433	0.109737584
-2.67567568	0.053491313	0.074773088	0.099093676	0.234080518	0.085391843	0.110920402
-2.66866867	0.054287519	0.075710723	0.100290126	0.236014932	0.086369032	0.112116525
-2.66166166	0.055095978	0.076660525	0.101501316	0.237958664	0.087358147	0.113326101
-2.65465465	0.055916879	0.077622650	0.102727420	0.239911625	0.088359339	0.114549276
-2.64764765	0.056750416	0.078597259	0.103968616	0.241873720	0.089372757	0.115786200
-2.64064064	0.057596783	0.079584511	0.105225081	0.243844854	0.090398556	0.117037023
-2.63363363	0.058456180	0.080584570	0.106496995	0.245824926	0.091436890	0.118301898
-2.62662663	0.059328808	0.081597601	0.107784539	0.247813831	0.092487916	0.119580976
-2.61961962	0.060214871	0.082623769	0.109087897	0.249811464	0.093551793	0.120874413
-2.61261261	0.061114577	0.083663244	0.110407253	0.251817711	0.094628680	0.122182364
-2.60560561	0.062028135	0.084716197	0.111742793	0.253832459	0.095718740	0.123504985
-2.59859860	0.062955760	0.085782798	0.113094705	0.255855589	0.096822138	0.124842436
-2.59159159	0.063897669	0.086863224	0.114463180	0.257886980	0.097939039	0.126194876
-2.58458458	0.064854079	0.087957650	0.115848407	0.259926504	0.099069610	0.127562465
-2.57757758	0.065825216	0.089066255	0.117250582	0.261974032	0.100214023	0.128945366
-2.57057057	0.066811304	0.090189218	0.118669897	0.264029430	0.101372449	0.130343741
-2.56356356	0.067812573	0.091326723	0.120106549	0.266092561	0.102545061	0.131757756
-2.55655656	0.068829255	0.092478953	0.121560736	0.268163283	0.103732035	0.133187576
-2.54954955	0.069861586	0.093646095	0.123032658	0.270241450	0.104933548	0.134633368
-2.54254254	0.070909806	0.094828338	0.124522515	0.272326911	0.106149781	0.136095300
-2.53553554	0.071974157	0.096025871	0.126030509	0.274419514	0.107380915	0.137573541
-2.52852853	0.073054884	0.097238888	0.127556846	0.276519100	0.108627134	0.139068263
-2.52152152	0.074152238	0.098467582	0.129101729	0.278625507	0.109888623	0.140579637
-2.51451451	0.075266471	0.099712151	0.130665368	0.280738568	0.111165569	0.142107836
-2.50750751	0.076397839	0.100972792	0.132247969	0.282858113	0.112458163	0.143653034
-2.50050050	0.077546603	0.102249708	0.133849744	0.284983965	0.113766596	0.145215406
-2.49349349	0.078713025	0.103543099	0.135470903	0.287115946	0.115091062	0.146795128
-2.48648649	0.079897374	0.104853172	0.137111661	0.289253871	0.116431756	0.148392378
-2.47947948	0.081099918	0.106180134	0.138772230	0.291397553	0.117788877	0.150007333
-2.47247247	0.082320934	0.107524192	0.140452826	0.293546798	0.119162624	0.151640175
-2.46546547	0.083560698	0.108885559	0.142153668	0.295701409	0.120553199	0.153291082
-2.45845846	0.084819493	0.110264448	0.143874972	0.297861184	0.121960807	0.154960236
-2.45145145	0.086097604	0.111661074	0.145616959	0.300025917	0.123385653	0.156647820
-2.44444444	0.087395320	0.113075654	0.147379849	0.302195396	0.124827946	0.158354016
-2.43743744	0.088712934	0.114508407	0.149163864	0.304369405	0.126287896	0.160079009
-2.43043043	0.090050744	0.115959556	0.150969228	0.306547725	0.127765715	0.161822984
-2.42342342	0.091409049	0.117429324	0.152796164	0.308730129	0.129261617	0.163586126
-2.41641642	0.092788154	0.118917937	0.154644898	0.310916389	0.130775820	0.165368622
-2.40940941	0.094188368	0.120425622	0.156515657	0.313106269	0.132308542	0.167170660
-2.40240240	0.095610004	0.121952609	0.158408666	0.315299530	0.133860003	0.168992426
-2.39539540	0.097053376	0.123499129	0.160324156	0.317495928	0.135430426	0.170834110
-2.38838839	0.098518806	0.125065418	0.162262353	0.319695214	0.137020037	0.172695901
-2.38138138	0.100006618	0.126651710	0.164223489	0.321897133	0.138629061	0.174577988
-2.37437437	0.101517140	0.128258244	0.166207794	0.324101428	0.140257727	0.176480561
-2.36736737	0.103050704	0.129885259	0.168215498	0.326307835	0.141906267	0.178403812
-2.36036036	0.104607646	0.131532997	0.170246834	0.328516084	0.143574914	0.180347931
-2.35335335	0.106188306	0.133201702	0.172302033	0.330725903	0.145263902	0.182313110
-2.34634635	0.107793029	0.134891620	0.174381329	0.332937014	0.146973468	0.184299540
-2.33933934	0.109422163	0.136602998	0.176484954	0.335149133	0.148703851	0.186307413
-2.33233233	0.111076060	0.138336086	0.178613142	0.337361971	0.150455293	0.188336920
-2.32532533	0.112755075	0.140091135	0.180766126	0.339575237	0.152228035	0.190388255
-2.31831832	0.114459571	0.141868399	0.182944140	0.341788631	0.154022323	0.192461608
-2.31131131	0.116189910	0.143668131	0.185147417	0.344001851	0.155838403	0.194557172
-2.30430430	0.117946461	0.145490590	0.187376190	0.346214589	0.157676523	0.196675138
-2.29729730	0.119729597	0.147336033	0.189630694	0.348426532	0.159536935	0.198815699
-2.29029029	0.121539694	0.149204720	0.191911161	0.350637362	0.161419889	0.200979044
-2.28328328	0.123377131	0.151096914	0.194217823	0.352846757	0.163325640	0.203165365
-2.27627628	0.125242295	0.153012877	0.196550912	0.355054389	0.165254444	0.205374852
-2.26926927	0.127135571	0.154952875	0.198910661	0.357259926	0.167206557	0.207607694
-2.26226226	0.129057354	0.156917174	0.201297299	0.359463029	0.169182239	0.209864081
-2.25525526	0.131008039	0.158906042	0.203711056	0.361663358	0.171181750	0.212144200
-2.24824825	0.132988025	0.160919748	0.206152160	0.363860565	0.173205352	0.214448239
-2.24124124	0.134997717	0.162958563	0.208620840	0.366054299	0.175253309	0.216776384
-2.23423423	0.137037521	0.165022759	0.211117322	0.368244202	0.177325886	0.219128819
-2.22722723	0.139107850	0.167112608	0.213641829	0.370429913	0.179423350	0.221505728
-2.22022022	0.141209118	0.169228386	0.216194584	0.372611067	0.181545967	0.223907293
-2.21321321	0.143341743	0.171370367	0.218775810	0.374787292	0.183694008	0.226333696
-2.20620621	0.145506149	0.173538828	0.221385725	0.376958213	0.185867742	0.228785115
-2.19919920	0.147702759	0.175734046	0.224024546	0.379123451	0.188067441	0.231261727
-2.19219219	0.149932004	0.177956299	0.226692488	0.381282621	0.190293377	0.233763708
-2.18518519	0.152194315	0.180205867	0.229389762	0.383435334	0.192545824	0.236291231
-2.17817818	0.154490129	0.182483028	0.232116579	0.385581197	0.194825056	0.238844466
-2.17117117	0.156819885	0.184788062	0.234873145	0.387719812	0.197131348	0.241423583
-2.16416416	0.159184023	0.187121251	0.237659663	0.389850776	0.199464976	0.244028746
-2.15715716	0.161582990	0.189482875	0.240476333	0.391973684	0.201826216	0.246660120
-2.15015015	0.164017233	0.191873214	0.243323351	0.394088125	0.204215346	0.249317863
-2.14314314	0.166487202	0.194292552	0.246200910	0.396193685	0.206632643	0.252002135
-2.13613614	0.168993351	0.196741168	0.249109199	0.398289944	0.209078384	0.254713087
-2.12912913	0.171536135	0.199219344	0.252048401	0.400376481	0.211552848	0.257450870
-2.12212212	0.174116014	0.201727361	0.255018696	0.402452868	0.214056311	0.260215630
-2.11511512	0.176733446	0.204265499	0.258020259	0.404518676	0.216589053	0.263007511
-2.10810811	0.179388895	0.206834038	0.261053260	0.406573470	0.219151349	0.265826651
-2.10110110	0.182082824	0.209433258	0.264117862	0.408616813	0.221743479	0.268673182
-2.09409409	0.184815700	0.212063437	0.267214225	0.410648264	0.224365718	0.271547235
-2.08708709	0.187587990	0.214724853	0.270342500	0.412667379	0.227018342	0.274448935
-2.08008008	0.190400163	0.217417781	0.273502834	0.414673709	0.229701626	0.277378400
-2.07307307	0.193252690	0.220142498	0.276695367	0.416666804	0.232415846	0.280335745
-2.06606607	0.196146040	0.222899276	0.279920230	0.418646210	0.235161272	0.283321078
-2.05905906	0.199080686	0.225688387	0.283177551	0.420611469	0.237938178	0.286334501
-2.05205205	0.202057101	0.228510101	0.286467445	0.422562122	0.240746833	0.289376112
-2.04504505	0.205075755	0.231364686	0.289790023	0.424497707	0.243587506	0.292445999
-2.03803804	0.208137121	0.234252407	0.293145385	0.426417757	0.246460462	0.295544246
-2.03103103	0.211241672	0.237173528	0.296533625	0.428321807	0.249365967	0.298670929
-2.02402402	0.214389878	0.240128307	0.299954826	0.430209385	0.252304280	0.301826116
-2.01701702	0.217582210	0.243117003	0.303409060	0.432080021	0.255275662	0.305009869
-2.01001001	0.220819136	0.246139870	0.306896392	0.433933239	0.258280369	0.308222241
-2.00300300	0.224101124	0.249197156	0.310416875	0.435768564	0.261318653	0.311463276
-1.99599600	0.227428639	0.252289110	0.313970552	0.437585518	0.264390764	0.314733009
-1.98898899	0.230802145	0.255415974	0.317557452	0.439383622	0.267496947	0.318031469
-1.98198198	0.234222101	0.258577986	0.321177596	0.441162397	0.270637445	0.321358671
-1.97497497	0.237688966	0.261775379	0.324830990	0.442921359	0.273812494	0.324714624
-1.96796797	0.241203191	0.265008382	0.328517629	0.444660026	0.277022328	0.328099324
-1.96096096	0.244765228	0.268277219	0.332237493	0.446377914	0.280267174	0.331512758
-1.95395395	0.248375522	0.271582107	0.335990549	0.448074540	0.283547255	0.334954902
-1.94694695	0.252034512	0.274923259	0.339776750	0.449749418	0.286862788	0.338425720
-1.93993994	0.255742634	0.278300879	0.343596034	0.451402062	0.290213983	0.341925163
-1.93293293	0.259500317	0.281715168	0.347448323	0.453031988	0.293601046	0.345453172
-1.92592593	0.263307983	0.285166317	0.351333523	0.454638711	0.297024173	0.349009673
-1.91891892	0.267166048	0.288654512	0.355251526	0.456221744	0.300483556	0.352594581
-1.91191191	0.271074919	0.292179928	0.359202203	0.457780604	0.303979378	0.356207794
-1.90490490	0.275034997	0.295742735	0.363185409	0.459314806	0.307511812	0.359849199
-1.89789790	0.279046671	0.299343094	0.367200981	0.460823868	0.311081028	0.363518667
-1.89089089	0.283110323	0.302981155	0.371248736	0.462307308	0.314687180	0.367216053
-1.88388388	0.287226325	0.306657060	0.375328473	0.463764644	0.318330419	0.370941198
-1.87687688	0.291395036	0.310370942	0.379439969	0.465195397	0.322010882	0.374693924
-1.86986987	0.295616805	0.314122921	0.383582981	0.466599091	0.325728697	0.378474038
-1.86286286	0.299891968	0.317913108	0.387757243	0.467975249	0.329483981	0.382281330
-1.85585586	0.304220848	0.321741603	0.391962467	0.469323397	0.333276839	0.386115572
-1.84884885	0.308603755	0.325608493	0.396198345	0.470643066	0.337107366	0.389976515
-1.84184184	0.313040981	0.329513852	0.400464541	0.471933786	0.340975641	0.393863894
-1.83483483	0.317532807	0.333457743	0.404760695	0.473195093	0.344881732	0.397777422
-1.82782783	0.322079493	0.337440214	0.409086426	0.474426523	0.348825694	0.401716792
-1.82082082	0.326681283	0.341461299	0.413441321	0.475627617	0.352807564	0.405681678
-1.81381381	0.331338405	0.345521017	0.417824944	0.476797921	0.356827368	0.409671729
-1.80680681	0.336051063	0.349619374	0.422236831	0.477936982	0.360885114	0.413686576
-1.79979980	0.340819444	0.353756357	0.426676488	0.479044353	0.364980793	0.417725822
-1.79279279	0.345643712	0.357931937	0.431143394	0.480119590	0.369114380	0.421789050
-1.78578579	0.350524008	0.362146070	0.435636997	0.481162255	0.373285831	0.425875819
-1.77877878	0.355460450	0.366398692	0.440156714	0.482171913	0.377495084	0.429985660
-1.77177177	0.360453130	0.370689721	0.444701931	0.483148137	0.381742058	0.434118080
-1.76476476	0.365502115	0.375019055	0.449272001	0.484090501	0.386026650	0.438272562
-1.75775776	0.370607444	0.379386573	0.453866244	0.484998587	0.390348737	0.442448558
-1.75075075	0.375769128	0.383792133	0.458483946	0.485871985	0.394708175	0.446645494
-1.74374374	0.380987146	0.388235570	0.463124359	0.486710286	0.399104794	0.450862767
-1.73673674	0.386261447	0.392716700	0.467786697	0.487513091	0.403538404	0.455099747
-1.72972973	0.391591948	0.397235312	0.472470139	0.488280007	0.408008787	0.459355771
-1.72272272	0.396978530	0.401791174	0.477173828	0.489010647	0.412515703	0.463630147
-1.71571572	0.402421041	0.406384028	0.481896865	0.489704630	0.417058881	0.467922151
-1.70870871	0.407919289	0.411013591	0.486638316	0.490361586	0.421638027	0.472231026
-1.70170170	0.413473045	0.415679552	0.491397203	0.490981147	0.426252816	0.476555984
-1.69469469	0.419082039	0.420381575	0.496172510	0.491562959	0.430902892	0.480896202
-1.68768769	0.424745960	0.425119293	0.500963179	0.492106670	0.435587873	0.485250823
-1.68068068	0.430464454	0.429892314	0.505768110	0.492611941	0.440307340	0.489618953
-1.67367367	0.436237121	0.434700212	0.510586157	0.493078438	0.445060845	0.493999666
-1.66666667	0.442063513	0.439542532	0.515416133	0.493505838	0.449847905	0.498391995
-1.65965966	0.447943136	0.444418786	0.520256804	0.493893827	0.454668001	0.502794938
-1.65265265	0.453875444	0.449328455	0.525106893	0.494242098	0.459520579	0.507207454
-1.64564565	0.459859839	0.454270983	0.529965075	0.494550355	0.464405048	0.511628463
-1.63863864	0.465895670	0.459245783	0.534829977	0.494818312	0.469320777	0.516056847
-1.63163163	0.471982228	0.464252229	0.539700180	0.495045692	0.474267097	0.520491444
-1.62462462	0.478118749	0.469289660	0.544574216	0.495232228	0.479243296	0.524931055
-1.61761762	0.484304407	0.474357376	0.549450566	0.495377663	0.484248621	0.529374436
-1.61061061	0.490538315	0.479454638	0.554327665	0.495481753	0.489282276	0.533820303
-1.60360360	0.496819524	0.484580669	0.559203895	0.495544260	0.494343419	0.538267327
-1.59659660	0.503147016	0.489734647	0.564077586	0.495564962	0.499431162	0.542714136
-1.58958959	0.509519708	0.494915712	0.568947020	0.495543645	0.504544571	0.547159315
-1.58258258	0.515936446	0.500122959	0.573810425	0.495480106	0.509682662	0.551601401
-1.57557558	0.522396006	0.505355438	0.578665977	0.495374156	0.514844401	0.556038889
-1.56856857	0.528897087	0.510612155	0.583511798	0.495225615	0.520028704	0.560470224
-1.56156156	0.535438314	0.515892069	0.588345959	0.495034316	0.525234432	0.564893809
-1.55455455	0.542018235	0.521194091	0.593166476	0.494800103	0.530460393	0.569307996
-1.54754755	0.548635315	0.526517084	0.597971313	0.494522835	0.535705341	0.573711092
-1.54054054	0.555287940	0.531859861	0.602758379	0.494202380	0.540967972	0.578101354
-1.53353353	0.561974409	0.537221186	0.607525529	0.493838619	0.546246923	0.582476994
-1.52652653	0.568692936	0.542599767	0.612270566	0.493431447	0.551540773	0.586836172
-1.51951952	0.575441645	0.547994264	0.616991236	0.492980771	0.556848039	0.591177001
-1.51251251	0.582218573	0.553403280	0.621685234	0.492486511	0.562167177	0.595497546
-1.50550551	0.589021660	0.558825363	0.626350200	0.491948598	0.567496580	0.599795820
-1.49849850	0.595848756	0.564259007	0.630983722	0.491366980	0.572834574	0.604069788
-1.49149149	0.602697610	0.569702647	0.635583333	0.490741614	0.578179421	0.608317368
-1.48448448	0.609565877	0.575154661	0.640146517	0.490072473	0.583529315	0.612536425
-1.47747748	0.616451108	0.580613368	0.644670703	0.489359543	0.588882382	0.616724777
-1.47047047	0.623350755	0.586077027	0.649153269	0.488602821	0.594236679	0.620880193
-1.46346346	0.630262165	0.591543835	0.653591546	0.487802321	0.599590189	0.625000393
-1.45645646	0.637182580	0.597011929	0.657982811	0.486958068	0.604940828	0.629083048
-1.44944945	0.644109135	0.602479383	0.662324295	0.486070101	0.610286435	0.633125782
-1.44244244	0.651038857	0.607944207	0.666613182	0.485138474	0.615624776	0.637126170
-1.43543544	0.657968661	0.613404347	0.670846608	0.484163253	0.620953545	0.641081742
-1.42842843	0.664895354	0.618857686	0.675021666	0.483144519	0.626270356	0.644989981
-1.42142142	0.671815630	0.624302039	0.679135403	0.482082365	0.631572748	0.648848323
-1.41441441	0.678726069	0.629735155	0.683184827	0.480976899	0.636858184	0.652654161
-1.40740741	0.685623136	0.635154719	0.687166905	0.479828243	0.642124048	0.656404845
-1.40040040	0.692503185	0.640558345	0.691078566	0.478636532	0.647367644	0.660097682
-1.39339339	0.699362449	0.645943582	0.694916702	0.477401915	0.652586199	0.663729937
-1.38638639	0.706197051	0.651307911	0.698678173	0.476124553	0.657776861	0.667298836
-1.37937938	0.713002993	0.656648743	0.702359805	0.474804624	0.662936695	0.670801565
-1.37237237	0.719776165	0.661963422	0.705958396	0.473442316	0.668062690	0.674235276
-1.36536537	0.726512337	0.667249224	0.709470717	0.472037832	0.673151752	0.677597084
-1.35835836	0.733207168	0.672503353	0.712893518	0.470591389	0.678200710	0.680884070
-1.35135135	0.739856198	0.677722947	0.716223524	0.469103217	0.683206311	0.684093286
-1.34434434	0.746454856	0.682905076	0.719457444	0.467573558	0.688165225	0.687221752
-1.33733734	0.752998457	0.688046741	0.722591974	0.466002669	0.693074041	0.690266464
-1.33033033	0.759482205	0.693144874	0.725623796	0.464390819	0.697929273	0.693224391
-1.32332332	0.765901193	0.698196340	0.728549586	0.462738289	0.702727355	0.696092482
-1.31631632	0.772250407	0.703197939	0.731366017	0.461045375	0.707464647	0.698867666
-1.30930931	0.778524729	0.708146403	0.734069759	0.459312385	0.712137433	0.701546855
-1.30230230	0.784718936	0.713038399	0.736657489	0.457539638	0.716741926	0.704126949
-1.29529530	0.790827705	0.717870531	0.739125891	0.455727466	0.721274265	0.706604836
-1.28828829	0.796845618	0.722639336	0.741471660	0.453876215	0.725730520	0.708977398
-1.28128128	0.802767164	0.727341294	0.743691509	0.451986241	0.730106694	0.711241514
-1.27427427	0.808586740	0.731972820	0.745782172	0.450057913	0.734398723	0.713394062
-1.26726727	0.814298661	0.736530274	0.747740410	0.448091611	0.738602482	0.715431924
-1.26026026	0.819897161	0.741009955	0.749563013	0.446087727	0.742713786	0.717351992
-1.25325325	0.825376400	0.745408107	0.751246807	0.444046664	0.746728391	0.719151167
-1.24624625	0.830730468	0.749720923	0.752788661	0.441968837	0.750642003	0.720826366
-1.23923924	0.835953392	0.753944543	0.754185487	0.439854670	0.754450273	0.722374529
-1.23223223	0.841039141	0.758075056	0.755434249	0.437704599	0.758148810	0.723792618
-1.22522523	0.845981634	0.762108507	0.756531969	0.435519071	0.761733179	0.725077626
-1.21821822	0.850774748	0.766040897	0.757475730	0.433298542	0.765198909	0.726226579
-1.21121121	0.855412324	0.769868185	0.758262680	0.431043479	0.768541494	0.727236544
-1.20420420	0.859888173	0.773586292	0.758890044	0.428754358	0.771756400	0.728104630
-1.19719720	0.864196091	0.777191105	0.759355122	0.426431665	0.774839072	0.728827994
-1.19019019	0.868329860	0.780678479	0.759655299	0.424075894	0.777784938	0.729403851
-1.18318318	0.872283262	0.784044242	0.759788050	0.421687551	0.780589412	0.729829473
-1.17617618	0.876050090	0.787284198	0.759750945	0.419267148	0.783247905	0.730102195
-1.16916917	0.879624151	0.790394131	0.759541654	0.416815205	0.785755830	0.730219425
-1.16216216	0.882999284	0.793369807	0.759157953	0.414332253	0.788108607	0.730178647
-1.15515516	0.886169366	0.796206983	0.758597731	0.411818830	0.790301670	0.729977423
-1.14814815	0.889128326	0.798901408	0.757858993	0.409275479	0.792330477	0.729613404
-1.14114114	0.891870155	0.801448830	0.756939865	0.406702754	0.794190516	0.729084333
-1.13413413	0.894388916	0.803844996	0.755838605	0.404101214	0.795877312	0.728388051
-1.12712713	0.896678759	0.806085664	0.754553598	0.401471425	0.797386436	0.727522500
-1.12012012	0.898733933	0.808166603	0.753083370	0.398813962	0.798713513	0.726485735
-1.11311311	0.900548796	0.810083600	0.751426590	0.396129402	0.799854233	0.725275921
-1.10610611	0.902117829	0.811832466	0.749582072	0.393418331	0.800804354	0.723891345
-1.09909910	0.903435651	0.813409040	0.747548782	0.390681339	0.801559717	0.722330420
-1.09209209	0.904497027	0.814809197	0.745325842	0.387919024	0.802116253	0.720591688
-1.08508509	0.905296887	0.816028852	0.742912534	0.385131986	0.802469990	0.718673826
-1.07807808	0.905830333	0.817063966	0.740308302	0.382320831	0.802617066	0.716575651
-1.07107107	0.906092658	0.817910556	0.737512758	0.379486171	0.802553736	0.714296128
-1.06406406	0.906079354	0.818564694	0.734525683	0.376628619	0.802276384	0.711834369
-1.05705706	0.905786129	0.819022519	0.731347032	0.373748796	0.801781531	0.709189643
-1.05005005	0.905208916	0.819280243	0.727976934	0.370847323	0.801065844	0.706361374
-1.04304304	0.904343888	0.819334154	0.724415695	0.367924826	0.800126149	0.703349152
-1.03603604	0.903187471	0.819180626	0.720663803	0.364981935	0.798959435	0.700152730
-1.02902903	0.901736354	0.818816124	0.716721923	0.362019281	0.797562870	0.696772035
-1.02202202	0.899987501	0.818237210	0.712590904	0.359037500	0.795933808	0.693207163
-1.01501502	0.897938165	0.817440551	0.708271778	0.356037226	0.794069795	0.689458388
-1.00800801	0.895585895	0.816422923	0.703765758	0.353019100	0.791968585	0.685526160
-1.00100100	0.892928548	0.815181222	0.699074241	0.349983762	0.789628141	0.681411111
-0.99399399	0.889964299	0.813712464	0.694198804	0.346931854	0.787046651	0.677114054
-0.98698699	0.886691652	0.812013800	0.689141207	0.343864020	0.784222531	0.672635986
-0.97997998	0.883109445	0.810082512	0.683903389	0.340780902	0.781154436	0.667978088
-0.97297297	0.879216857	0.807916028	0.678487466	0.337683148	0.777841267	0.663141725
-0.96596597	0.875013420	0.805511923	0.672895730	0.334571401	0.774282176	0.658128448
-0.95895896	0.870499022	0.802867927	0.667130646	0.331446309	0.770476577	0.652939990
-0.95195195	0.865673911	0.799981932	0.661194848	0.328308516	0.766424147	0.647578269
-0.94494494	0.860538702	0.796851993	0.655091136	0.325158669	0.762124835	0.642045385
-0.93793794	0.855094377	0.793476339	0.648822471	0.321997413	0.757578867	0.636343618
-0.93093093	0.849342293	0.789853376	0.642391973	0.318825393	0.752786748	0.630475425
-0.92392392	0.843284177	0.785981691	0.635802915	0.315643252	0.747749265	0.624443438
-0.91691692	0.836922131	0.781860058	0.629058714	0.312451633	0.742467495	0.618250460
-0.90990991	0.830258630	0.777487444	0.622162934	0.309251179	0.736942802	0.611899463
-0.90290290	0.823296518	0.772863011	0.615119272	0.306042529	0.731176838	0.605393580
-0.89589590	0.816039009	0.767986124	0.607931555	0.302826322	0.725171548	0.598736104
-0.88888889	0.808489682	0.762856350	0.600603734	0.299603195	0.718929163	0.591930480
-0.88188188	0.800652474	0.757473466	0.593139878	0.296373783	0.712452206	0.584980300
-0.87487487	0.792531678	0.751837461	0.585544162	0.293138719	0.705743481	0.577889297
-0.86786787	0.784131931	0.745948539	0.577820867	0.289898634	0.698806079	0.570661336
-0.86086086	0.775458212	0.739807125	0.569974367	0.286654156	0.691643367	0.563300413
-0.85385385	0.766515830	0.733413864	0.562009125	0.283405912	0.684258985	0.555810638
-0.84684685	0.757310413	0.726769625	0.553929684	0.280154523	0.676656839	0.548196235
-0.83983984	0.747847902	0.719875508	0.545740658	0.276900611	0.668841096	0.540461530
-0.83283283	0.738134537	0.712732839	0.537446726	0.273644794	0.660816176	0.532610943
-0.82582583	0.728176844	0.705343180	0.529052625	0.270387685	0.652586740	0.524648979
-0.81881882	0.717981626	0.697708326	0.520563142	0.267129896	0.644157681	0.516580220
-0.81181181	0.707555949	0.689830309	0.511983102	0.263872036	0.635534118	0.508409312
-0.80480480	0.696907125	0.681711401	0.503317371	0.260614709	0.626721378	0.500140960
-0.79779780	0.686042707	0.673354117	0.494570838	0.257358517	0.617724987	0.491779916
-0.79079079	0.674970466	0.664761215	0.485748415	0.254104058	0.608550658	0.483330969
-0.78378378	0.663698382	0.655935701	0.476855028	0.250851926	0.599204274	0.474798937
-0.77677678	0.652234632	0.646880829	0.467895613	0.247602713	0.589691879	0.466188654
-0.76976977	0.640587572	0.637600108	0.458875108	0.244357004	0.580019657	0.457504966
-0.76276276	0.628765729	0.628097301	0.449798448	0.241115385	0.570193922	0.448752715
-0.75575576	0.616777784	0.618376434	0.440670563	0.237878435	0.560221099	0.439936738
-0.74874875	0.604632563	0.608441795	0.431496373	0.234646728	0.550107714	0.431061851
-0.74174174	0.592339025	0.598297940	0.422280783	0.231420838	0.539860371	0.422132843
-0.73473473	0.579906252	0.587949701	0.413028683	0.228201333	0.529485741	0.413154474
-0.72772773	0.567343441	0.577402189	0.403744946	0.224988776	0.518990549	0.404131459
-0.72072072	0.554659893	0.566660805	0.394434424	0.221783728	0.508381551	0.395068469
-0.71371371	0.541865012	0.555731241	0.385101952	0.218586744	0.497665529	0.385970123
-0.70670671	0.528968297	0.544619496	0.375752348	0.215398377	0.486849273	0.376840983
-0.69969970	0.515979337	0.533331877	0.366390413	0.212219174	0.475939568	0.367685553
-0.69269269	0.502907814	0.521875021	0.357020937	0.209049680	0.464943184	0.358508275
-0.68568569	0.489763503	0.510255896	0.347648701	0.205890434	0.453866867	0.349313532
-0.67867868	0.476556271	0.498481819	0.338278482	0.202741972	0.442717327	0.340105645
-0.67167167	0.463296085	0.486560470	0.328915061	0.199604825	0.431501239	0.330888877
-0.66466466	0.449993022	0.474499908	0.319563229	0.196479520	0.420225230	0.321667439
-0.65765766	0.436657269	0.462308586	0.310227798	0.193366581	0.408895886	0.312445497
-0.65065065	0.423299146	0.449995369	0.300913608	0.190266527	0.397519749	0.303227179
-0.64364364	0.409929109	0.437569553	0.291625539	0.187179873	0.386103323	0.294016585
-0.63663664	0.396557776	0.425040888	0.282368524	0.184107128	0.374653081	0.284817807
-0.62962963	0.383195936	0.412419597	0.273147563	0.181048800	0.363175481	0.275634939
-0.62262262	0.369854575	0.399716397	0.263967732	0.178005390	0.351676980	0.266472099
-0.61561562	0.356544894	0.386942524	0.254834208	0.174977395	0.340164058	0.257333453
-0.60860861	0.343278335	0.374109756	0.245752275	0.171965311	0.328643242	0.248223238
-0.60160160	0.330066600	0.361230435	0.236727348	0.168969625	0.317121142	0.239145796
-0.59459459	0.316921683	0.348317495	0.227764985	0.165990822	0.305604489	0.230105602
-0.58758759	0.303855886	0.335384476	0.218870910	0.163029383	0.294100180	0.221107303
-0.58058058	0.290881852	0.322445554	0.210051026	0.160085784	0.282615332	0.212155759
-0.57357357	0.278012580	0.309515555	0.201311436	0.157160495	0.271157340	0.203256087
-0.56656657	0.265261451	0.296609975	0.192658458	0.154253984	0.259733948	0.194413705
-0.55955956	0.252642245	0.283744992	0.184098642	0.151366714	0.248353319	0.185634392
-0.55255255	0.240169153	0.270937476	0.175638785	0.148499141	0.237024123	0.176924332
-0.54554555	0.227856786	0.258204995	0.167285944	0.145651718	0.225755625	0.168290179
-0.53853854	0.215720181	0.245565809	0.159047445	0.142824894	0.214557785	0.159739115
-0.53153153	0.203774790	0.233038860	0.150930892	0.140019112	0.203441359	0.151278907
-0.52452452	0.192036467	0.220643757	0.142944171	0.137234810	0.192418012	0.142917973
-0.51751752	0.180521441	0.208400743	0.135095450	0.134472421	0.181500432	0.134665439
-0.51051051	0.169246280	0.196330651	0.127393170	0.131732372	0.170702443	0.126531196
-0.50350350	0.158227835	0.184454851	0.119846036	0.129015088	0.160039120	0.118525954
-0.49649650	0.147483172	0.172795179	0.112462998	0.126320983	0.149526898	0.110661286
-0.48948949	0.137029483	0.161373845	0.105253223	0.123650471	0.139183674	0.102949660
-0.48248248	0.126883984	0.150213325	0.098226060	0.121003957	0.129028885	0.095404461
-0.47547548	0.117063788	0.139336237	0.091390997	0.118381842	0.119083576	0.088039988
-0.46846847	0.107585756	0.128765186	0.084757599	0.115784518	0.109370424	0.080871436
-0.46146146	0.098466330	0.118522590	0.078335449	0.113212374	0.099913730	0.073914843
-0.45445445	0.089721339	0.108630487	0.072134061	0.110665791	0.090739351	0.067187002
-0.44744745	0.081365794	0.099110307	0.066162794	0.108145144	0.081874572	0.060705337
-0.44044044	0.073413648	0.089982630	0.060430745	0.105650801	0.073347892	0.054487723
-0.43343343	0.065877551	0.081266913	0.054946631	0.103183123	0.065188714	0.048552263
-0.42642643	0.058768585	0.072981200	0.049718662	0.100742463	0.057426927	0.042916993
-0.41941942	0.052095993	0.065141812	0.044754395	0.098329169	0.050092356	0.037599527
-0.41241241	0.045866896	0.057763020	0.040060587	0.095943577	0.043214071	0.032616632
-0.40540541	0.040086024	0.050856716	0.035643031	0.093586020	0.036819552	0.027983733
-0.39839840	0.034755448	0.044432069	0.031506392	0.091256820	0.030933692	0.023714347
-0.39139139	0.029874342	0.038495204	0.027654038	0.088956290	0.025577659	0.019819456
-0.38438438	0.025438767	0.033048879	0.024087874	0.086684735	0.020767630	0.016306842
-0.37737738	0.021441511	0.028092208	0.020808180	0.084442452	0.016513439	0.013180382
-0.37037037	0.017871971	0.023620413	0.017813461	0.082229728	0.012817197	0.010439366
-0.36336336	0.014716119	0.019624645	0.015100323	0.080046839	0.009671984	0.008077858
-0.35635636	0.011956535	0.016091863	0.012663365	0.077894052	0.007060720	0.006084162
-0.34934935	0.009572541	0.013004824	0.010495111	0.075771625	0.004955399	0.004440475
-0.34234234	0.007540435	0.010342159	0.008585984	0.073679804	0.003316861	0.003122784
-0.33533534	0.005833826	0.008078585	0.006924323	0.071618823	0.002095323	0.002101115
-0.32832833	0.004424081	0.006185247	0.005496466	0.069588907	0.001231888	0.001340211
-0.32132132	0.003280875	0.004630200	0.004286894	0.067590268	0.000661187	0.000800709
-0.31431431	0.002372833	0.003379038	0.003278437	0.065623107	0.000315211	0.000440848
-0.30730731	0.001668243	0.002395661	0.002452561	0.063687612	0.000128148	0.000218673
-0.30030030	0.001135819	0.001643164	0.001789711	0.061783959	0.000041677	0.000094588
-0.29329329	0.000745471	0.001084813	0.001269732	0.059912310	0.000009735	0.000033965
-0.28628629	0.000469053	0.000685077	0.000872325	0.058072815	0.000001335	0.000009357
-0.27927928	0.000281022	0.000410640	0.000577554	0.056265609	0.000000069	0.000001724
-0.27227227	0.000158978	0.000231342	0.000366353	0.054490814	0.000000000	0.000000163
-0.26526527	0.000084027	0.000120957	0.000221023	0.052748539	0.000000000	0.000000004
-0.25825826	0.000040936	0.000057727	0.000125670	0.051038875	0.000000000	0.000000000
-0.25125125	0.000018060	0.000024591	0.000066557	0.049361902	0.000000000	0.000000000
-0.24424424	0.000007046	0.000009065	0.000032338	0.047717681	0.000000000	0.000000000
-0.23723724	0.000002354	0.000002765	0.000014124	0.046106262	0.000000000	0.000000000
-0.23023023	0.000000643	0.000000653	0.000005393	0.044527674	0.000000000	0.000000000
-0.22322322	0.000000134	0.000000107	0.000001730	0.042981935	0.000000000	0.000000000
-0.21621622	0.000000019	0.000000010	0.000000440	0.041469043	0.000000000	0.000000000
-0.20920921	0.000000002	0.000000000	0.000000081	0.039988982	0.000000000	0.000000000
-0.20220220	0.000000000	0.000000000	0.000000009	0.038541717	0.000000000	0.000000000
-0.19519520	0.000000000	0.000000000	0.000000000	0.037127198	0.000000000	0.000000000
-0.18818819	0.000000000	0.000000000	0.000000000	0.035745358	0.000000000	0.000000000
-0.18118118	0.000000000	0.000000000	0.000000000	0.034396111	0.000000000	0.000000000
-0.17417417	0.000000000	0.000000000	0.000000000	0.033079355	0.000000000	0.000000000
-0.16716717	0.000000000	0.000000000	0.000000000	0.031794970	0.000000000	0.000000000
-0.16016016	0.000000000	0.000000000	0.000000000	0.030542818	0.000000000	0.000000000
-0.15315315	0.000000000	0.000000000	0.000000000	0.029322744	0.000000000	0.000000000
-0.14614615	0.000000000	0.000000000	0.000000000	0.028134576	0.000000000	0.000000000
-0.13913914	0.000000000	0.000000000	0.000000000	0.026978122	0.000000000	0.000000000
-0.13213213	0.000000000	0.000000000	0.000000000	0.025853176	0.000000000	0.000000000
-0.12512513	0.000000000	0.000000000	0.000000000	0.024759509	0.000000000	0.000000000
-0.11811812	0.000000000	0.000000000	0.000000000	0.023696880	0.000000000	0.000000000
-0.11111111	0.000000000	0.000000000	0.000000000	0.022665028	0.000000000	0.000000000
-0.10410410	0.000000000	0.000000000	0.000000000	0.021663674	0.000000000	0.000000000
-0.09709710	0.000000000	0.000000000	0.000000000	0.020692523	0.000000000	0.000000000
-0.09009009	0.000000000	0.000000000	0.000000000	0.019751263	0.000000000	0.000000000
-0.08308308	0.000000000	0.000000000	0.000000000	0.018839566	0.000000000	0.000000000
-0.07607608	0.000000000	0.000000000	0.000000000	0.017957087	0.000000000	0.000000000
-0.06906907	0.000000000	0.000000000	0.000000000	0.017103464	0.000000000	0.000000000
-0.06206206	0.000000000	0.000000000	0.000000000	0.016278321	0.000000000	0.000000000
-0.05505506	0.000000000	0.000000000	0.000000000	0.015481266	0.000000000	0.000000000
-0.04804805	0.000000000	0.000000000	0.000000000	0.014711892	0.000000000	0.000000000
-0.04104104	0.000000000	0.000000000	0.000000000	0.013969779	0.000000000	0.000000000
-0.03403403	0.000000000	0.000000000	0.000000000	0.013254490	0.000000000	0.000000000
-0.02702703	0.000000000	0.000000000	0.000000000	0.012565579	0.000000000	0.000000000
-0.02002002	0.000000000	0.000000000	0.000000000	0.011902583	0.000000000	0.000000000
-0.01301301	0.000000000	0.000000000	0.000000000	0.011265029	0.000000000	0.000000000
-0.00600601	0.000000000	0.000000000	0.000000000	0.010652432	0.000000000	0.000000000
0.00100100	0.000000000	0.000000000	0.000000000	0.010064296	0.000000000	0.000000000
0.00800801	0.000000000	0.000000000	0.000000000	0.009500116	0.000000000	0.000000000
0.01501502	0.000000000	0.000000000	0.000000000	0.008959374	0.000000000	0.000000000
0.02202202	0.000000000	0.000000000	0.000000000	0.008441547	0.000000000	0.000000000
0.02902903	0.000000000	0.000000000	0.000000000	0.007946102	0.000000000	0.000000000
0.03603604	0.000000000	0.000000000	0.000000000	0.007472499	0.000000000	0.000000000
0.04304304	0.000000000	0.000000000	0.000000000	0.007020190	0.000000000	0.000000000
0.05005005	0.000000000	0.000000000	0.000000000	0.006588625	0.000000000	0.000000000
0.05705706	0.000000000	0.000000000	0.000000000	0.006177245	0.000000000	0.000000000
0.06406406	0.000000000	0.000000000	0.000000000	0.005785490	0.000000000	0.000000000
0.07107107	0.000000000	0.000000000	0.000000000	0.005412794	0.000000000	0.000000000
0.07807808	0.000000000	0.000000000	0.000000000	0.005058592	0.000000000	0.000000000
0.08508509	0.000000000	0.000000000	0.000000000	0.004722313	0.000000000	0.000000000
0.09209209	0.000000000	0.000000000	0.000000000	0.004403391	0.000000000	0.000000000
0.09909910	0.000000000	0.000000000	0.000000000	0.004101255	0.000000000	0.000000000
0.10610611	0.000000000	0.000000000	0.000000000	0.003815337	0.000000000	0.000000000
0.11311311	0.000000000	0.000000000	0.000000000	0.003545073	0.000000000	0.000000000
0.12012012	0.000000000	0.000000000	0.000000000	0.003289898	0.000000000	0.000000000
0.12712713	0.000000000	0.000000000	0.000000000	0.003049253	0.000000000	0.000000000
0.13413413	0.000000000	0.000000000	0.000000000	0.002822583	0.000000000	0.000000000
0.14114114	0.000000000	0.000000000	0.000000000	0.002609338	0.000000000	0.000000000
0.14814815	0.000000000	0.000000000	0.000000000	0.002408973	0.000000000	0.000000000
0.15515516	0.000000000	0.000000000	0.000000000	0.002220952	0.000000000	0.000000000
0.16216216	0.000000000	0.000000000	0.000000000	0.002044744	0.000000000	0.000000000
0.16916917	0.000000000	0.000000000	0.000000000	0.001879827	0.000000000	0.000000000
0.17617618	0.000000000	0.000000000	0.000000000	0.001725688	0.000000000	0.000000000
0.18318318	0.000000000	0.000000000	0.000000000	0.001581824	0.000000000	0.000000000
0.19019019	0.000000000	0.000000000	0.000000000	0.001447742	0.000000000	0.000000000
0.19719720	0.000000000	0.000000000	0.000000000	0.001322957	0.000000000	0.000000000
0.20420420	0.000000000	0.000000000	0.000000000	0.001207000	0.000000000	0.000000000
0.21121121	0.000000000	0.000000000	0.000000000	0.001099409	0.000000000	0.000000000
0.21821822	0.000000000	0.000000000	0.000000000	0.000999737	0.000000000	0.000000000
0.22522523	0.000000000	0.000000000	0.000000000	0.000907547	0.000000000	0.000000000
0.23223223	0.000000000	0.000000000	0.000000000	0.000822419	0.000000000	0.000000000
0.23923924	0.000000000	0.000000000	0.000000000	0.000743941	0.000000000	0.000000000
0.24624625	0.000000000	0.000000000	0.000000000	0.000671719	0.000000000	0.000000000
0.25325325	0.000000000	0.000000000	0.000000000	0.000605371	0.000000000	0.000000000
0.26026026	0.000000000	0.000000000	0.000000000	0.000544527	0.000000000	0.000000000
0.26726727	0.000000000	0.000000000	0.000000000	0.000488834	0.000000000	0.000000000
0.27427427	0.000000000	0.000000000	0.000000000	0.000437952	0.000000000	0.000000000
0.28128128	0.000000000	0.000000000	0.000000000	0.000391555	0.000000000	0.000000000
0.28828829	0.000000000	0.000000000	0.000000000	0.000349331	0.000000000	0.000000000
0.29529530	0.000000000	0.000000000	0.000000000	0.000310984	0.000000000	0.000000000
0.30230230	0.000000000	0.000000000	0.000000000	0.000276228	0.000000000	0.000000000
0.30930931	0.000000000	0.000000000	0.000000000	0.000244797	0.000000000	0.000000000
0.31631632	0.000000000	0.000000000	0.000000000	0.000216433	0.000000000	0.000000000
0.32332332	0.000000000	0.000000000	0.000000000	0.000190894	0.000000000	0.000000000
0.33033033	0.000000000	0.000000000	0.000000000	0.000167953	0.000000000	0.000000000
0.33733734	0.000000000	0.000000000	0.000000000	0.000147394	0.000000000	0.000000000
0.34434434	0.000000000	0.000000000	0.000000000	0.000129015	0.000000000	0.000000000
0.35135135	0.000000000	0.000000000	0.000000000	0.000112625	0.000000000	0.000000000
0.35835836	0.000000000	0.000000000	0.000000000	0.000098047	0.000000000	0.000000000
0.36536537	0.000000000	0.000000000	0.000000000	0.000085114	0.000000000	0.000000000
0.37237237	0.000000000	0.000000000	0.000000000	0.000073672	0.000000000	0.000000000
0.37937938	0.000000000	0.000000000	0.000000000	0.000063578	0.000000000	0.000000000
0.38638639	0.000000000	0.000000000	0.000000000	0.000054698	0.000000000	0.000000000
0.39339339	0.000000000	0.000000000	0.000000000	0.000046909	0.000000000	0.000000000
0.40040040	0.000000000	0.000000000	0.000000000	0.000040098	0.000000000	0.000000000
0.40740741	0.000000000	0.000000000	0.000000000	0.000034161	0.000000000	0.000000000
0.41441441	0.000000000	0.000000000	0.000000000	0.000029003	0.000000000	0.000000000
0.42142142	0.000000000	0.000000000	0.000000000	0.000024535	0.000000000	0.000000000
0.42842843	0.000000000	0.000000000	0.000000000	0.000020680	0.000000000	0.000000000
0.43543544	0.000000000	0.000000000	0.000000000	0.000017364	0.000000000	0.000000000
0.44244244	0.000000000	0.000000000	0.000000000	0.000014523	0.000000000	0.000000000
0.44944945	0.000000000	0.000000000	0.000000000	0.000012098	0.000000000	0.000000000
0.45645646	0.000000000	0.000000000	0.000000000	0.000010035	0.000000000	0.000000000
0.46346346	0.000000000	0.000000000	0.000000000	0.000008289	0.000000000	0.000000000
0.47047047	0.000000000	0.000000000	0.000000000	0.000006816	0.000000000	0.000000000
0.47747748	0.000000000	0.000000000	0.000000000	0.000005579	0.000000000	0.000000000
0.48448448	0.000000000	0.000000000	0.000000000	0.000004545	0.000000000	0.000000000
0.49149149	0.000000000	0.000000000	0.000000000	0.000003684	0.000000000	0.000000000
0.49849850	0.000000000	0.000000000	0.000000000	0.000002971	0.000000000	0.000000000
0.50550551	0.000000000	0.000000000	0.000000000	0.000002384	0.000000000	0.000000000
0.51251251	0.000000000	0.000000000	0.000000000	0.000001902	0.000000000	0.000000000
0.51951952	0.000000000	0.000000000	0.000000000	0.000001509	0.000000000	0.000000000
0.52652653	0.000000000	0.000000000	0.000000000	0.000001190	0.000000000	0.000000000
0.53353353	0.000000000	0.000000000	0.000000000	0.000000933	0.000000000	0.000000000
0.54054054	0.000000000	0.000000000	0.000000000	0.000000727	0.000000000	0.000000000
0.54754755	0.000000000	0.000000000	0.000000000	0.000000562	0.000000000	0.000000000
0.55455455	0.000000000	0.000000000	0.000000000	0.000000432	0.000000000	0.000000000
0.56156156	0.000000000	0.000000000	0.000000000	0.000000330	0.000000000	0.000000000
0.56856857	0.000000000	0.000000000	0.000000000	0.000000250	0.000000000	0.000000000
0.57557558	0.000000000	0.000000000	0.000000000	0.000000188	0.000000000	0.000000000
0.58258258	0.000000000	0.000000000	0.000000000	0.000000140	0.000000000	0.000000000
0.58958959	0.000000000	0.000000000	0.000000000	0.000000104	0.000000000	0.000000000
0.59659660	0.000000000	0.000000000	0.000000000	0.000000076	0.000000000	0.000000000
0.60360360	0.000000000	0.000000000	0.000000000	0.000000055	0.000000000	0.000000000
0.61061061	0.000000000	0.000000000	0.000000000	0.000000040	0.000000000	0.000000000
0.61761762	0.000000000	0.000000000	0.000000000	0.000000028	0.000000000	0.000000000
0.62462462	0.000000000	0.000000000	0.000000000	0.000000020	0.000000000	0.000000000
0.63163163	0.000000000	0.000000000	0.000000000	0.000000014	0.000000000	0.000000000
0.63863864	0.000000000	0.000000000	0.000000000	0.000000010	0.000000000	0.000000000
0.64564565	0.000000000	0.000000000	0.000000000	0.000000007	0.000000000	0.000000000
0.65265265	0.000000000	0.000000000	0.000000000	0.000000004	0.000000000	0.000000000
0.65965966	0.000000000	0.000000000	0.000000000	0.000000003	0.000000000	0.000000000
0.66666667	0.000000000	0.000000000	0.000000000	0.000000002	0.000000000	0.000000000
0.67367367	0.000000000	0.000000000	0.000000000	0.000000001	0.000000000	0.000000000
0.68068068	0.000000000	0.000000000	0.000000000	0.000000001	0.000000000	0.000000000
0.68768769	0.000000000	0.000000000	0.000000000	0.000000000	0.000000000	0.000000000
0.69469469	0.000000000	0.000000000	0.000000000	0.000000000	0.000000000	0.000000000
0.70170170	0.000000000	0.000000000	0.000000000	0.000000000	0.000000000	0.000000000
0.70870871	0.000000000	0.000000000	0.000000000	0.000000000	0.000000000	0.000000000
0.71571572	0.000000000	0.000000000	0.000000000	0.000000000	0.000000000	0.000000000
0.72272272	0.000000000	0.000000000	0.000000000	0.000000000	0.000000000	0.000000000
0.72972973	0.000000000	0.000000000	0.000000000	0.000000000	0.000000000	0.000000000
0.73673674	0.000000000	0.000000000	0.000000000	0.000000000	0.000000000	0.000000000
0.74374374	0.000000000	0.000000000	0.000000000	0.000000000	0.000000000	0.000000000
0.75075075	0.000000000	0.000000000	0.000000000	0.000000000	0.000000000	0.000000000
0.75775776	0.000000000	0.000000000	0.000000000	0.000000000	0.000000000	0.000000000
0.76476476	0.000000000	0.000000000	0.000000000	0.000000000	0.000000000	0.000000000
0.77177177	0.000000000	0.000000000	0.000000000	0.000000000	0.000000000	0.000000000
0.77877878	0.000000000	0.000000000	0.000000000	0.000000000	0.000000000	0.000000000
0.78578579	0.000000000	0.000000000	0.000000000	0.000000000	0.000000000	0.000000000
0.79279279	0.000000000	0.000000000	0.000000000	0.000000000	0.000000000	0.000000000
0.79979980	0.000000000	0.000000000	0.000000000	0.000000000	0.000000000	0.000000000
0.80680681	0.000000000	0.000000000	0.000000000	0.000000000	0.000000000	0.000000000
0.81381381	0.000000000	0.000000000	0.000000000	0.000000000	0.000000000	0.000000000
0.82082082	0.000000000	0.000000000	0.000000000	0.000000000	0.000000000	0.000000000
0.82782783	0.000000000	0.000000000	0.000000000	0.000000000	0.000000000	0.000000000
0.83483483	0.000000000	0.000000000	0.000000000	0.000000000	0.000000000	0.000000000
0.84184184	0.000000000	0.000000000	0.000000000	0.000000000	0.000000000	0.000000000
0.84884885	0.000000000	0.000000000	0.000000000	0.000000000	0.000000000	0.000000000
0.85585586	0.000000000	0.000000000	0.000000000	0.000000000	0.000000000	0.000000000
0.86286286	0.000000000	0.000000000	0.000000000	0.000000000	0.000000000	0.000000000
0.86986987	0.000000000	0.000000000	0.000000000	0.000000000	0.000000000	0.000000000
0.87687688	0.000000000	0.000000000	0.000000000	0.000000000	0.000000000	0.000000000
0.88388388	0.000000000	0.000000000	0.000000000	0.000000000	0.000000000	0.000000000
0.89089089	0.000000000	0.000000000	0.000000000	0.000000000	0.000000000	0.000000000
0.89789790	0.000000000	0.000000000	0.000000000	0.000000000	0.000000000	0.000000000
0.90490490	0.000000000	0.000000000	0.000000000	0.000000000	0.000000000	0.000000000
0.91191191	0.000000000	0.000000000	0.000000000	0.000000000	0.000000000	0.000000000
0.91891892	0.000000000	0.000000000	0.000000000	0.000000000	0.000000000	0.000000000
0.92592593	0.000000000	0.000000000	0.000000000	0.000000000	0.000000000	0.000000000
0.93293293	0.000000000	0.000000000	0.000000000	0.000000000	0.000000000	0.000000000
0.93993994	0.000000000	0.000000000	0.000000000	0.000000000	0.000000000	0.000000000
0.94694695	0.000000000	0.000000000	0.000000000	0.000000000	0.000000000	0.000000000
0.95395395	0.000000000	0.000000000	0.000000000	0.000000000	0.000000000	0.000000000
0.96096096	0.000000000	0.000000000	0.000000000	0.000000000	0.000000000	0.000000000
0.96796797	0.000000000	0.000000000	0.000000000	0.000000000	0.000000000	0.000000000
0.97497497	0.000000000	0.000000000	0.000000000	0.000000000	0.000000000	0.000000000
0.98198198	0.000000000	0.000000000	0.000000000	0.000000000	0.000000000	0.000000000
0.98898899	0.000000000	0.000000000	0.000000000	0.000000000	0.000000000	0.000000000
0.99599600	0.000000000	0.000000000	0.000000000	0.000000000	0.000000000	0.000000000
1.00300300	0.000000000	0.000000000	0.000000000	0.000000000	0.000000000	0.000000000
1.01001001	0.000000000	0.000000000	0.000000000	0.000000000	0.000000000	0.000000000
1.01701702	0.000000000	0.000000000	0.000000000	0.000000000	0.000000000	0.000000000
1.02402402	0.000000000	0.000000000	0.000000000	0.000000000	0.000000000	0.000000000
1.03103103	0.000000000	0.000000000	0.000000000	0.000000000	0.000000000	0.000000000
1.03803804	0.000000000	0.000000000	0.000000000	0.000000000	0.000000000	0.000000000
1.04504505	0.000000000	0.000000000	0.000000000	0.000000000	0.000000000	0.000000000
1.05205205	0.000000000	0.000000000	0.000000000	0.000000000	0.000000000	0.000000000
1.05905906	0.000000000	0.000000000	0.000000000	0.000000000	0.000000000	0.000000000
1.06606607	0.000000000	0.000000000	0.000000000	0.000000000	0.000000000	0.000000000
1.07307307	0.000000000	0.000000000	0.000000000	0.000000000	0.000000000	0.000000000
1.08008008	0.000000000	0.000000000	0.000000000	0.000000000	0.000000000	0.000000000
1.08708709	0.000000000	0.000000000	0.000000000	0.000000000	0.000000000	0.000000000
1.09409409	0.000000000	0.000000000	0.000000000	0.000000000	0.000000000	0.000000000
1.10110110	0.000000000	0.000000000	0.000000000	0.000000000	0.000000000	0.000000000
1.10810811	0.000000000	0.000000000	0.000000000	0.000000000	0.000000000	0.000000000
1.11511512	0.000000000	0.000000000	0.000000000	0.000000000	0.000000000	0.000000000
1.12212212	0.000000000	0.000000000	0.000000000	0.000000000	0.000000000	0.000000000
1.12912913	0.000000000	0.000000000	0.000000000	0.000000000	0.000000000	0.000000000
1.13613614	0.000000000	0.000000000	0.000000000	0.000000000	0.000000000	0.000000000
1.14314314	0.000000000	0.000000000	0.000000000	0.000000000	0.000000000	0.000000000
1.15015015	0.000000000	0.000000000	0.000000000	0.000000000	0.000000000	0.000000000
1.15715716	0.000000000	0.000000000	0.000000000	0.000000000	0.000000000	0.000000000
1.16416416	0.000000000	0.000000000	0.000000000	0.000000000	0.000000000	0.000000000
1.17117117	0.000000000	0.000000000	0.000000000	0.000000000	0.000000000	0.000000000
1.17817818	0.000000000	0.000000000	0.000000000	0.000000000	0.000000000	0.000000000
1.18518519	0.000000000	0.000000000	0.000000000	0.000000000	0.000000000	0.000000000
1.19219219	0.000000000	0.000000000	0.000000000	0.000000000	0.000000000	0.000000000
1.19919920	0.000000000	0.000000000	0.000000000	0.000000000	0.000000000	0.000000000
1.20620621	0.000000000	0.000000000	0.000000000	0.000000000	0.000000000	0.000000000
1.21321321	0.000000000	0.000000000	0.000000000	0.000000000	0.000000000	0.000000000
1.22022022	0.000000000	0.000000000	0.000000000	0.000000000	0.000000000	0.000000000
1.22722723	0.000000000	0.000000000	0.000000000	0.000000000	0.000000000	0.000000000
1.23423423	0.000000000	0.000000000	0.000000000	0.000000000	0.000000000	0.000000000
1.24124124	0.000000000	0.000000000	0.000000000	0.000000000	0.000000000	0.000000000
1.24824825	0.000000000	0.000000000	0.000000000	0.000000000	0.000000000	0.000000000
1.25525526	0.000000000	0.000000000	0.000000000	0.000000000	0.000000000	0.000000000
1.26226226	0.000000000	0.000000000	0.000000000	0.000000000	0.000000000	0.000000000
1.26926927	0.000000000	0.000000000	0.000000000	0.000000000	0.000000000	0.000000000
1.27627628	0.000000000	0.000000000	0.000000000	0.000000000	0.000000000	0.000000000
1.28328328	0.000000000	0.000000000	0.000000000	0.000000000	0.000000000	0.000000000
1.29029029	0.000000000	0.000000000	0.000000000	0.000000000	0.000000000	0.000000000
1.29729730	0.000000000	0.000000000	0.000000000	0.000000000	0.000000000	0.000000000
1.30430430	0.000000000	0.000000000	0.000000000	0.000000000	0.000000000	0.000000000
1.31131131	0.000000000	0.000000000	0.000000000	0.000000000	0.000000000	0.000000000
1.31831832	0.000000000	0.000000000	0.000000000	0.000000000	0.000000000	0.000000000
1.32532533	0.000000000	0.000000000	0.000000000	0.000000000	0.000000000	0.000000000
1.33233233	0.000000000	0.000000000	0.000000000	0.000000000	0.000000000	0.000000000
1.33933934	0.000000000	0.000000000	0.000000000	0.000000000	0.000000000	0.000000000
1.34634635	0.000000000	0.000000000	0.000000000	0.000000000	0.000000000	0.000000000
1.35335335	0.000000000	0.000000000	0.000000000	0.000000000	0.000000000	0.000000000
1.36036036	0.000000000	0.000000000	0.000000000	0.000000000	0.000000000	0.000000000
1.36736737	0.000000000	0.000000000	0.000000000	0.000000000	0.000000000	0.000000000
1.37437437	0.000000000	0.000000000	0.000000000	0.000000000	0.000000000	0.000000000
1.38138138	0.000000000	0.000000000	0.000000000	0.000000000	0.000000000	0.000000000
1.38838839	0.000000000	0.000000000	0.000000000	0.000000000	0.000000000	0.000000000
1.39539540	0.000000000	0.000000000	0.000000000	0.000000000	0.000000000	0.000000000
1.40240240	0.000000000	0.000000000	0.000000000	0.000000000	0.000000000	0.000000000
1.40940941	0.000000000	0.000000000	0.000000000	0.000000000	0.000000000	0.000000000
1.41641642	0.000000000	0.000000000	0.000000000	0.000000000	0.000000000	0.000000000
1.42342342	0.000000000	0.000000000	0.000000000	0.000000000	0.000000000	0.000000000
1.43043043	0.000000000	0.000000000	0.000000000	0.000000000	0.000000000	0.000000000
1.43743744	0.000000000	0.000000000	0.000000000	0.000000000	0.000000000	0.000000000
1.44444444	0.000000000	0.000000000	0.000000000	0.000000000	0.000000000	0.000000000
1.45145145	0.000000000	0.000000000	0.000000000	0.000000000	0.000000000	0.000000000
1.45845846	0.000000000	0.000000000	0.000000000	0.000000000	0.000000000	0.000000000
1.46546547	0.000000000	0.000000000	0.000000000	0.000000000	0.000000000	0.000000000
1.47247247	0.000000000	0.000000000	0.000000000	0.000000000	0.000000000	0.000000000
1.47947948	0.000000000	0.000000000	0.000000000	0.000000000	0.000000000	0.000000000
1.48648649	0.000000000	0.000000000	0.000000000	0.000000000	0.000000000	0.000000000
1.49349349	0.000000000	0.000000000	0.000000000	0.000000000	0.000000000	0.000000000
1.50050050	0.000000000	0.000000000	0.000000000	0.000000000	0.000000000	0.000000000
1.50750751	0.000000000	0.000000000	0.000000000	0.000000000	0.000000000	0.000000000
1.51451451	0.000000000	0.000000000	0.000000000	0.000000000	0.000000000	0.000000000
1.52152152	0.000000000	0.000000000	0.000000000	0.000000000	0.000000000	0.000000000
1.52852853	0.000000000	0.000000000	0.000000000	0.000000000	0.000000000	0.000000000
1.53553554	0.000000000	0.000000000	0.000000000	0.000000000	0.000000000	0.000000000
1.54254254	0.000000000	0.000000000	0.000000000	0.000000000	0.000000000	0.000000000
1.54954955	0.000000000	0.000000000	0.000000000	0.000000000	0.000000000	0.000000000
1.55655656	0.000000000	0.000000000	0.000000000	0.000000000	0.000000000	0.000000000
1.56356356	0.000000000	0.000000000	0.000000000	0.000000000	0.000000000	0.000000000
1.57057057	0.000000000	0.000000000	0.000000000	0.000000000	0.000000000	0.000000000
1.57757758	0.000000000	0.000000000	0.000000000	0.000000000	0.000000000	0.000000000
1.58458458	0.000000000	0.000000000	0.000000000	0.000000000	0.000000000	0.000000000
1.59159159	0.000000000	0.000000000	0.000000000	0.000000000	0.000000000	0.000000000
1.59859860	0.000000000	0.000000000	0.000000000	0.000000000	0.000000000	0.000000000
1.60560561	0.000000000	0.000000000	0.000000000	0.000000000	0.000000000	0.000000000
1.61261261	0.000000000	0.000000000	0.000000000	0.000000000	0.000000000	0.000000000
1.61961962	0.000000000	0.000000000	0.000000000	0.000000000	0.000000000	0.000000000
1.62662663	0.000000000	0.000000000	0.000000000	0.000000000	0.000000000	0.000000000
1.63363363	0.000000000	0.000000000	0.000000000	0.000000000	0.000000000	0.000000000
1.64064064	0.000000000	0.000000000	0.000000000	0.000000000	0.000000000	0.000000000
1.64764765	0.000000000	0.000000000	0.000000000	0.000000000	0.000000000	0.000000000
1.65465465	0.000000000	0.000000000	0.000000000	0.000000000	0.000000000	0.000000000
1.66166166	0.000000000	0.000000000	0.000000000	0.000000000	0.000000000	0.000000000
1.66866867	0.000000000	0.000000000	0.000000000	0.000000000	0.000000000	0.000000000
1.67567568	0.000000000	0.000000000	0.000000000	0.000000000	0.000000000	0.000000000
1.68268268	0.000000000	0.000000000	0.000000000	0.000000000	0.000000000	0.000000000
1.68968969	0.000000000	0.000000000	0.000000000	0.000000000	0.000000000	0.000000000
1.69669670	0.000000000	0.000000000	0.000000000	0.000000000	0.000000000	0.000000000
1.70370370	0.000000000	0.000000000	0.000000000	0.000000000	0.000000000	0.000000000
1.71071071	0.000000000	0.000000000	0.000000000	0.000000000	0.000000000	0.000000000
1.71771772	0.000000000	0.000000000	0.000000000	0.000000000	0.000000000	0.000000000
1.72472472	0.000000000	0.000000000	0.000000000	0.000000000	0.000000000	0.000000000
1.73173173	0.000000000	0.000000000	0.000000000	0.000000000	0.000000000	0.000000000
1.73873874	0.000000000	0.000000000	0.000000000	0.000000000	0.000000000	0.000000000
1.74574575	0.000000000	0.000000000	0.000000000	0.000000000	0.000000000	0.000000000
1.75275275	0.000000000	0.000000000	0.000000000	0.000000000	0.000000000	0.000000000
1.75975976	0.000000000	0.000000000	0.000000000	0.000000000	0.000000000	0.000000000
1.76676677	0.000000000	0.000000000	0.000000000	0.000000000	0.000000000	0.000000000
1.77377377	0.000000000	0.000000000	0.000000000	0.000000000	0.000000000	0.000000000
1.78078078	0.000000000	0.000000000	0.000000000	0.000000000	0.000000000	0.000000000
1.78778779	0.000000000	0.000000000	0.000000000	0.000000000	0.000000000	0.000000000
1.79479479	0.000000000	0.000000000	0.000000000	0.000000000	0.000000000	0.000000000
1.80180180	0.000000000	0.000000000	0.000000000	0.000000000	0.000000000	0.000000000
1.80880881	0.000000000	0.000000000	0.000000000	0.000000000	0.000000000	0.000000000
1.81581582	0.000000000	0.000000000	0.000000000	0.000000000	0.000000000	0.000000000
1.82282282	0.000000000	0.000000000	0.000000000	0.000000000	0.000000000	0.000000000
1.82982983	0.000000000	0.000000000	0.000000000	0.000000000	0.000000000	0.000000000
1.83683684	0.000000000	0.000000000	0.000000000	0.000000000	0.000000000	0.000000000
1.84384384	0.000000000	0.000000000	0.000000000	0.000000000	0.000000000	0.000000000
1.85085085	0.000000000	0.000000000	0.000000000	0.000000000	0.000000000	0.000000000
1.85785786	0.000000000	0.000000000	0.000000000	0.000000000	0.000000000	0.000000000
1.86486486	0.000000000	0.000000000	0.000000000	0.000000000	0.000000000	0.000000000
1.87187187	0.000000000	0.000000000	0.000000000	0.000000000	0.000000000	0.000000000
1.87887888	0.000000000	0.000000000	0.000000000	0.000000000	0.000000000	0.000000000
1.88588589	0.000000000	0.000000000	0.000000000	0.000000000	0.000000000	0.000000000
1.89289289	0.000000000	0.000000000	0.000000000	0.000000000	0.000000000	0.000000000
1.89989990	0.000000000	0.000000000	0.000000000	0.000000000	0.000000000	0.000000000
1.90690691	0.000000000	0.000000000	0.000000000	0.000000000	0.000000000	0.000000000
1.91391391	0.000000000	0.000000000	0.000000000	0.000000000	0.000000000	0.000000000
1.92092092	0.000000000	0.000000000	0.000000000	0.000000000	0.000000000	0.000000000
1.92792793	0.000000000	0.000000000	0.000000000	0.000000000	0.000000000	0.000000000
1.93493493	0.000000000	0.000000000	0.000000000	0.000000000	0.000000000	0.000000000
1.94194194	0.000000000	0.000000000	0.000000000	0.000000000	0.000000000	0.000000000
1.94894895	0.000000000	0.000000000	0.000000000	0.000000000	0.000000000	0.000000000
1.95595596	0.000000000	0.000000000	0.000000000	0.000000000	0.000000000	0.000000000
1.96296296	0.000000000	0.000000000	0.000000000	0.000000000	0.000000000	0.000000000
1.96996997	0.000000000	0.000000000	0.000000000	0.000000000	0.000000000	0.000000000
1.97697698	0.000000000	0.000000000	0.000000000	0.000000000	0.000000000	0.000000000
1.98398398	0.000000000	0.000000000	0.000000000	0.000000000	0.000000000	0.000000000
1.99099099	0.000000000	0.000000000	0.000000000	0.000000000	0.000000000	0.000000000
1.99799800	0.000000000	0.000000000	0.000000000	0.000000000	0.000000000	0.000000000
2.00500501	0.000000000	0.000000000	0.000000000	0.000000000	0.000000000	0.000000000
2.01201201	0.000000000	0.000000000	0.000000000	0.000000000	0.000000000	0.000000000
2.01901902	0.000000000	0.000000000	0.000000000	0.000000000	0.000000000	0.000000000
2.02602603	0.000000000	0.000000000	0.000000000	0.000000000	0.000000000	0.000000000
2.03303303	0.000000000	0.000000000	0.000000000	0.000000000	0.000000000	0.000000000
2.04004004	0.000000000	0.000000000	0.000000000	0.000000000	0.000000000	0.000000000
2.04704705	0.000000000	0.000000000	0.000000000	0.000000000	0.000000000	0.000000000
2.05405405	0.000000000	0.000000000	0.000000000	0.000000000	0.000000000	0.000000000
2.06106106	0.000000000	0.000000000	0.000000000	0.000000000	0.000000000	0.000000000
2.06806807	0.000000000	0.000000000	0.000000000	0.000000000	0.000000000	0.000000000
2.07507508	0.000000000	0.000000000	0.000000000	0.000000000	0.000000000	0.000000000
2.08208208	0.000000000	0.000000000	0.000000000	0.000000000	0.000000000	0.000000000
2.08908909	0.000000000	0.000000000	0.000000000	0.000000000	0.000000000	0.000000000
2.09609610	0.000000000	0.000000000	0.000000000	0.000000000	0.000000000	0.000000000
2.10310310	0.000000000	0.000000000	0.000000000	0.000000000	0.000000000	0.000000000
2.11011011	0.000000000	0.000000000	0.000000000	0.000000000	0.000000000	0.000000000
2.11711712	0.000000000	0.000000000	0.000000000	0.000000000	0.000000000	0.000000000
2.12412412	0.000000000	0.000000000	0.000000000	0.000000000	0.000000000	0.000000000
2.13113113	0.000000000	0.000000000	0.000000000	0.000000000	0.000000000	0.000000000
2.13813814	0.000000000	0.000000000	0.000000000	0.000000000	0.000000000	0.000000000
2.14514515	0.000000000	0.000000000	0.000000000	0.000000000	0.000000000	0.000000000
2.15215215	0.000000000	0.000000000	0.000000000	0.000000000	0.000000000	0.000000000
2.15915916	0.000000000	0.000000000	0.000000000	0.000000000	0.000000000	0.000000000
2.16616617	0.000000000	0.000000000	0.000000000	0.000000000	0.000000000	0.000000000
2.17317317	0.000000000	0.000000000	0.000000000	0.000000000	0.000000000	0.000000000
2.18018018	0.000000000	0.000000000	0.000000000	0.000000000	0.000000000	0.000000000
2.18718719	0.000000000	0.000000000	0.000000000	0.000000000	0.000000000	0.000000000
2.19419419	0.000000000	0.000000000	0.000000000	0.000000000	0.000000000	0.000000000
2.20120120	0.000000000	0.000000000	0.000000000	0.000000000	0.000000000	0.000000000
2.20820821	0.000000000	0.000000000	0.000000000	0.000000000	0.000000000	0.000000000
2.21521522	0.000000000	0.000000000	0.000000000	0.000000000	0.000000000	0.000000000
2.22222222	0.000000000	0.000000000	0.000000000	0.000000000	0.000000000	0.000000000
2.22922923	0.000000000	0.000000000	0.000000000	0.000000000	0.000000000	0.000000000
2.23623624	0.000000000	0.000000000	0.000000000	0.000000000	0.000000000	0.000000000
2.24324324	0.000000000	0.000000000	0.000000000	0.000000000	0.000000000	0.000000000
2.25025025	0.000000000	0.000000000	0.000000000	0.000000000	0.000000000	0.000000000
2.25725726	0.000000000	0.000000000	0.000000000	0.000000000	0.000000000	0.000000000
2.26426426	0.000000000	0.000000000	0.000000000	0.000000000	0.000000000	0.000000000
2.27127127	0.000000000	0.000000000	0.000000000	0.000000000	0.000000000	0.000000000
2.27827828	0.000000000	0.000000000	0.000000000	0.000000000	0.000000000	0.000000000
2.28528529	0.000000000	0.000000000	0.000000000	0.000000000	0.000000000	0.000000000
2.29229229	0.000000000	0.000000000	0.000000000	0.000000000	0.000000000	0.000000000
2.29929930	0.000000000	0.000000000	0.000000000	0.000000000	0.000000000	0.000000000
2.30630631	0.000000000	0.000000000	0.000000000	0.000000000	0.000000000	0.000000000
2.31331331	0.000000000	0.000000000	0.000000000	0.000000000	0.000000000	0.000000000
2.32032032	0.000000000	0.000000000	0.000000000	0.000000000	0.000000000	0.000000000
2.32732733	0.000000000	0.000000000	0.000000000	0.000000000	0.000000000	0.000000000
2.33433433	0.000000000	0.000000000	0.000000000	0.000000000	0.000000000	0.000000000
2.34134134	0.000000000	0.000000000	0.000000000	0.000000000	0.000000000	0.000000000
2.34834835	0.000000000	0.000000000	0.000000000	0.000000000	0.000000000	0.000000000
2.35535536	0.000000000	0.000000000	0.000000000	0.000000000	0.000000000	0.000000000
2.36236236	0.000000000	0.000000000	0.000000000	0.000000000	0.000000000	0.000000000
2.36936937	0.000000000	0.000000000	0.000000000	0.000000000	0.000000000	0.000000000
2.37637638	0.000000000	0.000000000	0.000000000	0.000000000	0.000000000	0.000000000
2.38338338	0.000000000	0.000000000	0.000000000	0.000000000	0.000000000	0.000000000
2.39039039	0.000000000	0.000000000	0.000000000	0.000000000	0.000000000	0.000000000
2.39739740	0.000000000	0.000000000	0.000000000	0.000000000	0.000000000	0.000000000
2.40440440	0.000000000	0.000000000	0.000000000	0.000000000	0.000000000	0.000000000
2.41141141	0.000000000	0.000000000	0.000000000	0.000000000	0.000000000	0.000000000
2.41841842	0.000000000	0.000000000	0.000000000	0.000000000	0.000000000	0.000000000
2.42542543	0.000000000	0.000000000	0.000000000	0.000000000	0.000000000	0.000000000
2.43243243	0.000000000	0.000000000	0.000000000	0.000000000	0.000000000	0.000000000
2.43943944	0.000000000	0.000000000	0.000000000	0.000000000	0.000000000	0.000000000
2.44644645	0.000000000	0.000000000	0.000000000	0.000000000	0.000000000	0.000000000
2.45345345	0.000000000	0.000000000	0.000000000	0.000000000	0.000000000	0.000000000
2.46046046	0.000000000	0.000000000	0.000000000	0.000000000	0.000000000	0.000000000
2.46746747	0.000000000	0.000000000	0.000000000	0.000000000	0.000000000	0.000000000
2.47447447	0.000000000	0.000000000	0.000000000	0.000000000	0.000000000	0.000000000
2.48148148	0.000000000	0.000000000	0.000000000	0.000000000	0.000000000	0.000000000
2.48848849	0.000000000	0.000000000	0.000000000	0.000000000	0.000000000	0.000000000
2.49549550	0.000000000	0.000000000	0.000000000	0.000000000	0.000000000	0.000000000
2.50250250	0.000000000	0.000000000	0.000000000	0.000000000	0.000000000	0.000000000
2.50950951	0.000000000	0.000000000	0.000000000	0.000000000	0.000000000	0.000000000
2.51651652	0.000000000	0.000000000	0.000000000	0.000000000	0.000000000	0.000000000
2.52352352	0.000000000	0.000000000	0.000000000	0.000000000	0.000000000	0.000000000
2.53053053	0.000000000	0.000000000	0.000000000	0.000000000	0.000000000	0.000000000
2.53753754	0.000000000	0.000000000	0.000000000	0.000000000	0.000000000	0.000000000
2.54454454	0.000000000	0.000000000	0.000000000	0.000000000	0.000000000	0.000000000
2.55155155	0.000000000	0.000000000	0.000000000	0.000000000	0.000000000	0.000000000
2.55855856	0.000000000	0.000000000	0.000000000	0.000000000	0.000000000	0.000000000
2.56556557	0.000000000	0.000000000	0.000000000	0.000000000	0.000000000	0.000000000
2.57257257	0.000000000	0.000000000	0.000000000	0.000000000	0.000000000	0.000000000
2.57957958	0.000000000	0.000000000	0.000000000	0.000000000	0.000000000	0.000000000
2.58658659	0.000000000	0.000000000	0.000000000	0.000000000	0.000000000	0.000000000
2.59359359	0.000000000	0.000000000	0.000000000	0.000000000	0.000000000	0.000000000
2.60060060	0.000000000	0.000000000	0.000000000	0.000000000	0.000000000	0.000000000
2.60760761	0.000000000	0.000000000	0.000000000	0.000000000	0.000000000	0.000000000
2.61461461	0.000000000	0.000000000	0.000000000	0.000000000	0.000000000	0.000000000
2.62162162	0.000000000	0.000000000	0.000000000	0.000000000	0.000000000	0.000000000
2.62862863	0.000000000	0.000000000	0.000000000	0.000000000	0.000000000	0.000000000
2.63563564	0.000000000	0.000000000	0.000000000	0.000000000	0.000000000	0.000000000
2.64264264	0.000000000	0.000000000	0.000000000	0.000000000	0.000000000	0.000000000
2.64964965	0.000000000	0.000000000	0.000000000	0.000000000	0.000000000	0.000000000
2.65665666	0.000000000	0.000000000	0.000000000	0.000000000	0.000000000	0.000000000
2.66366366	0.000000000	0.000000000	0.000000000	0.000000000	0.000000000	0.000000000
2.67067067	0.000000000	0.000000000	0.000000000	0.000000000	0.000000000	0.000000000
2.67767768	0.000000000	0.000000000	0.000000000	0.000000000	0.000000000	0.000000000
2.68468468	0.000000000	0.000000000	0.000000000	0.000000000	0.000000000	0.000000000
2.69169169	0.000000000	0.000000000	0.000000000	0.000000000	0.000000000	0.000000000
2.69869870	0.000000000	0.000000000	0.000000000	0.000000000	0.000000000	0.000000000
2.70570571	0.000000000	0.000000000	0.000000000	0.000000000	0.000000000	0.000000000
2.71271271	0.000000000	0.000000000	0.000000000	0.000000000	0.000000000	0.000000000
2.71971972	0.000000000	0.000000000	0.000000000	0.000000000	0.000000000	0.000000000
2.72672673	0.000000000	0.000000000	0.000000000	0.000000000	0.000000000	0.000000000
2.73373373	0.000000000	0.000000000	0.000000000	0.000000000	0.000000000	0.000000000
2.74074074	0.000000000	0.000000000	0.000000000	0.000000000	0.000000000	0.000000000
2.74774775	0.000000000	0.000000000	0.000000000	0.000000000	0.000000000	0.000000000
2.75475475	0.000000000	0.000000000	0.000000000	0.000000000	0.000000000	0.000000000
2.76176176	0.000000000	0.000000000	0.000000000	0.000000000	0.000000000	0.000000000
2.76876877	0.000000000	0.000000000	0.000000000	0.000000000	0.000000000	0.000000000
2.77577578	0.000000000	0.000000000	0.000000000	0.000000000	0.000000000	0.000000000
2.78278278	0.000000000	0.000000000	0.000000000	0.000000000	0.000000000	0.000000000
2.78978979	0.000000000	0.000000000	0.000000000	0.000000000	0.000000000	0.000000000
2.79679680	0.000000000	0.000000000	0.000000000	0.000000000	0.000000000	0.000000000
2.80380380	0.000000000	0.000000000	0.000000000	0.000000000	0.000000000	0.000000000
2.81081081	0.000000000	0.000000000	0.000000000	0.000000000	0.000000000	0.000000000
2.81781782	0.000000000	0.000000000	0.000000000	0.000000000	0.000000000	0.000000000
2.82482482	0.000000000	0.000000000	0.000000000	0.000000000	0.000000000	0.000000000
2.83183183	0.000000000	0.000000000	0.000000000	0.000000000	0.000000000	0.000000000
2.83883884	0.000000000	0.000000000	0.000000000	0.000000000	0.000000000	0.000000000
2.84584585	0.000000000	0.000000000	0.000000000	0.000000000	0.000000000	0.000000000
2.85285285	0.000000000	0.000000000	0.000000000	0.000000000	0.000000000	0.000000000
2.85985986	0.000000000	0.000000000	0.000000000	0.000000000	0.000000000	0.000000000
2.86686687	0.000000000	0.000000000	0.000000000	0.000000000	0.000000000	0.000000000
2.87387387	0.000000000	0.000000000	0.000000000	0.000000000	0.000000000	0.000000000
2.88088088	0.000000000	0.000000000	0.000000000	0.000000000	0.000000000	0.000000000
2.88788789	0.000000000	0.000000000	0.000000000	0.000000000	0.000000000	0.000000000
2.89489489	0.000000000	0.000000000	0.000000000	0.000000000	0.000000000	0.000000000
2.90190190	0.000000000	0.000000000	0.000000000	0.000000000	0.000000000	0.000000000
2.90890891	0.000000000	0.000000000	0.000000000	0.000000000	0.000000000	0.000000000
2.91591592	0.000000000	0.000000000	0.000000000	0.000000000	0.000000000	0.000000000
2.92292292	0.000000000	0.000000000	0.000000000	0.000000000	0.000000000	0.000000000
2.92992993	0.000000000	0.000000000	0.000000000	0.000000000	0.000000000	0.000000000
2.93693694	0.000000000	0.000000000	0.000000000	0.000000000	0.000000000	0.000000000
2.94394394	0.000000000	0.000000000	0.000000000	0.000000000	0.000000000	0.000000000
2.95095095	0.000000000	0.000000000	0.000000000	0.000000000	0.000000000	0.000000000
2.95795796	0.000000000	0.000000000	0.000000000	0.000000000	0.000000000	0.000000000
2.96496496	0.000000000	0.000000000	0.000000000	0.000000000	0.000000000	0.000000000
2.97197197	0.000000000	0.000000000	0.000000000	0.000000000	0.000000000	0.000000000
2.97897898	0.000000000	0.000000000	0.000000000	0.000000000	0.000000000	0.000000000
2.98598599	0.000000000	0.000000000	0.000000000	0.000000000	0.000000000	0.000000000
2.99299299	0.000000000	0.000000000	0.000000000	0.000000000	0.000000000	0.000000000
3.00000000	0.000000000	0.000000000	0.000000000	0.000000000	0.000000000	0.000000000