-4.00000000	0.00096449	0.00120780	0.00125199	0.00008647	0.00138098	0.00029838
-3.99299299	0.00098543	0.00123211	0.00127826	0.00008887	0.00140698	0.00030550
-3.98598599	0.00100681	0.00125689	0.00130507	0.00009134	0.00143347	0.00031278
-3.97897898	0.00102864	0.00128216	0.00133242	0.00009387	0.00146043	0.00032023
-3.97197197	0.00105092	0.00130793	0.00136033	0.00009646	0.00148790	0.00032785
-3.96496496	0.00107367	0.00133420	0.00138880	0.00009913	0.00151587	0.00033566
-3.95795796	0.00109689	0.00136098	0.00141784	0.00010187	0.00154435	0.00034364
-3.95095095	0.00112060	0.00138830	0.00144747	0.00010469	0.00157336	0.00035181
-3.94394394	0.00114480	0.00141614	0.00147770	0.00010758	0.00160289	0.00036017
-3.93693694	0.00116950	0.00144453	0.00150854	0.00011055	0.00163297	0.00036872
-3.92992993	0.00119472	0.00147348	0.00153999	0.00011360	0.00166361	0.00037747
-3.92292292	0.00122046	0.00150299	0.00157208	0.00011673	0.00169480	0.00038643
-3.91591592	0.00124674	0.00153307	0.00160482	0.00011994	0.00172657	0.00039559
-3.90890891	0.00127356	0.00156375	0.00163821	0.00012324	0.00175891	0.00040496
-3.90190190	0.00130093	0.00159502	0.00167227	0.00012664	0.00179185	0.00041456
-3.89489489	0.00132888	0.00162690	0.00170701	0.00013012	0.00182539	0.00042437
-3.88788789	0.00135740	0.00165940	0.00174245	0.00013369	0.00185955	0.00043441
-3.88088088	0.00138651	0.00169254	0.00177860	0.00013736	0.00189433	0.00044468
-3.87387387	0.00141622	0.00172632	0.00181547	0.00014113	0.00192974	0.00045519
-3.86686687	0.00144654	0.00176076	0.00185308	0.00014500	0.00196580	0.00046594
-3.85985986	0.00147749	0.00179586	0.00189144	0.00014898	0.00200252	0.00047694
-3.85285285	0.00150908	0.00183165	0.00193057	0.00015306	0.00203991	0.00048820
-3.84584585	0.00154131	0.00186814	0.00197047	0.00015725	0.00207798	0.00049971
-3.83883884	0.00157421	0.00190533	0.00201117	0.00016155	0.00211674	0.00051149
-3.83183183	0.00160778	0.00194324	0.00205267	0.00016597	0.00215621	0.00052354
-3.82482482	0.00164204	0.00198189	0.00209501	0.00017050	0.00219640	0.00053586
-3.81781782	0.00167701	0.00202128	0.00213818	0.00017515	0.00223732	0.00054847
-3.81081081	0.00171269	0.00206144	0.00218221	0.00017993	0.00227898	0.00056137
-3.80380380	0.00174910	0.00210238	0.00222711	0.00018484	0.00232140	0.00057457
-3.79679680	0.00178625	0.00214411	0.00227290	0.00018988	0.00236459	0.00058807
-3.78978979	0.00182416	0.00218664	0.00231960	0.00019505	0.00240857	0.00060187
-3.78278278	0.00186284	0.00222999	0.00236722	0.00020036	0.00245334	0.00061600
-3.77577578	0.00190232	0.00227419	0.00241578	0.00020580	0.00249893	0.00063045
-3.76876877	0.00194259	0.00231923	0.00246529	0.00021140	0.00254534	0.00064522
-3.76176176	0.00198369	0.00236514	0.00251579	0.00021714	0.00259259	0.00066034
-3.75475475	0.00202562	0.00241194	0.00256728	0.00022303	0.00264070	0.00067580
-3.74774775	0.00206840	0.00245963	0.00261978	0.00022908	0.00268968	0.00069161
-3.74074074	0.00211205	0.00250825	0.00267331	0.00023529	0.00273954	0.00070779
-3.73373373	0.00215658	0.00255780	0.00272790	0.00024167	0.00279031	0.00072433
-3.72672673	0.00220202	0.00260830	0.00278355	0.00024821	0.00284199	0.00074125
-3.71971972	0.00224837	0.00265977	0.00284030	0.00025492	0.00289460	0.00075856
-3.71271271	0.00229566	0.00271223	0.00289816	0.00026181	0.00294817	0.00077626
-3.70570571	0.00234390	0.00276570	0.00295715	0.00026889	0.00300270	0.00079436
-3.69869870	0.00239312	0.00282019	0.00301729	0.00027615	0.00305822	0.00081288
-3.69169169	0.00244332	0.00287572	0.00307861	0.00028360	0.00311473	0.00083181
-3.68468468	0.00249454	0.00293232	0.00314113	0.00029124	0.00317227	0.00085118
-3.67767768	0.00254679	0.00299000	0.00320486	0.00029909	0.00323084	0.00087098
-3.67067067	0.00260008	0.00304878	0.00326983	0.00030715	0.00329046	0.00089124
-3.66366366	0.00265445	0.00310869	0.00333607	0.00031541	0.00335115	0.00091195
-3.65665666	0.00270990	0.00316974	0.00340360	0.00032389	0.00341294	0.00093313
-3.64964965	0.00276647	0.00323195	0.00347244	0.00033259	0.00347583	0.00095479
-3.64264264	0.00282416	0.00329535	0.00354261	0.00034153	0.00353985	0.00097694
-3.63563564	0.00288301	0.00335996	0.00361415	0.00035069	0.00360503	0.00099960
-3.62862863	0.00294304	0.00342580	0.00368707	0.00036009	0.00367137	0.00102276
-3.62162162	0.00300426	0.00349289	0.00376140	0.00036974	0.00373890	0.00104644
-3.61461461	0.00306669	0.00356126	0.00383716	0.00037964	0.00380763	0.00107066
-3.60760761	0.00313038	0.00363093	0.00391439	0.00038980	0.00387760	0.00109543
-3.60060060	0.00319532	0.00370192	0.00399311	0.00040023	0.00394882	0.00112075
-3.59359359	0.00326156	0.00377426	0.00407335	0.00041092	0.00402131	0.00114665
-3.58658659	0.00332911	0.00384797	0.00415513	0.00042190	0.00409510	0.00117312
-3.57957958	0.00339800	0.00392308	0.00423848	0.00043316	0.00417021	0.00120020
-3.57257257	0.00346825	0.00399961	0.00432344	0.00044471	0.00424666	0.00122787
-3.56556557	0.00353989	0.00407759	0.00441002	0.00045656	0.00432446	0.00125618
-3.55855856	0.00361295	0.00415705	0.00449827	0.00046871	0.00440366	0.00128511
-3.55155155	0.00368745	0.00423800	0.00458820	0.00048119	0.00448427	0.00131469
-3.54454454	0.00376341	0.00432049	0.00467986	0.00049398	0.00456631	0.00134494
-3.53753754	0.00384088	0.00440453	0.00477327	0.00050711	0.00464981	0.00137586
-3.53053053	0.00391986	0.00449016	0.00486846	0.00052058	0.00473480	0.00140748
-3.52352352	0.00400040	0.00457740	0.00496547	0.00053439	0.00482130	0.00143980
-3.51651652	0.00408252	0.00466629	0.00506433	0.00054856	0.00490933	0.00147285
-3.50950951	0.00416624	0.00475685	0.00516506	0.00056309	0.00499893	0.00150663
-3.50250250	0.00425161	0.00484911	0.00526772	0.00057800	0.00509011	0.00154116
-3.49549550	0.00433865	0.00494311	0.00537232	0.00059330	0.00518291	0.00157647
-3.48848849	0.00442739	0.00503888	0.00547891	0.00060898	0.00527736	0.00161256
-3.48148148	0.00451786	0.00513644	0.00558753	0.00062507	0.00537348	0.00164945
-3.47447447	0.00461009	0.00523583	0.00569819	0.00064157	0.00547130	0.00168716
-3.46746747	0.00470412	0.00533708	0.00581096	0.00065850	0.00557085	0.00172572
-3.46046046	0.00479998	0.00544023	0.00592585	0.00067586	0.00567215	0.00176513
-3.45345345	0.00489771	0.00554532	0.00604291	0.00069366	0.00577525	0.00180541
-3.44644645	0.00499733	0.00565236	0.00616218	0.00071192	0.00588017	0.00184659
-3.43943944	0.00509888	0.00576141	0.00628369	0.00073065	0.00598693	0.00188868
-3.43243243	0.00520240	0.00587249	0.00640750	0.00074986	0.00609558	0.00193170
-3.42542543	0.00530792	0.00598565	0.00653362	0.00076955	0.00620615	0.00197567
-3.41841842	0.00541548	0.00610092	0.00666212	0.00078975	0.00631866	0.00202061
-3.41141141	0.00552511	0.00621834	0.00679303	0.00081046	0.00643315	0.00206655
-3.40440440	0.00563686	0.00633794	0.00692639	0.00083170	0.00654965	0.00211350
-3.39739740	0.00575076	0.00645976	0.00706224	0.00085348	0.00666820	0.00216149
-3.39039039	0.00586686	0.00658386	0.00720064	0.00087581	0.00678883	0.00221054
-3.38338338	0.00598518	0.00671025	0.00734162	0.00089871	0.00691158	0.00226066
-3.37637638	0.00610577	0.00683900	0.00748523	0.00092220	0.00703648	0.00231189
-3.36936937	0.00622868	0.00697013	0.00763151	0.00094627	0.00716357	0.00236425
-3.36236236	0.00635393	0.00710369	0.00778052	0.00097096	0.00729288	0.00241775
-3.35535536	0.00648159	0.00723973	0.00793229	0.00099627	0.00742446	0.00247244
-3.34834835	0.00661168	0.00737828	0.00808689	0.00102222	0.00755834	0.00252832
-3.34134134	0.00674425	0.00751940	0.00824435	0.00104883	0.00769456	0.00258542
-3.33433433	0.00687935	0.00766312	0.00840473	0.00107610	0.00783315	0.00264378
-3.32732733	0.00701702	0.00780950	0.00856807	0.00110407	0.00797417	0.00270342
-3.32032032	0.00715731	0.00795857	0.00873444	0.00113274	0.00811764	0.00276436
-3.31331331	0.00730026	0.00811040	0.00890387	0.00116213	0.00826362	0.00282663
-3.30630631	0.00744592	0.00826502	0.00907643	0.00119226	0.00841214	0.00289026
-3.29929930	0.00759434	0.00842248	0.00925217	0.00122315	0.00856324	0.00295528
-3.29229229	0.00774556	0.00858285	0.00943114	0.00125482	0.00871697	0.00302171
-3.28528529	0.00789965	0.00874615	0.00961340	0.00128727	0.00887338	0.00308960
-3.27827828	0.00805664	0.00891246	0.00979900	0.00132055	0.00903249	0.00315896
-3.27127127	0.00821659	0.00908181	0.00998800	0.00135465	0.00919438	0.00322983
-3.26426426	0.00837955	0.00925427	0.01018047	0.00138961	0.00935906	0.00330225
-3.25725726	0.00854557	0.00942989	0.01037645	0.00142544	0.00952660	0.00337623
-3.25025025	0.00871471	0.00960872	0.01057601	0.00146216	0.00969705	0.00345182
-3.24324324	0.00888702	0.00979082	0.01077922	0.00149981	0.00987044	0.00352905
-3.23623624	0.00906256	0.00997625	0.01098612	0.00153839	0.01004683	0.00360795
-3.22922923	0.00924139	0.01016506	0.01119679	0.00157793	0.01022627	0.00368856
-3.22222222	0.00942355	0.01035731	0.01141129	0.00161845	0.01040880	0.00377091
-3.21521522	0.00960911	0.01055306	0.01162968	0.00165998	0.01059449	0.00385504
-3.20820821	0.00979813	0.01075238	0.01185203	0.00170254	0.01078337	0.00394099
-3.20120120	0.00999066	0.01095532	0.01207840	0.00174616	0.01097551	0.00402879
-3.19419419	0.01018677	0.01116195	0.01230887	0.00179086	0.01117096	0.00411849
-3.18718719	0.01038652	0.01137233	0.01254350	0.00183666	0.01136977	0.00421012
-3.18018018	0.01058998	0.01158653	0.01278236	0.00188360	0.01157200	0.00430372
-3.17317317	0.01079720	0.01180461	0.01302552	0.00193170	0.01177770	0.00439933
-3.16616617	0.01100825	0.01202663	0.01327305	0.00198099	0.01198692	0.00449699
-3.15915916	0.01122319	0.01225268	0.01352504	0.00203149	0.01219974	0.00459675
-3.15215215	0.01144210	0.01248280	0.01378154	0.00208323	0.01241620	0.00469865
-3.14514515	0.01166504	0.01271709	0.01404264	0.00213625	0.01263637	0.00480274
-3.13813814	0.01189207	0.01295559	0.01430841	0.00219057	0.01286030	0.00490905
-3.13113113	0.01212328	0.01319840	0.01457893	0.00224623	0.01308807	0.00501763
-3.12412412	0.01235872	0.01344558	0.01485428	0.00230326	0.01331972	0.00512854
-3.11711712	0.01259847	0.01369720	0.01513453	0.00236168	0.01355532	0.00524181
-3.11011011	0.01284261	0.01395335	0.01541977	0.00242153	0.01379494	0.00535750
-3.10310310	0.01309120	0.01421409	0.01571008	0.00248285	0.01403865	0.00547566
-3.09609610	0.01334433	0.01447952	0.01600555	0.00254566	0.01428650	0.00559633
-3.08908909	0.01360206	0.01474969	0.01630625	0.00261001	0.01453856	0.00571957
-3.08208208	0.01386448	0.01502471	0.01661227	0.00267593	0.01479492	0.00584543
-3.07507508	0.01413167	0.01530464	0.01692370	0.00274346	0.01505562	0.00597396
-3.06806807	0.01440370	0.01558957	0.01724063	0.00281263	0.01532074	0.00610521
-3.06106106	0.01468065	0.01587959	0.01756314	0.00288348	0.01559036	0.00623925
-3.05405405	0.01496261	0.01617479	0.01789133	0.00295606	0.01586455	0.00637613
-3.04704705	0.01524965	0.01647523	0.01822528	0.00303040	0.01614338	0.00651590
-3.04004004	0.01554187	0.01678103	0.01856510	0.00310653	0.01642692	0.00665863
-3.03303303	0.01583935	0.01709226	0.01891087	0.00318452	0.01671524	0.00680437
-3.02602603	0.01614218	0.01740902	0.01926269	0.00326439	0.01700844	0.00695319
-3.01901902	0.01645044	0.01773140	0.01962066	0.00334619	0.01730658	0.00710514
-3.01201201	0.01676422	0.01805949	0.01998487	0.00342997	0.01760974	0.00726029
-3.00500501	0.01708361	0.01839339	0.02035543	0.00351576	0.01791800	0.00741871
-2.99799800	0.01740871	0.01873319	0.02073243	0.00360363	0.01823145	0.00758045
-2.99099099	0.01773961	0.01907900	0.02111598	0.00369361	0.01855016	0.00774559
-2.98398398	0.01807640	0.01943090	0.02150619	0.00378575	0.01887422	0.00791420
-2.97697698	0.01841918	0.01978902	0.02190315	0.00388010	0.01920372	0.00808634
-2.96996997	0.01876804	0.02015343	0.02230697	0.00397672	0.01953874	0.00826208
-2.96296296	0.01912309	0.02052426	0.02271776	0.00407566	0.01987936	0.00844149
-2.95595596	0.01948442	0.02090160	0.02313563	0.00417696	0.02022568	0.00862466
-2.94894895	0.01985214	0.02128557	0.02356069	0.00428069	0.02057779	0.00881165
-2.94194194	0.02022634	0.02167626	0.02399306	0.00438690	0.02093577	0.00900253
-2.93493493	0.02060713	0.02207380	0.02443284	0.00449564	0.02129972	0.00919739
-2.92792793	0.02099462	0.02247829	0.02488016	0.00460697	0.02166973	0.00939631
-2.92092092	0.02138891	0.02288985	0.02533512	0.00472095	0.02204590	0.00959936
-2.91391391	0.02179011	0.02330859	0.02579785	0.00483764	0.02242833	0.00980663
-2.90690691	0.02219833	0.02373462	0.02626846	0.00495711	0.02281711	0.01001820
-2.89989990	0.02261368	0.02416808	0.02674709	0.00507941	0.02321233	0.01023415
-2.89289289	0.02303628	0.02460907	0.02723384	0.00520461	0.02361411	0.01045457
-2.88588589	0.02346624	0.02505772	0.02772885	0.00533277	0.02402254	0.01067955
-2.87887888	0.02390367	0.02551416	0.02823224	0.00546397	0.02443772	0.01090918
-2.87187187	0.02434869	0.02597850	0.02874413	0.00559826	0.02485977	0.01114355
-2.86486486	0.02480142	0.02645088	0.02926467	0.00573572	0.02528878	0.01138274
-2.85785786	0.02526197	0.02693142	0.02979397	0.00587642	0.02572487	0.01162687
-2.85085085	0.02573048	0.02742026	0.03033217	0.00602044	0.02616814	0.01187601
-2.84384384	0.02620707	0.02791753	0.03087940	0.00616784	0.02661870	0.01213027
-2.83683684	0.02669185	0.02842336	0.03143581	0.00631870	0.02707667	0.01238975
-2.82982983	0.02718496	0.02893789	0.03200152	0.00647310	0.02754216	0.01265455
-2.82282282	0.02768653	0.02946126	0.03257668	0.00663112	0.02801528	0.01292477
-2.81581582	0.02819667	0.02999360	0.03316142	0.00679284	0.02849615	0.01320052
-2.80880881	0.02871553	0.03053507	0.03375590	0.00695834	0.02898489	0.01348190
-2.80180180	0.02924324	0.03108580	0.03436024	0.00712770	0.02948162	0.01376903
-2.79479479	0.02977993	0.03164594	0.03497460	0.00730101	0.02998646	0.01406201
-2.78778779	0.03032574	0.03221563	0.03559913	0.00747835	0.03049954	0.01436095
-2.78078078	0.03088081	0.03279504	0.03623397	0.00765982	0.03102097	0.01466598
-2.77377377	0.03144527	0.03338430	0.03687928	0.00784551	0.03155088	0.01497720
-2.76676677	0.03201926	0.03398358	0.03753520	0.00803551	0.03208941	0.01529474
-2.75975976	0.03260294	0.03459303	0.03820189	0.00822991	0.03263668	0.01561871
-2.75275275	0.03319644	0.03521280	0.03887951	0.00842880	0.03319283	0.01594924
-2.74574575	0.03379991	0.03584307	0.03956822	0.00863230	0.03375798	0.01628645
-2.73873874	0.03441350	0.03648398	0.04026816	0.00884050	0.03433227	0.01663047
-2.73173173	0.03503735	0.03713571	0.04097952	0.00905349	0.03491584	0.01698143
-2.72472472	0.03567163	0.03779842	0.04170244	0.00927139	0.03550882	0.01733946
-2.71771772	0.03631648	0.03847229	0.04243709	0.00949430	0.03611136	0.01770470
-2.71071071	0.03697206	0.03915747	0.04318364	0.00972234	0.03672360	0.01807727
-2.70370370	0.03763852	0.03985415	0.04394226	0.00995560	0.03734568	0.01845733
-2.69669670	0.03831602	0.04056249	0.04471312	0.01019421	0.03797775	0.01884500
-2.68968969	0.03900473	0.04128269	0.04549638	0.01043828	0.03861995	0.01924043
-2.68268268	0.03970480	0.04201491	0.04629222	0.01068792	0.03927243	0.01964377
-2.67567568	0.04041640	0.04275934	0.04710082	0.01094326	0.03993535	0.02005517
-2.66866867	0.04113969	0.04351616	0.04792236	0.01120443	0.04060886	0.02047477
-2.66166166	0.04187485	0.04428556	0.04875700	0.01147153	0.04129311	0.02090272
-2.65465465	0.04262204	0.04506773	0.04960494	0.01174471	0.04198825	0.02133919
-2.64764765	0.04338143	0.04586286	0.05046636	0.01202408	0.04269446	0.02178433
-2.64064064	0.04415319	0.04667114	0.05134143	0.01230979	0.04341188	0.02223831
-2.63363363	0.04493751	0.04749276	0.05223035	0.01260197	0.04414068	0.02270127
-2.62662663	0.04573455	0.04832794	0.05313330	0.01290075	0.04488103	0.02317340
-2.61961962	0.04654449	0.04917686	0.05405047	0.01320628	0.04563309	0.02365485
-2.61261261	0.04736752	0.05003973	0.05498205	0.01351869	0.04639702	0.02414581
-2.60560561	0.04820381	0.05091675	0.05592824	0.01383813	0.04717301	0.02464644
-2.59859860	0.04905355	0.05180813	0.05688923	0.01416476	0.04796121	0.02515692
-2.59159159	0.04991692	0.05271408	0.05786521	0.01449872	0.04876182	0.02567743
-2.58458458	0.05079412	0.05363482	0.05885639	0.01484016	0.04957499	0.02620816
-2.57757758	0.05168533	0.05457055	0.05986296	0.01518925	0.05040092	0.02674928
-2.57057057	0.05259073	0.05552150	0.06088513	0.01554614	0.05123978	0.02730100
-2.56356356	0.05351054	0.05648788	0.06192309	0.01591099	0.05209175	0.02786349
-2.55655656	0.05444492	0.05746991	0.06297706	0.01628397	0.05295701	0.02843695
-2.54954955	0.05539410	0.05846782	0.06404724	0.01666525	0.05383577	0.02902159
-2.54254254	0.05635825	0.05948184	0.06513383	0.01705501	0.05472819	0.02961760
-2.53553554	0.05733759	0.06051219	0.06623704	0.01745341	0.05563448	0.03022519
-2.52852853	0.05833231	0.06155910	0.06735710	0.01786064	0.05655483	0.03084456
-2.52152152	0.05934261	0.06262282	0.06849420	0.01827687	0.05748942	0.03147592
-2.51451451	0.06036870	0.06370356	0.06964857	0.01870230	0.05843847	0.03211949
-2.50750751	0.06141079	0.06480159	0.07082042	0.01913711	0.05940216	0.03277548
-2.50050050	0.06246909	0.06591712	0.07200997	0.01958149	0.06038070	0.03344412
-2.49349349	0.06354380	0.06705041	0.07321743	0.02003564	0.06137429	0.03412562
-2.48648649	0.06463514	0.06820170	0.07444303	0.02049976	0.06238314	0.03482022
-2.47947948	0.06574332	0.06937125	0.07568699	0.02097405	0.06340746	0.03552814
-2.47247247	0.06686855	0.07055929	0.07694952	0.02145872	0.06444744	0.03624962
-2.46546547	0.06801105	0.07176608	0.07823087	0.02195397	0.06550332	0.03698490
-2.45845846	0.06917104	0.07299189	0.07953125	0.02246003	0.06657529	0.03773421
-2.45145145	0.07034874	0.07423696	0.08085088	0.02297710	0.06766358	0.03849780
-2.44444444	0.07154437	0.07550155	0.08219000	0.02350541	0.06876840	0.03927592
-2.43743744	0.07275815	0.07678593	0.08354884	0.02404519	0.06988998	0.04006882
-2.43043043	0.07399031	0.07809036	0.08492763	0.02459667	0.07102854	0.04087675
-2.42342342	0.07524107	0.07941510	0.08632660	0.02516007	0.07218429	0.04169997
-2.41641642	0.07651066	0.08076043	0.08774598	0.02573564	0.07335747	0.04253875
-2.40940941	0.07779931	0.08212662	0.08918601	0.02632362	0.07454831	0.04339334
-2.40240240	0.07910725	0.08351394	0.09064693	0.02692426	0.07575703	0.04426403
-2.39539540	0.08043471	0.08492266	0.09212896	0.02753779	0.07698387	0.04515108
-2.38838839	0.08178192	0.08635306	0.09363235	0.02816449	0.07822907	0.04605478
-2.38138138	0.08314911	0.08780542	0.09515733	0.02880460	0.07949286	0.04697539
-2.37437437	0.08453653	0.08928002	0.09670415	0.02945840	0.08077548	0.04791322
-2.36736737	0.08594440	0.09077715	0.09827304	0.03012614	0.08207717	0.04886854
-2.36036036	0.08737297	0.09229709	0.09986425	0.03080810	0.08339817	0.04984165
-2.35335335	0.08882248	0.09384013	0.10147801	0.03150456	0.08473873	0.05083284
-2.34634635	0.09029316	0.09540656	0.10311457	0.03221579	0.08609909	0.05184243
-2.33933934	0.09178525	0.09699666	0.10477417	0.03294210	0.08747952	0.05287070
-2.33233233	0.09329900	0.09861074	0.10645705	0.03368375	0.08888024	0.05391798
-2.32532533	0.09483465	0.10024908	0.10816346	0.03444106	0.09030153	0.05498456
-2.31831832	0.09639244	0.10191198	0.10989363	0.03521432	0.09174363	0.05607078
-2.31131131	0.09797262	0.10359975	0.11164782	0.03600384	0.09320679	0.05717695
-2.30430430	0.09957544	0.10531267	0.11342627	0.03680992	0.09469129	0.05830339
-2.29729730	0.10120113	0.10705106	0.11522921	0.03763288	0.09619737	0.05945044
-2.29029029	0.10284995	0.10881520	0.11705691	0.03847305	0.09772530	0.06061843
-2.28328328	0.10452214	0.11060542	0.11890959	0.03933074	0.09927535	0.06180769
-2.27627628	0.10621796	0.11242201	0.12078750	0.04020629	0.10084778	0.06301856
-2.26926927	0.10793764	0.11426528	0.12269089	0.04110003	0.10244285	0.06425139
-2.26226226	0.10968145	0.11613554	0.12462000	0.04201231	0.10406084	0.06550654
-2.25525526	0.11144962	0.11803309	0.12657508	0.04294347	0.10570201	0.06678435
-2.24824825	0.11324241	0.11995825	0.12855636	0.04389386	0.10736664	0.06808518
-2.24124124	0.11506006	0.12191133	0.13056409	0.04486384	0.10905500	0.06940939
-2.23423423	0.11690284	0.12389263	0.13259850	0.04585377	0.11076737	0.07075735
-2.22722723	0.11877098	0.12590248	0.13465985	0.04686402	0.11250402	0.07212943
-2.22022022	0.12066473	0.12794118	0.13674836	0.04789496	0.11426523	0.07352600
-2.21321321	0.12258435	0.13000905	0.13886428	0.04894697	0.11605128	0.07494744
-2.20620621	0.12453009	0.13210640	0.14100784	0.05002044	0.11786245	0.07639413
-2.19919920	0.12650219	0.13423354	0.14317928	0.05111575	0.11969902	0.07786647
-2.19219219	0.12850091	0.13639080	0.14537884	0.05223330	0.12156128	0.07936483
-2.18518519	0.13052648	0.13857848	0.14760674	0.05337350	0.12344950	0.08088961
-2.17817818	0.13257917	0.14079690	0.14986323	0.05453675	0.12536397	0.08244122
-2.17117117	0.13465921	0.14304637	0.15214852	0.05572346	0.12730499	0.08402005
-2.16416416	0.13676685	0.14532722	0.15446284	0.05693405	0.12927283	0.08562651
-2.15715716	0.13890234	0.14763974	0.15680642	0.05816895	0.13126778	0.08726100
-2.15015015	0.14106592	0.14998426	0.15917949	0.05942858	0.13329013	0.08892396
-2.14314314	0.14325783	0.15236108	0.16158227	0.06071339	0.13534017	0.09061578
-2.13613614	0.14547832	0.15477053	0.16401496	0.06202381	0.13741819	0.09233689
-2.12912913	0.14772762	0.15721290	0.16647780	0.06336030	0.13952448	0.09408773
-2.12212212	0.15000598	0.15968852	0.16897099	0.06472330	0.14165933	0.09586870
-2.11511512	0.15231364	0.16219768	0.17149474	0.06611328	0.14382303	0.09768026
-2.10810811	0.15465082	0.16474069	0.17404925	0.06753071	0.14601586	0.09952283
-2.10110110	0.15701776	0.16731786	0.17663475	0.06897605	0.14823813	0.10139686
-2.09409409	0.15941469	0.16992949	0.17925141	0.07044979	0.15049012	0.10330278
-2.08708709	0.16184185	0.17257587	0.18189944	0.07195240	0.15277213	0.10524105
-2.08008008	0.16429946	0.17525732	0.18457904	0.07348439	0.15508444	0.10721211
-2.07307307	0.16678774	0.17797413	0.18729038	0.07504624	0.15742734	0.10921641
-2.06606607	0.16930692	0.18072658	0.19003366	0.07663846	0.15980112	0.11125442
-2.05905906	0.17185721	0.18351496	0.19280905	0.07826155	0.16220607	0.11332659
-2.05205205	0.17443883	0.18633958	0.19561673	0.07991603	0.16464249	0.11543337
-2.04504505	0.17705200	0.18920070	0.19845687	0.08160243	0.16711065	0.11757525
-2.03803804	0.17969693	0.19209861	0.20132964	0.08332126	0.16961085	0.11975267
-2.03103103	0.18237381	0.19503359	0.20423519	0.08507306	0.17214336	0.12196612
-2.02402402	0.18508287	0.19800590	0.20717369	0.08685836	0.17470848	0.12421606
-2.01701702	0.18782428	0.20101581	0.21014528	0.08867772	0.17730648	0.12650298
-2.01001001	0.19059826	0.20406360	0.21315010	0.09053167	0.17993766	0.12882733
-2.00300300	0.19340499	0.20714951	0.21618829	0.09242079	0.18260228	0.13118962
-1.99599600	0.19624465	0.21027380	0.21925998	0.09434561	0.18530062	0.13359030
-1.98898899	0.19911744	0.21343671	0.22236530	0.09630673	0.18803296	0.13602988
-1.98198198	0.20202353	0.21663850	0.22550437	0.09830470	0.19079957	0.13850883
-1.97497497	0.20496308	0.21987939	0.22867729	0.10034010	0.19360073	0.14102763
-1.96796797	0.20793628	0.22315961	0.23188417	0.10241353	0.19643670	0.14358677
-1.96096096	0.21094328	0.22647939	0.23512510	0.10452556	0.19930774	0.14618675
-1.95395395	0.21398424	0.22983894	0.23840018	0.10667680	0.20221413	0.14882804
-1.94694695	0.21705931	0.23323847	0.24170949	0.10886783	0.20515611	0.15151114
-1.93993994	0.22016863	0.23667818	0.24505309	0.11109928	0.20813394	0.15423653
-1.93293293	0.22331236	0.24015827	0.24843105	0.11337175	0.21114788	0.15700471
-1.92592593	0.22649061	0.24367892	0.25184342	0.11568585	0.21419817	0.15981617
-1.91891892	0.22970351	0.24724030	0.25529025	0.11804220	0.21728506	0.16267139
-1.91191191	0.23295119	0.25084258	0.25877158	0.12044143	0.22040879	0.16557087
-1.90490490	0.23623376	0.25448593	0.26228744	0.12288417	0.22356959	0.16851509
-1.89789790	0.23955132	0.25817048	0.26583783	0.12537105	0.22676770	0.17150453
-1.89089089	0.24290397	0.26189637	0.26942277	0.12790271	0.23000333	0.17453969
-1.88388388	0.24629181	0.26566374	0.27304225	0.13047980	0.23327672	0.17762105
-1.87687688	0.24971490	0.26947269	0.27669626	0.13310295	0.23658807	0.18074909
-1.86986987	0.25317333	0.27332333	0.28038477	0.13577282	0.23993759	0.18392429
-1.86286286	0.25666716	0.27721576	0.28410774	0.13849007	0.24332549	0.18714712
-1.85585586	0.26019645	0.28115005	0.28786514	0.14125535	0.24675197	0.19041807
-1.84884885	0.26376125	0.28512627	0.29165688	0.14406933	0.25021721	0.19373760
-1.84184184	0.26736158	0.28914447	0.29548292	0.14693266	0.25372139	0.19710619
-1.83483483	0.27099749	0.29320470	0.29934314	0.14984601	0.25726470	0.20052429
-1.82782783	0.27466898	0.29730698	0.30323747	0.15281006	0.26084731	0.20399237
-1.82082082	0.27837607	0.30145132	0.30716578	0.15582547	0.26446937	0.20751087
-1.81381381	0.28211876	0.30563772	0.31112796	0.15889293	0.26813103	0.21108026
-1.80680681	0.28589703	0.30986616	0.31512386	0.16201309	0.27183244	0.21470098
-1.79979980	0.28971086	0.31413660	0.31915332	0.16518666	0.27557374	0.21837346
-1.79279279	0.29356020	0.31844900	0.32321619	0.16841429	0.27935505	0.22209813
-1.78578579	0.29744503	0.32280329	0.32731228	0.17169668	0.28317650	0.22587543
-1.77877878	0.30136527	0.32719937	0.33144139	0.17503450	0.28703818	0.22970577
-1.77177177	0.30532085	0.33163714	0.33560330	0.17842844	0.29094019	0.23358957
-1.76476476	0.30931170	0.33611649	0.33979780	0.18187917	0.29488262	0.23752721
-1.75775776	0.31333771	0.34063726	0.34402463	0.18538739	0.29886555	0.24151911
-1.75075075	0.31739878	0.34519930	0.34828353	0.18895376	0.30288904	0.24556564
-1.74374374	0.32149478	0.34980243	0.35257423	0.19257896	0.30695314	0.24966718
-1.73673674	0.32562558	0.35444643	0.35689642	0.19626369	0.31105790	0.25382409
-1.72972973	0.32979103	0.35913110	0.36124980	0.20000860	0.31520334	0.25803673
-1.72272272	0.33399095	0.36385617	0.36563403	0.20381438	0.31938947	0.26230544
-1.71571572	0.33822517	0.36862137	0.37004877	0.20768170	0.32361631	0.26663055
-1.70870871	0.34249350	0.37342643	0.37449365	0.21161122	0.32788384	0.27101238
-1.70170170	0.34679573	0.37827102	0.37896828	0.21560362	0.33219203	0.27545123
-1.69469469	0.35113163	0.38315480	0.38347225	0.21965954	0.33654084	0.27994740
-1.68768769	0.35550095	0.38807740	0.38800515	0.22377966	0.34093022	0.28450115
-1.68068068	0.35990344	0.39303844	0.39256652	0.22796461	0.34536009	0.28911276
-1.67367367	0.36433883	0.39803749	0.39715590	0.23221505	0.34983038	0.29378246
-1.66666667	0.36880683	0.40307411	0.40177281	0.23653160	0.35434098	0.29851048
-1.65965966	0.37330711	0.40814784	0.40641674	0.24091492	0.35889177	0.30329705
-1.65265265	0.37783937	0.41325817	0.41108717	0.24536561	0.36348261	0.30814234
-1.64564565	0.38240325	0.41840457	0.41578354	0.24988430	0.36811334	0.31304653
-1.63863864	0.38699839	0.42358649	0.42050529	0.25447160	0.37278381	0.31800979
-1.63163163	0.39162442	0.42880334	0.42525182	0.25912811	0.37749381	0.32303224
-1.62462462	0.39628092	0.43405450	0.43002252	0.26385441	0.38224313	0.32811399
-1.61761762	0.40096748	0.43933933	0.43481676	0.26865109	0.38703155	0.33325515
-1.61061061	0.40568366	0.44465714	0.43963387	0.27351870	0.39185881	0.33845578
-1.60360360	0.41042901	0.45000722	0.44447317	0.27845782	0.39672465	0.34371592
-1.59659660	0.41520304	0.45538883	0.44933395	0.28346898	0.40162876	0.34903560
-1.58958959	0.42000526	0.46080120	0.45421549	0.28855271	0.40657085	0.35441481
-1.58258258	0.42483514	0.46624349	0.45911704	0.29370952	0.41155057	0.35985352
-1.57557558	0.42969215	0.47171488	0.46403781	0.29893992	0.41656756	0.36535168
-1.56856857	0.43457572	0.47721448	0.46897700	0.30424440	0.42162144	0.37090921
-1.56156156	0.43948526	0.48274137	0.47393379	0.30962341	0.42671181	0.37652598
-1.55455455	0.44442017	0.48829459	0.47890732	0.31507741	0.43183823	0.38220185
-1.54754755	0.44937983	0.49387317	0.48389672	0.32060682	0.43700026	0.38793666
-1.54054054	0.45436358	0.49947606	0.48890108	0.32621208	0.44219740	0.39373019
-1.53353353	0.45937074	0.50510220	0.49391949	0.33189355	0.44742917	0.39958221
-1.52652653	0.46440062	0.51075049	0.49895098	0.33765162	0.45269501	0.40549244
-1.51951952	0.46945250	0.51641978	0.50399458	0.34348662	0.45799438	0.41146059
-1.51251251	0.47452564	0.52210889	0.50904929	0.34939890	0.46332668	0.41748630
-1.50550551	0.47961926	0.52781661	0.51411407	0.35538874	0.46869131	0.42356920
-1.49849850	0.48473257	0.53354166	0.51918786	0.36145642	0.47408761	0.42970887
-1.49149149	0.48986476	0.53928274	0.52426959	0.36760219	0.47951492	0.43590485
-1.48448448	0.49501499	0.54503851	0.52935814	0.37382626	0.48497253	0.44215666
-1.47747748	0.50018238	0.55080758	0.53445238	0.38012884	0.49045971	0.44846376
-1.47047047	0.50536605	0.55658852	0.53955114	0.38651009	0.49597570	0.45482557
-1.46346346	0.51056508	0.56237987	0.54465324	0.39297012	0.50151971	0.46124146
-1.45645646	0.51577853	0.56818010	0.54975746	0.39950906	0.50709089	0.46771079
-1.44944945	0.52100542	0.57398767	0.55486256	0.40612695	0.51268841	0.47423283
-1.44244244	0.52624477	0.57980098	0.55996726	0.41282382	0.51831137	0.48080683
-1.43543544	0.53149555	0.58561838	0.56507028	0.41959969	0.52395884	0.48743200
-1.42842843	0.53675671	0.59143818	0.57017029	0.42645449	0.52962986	0.49410747
-1.42142142	0.54202719	0.59725866	0.57526595	0.43338816	0.53532345	0.50083235
-1.41441441	0.54730588	0.60307804	0.58035587	0.44040057	0.54103857	0.50760570
-1.40740741	0.55259166	0.60889451	0.58543865	0.44749155	0.54677417	0.51442651
-1.40040040	0.55788336	0.61470621	0.59051287	0.45466091	0.55252914	0.52129372
-1.39339339	0.56317982	0.62051123	0.59557708	0.46190839	0.55830235	0.52820623
-1.38638639	0.56847983	0.62630761	0.60062979	0.46923371	0.56409264	0.53516288
-1.37937938	0.57378214	0.63209338	0.60566950	0.47663651	0.56989879	0.54216245
-1.37237237	0.57908550	0.63786648	0.61069467	0.48411642	0.57571956	0.54920366
-1.36536537	0.58438862	0.64362485	0.61570376	0.49167299	0.58155366	0.55628520
-1.35835836	0.58969018	0.64936635	0.62069518	0.49930574	0.58739979	0.56340565
-1.35135135	0.59498884	0.65508882	0.62566732	0.50701412	0.59325657	0.57056358
-1.34434434	0.60028323	0.66079006	0.63061855	0.51479754	0.59912262	0.57775748
-1.33733734	0.60557194	0.66646779	0.63554722	0.52265533	0.60499648	0.58498577
-1.33033033	0.61085355	0.67211974	0.64045165	0.53058680	0.61087670	0.59224682
-1.32332332	0.61612662	0.67774357	0.64533014	0.53859118	0.61676174	0.59953893
-1.31631632	0.62138965	0.68333690	0.65018097	0.54666763	0.62265006	0.60686034
-1.30930931	0.62664114	0.68889731	0.65500238	0.55481527	0.62854007	0.61420923
-1.30230230	0.63187956	0.69442234	0.65979261	0.56303314	0.63443011	0.62158370
-1.29529530	0.63710335	0.69990950	0.66454987	0.57132022	0.64031852	0.62898179
-1.28828829	0.64231091	0.70535625	0.66927234	0.57967542	0.64620358	0.63640148
-1.28128128	0.64750064	0.71076003	0.67395820	0.58809759	0.65208352	0.64384067
-1.27427427	0.65267088	0.71611822	0.67860559	0.59658550	0.65795656	0.65129720
-1.26726727	0.65781998	0.72142817	0.68321264	0.60513785	0.66382084	0.65876883
-1.26026026	0.66294624	0.72668722	0.68777746	0.61375328	0.66967449	0.66625327
-1.25325325	0.66804793	0.73189264	0.69229814	0.62243033	0.67551559	0.67374815
-1.24624625	0.67312332	0.73704170	0.69677276	0.63116748	0.68134216	0.68125101
-1.23923924	0.67817063	0.74213161	0.70119938	0.63996313	0.68715220	0.68875934
-1.23223223	0.68318806	0.74715957	0.70557603	0.64881559	0.69294367	0.69627057
-1.22522523	0.68817380	0.75212275	0.70990075	0.65772310	0.69871447	0.70378202
-1.21821822	0.69312600	0.75701829	0.71417155	0.66668381	0.70446249	0.71129096
-1.21121121	0.69804279	0.76184330	0.71838642	0.67569579	0.71018554	0.71879460
-1.20420420	0.70292227	0.76659488	0.72254335	0.68475700	0.71588143	0.72629006
-1.19719720	0.70776252	0.77127009	0.72664033	0.69386535	0.72154790	0.73377439
-1.19019019	0.71256161	0.77586599	0.73067530	0.70301862	0.72718266	0.74124456
-1.18318318	0.71731758	0.78037959	0.73464622	0.71221453	0.73278339	0.74869748
-1.17617618	0.72202842	0.78480793	0.73855104	0.72145068	0.73834771	0.75613000
-1.16916917	0.72669215	0.78914800	0.74238770	0.73072458	0.74387321	0.76353885
-1.16216216	0.73130672	0.79339679	0.74615411	0.74003366	0.74935747	0.77092075
-1.15515516	0.73587008	0.79755128	0.74984821	0.74937524	0.75479798	0.77827230
-1.14814815	0.74038017	0.80160843	0.75346790	0.75874652	0.76019224	0.78559006
-1.14114114	0.74483489	0.80556522	0.75701111	0.76814462	0.76553769	0.79287049
-1.13413413	0.74923213	0.80941860	0.76047574	0.77756656	0.77083172	0.80011001
-1.12712713	0.75356975	0.81316554	0.76385970	0.78700923	0.77607173	0.80730496
-1.12012012	0.75784562	0.81680300	0.76716088	0.79646943	0.78125504	0.81445159
-1.11311311	0.76205755	0.82032795	0.77037721	0.80594385	0.78637897	0.82154612
-1.10610611	0.76620336	0.82373736	0.77350657	0.81542906	0.79144077	0.82858469
-1.09909910	0.77028085	0.82702822	0.77654689	0.82492151	0.79643770	0.83556336
-1.09209209	0.77428780	0.83019753	0.77949607	0.83441757	0.80136696	0.84247814
-1.08508509	0.77822198	0.83324229	0.78235202	0.84391345	0.80622573	0.84932497
-1.07807808	0.78208112	0.83615954	0.78511266	0.85340526	0.81101116	0.85609974
-1.07107107	0.78586296	0.83894632	0.78777593	0.86288901	0.81572036	0.86279828
-1.06406406	0.78956522	0.84159972	0.79033974	0.87236057	0.82035044	0.86941634
-1.05705706	0.79318559	0.84411682	0.79280205	0.88181567	0.82489846	0.87594965
-1.05005005	0.79672178	0.84649478	0.79516080	0.89124995	0.82936147	0.88239384
-1.04304304	0.80017146	0.84873073	0.79741395	0.90065889	0.83373647	0.88874454
-1.03603604	0.80353228	0.85082190	0.79955947	0.91003788	0.83802048	0.89499728
-1.02902903	0.80680191	0.85276551	0.80159535	0.91938214	0.84221045	0.90114757
-1.02202202	0.80997797	0.85455884	0.80351958	0.92868679	0.84630335	0.90719087
-1.01501502	0.81305809	0.85619922	0.80533016	0.93794680	0.85029612	0.91312259
-1.00800801	0.81603989	0.85768401	0.80702513	0.94715699	0.85418566	0.91893810
-1.00100100	0.81892098	0.85901065	0.80860251	0.95631208	0.85796888	0.92463273
-0.99399399	0.82169894	0.86017660	0.81006037	0.96540663	0.86164267	0.93020178
-0.98698699	0.82437136	0.86117940	0.81139678	0.97443504	0.86520389	0.93564050
-0.97997998	0.82693581	0.86201663	0.81260982	0.98339161	0.86864941	0.94094413
-0.97297297	0.82938985	0.86268596	0.81369761	0.99227044	0.87197607	0.94610785
-0.96596597	0.83173103	0.86318509	0.81465825	1.00106553	0.87518070	0.95112684
-0.95895896	0.83395689	0.86351180	0.81548991	1.00977071	0.87826013	0.95599624
-0.95195195	0.83606497	0.86366397	0.81619073	1.01837964	0.88121119	0.96071118
-0.94494494	0.83805277	0.86363950	0.81675890	1.02688584	0.88403067	0.96526677
-0.93793794	0.83991782	0.86343639	0.81719262	1.03528268	0.88671539	0.96965809
-0.93093093	0.84165760	0.86305273	0.81749011	1.04356335	0.88926214	0.97388022
-0.92392392	0.84326960	0.86248666	0.81764960	1.05172087	0.89166772	0.97792822
-0.91691692	0.84475129	0.86173641	0.81766935	1.05974809	0.89392891	0.98179714
-0.90990991	0.84610013	0.86080031	0.81754763	1.06763772	0.89604250	0.98548203
-0.90290290	0.84731356	0.85967673	0.81728272	1.07538223	0.89800527	0.98897794
-0.89589590	0.84838901	0.85836418	0.81687295	1.08297395	0.89981400	0.99227991
-0.88888889	0.84932388	0.85686119	0.81631661	1.09040501	0.90146546	0.99538296
-0.88188188	0.85011558	0.85516643	0.81561206	1.09766732	0.90295642	0.99828216
-0.87487487	0.85076146	0.85327862	0.81475763	1.10475263	0.90428366	1.00097253
-0.86786787	0.85125889	0.85119658	0.81375169	1.11165243	0.90544391	1.00344912
-0.86086086	0.85160517	0.84891921	0.81259259	1.11835802	0.90643395	1.00570699
-0.85385385	0.85179762	0.84644548	0.81127870	1.12486047	0.90725052	1.00774118
-0.84684685	0.85183348	0.84377445	0.80980841	1.13115060	0.90789033	1.00954676
-0.83983984	0.85171001	0.84090527	0.80818008	1.13721897	0.90835013	1.01111878
-0.83283283	0.85142438	0.83783714	0.80639208	1.14305591	0.90862660	1.01245232
-0.82582583	0.85097376	0.83456935	0.80444277	1.14865143	0.90871644	1.01354243
-0.81881882	0.85035525	0.83110125	0.80233050	1.15399528	0.90861629	1.01438417
-0.81181181	0.84956590	0.82743226	0.80005361	1.15907688	0.90832277	1.01497261
-0.80480480	0.84860273	0.82356184	0.79761039	1.16388531	0.90783248	1.01530277
-0.79779780	0.84746266	0.81948952	0.79499914	1.16840932	0.90714196	1.01536970
-0.79079079	0.84614256	0.81521484	0.79221809	1.17263726	0.90624769	1.01516840
-0.78378378	0.84463922	0.81073741	0.78926544	1.17655707	0.90514608	1.01469383
-0.77677678	0.84294935	0.80605684	0.78613934	1.18015625	0.90383350	1.01394093
-0.76976977	0.84106955	0.80117274	0.78283787	1.18342184	0.90230618	1.01290458
-0.76276276	0.83899632	0.79608473	0.77935904	1.18634034	0.90056027	1.01157958
-0.75575576	0.83672604	0.79079240	0.77570078	1.18889770	0.89859181	1.00996066
-0.74874875	0.83425497	0.78529531	0.77186091	1.19107923	0.89639665	1.00804244
-0.74174174	0.83157920	0.77959294	0.76783715	1.19286957	0.89397050	1.00581942
-0.73473473	0.82869469	0.77368470	0.76362707	1.19425264	0.89130887	1.00328595
-0.72772773	0.82559718	0.76756988	0.75922811	1.19521148	0.88840702	1.00043618
-0.72072072	0.82228224	0.76124763	0.75463754	1.19572826	0.88525997	0.99726406
-0.71371371	0.81874519	0.75471691	0.74985241	1.19578411	0.88186238	0.99376330
-0.70670671	0.81498113	0.74797645	0.74486958	1.19535901	0.87820858	0.98992726
-0.69969970	0.81098486	0.74102472	0.73968565	1.19443167	0.87429246	0.98574900
-0.69269269	0.80675086	0.73385986	0.73429692	1.19297935	0.87010741	0.98122111
-0.68568569	0.80227329	0.72647959	0.72869938	1.19097769	0.86564624	0.97633571
-0.67867868	0.79754589	0.71888119	0.72288865	1.18840046	0.86090108	0.97108434
-0.67167167	0.79256198	0.71106133	0.71685994	1.18521932	0.85586326	0.96545783
-0.66466466	0.78731438	0.70301605	0.71060798	1.18140350	0.85052318	0.95944625
-0.65765766	0.78179536	0.69474055	0.70412695	1.17691944	0.84487011	0.95303868
-0.65065065	0.77599656	0.68622907	0.69741041	1.17173032	0.83889206	0.94622313
-0.64364364	0.76990892	0.67747472	0.69045124	1.16579555	0.83257544	0.93898625
-0.63663664	0.76352259	0.66846921	0.68324148	1.15907012	0.82590484	0.93131319
-0.62962963	0.75682678	0.65920260	0.67577225	1.15150377	0.81886259	0.92318721
-0.62262262	0.74980970	0.64966293	0.66803360	1.14304000	0.81142836	0.91458940
-0.61561562	0.74245833	0.63983580	0.66001433	1.13361484	0.80357852	0.90549820
-0.60860861	0.73475832	0.62970378	0.65170180	1.12315530	0.79528544	0.89588889
-0.60160160	0.72669375	0.61924576	0.64308167	1.11157730	0.78651649	0.88573291
-0.59459459	0.71824683	0.60843595	0.63413762	1.09878308	0.77723281	0.87499703
-0.58758759	0.70939770	0.59724270	0.62485099	1.08465776	0.76738766	0.86364225
-0.58058058	0.70012397	0.58562688	0.61520033	1.06906469	0.75692412	0.85162241
-0.57357357	0.69040034	0.57353954	0.60516085	1.05183913	0.74577205	0.83888241
-0.56656657	0.68019799	0.56091887	0.59470373	1.03277936	0.73384368	0.82535572
-0.55955956	0.66948395	0.54768559	0.58379521	1.01163392	0.72102732	0.81096111
-0.55255255	0.65822021	0.53373632	0.57239551	0.98808267	0.70717789	0.79559811
-0.54554555	0.64636262	0.51893330	0.56045727	0.96170765	0.69210237	0.77914047
-0.53853854	0.63385945	0.50308805	0.54792360	0.93194619	0.67553611	0.76142677
-0.53153153	0.62064956	0.48593389	0.53472538	0.89801107	0.65710252	0.74224606
-0.52452452	0.60665988	0.46707661	0.52077752	0.85874476	0.63623902	0.72131557
-0.51751752	0.59180201	0.44589830	0.50597362	0.81232723	0.61204878	0.69824379
-0.51051051	0.57596755	0.42134693	0.49017827	0.75560849	0.58296314	0.67246603
-0.50350350	0.55902128	0.39139228	0.47321523	0.68225139	0.54581517	0.64312281
-0.49649650	0.54079135	0.35117435	0.45484890	0.57539507	0.49232611	0.60880504
-0.48948949	0.52105409	0.28154171	0.43475361	0.32340091	0.37850462	0.56693561
-0.48248248	0.49951006	0.00000000	0.41245928	0.00000000	0.00000000	0.51187625
-0.47547548	0.47574368	0.00000000	0.38724710	0.00000000	0.00000000	0.42585498
-0.46846847	0.44915091	0.00000000	0.35792576	0.00000000	0.00000000	0.00000000
-0.46146146	0.41879735	0.00000000	0.32226502	0.00000000	0.00000000	0.00000000
-0.45445445	0.38310396	0.00000000	0.27512072	0.00000000	0.00000000	0.00000000
-0.44744745	0.33901109	0.00000000	0.19728711	0.00000000	0.00000000	0.00000000
-0.44044044	0.27893513	0.00000000	0.00000000	0.00000000	0.00000000	0.00000000
-0.43343343	0.16585081	0.00000000	0.00000000	0.00000000	0.00000000	0.00000000
-0.42642643	0.00000000	0.00000000	0.00000000	0.00000000	0.00000000	0.00000000
-0.41941942	0.00000000	0.00000000	0.00000000	0.00000000	0.00000000	0.00000000
-0.41241241	0.00000000	0.00000000	0.00000000	0.00000000	0.00000000	0.00000000
-0.40540541	0.00000000	0.00000000	0.00000000	0.00000000	0.00000000	0.00000000
-0.39839840	0.00000000	0.00000000	0.00000000	0.00000000	0.00000000	0.00000000
-0.39139139	0.00000000	0.00000000	0.00000000	0.00000000	0.00000000	0.00000000
-0.38438438	0.00000000	0.00000000	0.00000000	0.00000000	0.00000000	0.00000000
-0.37737738	0.00000000	0.00000000	0.00000000	0.00000000	0.00000000	0.00000000
-0.37037037	0.00000000	0.00000000	0.00000000	0.00000000	0.00000000	0.00000000
-0.36336336	0.00000000	0.00000000	0.00000000	0.00000000	0.00000000	0.00000000
-0.35635636	0.00000000	0.00000000	0.00000000	0.00000000	0.00000000	0.00000000
-0.34934935	0.00000000	0.00000000	0.00000000	0.00000000	0.00000000	0.00000000
-0.34234234	0.00000000	0.00000000	0.00000000	0.00000000	0.00000000	0.00000000
-0.33533534	0.00000000	0.00000000	0.00000000	0.00000000	0.00000000	0.00000000
-0.32832833	0.00000000	0.00000000	0.00000000	0.00000000	0.00000000	0.00000000
-0.32132132	0.00000000	0.00000000	0.00000000	0.00000000	0.00000000	0.00000000
-0.31431431	0.00000000	0.00000000	0.00000000	0.00000000	0.00000000	0.00000000
-0.30730731	0.00000000	0.00000000	0.00000000	0.00000000	0.00000000	0.00000000
-0.30030030	0.00000000	0.00000000	0.00000000	0.00000000	0.00000000	0.00000000
-0.29329329	0.00000000	0.00000000	0.00000000	0.00000000	0.00000000	0.00000000
-0.28628629	0.00000000	0.00000000	0.00000000	0.00000000	0.00000000	0.00000000
-0.27927928	0.00000000	0.00000000	0.00000000	0.00000000	0.00000000	0.00000000
-0.27227227	0.00000000	0.00000000	0.00000000	0.00000000	0.00000000	0.00000000
-0.26526527	0.00000000	0.00000000	0.00000000	0.00000000	0.00000000	0.00000000
-0.25825826	0.00000000	0.00000000	0.00000000	0.00000000	0.00000000	0.00000000
-0.25125125	0.00000000	0.00000000	0.00000000	0.00000000	0.00000000	0.00000000
-0.24424424	0.00000000	0.00000000	0.00000000	0.00000000	0.00000000	0.00000000
-0.23723724	0.00000000	0.00000000	0.00000000	0.00000000	0.00000000	0.00000000
-0.23023023	0.00000000	0.00000000	0.00000000	0.00000000	0.00000000	0.00000000
-0.22322322	0.00000000	0.00000000	0.00000000	0.00000000	0.00000000	0.00000000
-0.21621622	0.00000000	0.00000000	0.00000000	0.00000000	0.00000000	0.00000000
-0.20920921	0.00000000	0.00000000	0.00000000	0.00000000	0.00000000	0.00000000
-0.20220220	0.00000000	0.00000000	0.00000000	0.00000000	0.00000000	0.00000000
-0.19519520	0.00000000	0.00000000	0.00000000	0.00000000	0.00000000	0.00000000
-0.18818819	0.00000000	0.00000000	0.00000000	0.00000000	0.00000000	0.00000000
-0.18118118	0.00000000	0.00000000	0.00000000	0.00000000	0.00000000	0.00000000
-0.17417417	0.00000000	0.00000000	0.00000000	0.00000000	0.00000000	0.00000000
-0.16716717	0.00000000	0.00000000	0.00000000	0.00000000	0.00000000	0.00000000
-0.16016016	0.00000000	0.00000000	0.00000000	0.00000000	0.00000000	0.00000000
-0.15315315	0.00000000	0.00000000	0.00000000	0.00000000	0.00000000	0.00000000
-0.14614615	0.00000000	0.00000000	0.00000000	0.00000000	0.00000000	0.00000000
-0.13913914	0.00000000	0.00000000	0.00000000	0.00000000	0.00000000	0.00000000
-0.13213213	0.00000000	0.00000000	0.00000000	0.00000000	0.00000000	0.00000000
-0.12512513	0.00000000	0.00000000	0.00000000	0.00000000	0.00000000	0.00000000
-0.11811812	0.00000000	0.00000000	0.00000000	0.00000000	0.00000000	0.00000000
-0.11111111	0.00000000	0.00000000	0.00000000	0.00000000	0.00000000	0.00000000
-0.10410410	0.00000000	0.00000000	0.00000000	0.00000000	0.00000000	0.00000000
-0.09709710	0.00000000	0.00000000	0.00000000	0.00000000	0.00000000	0.00000000
-0.09009009	0.00000000	0.00000000	0.00000000	0.00000000	0.00000000	0.00000000
-0.08308308	0.00000000	0.00000000	0.00000000	0.00000000	0.00000000	0.00000000
-0.07607608	0.00000000	0.00000000	0.00000000	0.00000000	0.00000000	0.00000000
-0.06906907	0.00000000	0.00000000	0.00000000	0.00000000	0.00000000	0.00000000
-0.06206206	0.00000000	0.00000000	0.00000000	0.00000000	0.00000000	0.00000000
-0.05505506	0.00000000	0.00000000	0.00000000	0.00000000	0.00000000	0.00000000
-0.04804805	0.00000000	0.00000000	0.00000000	0.00000000	0.00000000	0.00000000
-0.04104104	0.00000000	0.00000000	0.00000000	0.00000000	0.00000000	0.00000000
-0.03403403	0.00000000	0.00000000	0.00000000	0.00000000	0.00000000	0.00000000
-0.02702703	0.00000000	0.00000000	0.00000000	0.00000000	0.00000000	0.00000000
-0.02002002	0.00000000	0.00000000	0.00000000	0.00000000	0.00000000	0.00000000
-0.01301301	0.00000000	0.00000000	0.00000000	0.00000000	0.00000000	0.00000000
-0.00600601	0.00000000	0.00000000	0.00000000	0.00000000	0.00000000	0.00000000
0.00100100	0.00000000	0.00000000	0.00000000	0.00000000	0.00000000	0.00000000
0.00800801	0.00000000	0.00000000	0.00000000	0.00000000	0.00000000	0.00000000
0.01501502	0.00000000	0.00000000	0.00000000	0.00000000	0.00000000	0.00000000
0.02202202	0.00000000	0.00000000	0.00000000	0.00000000	0.00000000	0.00000000
0.02902903	0.00000000	0.00000000	0.00000000	0.00000000	0.00000000	0.00000000
0.03603604	0.00000000	0.00000000	0.00000000	0.00000000	0.00000000	0.00000000
0.04304304	0.00000000	0.00000000	0.00000000	0.00000000	0.00000000	0.00000000
0.05005005	0.00000000	0.00000000	0.00000000	0.00000000	0.00000000	0.00000000
0.05705706	0.00000000	0.00000000	0.00000000	0.00000000	0.00000000	0.00000000
0.06406406	0.00000000	0.00000000	0.00000000	0.00000000	0.00000000	0.00000000
0.07107107	0.00000000	0.00000000	0.00000000	0.00000000	0.00000000	0.00000000
0.07807808	0.00000000	0.00000000	0.00000000	0.00000000	0.00000000	0.00000000
0.08508509	0.00000000	0.00000000	0.00000000	0.00000000	0.00000000	0.00000000
0.09209209	0.00000000	0.00000000	0.00000000	0.00000000	0.00000000	0.00000000
0.09909910	0.00000000	0.00000000	0.00000000	0.00000000	0.00000000	0.00000000
0.10610611	0.00000000	0.00000000	0.00000000	0.00000000	0.00000000	0.00000000
0.11311311	0.00000000	0.00000000	0.00000000	0.00000000	0.00000000	0.00000000
0.12012012	0.00000000	0.00000000	0.00000000	0.00000000	0.00000000	0.00000000
0.12712713	0.00000000	0.00000000	0.00000000	0.00000000	0.00000000	0.00000000
0.13413413	0.00000000	0.00000000	0.00000000	0.00000000	0.00000000	0.00000000
0.14114114	0.00000000	0.00000000	0.00000000	0.00000000	0.00000000	0.00000000
0.14814815	0.00000000	0.00000000	0.00000000	0.00000000	0.00000000	0.00000000
0.15515516	0.00000000	0.00000000	0.00000000	0.00000000	0.00000000	0.00000000
0.16216216	0.00000000	0.00000000	0.00000000	0.00000000	0.00000000	0.00000000
0.16916917	0.00000000	0.00000000	0.00000000	0.00000000	0.00000000	0.00000000
0.17617618	0.00000000	0.00000000	0.00000000	0.00000000	0.00000000	0.00000000
0.18318318	0.00000000	0.00000000	0.00000000	0.00000000	0.00000000	0.00000000
0.19019019	0.00000000	0.00000000	0.00000000	0.00000000	0.00000000	0.00000000
0.19719720	0.00000000	0.00000000	0.00000000	0.00000000	0.00000000	0.00000000
0.20420420	0.00000000	0.00000000	0.00000000	0.00000000	0.00000000	0.00000000
0.21121121	0.00000000	0.00000000	0.00000000	0.00000000	0.00000000	0.00000000
0.21821822	0.00000000	0.00000000	0.00000000	0.00000000	0.00000000	0.00000000
0.22522523	0.00000000	0.00000000	0.00000000	0.00000000	0.00000000	0.00000000
0.23223223	0.00000000	0.00000000	0.00000000	0.00000000	0.00000000	0.00000000
0.23923924	0.00000000	0.00000000	0.00000000	0.00000000	0.00000000	0.00000000
0.24624625	0.00000000	0.00000000	0.00000000	0.00000000	0.00000000	0.00000000
0.25325325	0.00000000	0.00000000	0.00000000	0.00000000	0.00000000	0.00000000
0.26026026	0.00000000	0.00000000	0.00000000	0.00000000	0.00000000	0.00000000
0.26726727	0.00000000	0.00000000	0.00000000	0.00000000	0.00000000	0.00000000
0.27427427	0.00000000	0.00000000	0.00000000	0.00000000	0.00000000	0.00000000
0.28128128	0.00000000	0.00000000	0.00000000	0.00000000	0.00000000	0.00000000
0.28828829	0.00000000	0.00000000	0.00000000	0.00000000	0.00000000	0.00000000
0.29529530	0.00000000	0.00000000	0.00000000	0.00000000	0.00000000	0.00000000
0.30230230	0.00000000	0.00000000	0.00000000	0.00000000	0.00000000	0.00000000
0.30930931	0.00000000	0.00000000	0.00000000	0.00000000	0.00000000	0.00000000
0.31631632	0.00000000	0.00000000	0.00000000	0.00000000	0.00000000	0.00000000
0.32332332	0.00000000	0.00000000	0.00000000	0.00000000	0.00000000	0.00000000
0.33033033	0.00000000	0.00000000	0.00000000	0.00000000	0.00000000	0.00000000
0.33733734	0.00000000	0.00000000	0.00000000	0.00000000	0.00000000	0.00000000
0.34434434	0.00000000	0.00000000	0.00000000	0.00000000	0.00000000	0.00000000
0.35135135	0.00000000	0.00000000	0.00000000	0.00000000	0.00000000	0.00000000
0.35835836	0.00000000	0.00000000	0.00000000	0.00000000	0.00000000	0.00000000
0.36536537	0.00000000	0.00000000	0.00000000	0.00000000	0.00000000	0.00000000
0.37237237	0.00000000	0.00000000	0.00000000	0.00000000	0.00000000	0.00000000
0.37937938	0.00000000	0.00000000	0.00000000	0.00000000	0.00000000	0.00000000
0.38638639	0.00000000	0.00000000	0.00000000	0.00000000	0.00000000	0.00000000
0.39339339	0.00000000	0.00000000	0.00000000	0.00000000	0.00000000	0.00000000
0.40040040	0.00000000	0.00000000	0.00000000	0.00000000	0.00000000	0.00000000
0.40740741	0.00000000	0.00000000	0.00000000	0.00000000	0.00000000	0.00000000
0.41441441	0.00000000	0.00000000	0.00000000	0.00000000	0.00000000	0.00000000
0.42142142	0.00000000	0.00000000	0.00000000	0.00000000	0.00000000	0.00000000
0.42842843	0.00000000	0.00000000	0.00000000	0.00000000	0.00000000	0.00000000
0.43543544	0.00000000	0.00000000	0.00000000	0.00000000	0.00000000	0.00000000
0.44244244	0.00000000	0.00000000	0.00000000	0.00000000	0.00000000	0.00000000
0.44944945	0.00000000	0.00000000	0.00000000	0.00000000	0.00000000	0.00000000
0.45645646	0.00000000	0.00000000	0.00000000	0.00000000	0.00000000	0.00000000
0.46346346	0.00000000	0.00000000	0.00000000	0.00000000	0.00000000	0.00000000
0.47047047	0.00000000	0.00000000	0.00000000	0.00000000	0.00000000	0.00000000
0.47747748	0.00000000	0.00000000	0.00000000	0.00000000	0.00000000	0.00000000
0.48448448	0.00000000	0.00000000	0.00000000	0.00000000	0.00000000	0.00000000
0.49149149	0.00000000	0.00000000	0.00000000	0.00000000	0.00000000	0.00000000
0.49849850	0.00000000	0.00000000	0.00000000	0.00000000	0.00000000	0.00000000
0.50550551	0.00000000	0.00000000	0.00000000	0.00000000	0.00000000	0.00000000
0.51251251	0.00000000	0.00000000	0.00000000	0.00000000	0.00000000	0.00000000
0.51951952	0.00000000	0.00000000	0.00000000	0.00000000	0.00000000	0.00000000
0.52652653	0.00000000	0.00000000	0.00000000	0.00000000	0.00000000	0.00000000
0.53353353	0.00000000	0.00000000	0.00000000	0.00000000	0.00000000	0.00000000
0.54054054	0.00000000	0.00000000	0.00000000	0.00000000	0.00000000	0.00000000
0.54754755	0.00000000	0.00000000	0.00000000	0.00000000	0.00000000	0.00000000
0.55455455	0.00000000	0.00000000	0.00000000	0.00000000	0.00000000	0.00000000
0.56156156	0.00000000	0.00000000	0.00000000	0.00000000	0.00000000	0.00000000
0.56856857	0.00000000	0.00000000	0.00000000	0.00000000	0.00000000	0.00000000
0.57557558	0.00000000	0.00000000	0.00000000	0.00000000	0.00000000	0.00000000
0.58258258	0.00000000	0.00000000	0.00000000	0.00000000	0.00000000	0.00000000
0.58958959	0.00000000	0.00000000	0.00000000	0.00000000	0.00000000	0.00000000
0.59659660	0.00000000	0.00000000	0.00000000	0.00000000	0.00000000	0.00000000
0.60360360	0.00000000	0.00000000	0.00000000	0.00000000	0.00000000	0.00000000
0.61061061	0.00000000	0.00000000	0.00000000	0.00000000	0.00000000	0.00000000
0.61761762	0.00000000	0.00000000	0.00000000	0.00000000	0.00000000	0.00000000
0.62462462	0.00000000	0.00000000	0.00000000	0.00000000	0.00000000	0.00000000
0.63163163	0.00000000	0.00000000	0.00000000	0.00000000	0.00000000	0.00000000
0.63863864	0.00000000	0.00000000	0.00000000	0.00000000	0.00000000	0.00000000
0.64564565	0.00000000	0.00000000	0.00000000	0.00000000	0.00000000	0.00000000
0.65265265	0.00000000	0.00000000	0.00000000	0.00000000	0.00000000	0.00000000
0.65965966	0.00000000	0.00000000	0.00000000	0.00000000	0.00000000	0.00000000
0.66666667	0.00000000	0.00000000	0.00000000	0.00000000	0.00000000	0.00000000
0.67367367	0.00000000	0.00000000	0.00000000	0.00000000	0.00000000	0.00000000
0.68068068	0.00000000	0.00000000	0.00000000	0.00000000	0.00000000	0.00000000
0.68768769	0.00000000	0.00000000	0.00000000	0.00000000	0.00000000	0.00000000
0.69469469	0.00000000	0.00000000	0.00000000	0.00000000	0.00000000	0.00000000
0.70170170	0.00000000	0.00000000	0.00000000	0.00000000	0.00000000	0.00000000
0.70870871	0.00000000	0.00000000	0.00000000	0.00000000	0.00000000	0.00000000
0.71571572	0.00000000	0.00000000	0.00000000	0.00000000	0.00000000	0.00000000
0.72272272	0.00000000	0.00000000	0.00000000	0.00000000	0.00000000	0.00000000
0.72972973	0.00000000	0.00000000	0.00000000	0.00000000	0.00000000	0.00000000
0.73673674	0.00000000	0.00000000	0.00000000	0.00000000	0.00000000	0.00000000
0.74374374	0.00000000	0.00000000	0.00000000	0.00000000	0.00000000	0.00000000
0.75075075	0.00000000	0.00000000	0.00000000	0.00000000	0.00000000	0.00000000
0.75775776	0.00000000	0.00000000	0.00000000	0.00000000	0.00000000	0.00000000
0.76476476	0.00000000	0.00000000	0.00000000	0.00000000	0.00000000	0.00000000
0.77177177	0.00000000	0.00000000	0.00000000	0.00000000	0.00000000	0.00000000
0.77877878	0.00000000	0.00000000	0.00000000	0.00000000	0.00000000	0.00000000
0.78578579	0.00000000	0.00000000	0.00000000	0.00000000	0.00000000	0.00000000
0.79279279	0.00000000	0.00000000	0.00000000	0.00000000	0.00000000	0.00000000
0.79979980	0.00000000	0.00000000	0.00000000	0.00000000	0.00000000	0.00000000
0.80680681	0.00000000	0.00000000	0.00000000	0.00000000	0.00000000	0.00000000
0.81381381	0.00000000	0.00000000	0.00000000	0.00000000	0.00000000	0.00000000
0.82082082	0.00000000	0.00000000	0.00000000	0.00000000	0.00000000	0.00000000
0.82782783	0.00000000	0.00000000	0.00000000	0.00000000	0.00000000	0.00000000
0.83483483	0.00000000	0.00000000	0.00000000	0.00000000	0.00000000	0.00000000
0.84184184	0.00000000	0.00000000	0.00000000	0.00000000	0.00000000	0.00000000
0.84884885	0.00000000	0.00000000	0.00000000	0.00000000	0.00000000	0.00000000
0.85585586	0.00000000	0.00000000	0.00000000	0.00000000	0.00000000	0.00000000
0.86286286	0.00000000	0.00000000	0.00000000	0.00000000	0.00000000	0.00000000
0.86986987	0.00000000	0.00000000	0.00000000	0.00000000	0.00000000	0.00000000
0.87687688	0.00000000	0.00000000	0.00000000	0.00000000	0.00000000	0.00000000
0.88388388	0.00000000	0.00000000	0.00000000	0.00000000	0.00000000	0.00000000
0.89089089	0.00000000	0.00000000	0.00000000	0.00000000	0.00000000	0.00000000
0.89789790	0.00000000	0.00000000	0.00000000	0.00000000	0.00000000	0.00000000
0.90490490	0.00000000	0.00000000	0.00000000	0.00000000	0.00000000	0.00000000
0.91191191	0.00000000	0.00000000	0.00000000	0.00000000	0.00000000	0.00000000
0.91891892	0.00000000	0.00000000	0.00000000	0.00000000	0.00000000	0.00000000
0.92592593	0.00000000	0.00000000	0.00000000	0.00000000	0.00000000	0.00000000
0.93293293	0.00000000	0.00000000	0.00000000	0.00000000	0.00000000	0.00000000
0.93993994	0.00000000	0.00000000	0.00000000	0.00000000	0.00000000	0.00000000
0.94694695	0.00000000	0.00000000	0.00000000	0.00000000	0.00000000	0.00000000
0.95395395	0.00000000	0.00000000	0.00000000	0.00000000	0.00000000	0.00000000
0.96096096	0.00000000	0.00000000	0.00000000	0.00000000	0.00000000	0.00000000
0.96796797	0.00000000	0.00000000	0.00000000	0.00000000	0.00000000	0.00000000
0.97497497	0.00000000	0.00000000	0.00000000	0.00000000	0.00000000	0.00000000
0.98198198	0.00000000	0.00000000	0.00000000	0.00000000	0.00000000	0.00000000
0.98898899	0.00000000	0.00000000	0.00000000	0.00000000	0.00000000	0.00000000
0.99599600	0.00000000	0.00000000	0.00000000	0.00000000	0.00000000	0.00000000
1.00300300	0.00000000	0.00000000	0.00000000	0.00000000	0.00000000	0.00000000
1.01001001	0.00000000	0.00000000	0.00000000	0.00000000	0.00000000	0.00000000
1.01701702	0.00000000	0.00000000	0.00000000	0.00000000	0.00000000	0.00000000
1.02402402	0.00000000	0.00000000	0.00000000	0.00000000	0.00000000	0.00000000
1.03103103	0.00000000	0.00000000	0.00000000	0.00000000	0.00000000	0.00000000
1.03803804	0.00000000	0.00000000	0.00000000	0.00000000	0.00000000	0.00000000
1.04504505	0.00000000	0.00000000	0.00000000	0.00000000	0.00000000	0.00000000
1.05205205	0.00000000	0.00000000	0.00000000	0.00000000	0.00000000	0.00000000
1.05905906	0.00000000	0.00000000	0.00000000	0.00000000	0.00000000	0.00000000
1.06606607	0.00000000	0.00000000	0.00000000	0.00000000	0.00000000	0.00000000
1.07307307	0.00000000	0.00000000	0.00000000	0.00000000	0.00000000	0.00000000
1.08008008	0.00000000	0.00000000	0.00000000	0.00000000	0.00000000	0.00000000
1.08708709	0.00000000	0.00000000	0.00000000	0.00000000	0.00000000	0.00000000
1.09409409	0.00000000	0.00000000	0.00000000	0.00000000	0.00000000	0.00000000
1.10110110	0.00000000	0.00000000	0.00000000	0.00000000	0.00000000	0.00000000
1.10810811	0.00000000	0.00000000	0.00000000	0.00000000	0.00000000	0.00000000
1.11511512	0.00000000	0.00000000	0.00000000	0.00000000	0.00000000	0.00000000
1.12212212	0.00000000	0.00000000	0.00000000	0.00000000	0.00000000	0.00000000
1.12912913	0.00000000	0.00000000	0.00000000	0.00000000	0.00000000	0.00000000
1.13613614	0.00000000	0.00000000	0.00000000	0.00000000	0.00000000	0.00000000
1.14314314	0.00000000	0.00000000	0.00000000	0.00000000	0.00000000	0.00000000
1.15015015	0.00000000	0.00000000	0.00000000	0.00000000	0.00000000	0.00000000
1.15715716	0.00000000	0.00000000	0.00000000	0.00000000	0.00000000	0.00000000
1.16416416	0.00000000	0.00000000	0.00000000	0.00000000	0.00000000	0.00000000
1.17117117	0.00000000	0.00000000	0.00000000	0.00000000	0.00000000	0.00000000
1.17817818	0.00000000	0.00000000	0.00000000	0.00000000	0.00000000	0.00000000
1.18518519	0.00000000	0.00000000	0.00000000	0.00000000	0.00000000	0.00000000
1.19219219	0.00000000	0.00000000	0.00000000	0.00000000	0.00000000	0.00000000
1.19919920	0.00000000	0.00000000	0.00000000	0.00000000	0.00000000	0.00000000
1.20620621	0.00000000	0.00000000	0.00000000	0.00000000	0.00000000	0.00000000
1.21321321	0.00000000	0.00000000	0.00000000	0.00000000	0.00000000	0.00000000
1.22022022	0.00000000	0.00000000	0.00000000	0.00000000	0.00000000	0.00000000
1.22722723	0.00000000	0.00000000	0.00000000	0.00000000	0.00000000	0.00000000
1.23423423	0.00000000	0.00000000	0.00000000	0.00000000	0.00000000	0.00000000
1.24124124	0.00000000	0.00000000	0.00000000	0.00000000	0.00000000	0.00000000
1.24824825	0.00000000	0.00000000	0.00000000	0.00000000	0.00000000	0.00000000
1.25525526	0.00000000	0.00000000	0.00000000	0.00000000	0.00000000	0.00000000
1.26226226	0.00000000	0.00000000	0.00000000	0.00000000	0.00000000	0.00000000
1.26926927	0.00000000	0.00000000	0.00000000	0.00000000	0.00000000	0.00000000
1.27627628	0.00000000	0.00000000	0.00000000	0.00000000	0.00000000	0.00000000
1.28328328	0.00000000	0.00000000	0.00000000	0.00000000	0.00000000	0.00000000
1.29029029	0.00000000	0.00000000	0.00000000	0.00000000	0.00000000	0.00000000
1.29729730	0.00000000	0.00000000	0.00000000	0.00000000	0.00000000	0.00000000
1.30430430	0.00000000	0.00000000	0.00000000	0.00000000	0.00000000	0.00000000
1.31131131	0.00000000	0.00000000	0.00000000	0.00000000	0.00000000	0.00000000
1.31831832	0.00000000	0.00000000	0.00000000	0.00000000	0.00000000	0.00000000
1.32532533	0.00000000	0.00000000	0.00000000	0.00000000	0.00000000	0.00000000
1.33233233	0.00000000	0.00000000	0.00000000	0.00000000	0.00000000	0.00000000
1.33933934	0.00000000	0.00000000	0.00000000	0.00000000	0.00000000	0.00000000
1.34634635	0.00000000	0.00000000	0.00000000	0.00000000	0.00000000	0.00000000
1.35335335	0.00000000	0.00000000	0.00000000	0.00000000	0.00000000	0.00000000
1.36036036	0.00000000	0.00000000	0.00000000	0.00000000	0.00000000	0.00000000
1.36736737	0.00000000	0.00000000	0.00000000	0.00000000	0.00000000	0.00000000
1.37437437	0.00000000	0.00000000	0.00000000	0.00000000	0.00000000	0.00000000
1.38138138	0.00000000	0.00000000	0.00000000	0.00000000	0.00000000	0.00000000
1.38838839	0.00000000	0.00000000	0.00000000	0.00000000	0.00000000	0.00000000
1.39539540	0.00000000	0.00000000	0.00000000	0.00000000	0.00000000	0.00000000
1.40240240	0.00000000	0.00000000	0.00000000	0.00000000	0.00000000	0.00000000
1.40940941	0.00000000	0.00000000	0.00000000	0.00000000	0.00000000	0.00000000
1.41641642	0.00000000	0.00000000	0.00000000	0.00000000	0.00000000	0.00000000
1.42342342	0.00000000	0.00000000	0.00000000	0.00000000	0.00000000	0.00000000
1.43043043	0.00000000	0.00000000	0.00000000	0.00000000	0.00000000	0.00000000
1.43743744	0.00000000	0.00000000	0.00000000	0.00000000	0.00000000	0.00000000
1.44444444	0.00000000	0.00000000	0.00000000	0.00000000	0.00000000	0.00000000
1.45145145	0.00000000	0.00000000	0.00000000	0.00000000	0.00000000	0.00000000
1.45845846	0.00000000	0.00000000	0.00000000	0.00000000	0.00000000	0.00000000
1.46546547	0.00000000	0.00000000	0.00000000	0.00000000	0.00000000	0.00000000
1.47247247	0.00000000	0.00000000	0.00000000	0.00000000	0.00000000	0.00000000
1.47947948	0.00000000	0.00000000	0.00000000	0.00000000	0.00000000	0.00000000
1.48648649	0.00000000	0.00000000	0.00000000	0.00000000	0.00000000	0.00000000
1.49349349	0.00000000	0.00000000	0.00000000	0.00000000	0.00000000	0.00000000
1.50050050	0.00000000	0.00000000	0.00000000	0.00000000	0.00000000	0.00000000
1.50750751	0.00000000	0.00000000	0.00000000	0.00000000	0.00000000	0.00000000
1.51451451	0.00000000	0.00000000	0.00000000	0.00000000	0.00000000	0.00000000
1.52152152	0.00000000	0.00000000	0.00000000	0.00000000	0.00000000	0.00000000
1.52852853	0.00000000	0.00000000	0.00000000	0.00000000	0.00000000	0.00000000
1.53553554	0.00000000	0.00000000	0.00000000	0.00000000	0.00000000	0.00000000
1.54254254	0.00000000	0.00000000	0.00000000	0.00000000	0.00000000	0.00000000
1.54954955	0.00000000	0.00000000	0.00000000	0.00000000	0.00000000	0.00000000
1.55655656	0.00000000	0.00000000	0.00000000	0.00000000	0.00000000	0.00000000
1.56356356	0.00000000	0.00000000	0.00000000	0.00000000	0.00000000	0.00000000
1.57057057	0.00000000	0.00000000	0.00000000	0.00000000	0.00000000	0.00000000
1.57757758	0.00000000	0.00000000	0.00000000	0.00000000	0.00000000	0.00000000
1.58458458	0.00000000	0.00000000	0.00000000	0.00000000	0.00000000	0.00000000
1.59159159	0.00000000	0.00000000	0.00000000	0.00000000	0.00000000	0.00000000
1.59859860	0.00000000	0.00000000	0.00000000	0.00000000	0.00000000	0.00000000
1.60560561	0.00000000	0.00000000	0.00000000	0.00000000	0.00000000	0.00000000
1.61261261	0.00000000	0.00000000	0.00000000	0.00000000	0.00000000	0.00000000
1.61961962	0.00000000	0.00000000	0.00000000	0.00000000	0.00000000	0.00000000
1.62662663	0.00000000	0.00000000	0.00000000	0.00000000	0.00000000	0.00000000
1.63363363	0.00000000	0.00000000	0.00000000	0.00000000	0.00000000	0.00000000
1.64064064	0.00000000	0.00000000	0.00000000	0.00000000	0.00000000	0.00000000
1.64764765	0.00000000	0.00000000	0.00000000	0.00000000	0.00000000	0.00000000
1.65465465	0.00000000	0.00000000	0.00000000	0.00000000	0.00000000	0.00000000
1.66166166	0.00000000	0.00000000	0.00000000	0.00000000	0.00000000	0.00000000
1.66866867	0.00000000	0.00000000	0.00000000	0.00000000	0.00000000	0.00000000
1.67567568	0.00000000	0.00000000	0.00000000	0.00000000	0.00000000	0.00000000
1.68268268	0.00000000	0.00000000	0.00000000	0.00000000	0.00000000	0.00000000
1.68968969	0.00000000	0.00000000	0.00000000	0.00000000	0.00000000	0.00000000
1.69669670	0.00000000	0.00000000	0.00000000	0.00000000	0.00000000	0.00000000
1.70370370	0.00000000	0.00000000	0.00000000	0.00000000	0.00000000	0.00000000
1.71071071	0.00000000	0.00000000	0.00000000	0.00000000	0.00000000	0.00000000
1.71771772	0.00000000	0.00000000	0.00000000	0.00000000	0.00000000	0.00000000
1.72472472	0.00000000	0.00000000	0.00000000	0.00000000	0.00000000	0.00000000
1.73173173	0.00000000	0.00000000	0.00000000	0.00000000	0.00000000	0.00000000
1.73873874	0.00000000	0.00000000	0.00000000	0.00000000	0.00000000	0.00000000
1.74574575	0.00000000	0.00000000	0.00000000	0.00000000	0.00000000	0.00000000
1.75275275	0.00000000	0.00000000	0.00000000	0.00000000	0.00000000	0.00000000
1.75975976	0.00000000	0.00000000	0.00000000	0.00000000	0.00000000	0.00000000
1.76676677	0.00000000	0.00000000	0.00000000	0.00000000	0.00000000	0.00000000
1.77377377	0.00000000	0.00000000	0.00000000	0.00000000	0.00000000	0.00000000
1.78078078	0.00000000	0.00000000	0.00000000	0.00000000	0.00000000	0.00000000
1.78778779	0.00000000	0.00000000	0.00000000	0.00000000	0.00000000	0.00000000
1.79479479	0.00000000	0.00000000	0.00000000	0.00000000	0.00000000	0.00000000
1.80180180	0.00000000	0.00000000	0.00000000	0.00000000	0.00000000	0.00000000
1.80880881	0.00000000	0.00000000	0.00000000	0.00000000	0.00000000	0.00000000
1.81581582	0.00000000	0.00000000	0.00000000	0.00000000	0.00000000	0.00000000
1.82282282	0.00000000	0.00000000	0.00000000	0.00000000	0.00000000	0.00000000
1.82982983	0.00000000	0.00000000	0.00000000	0.00000000	0.00000000	0.00000000
1.83683684	0.00000000	0.00000000	0.00000000	0.00000000	0.00000000	0.00000000
1.84384384	0.00000000	0.00000000	0.00000000	0.00000000	0.00000000	0.00000000
1.85085085	0.00000000	0.00000000	0.00000000	0.00000000	0.00000000	0.00000000
1.85785786	0.00000000	0.00000000	0.00000000	0.00000000	0.00000000	0.00000000
1.86486486	0.00000000	0.00000000	0.00000000	0.00000000	0.00000000	0.00000000
1.87187187	0.00000000	0.00000000	0.00000000	0.00000000	0.00000000	0.00000000
1.87887888	0.00000000	0.00000000	0.00000000	0.00000000	0.00000000	0.00000000
1.88588589	0.00000000	0.00000000	0.00000000	0.00000000	0.00000000	0.00000000
1.89289289	0.00000000	0.00000000	0.00000000	0.00000000	0.00000000	0.00000000
1.89989990	0.00000000	0.00000000	0.00000000	0.00000000	0.00000000	0.00000000
1.90690691	0.00000000	0.00000000	0.00000000	0.00000000	0.00000000	0.00000000
1.91391391	0.00000000	0.00000000	0.00000000	0.00000000	0.00000000	0.00000000
1.92092092	0.00000000	0.00000000	0.00000000	0.00000000	0.00000000	0.00000000
1.92792793	0.00000000	0.00000000	0.00000000	0.00000000	0.00000000	0.00000000
1.93493493	0.00000000	0.00000000	0.00000000	0.00000000	0.00000000	0.00000000
1.94194194	0.00000000	0.00000000	0.00000000	0.00000000	0.00000000	0.00000000
1.94894895	0.00000000	0.00000000	0.00000000	0.00000000	0.00000000	0.00000000
1.95595596	0.00000000	0.00000000	0.00000000	0.00000000	0.00000000	0.00000000
1.96296296	0.00000000	0.00000000	0.00000000	0.00000000	0.00000000	0.00000000
1.96996997	0.00000000	0.00000000	0.00000000	0.00000000	0.00000000	0.00000000
1.97697698	0.00000000	0.00000000	0.00000000	0.00000000	0.00000000	0.00000000
1.98398398	0.00000000	0.00000000	0.00000000	0.00000000	0.00000000	0.00000000
1.99099099	0.00000000	0.00000000	0.00000000	0.00000000	0.00000000	0.00000000
1.99799800	0.00000000	0.00000000	0.00000000	0.00000000	0.00000000	0.00000000
2.00500501	0.00000000	0.00000000	0.00000000	0.00000000	0.00000000	0.00000000
2.01201201	0.00000000	0.00000000	0.00000000	0.00000000	0.00000000	0.00000000
2.01901902	0.00000000	0.00000000	0.00000000	0.00000000	0.00000000	0.00000000
2.02602603	0.00000000	0.00000000	0.00000000	0.00000000	0.00000000	0.00000000
2.03303303	0.00000000	0.00000000	0.00000000	0.00000000	0.00000000	0.00000000
2.04004004	0.00000000	0.00000000	0.00000000	0.00000000	0.00000000	0.00000000
2.04704705	0.00000000	0.00000000	0.00000000	0.00000000	0.00000000	0.00000000
2.05405405	0.00000000	0.00000000	0.00000000	0.00000000	0.00000000	0.00000000
2.06106106	0.00000000	0.00000000	0.00000000	0.00000000	0.00000000	0.00000000
2.06806807	0.00000000	0.00000000	0.00000000	0.00000000	0.00000000	0.00000000
2.07507508	0.00000000	0.00000000	0.00000000	0.00000000	0.00000000	0.00000000
2.08208208	0.00000000	0.00000000	0.00000000	0.00000000	0.00000000	0.00000000
2.08908909	0.00000000	0.00000000	0.00000000	0.00000000	0.00000000	0.00000000
2.09609610	0.00000000	0.00000000	0.00000000	0.00000000	0.00000000	0.00000000
2.10310310	0.00000000	0.00000000	0.00000000	0.00000000	0.00000000	0.00000000
2.11011011	0.00000000	0.00000000	0.00000000	0.00000000	0.00000000	0.00000000
2.11711712	0.00000000	0.00000000	0.00000000	0.00000000	0.00000000	0.00000000
2.12412412	0.00000000	0.00000000	0.00000000	0.00000000	0.00000000	0.00000000
2.13113113	0.00000000	0.00000000	0.00000000	0.00000000	0.00000000	0.00000000
2.13813814	0.00000000	0.00000000	0.00000000	0.00000000	0.00000000	0.00000000
2.14514515	0.00000000	0.00000000	0.00000000	0.00000000	0.00000000	0.00000000
2.15215215	0.00000000	0.00000000	0.00000000	0.00000000	0.00000000	0.00000000
2.15915916	0.00000000	0.00000000	0.00000000	0.00000000	0.00000000	0.00000000
2.16616617	0.00000000	0.00000000	0.00000000	0.00000000	0.00000000	0.00000000
2.17317317	0.00000000	0.00000000	0.00000000	0.00000000	0.00000000	0.00000000
2.18018018	0.00000000	0.00000000	0.00000000	0.00000000	0.00000000	0.00000000
2.18718719	0.00000000	0.00000000	0.00000000	0.00000000	0.00000000	0.00000000
2.19419419	0.00000000	0.00000000	0.00000000	0.00000000	0.00000000	0.00000000
2.20120120	0.00000000	0.00000000	0.00000000	0.00000000	0.00000000	0.00000000
2.20820821	0.00000000	0.00000000	0.00000000	0.00000000	0.00000000	0.00000000
2.21521522	0.00000000	0.00000000	0.00000000	0.00000000	0.00000000	0.00000000
2.22222222	0.00000000	0.00000000	0.00000000	0.00000000	0.00000000	0.00000000
2.22922923	0.00000000	0.00000000	0.00000000	0.00000000	0.00000000	0.00000000
2.23623624	0.00000000	0.00000000	0.00000000	0.00000000	0.00000000	0.00000000
2.24324324	0.00000000	0.00000000	0.00000000	0.00000000	0.00000000	0.00000000
2.25025025	0.00000000	0.00000000	0.00000000	0.00000000	0.00000000	0.00000000
2.25725726	0.00000000	0.00000000	0.00000000	0.00000000	0.00000000	0.00000000
2.26426426	0.00000000	0.00000000	0.00000000	0.00000000	0.00000000	0.00000000
2.27127127	0.00000000	0.00000000	0.00000000	0.00000000	0.00000000	0.00000000
2.27827828	0.00000000	0.00000000	0.00000000	0.00000000	0.00000000	0.00000000
2.28528529	0.00000000	0.00000000	0.00000000	0.00000000	0.00000000	0.00000000
2.29229229	0.00000000	0.00000000	0.00000000	0.00000000	0.00000000	0.00000000
2.29929930	0.00000000	0.00000000	0.00000000	0.00000000	0.00000000	0.00000000
2.30630631	0.00000000	0.00000000	0.00000000	0.00000000	0.00000000	0.00000000
2.31331331	0.00000000	0.00000000	0.00000000	0.00000000	0.00000000	0.00000000
2.32032032	0.00000000	0.00000000	0.00000000	0.00000000	0.00000000	0.00000000
2.32732733	0.00000000	0.00000000	0.00000000	0.00000000	0.00000000	0.00000000
2.33433433	0.00000000	0.00000000	0.00000000	0.00000000	0.00000000	0.00000000
2.34134134	0.00000000	0.00000000	0.00000000	0.00000000	0.00000000	0.00000000
2.34834835	0.00000000	0.00000000	0.00000000	0.00000000	0.00000000	0.00000000
2.35535536	0.00000000	0.00000000	0.00000000	0.00000000	0.00000000	0.00000000
2.36236236	0.00000000	0.00000000	0.00000000	0.00000000	0.00000000	0.00000000
2.36936937	0.00000000	0.00000000	0.00000000	0.00000000	0.00000000	0.00000000
2.37637638	0.00000000	0.00000000	0.00000000	0.00000000	0.00000000	0.00000000
2.38338338	0.00000000	0.00000000	0.00000000	0.00000000	0.00000000	0.00000000
2.39039039	0.00000000	0.00000000	0.00000000	0.00000000	0.00000000	0.00000000
2.39739740	0.00000000	0.00000000	0.00000000	0.00000000	0.00000000	0.00000000
2.40440440	0.00000000	0.00000000	0.00000000	0.00000000	0.00000000	0.00000000
2.41141141	0.00000000	0.00000000	0.00000000	0.00000000	0.00000000	0.00000000
2.41841842	0.00000000	0.00000000	0.00000000	0.00000000	0.00000000	0.00000000
2.42542543	0.00000000	0.00000000	0.00000000	0.00000000	0.00000000	0.00000000
2.43243243	0.00000000	0.00000000	0.00000000	0.00000000	0.00000000	0.00000000
2.43943944	0.00000000	0.00000000	0.00000000	0.00000000	0.00000000	0.00000000
2.44644645	0.00000000	0.00000000	0.00000000	0.00000000	0.00000000	0.00000000
2.45345345	0.00000000	0.00000000	0.00000000	0.00000000	0.00000000	0.00000000
2.46046046	0.00000000	0.00000000	0.00000000	0.00000000	0.00000000	0.00000000
2.46746747	0.00000000	0.00000000	0.00000000	0.00000000	0.00000000	0.00000000
2.47447447	0.00000000	0.00000000	0.00000000	0.00000000	0.00000000	0.00000000
2.48148148	0.00000000	0.00000000	0.00000000	0.00000000	0.00000000	0.00000000
2.48848849	0.00000000	0.00000000	0.00000000	0.00000000	0.00000000	0.00000000
2.49549550	0.00000000	0.00000000	0.00000000	0.00000000	0.00000000	0.00000000
2.50250250	0.00000000	0.00000000	0.00000000	0.00000000	0.00000000	0.00000000
2.50950951	0.00000000	0.00000000	0.00000000	0.00000000	0.00000000	0.00000000
2.51651652	0.00000000	0.00000000	0.00000000	0.00000000	0.00000000	0.00000000
2.52352352	0.00000000	0.00000000	0.00000000	0.00000000	0.00000000	0.00000000
2.53053053	0.00000000	0.00000000	0.00000000	0.00000000	0.00000000	0.00000000
2.53753754	0.00000000	0.00000000	0.00000000	0.00000000	0.00000000	0.00000000
2.54454454	0.00000000	0.00000000	0.00000000	0.00000000	0.00000000	0.00000000
2.55155155	0.00000000	0.00000000	0.00000000	0.00000000	0.00000000	0.00000000
2.55855856	0.00000000	0.00000000	0.00000000	0.00000000	0.00000000	0.00000000
2.56556557	0.00000000	0.00000000	0.00000000	0.00000000	0.00000000	0.00000000
2.57257257	0.00000000	0.00000000	0.00000000	0.00000000	0.00000000	0.00000000
2.57957958	0.00000000	0.00000000	0.00000000	0.00000000	0.00000000	0.00000000
2.58658659	0.00000000	0.00000000	0.00000000	0.00000000	0.00000000	0.00000000
2.59359359	0.00000000	0.00000000	0.00000000	0.00000000	0.00000000	0.00000000
2.60060060	0.00000000	0.00000000	0.00000000	0.00000000	0.00000000	0.00000000
2.60760761	0.00000000	0.00000000	0.00000000	0.00000000	0.00000000	0.00000000
2.61461461	0.00000000	0.00000000	0.00000000	0.00000000	0.00000000	0.00000000
2.62162162	0.00000000	0.00000000	0.00000000	0.00000000	0.00000000	0.00000000
2.62862863	0.00000000	0.00000000	0.00000000	0.00000000	0.00000000	0.00000000
2.63563564	0.00000000	0.00000000	0.00000000	0.00000000	0.00000000	0.00000000
2.64264264	0.00000000	0.00000000	0.00000000	0.00000000	0.00000000	0.00000000
2.64964965	0.00000000	0.00000000	0.00000000	0.00000000	0.00000000	0.00000000
2.65665666	0.00000000	0.00000000	0.00000000	0.00000000	0.00000000	0.00000000
2.66366366	0.00000000	0.00000000	0.00000000	0.00000000	0.00000000	0.00000000
2.67067067	0.00000000	0.00000000	0.00000000	0.00000000	0.00000000	0.00000000
2.67767768	0.00000000	0.00000000	0.00000000	0.00000000	0.00000000	0.00000000
2.68468468	0.00000000	0.00000000	0.00000000	0.00000000	0.00000000	0.00000000
2.69169169	0.00000000	0.00000000	0.00000000	0.00000000	0.00000000	0.00000000
2.69869870	0.00000000	0.00000000	0.00000000	0.00000000	0.00000000	0.00000000
2.70570571	0.00000000	0.00000000	0.00000000	0.00000000	0.00000000	0.00000000
2.71271271	0.00000000	0.00000000	0.00000000	0.00000000	0.00000000	0.00000000
2.71971972	0.00000000	0.00000000	0.00000000	0.00000000	0.00000000	0.00000000
2.72672673	0.00000000	0.00000000	0.00000000	0.00000000	0.00000000	0.00000000
2.73373373	0.00000000	0.00000000	0.00000000	0.00000000	0.00000000	0.00000000
2.74074074	0.00000000	0.00000000	0.00000000	0.00000000	0.00000000	0.00000000
2.74774775	0.00000000	0.00000000	0.00000000	0.00000000	0.00000000	0.00000000
2.75475475	0.00000000	0.00000000	0.00000000	0.00000000	0.00000000	0.00000000
2.76176176	0.00000000	0.00000000	0.00000000	0.00000000	0.00000000	0.00000000
2.76876877	0.00000000	0.00000000	0.00000000	0.00000000	0.00000000	0.00000000
2.77577578	0.00000000	0.00000000	0.00000000	0.00000000	0.00000000	0.00000000
2.78278278	0.00000000	0.00000000	0.00000000	0.00000000	0.00000000	0.00000000
2.78978979	0.00000000	0.00000000	0.00000000	0.00000000	0.00000000	0.00000000
2.79679680	0.00000000	0.00000000	0.00000000	0.00000000	0.00000000	0.00000000
2.80380380	0.00000000	0.00000000	0.00000000	0.00000000	0.00000000	0.00000000
2.81081081	0.00000000	0.00000000	0.00000000	0.00000000	0.00000000	0.00000000
2.81781782	0.00000000	0.00000000	0.00000000	0.00000000	0.00000000	0.00000000
2.82482482	0.00000000	0.00000000	0.00000000	0.00000000	0.00000000	0.00000000
2.83183183	0.00000000	0.00000000	0.00000000	0.00000000	0.00000000	0.00000000
2.83883884	0.00000000	0.00000000	0.00000000	0.00000000	0.00000000	0.00000000
2.84584585	0.00000000	0.00000000	0.00000000	0.00000000	0.00000000	0.00000000
2.85285285	0.00000000	0.00000000	0.00000000	0.00000000	0.00000000	0.00000000
2.85985986	0.00000000	0.00000000	0.00000000	0.00000000	0.00000000	0.00000000
2.86686687	0.00000000	0.00000000	0.00000000	0.00000000	0.00000000	0.00000000
2.87387387	0.00000000	0.00000000	0.00000000	0.00000000	0.00000000	0.00000000
2.88088088	0.00000000	0.00000000	0.00000000	0.00000000	0.00000000	0.00000000
2.88788789	0.00000000	0.00000000	0.00000000	0.00000000	0.00000000	0.00000000
2.89489489	0.00000000	0.00000000	0.00000000	0.00000000	0.00000000	0.00000000
2.90190190	0.00000000	0.00000000	0.00000000	0.00000000	0.00000000	0.00000000
2.90890891	0.00000000	0.00000000	0.00000000	0.00000000	0.00000000	0.00000000
2.91591592	0.00000000	0.00000000	0.00000000	0.00000000	0.00000000	0.00000000
2.92292292	0.00000000	0.00000000	0.00000000	0.00000000	0.00000000	0.00000000
2.92992993	0.00000000	0.00000000	0.00000000	0.00000000	0.00000000	0.00000000
2.93693694	0.00000000	0.00000000	0.00000000	0.00000000	0.00000000	0.00000000
2.94394394	0.00000000	0.00000000	0.00000000	0.00000000	0.00000000	0.00000000
2.95095095	0.00000000	0.00000000	0.00000000	0.00000000	0.00000000	0.00000000
2.95795796	0.00000000	0.00000000	0.00000000	0.00000000	0.00000000	0.00000000
2.96496496	0.00000000	0.00000000	0.00000000	0.00000000	0.00000000	0.00000000
2.97197197	0.00000000	0.00000000	0.00000000	0.00000000	0.00000000	0.00000000
2.97897898	0.00000000	0.00000000	0.00000000	0.00000000	0.00000000	0.00000000
2.98598599	0.00000000	0.00000000	0.00000000	0.00000000	0.00000000	0.00000000
2.99299299	0.00000000	0.00000000	0.00000000	0.00000000	0.00000000	0.00000000
3.00000000	0.00000000	0.00000000	0.00000000	0.00000000	0.00000000	0.00000000
