-4.000000000	0.003298166	0.001718864	0.004645427	0.001561234	0.004359317	0.001611698
-3.992992993	0.003360630	0.001756660	0.004735382	0.001592567	0.004423260	0.001645297
-3.985985986	0.003424220	0.001795247	0.004826978	0.001624510	0.004488123	0.001679572
-3.978978979	0.003488955	0.001834641	0.004920244	0.001657074	0.004553921	0.001714534
-3.971971972	0.003554855	0.001874857	0.005015208	0.001690271	0.004620665	0.001750197
-3.964964965	0.003621939	0.001915912	0.005111897	0.001724113	0.004688370	0.001786575
-3.957957958	0.003690228	0.001957823	0.005210342	0.001758612	0.004757049	0.001823681
-3.950950951	0.003759741	0.002000605	0.005310572	0.001793779	0.004826716	0.001861529
-3.943943944	0.003830499	0.002044276	0.005412616	0.001829628	0.004897384	0.001900134
-3.936936937	0.003902524	0.002088853	0.005516505	0.001866172	0.004969068	0.001939509
-3.929929930	0.003975836	0.002134355	0.005622271	0.001903422	0.005041781	0.001979669
-3.922922923	0.004050457	0.002180798	0.005729943	0.001941393	0.005115539	0.002020630
-3.915915916	0.004126409	0.002228202	0.005839554	0.001980098	0.005190356	0.002062407
-3.908908909	0.004203714	0.002276584	0.005951136	0.002019550	0.005266246	0.002105015
-3.901901902	0.004282395	0.002325965	0.006064722	0.002059764	0.005343226	0.002148469
-3.894894895	0.004362474	0.002376362	0.006180345	0.002100753	0.005421309	0.002192787
-3.887887888	0.004443975	0.002427796	0.006298039	0.002142532	0.005500512	0.002237984
-3.880880881	0.004526922	0.002480288	0.006417837	0.002185115	0.005580850	0.002284076
-3.873873874	0.004611338	0.002533856	0.006539776	0.002228518	0.005662339	0.002331082
-3.866866867	0.004697249	0.002588522	0.006663888	0.002272756	0.005744995	0.002379017
-3.859859860	0.004784678	0.002644308	0.006790212	0.002317843	0.005828835	0.002427901
-3.852852853	0.004873650	0.002701233	0.006918782	0.002363796	0.005913874	0.002477749
-3.845845846	0.004964192	0.002759321	0.007049635	0.002410631	0.006000131	0.002528582
-3.838838839	0.005056329	0.002818593	0.007182809	0.002458364	0.006087620	0.002580416
-3.831831832	0.005150087	0.002879073	0.007318342	0.002507011	0.006176361	0.002633272
-3.824824825	0.005245493	0.002940782	0.007456271	0.002556590	0.006266370	0.002687167
-3.817817818	0.005342574	0.003003745	0.007596637	0.002607117	0.006357666	0.002742122
-3.810810811	0.005441357	0.003067985	0.007739477	0.002658609	0.006450265	0.002798157
-3.803803804	0.005541871	0.003133526	0.007884833	0.002711086	0.006544186	0.002855291
-3.796796797	0.005644143	0.003200394	0.008032745	0.002764564	0.006639447	0.002913545
-3.789789790	0.005748202	0.003268612	0.008183254	0.002819062	0.006736068	0.002972940
-3.782782783	0.005854078	0.003338208	0.008336402	0.002874598	0.006834066	0.003033497
-3.775775776	0.005961799	0.003409205	0.008492231	0.002931192	0.006933462	0.003095238
-3.768768769	0.006071396	0.003481632	0.008650784	0.002988863	0.007034274	0.003158185
-3.761761762	0.006182898	0.003555514	0.008812104	0.003047631	0.007136522	0.003222360
-3.754754755	0.006296338	0.003630879	0.008976237	0.003107515	0.007240227	0.003287786
-3.747747748	0.006411746	0.003707755	0.009143227	0.003168536	0.007345407	0.003354486
-3.740740741	0.006529154	0.003786170	0.009313118	0.003230715	0.007452085	0.003422483
-3.733733734	0.006648595	0.003866152	0.009485958	0.003294072	0.007560279	0.003491803
-3.726726727	0.006770100	0.003947732	0.009661792	0.003358630	0.007670012	0.003562468
-3.719719720	0.006893702	0.004030937	0.009840669	0.003424409	0.007781305	0.003634504
-3.712712713	0.007019437	0.004115800	0.010022635	0.003491433	0.007894179	0.003707936
-3.705705706	0.007147337	0.004202349	0.010207741	0.003559723	0.008008657	0.003782790
-3.698698699	0.007277438	0.004290617	0.010396034	0.003629302	0.008124759	0.003859092
-3.691691692	0.007409774	0.004380636	0.010587565	0.003700194	0.008242510	0.003936868
-3.684684685	0.007544381	0.004472436	0.010782385	0.003772423	0.008361930	0.004016145
-3.677677678	0.007681294	0.004566052	0.010980545	0.003846012	0.008483044	0.004096951
-3.670670671	0.007820552	0.004661516	0.011182096	0.003920986	0.008605875	0.004179314
-3.663663664	0.007962190	0.004758863	0.011387093	0.003997371	0.008730447	0.004263262
-3.656656657	0.008106247	0.004858127	0.011595587	0.004075191	0.008856783	0.004348823
-3.649649650	0.008252760	0.004959342	0.011807633	0.004154472	0.008984907	0.004436028
-3.642642643	0.008401769	0.005062545	0.012023287	0.004235240	0.009114845	0.004524907
-3.635635636	0.008553312	0.005167771	0.012242603	0.004317523	0.009246621	0.004615488
-3.628628629	0.008707430	0.005275058	0.012465638	0.004401346	0.009380260	0.004707805
-3.621621622	0.008864163	0.005384442	0.012692448	0.004486739	0.009515789	0.004801887
-3.614614615	0.009023551	0.005495962	0.012923093	0.004573729	0.009653232	0.004897766
-3.607607608	0.009185636	0.005609656	0.013157630	0.004662343	0.009792617	0.004995476
-3.600600601	0.009350460	0.005725563	0.013396118	0.004752613	0.009933969	0.005095049
-3.593593594	0.009518067	0.005843723	0.013638618	0.004844566	0.010077316	0.005196519
-3.586586587	0.009688498	0.005964177	0.013885191	0.004938233	0.010222685	0.005299920
-3.579579580	0.009861799	0.006086965	0.014135897	0.005033644	0.010370104	0.005405286
-3.572572573	0.010038012	0.006212130	0.014390800	0.005130831	0.010519601	0.005512653
-3.565565566	0.010217185	0.006339714	0.014649963	0.005229824	0.010671203	0.005622056
-3.558558559	0.010399361	0.006469760	0.014913450	0.005330656	0.010824941	0.005733533
-3.551551552	0.010584587	0.006602312	0.015181325	0.005433360	0.010980842	0.005847119
-3.544544545	0.010772911	0.006737414	0.015453655	0.005537968	0.011138937	0.005962854
-3.537537538	0.010964379	0.006875112	0.015730506	0.005644514	0.011299256	0.006080774
-3.530530531	0.011159041	0.007015450	0.016011944	0.005753033	0.011461828	0.006200919
-3.523523524	0.011356943	0.007158477	0.016298039	0.005863559	0.011626684	0.006323328
-3.516516517	0.011558137	0.007304240	0.016588859	0.005976127	0.011793856	0.006448041
-3.509509510	0.011762672	0.007452785	0.016884473	0.006090774	0.011963374	0.006575100
-3.502502503	0.011970600	0.007604163	0.017184954	0.006207535	0.012135272	0.006704546
-3.495495495	0.012181970	0.007758423	0.017490372	0.006326449	0.012309580	0.006836420
-3.488488488	0.012396836	0.007915615	0.017800800	0.006447552	0.012486332	0.006970766
-3.481481481	0.012615251	0.008075790	0.018116310	0.006570884	0.012665561	0.007107628
-3.474474474	0.012837267	0.008239000	0.018436978	0.006696482	0.012847300	0.007247048
-3.467467467	0.013062939	0.008405299	0.018762878	0.006824387	0.013031584	0.007389073
-3.460460460	0.013292322	0.008574738	0.019094087	0.006954640	0.013218447	0.007533749
-3.453453453	0.013525472	0.008747374	0.019430681	0.007087280	0.013407923	0.007681120
-3.446446446	0.013762445	0.008923261	0.019772737	0.007222349	0.013600049	0.007831235
-3.439439439	0.014003297	0.009102454	0.020120336	0.007359890	0.013794859	0.007984142
-3.432432432	0.014248088	0.009285011	0.020473555	0.007499946	0.013992390	0.008139888
-3.425425425	0.014496874	0.009470990	0.020832477	0.007642560	0.014192679	0.008298524
-3.418418418	0.014749716	0.009660449	0.021197182	0.007787776	0.014395762	0.008460100
-3.411411411	0.015006674	0.009853447	0.021567753	0.007935640	0.014601678	0.008624666
-3.404404404	0.015267808	0.010050045	0.021944273	0.008086198	0.014810465	0.008792275
-3.397397397	0.015533180	0.010250304	0.022326827	0.008239495	0.015022160	0.008962979
-3.390390390	0.015802851	0.010454286	0.022715499	0.008395579	0.015236804	0.009136831
-3.383383383	0.016076887	0.010662054	0.023110377	0.008554498	0.015454436	0.009313886
-3.376376376	0.016355349	0.010873671	0.023511547	0.008716301	0.015675095	0.009494199
-3.369369369	0.016638303	0.011089204	0.023919098	0.008881037	0.015898823	0.009677825
-3.362362362	0.016925814	0.011308718	0.024333118	0.009048757	0.016125661	0.009864823
-3.355355355	0.017217949	0.011532278	0.024753699	0.009219512	0.016355649	0.010055248
-3.348348348	0.017514774	0.011759955	0.025180930	0.009393353	0.016588831	0.010249161
-3.341341341	0.017816358	0.011991814	0.025614905	0.009570334	0.016825248	0.010446620
-3.334334334	0.018122770	0.012227928	0.026055716	0.009750508	0.017064945	0.010647686
-3.327327327	0.018434078	0.012468366	0.026503458	0.009933929	0.017307965	0.010852420
-3.320320320	0.018750353	0.012713200	0.026958226	0.010120653	0.017554351	0.011060885
-3.313313313	0.019071666	0.012962502	0.027420116	0.010310736	0.017804150	0.011273143
-3.306306306	0.019398091	0.013216347	0.027889225	0.010504234	0.018057406	0.011489260
-3.299299299	0.019729698	0.013474810	0.028365651	0.010701206	0.018314165	0.011709299
-3.292292292	0.020066563	0.013737965	0.028849494	0.010901711	0.018574474	0.011933328
-3.285285285	0.020408759	0.014005890	0.029340853	0.011105809	0.018838380	0.012161414
-3.278278278	0.020756363	0.014278664	0.029839831	0.011313559	0.019105931	0.012393624
-3.271271271	0.021109451	0.014556364	0.030346530	0.011525023	0.019377174	0.012630028
-3.264264264	0.021468101	0.014839071	0.030861052	0.011740265	0.019652160	0.012870697
-3.257257257	0.021832389	0.015126867	0.031383503	0.011959347	0.019930936	0.013115700
-3.250250250	0.022202396	0.015419833	0.031913988	0.012182335	0.020213555	0.013365112
-3.243243243	0.022578201	0.015718054	0.032452613	0.012409293	0.020500065	0.013619004
-3.236236236	0.022959886	0.016021613	0.032999486	0.012640287	0.020790519	0.013877453
-3.229229229	0.023347532	0.016330597	0.033554715	0.012875387	0.021084968	0.014140532
-3.222222222	0.023741222	0.016645092	0.034118411	0.013114659	0.021383465	0.014408320
-3.215215215	0.024141040	0.016965186	0.034690683	0.013358174	0.021686063	0.014680893
-3.208208208	0.024547069	0.017290969	0.035271644	0.013606002	0.021992817	0.014958331
-3.201201201	0.024959397	0.017622531	0.035861406	0.013858215	0.022303780	0.015240713
-3.194194194	0.025378108	0.017959963	0.036460084	0.014114885	0.022619008	0.015528122
-3.187187187	0.025803292	0.018303359	0.037067792	0.014376087	0.022938557	0.015820640
-3.180180180	0.026235035	0.018652812	0.037684646	0.014641895	0.023262484	0.016118349
-3.173173173	0.026673427	0.019008418	0.038310764	0.014912386	0.023590845	0.016421336
-3.166166166	0.027118559	0.019370273	0.038946263	0.015187636	0.023923699	0.016729686
-3.159159159	0.027570522	0.019738474	0.039591262	0.015467725	0.024261103	0.017043486
-3.152152152	0.028029408	0.020113121	0.040245882	0.015752731	0.024603119	0.017362825
-3.145145145	0.028495311	0.020494314	0.040910243	0.016042735	0.024949805	0.017687793
-3.138138138	0.028968323	0.020882155	0.041584469	0.016337820	0.025301222	0.018018480
-3.131131131	0.029448541	0.021276745	0.042268683	0.016638068	0.025657432	0.018354980
-3.124124124	0.029936061	0.021678189	0.042963008	0.016943564	0.026018498	0.018697385
-3.117117117	0.030430979	0.022086593	0.043667571	0.017254393	0.026384481	0.019045791
-3.110110110	0.030933394	0.022502063	0.044382498	0.017570642	0.026755446	0.019400293
-3.103103103	0.031443405	0.022924707	0.045107915	0.017892399	0.027131457	0.019760990
-3.096096096	0.031961112	0.023354634	0.045843953	0.018219754	0.027512580	0.020127980
-3.089089089	0.032486616	0.023791955	0.046590740	0.018552797	0.027898881	0.020501364
-3.082082082	0.033020020	0.024236782	0.047348406	0.018891621	0.028290425	0.020881243
-3.075075075	0.033561425	0.024689227	0.048117084	0.019236318	0.028687282	0.021267720
-3.068068068	0.034110936	0.025149407	0.048896906	0.019586983	0.029089518	0.021660900
-3.061061061	0.034668659	0.025617436	0.049688005	0.019943713	0.029497204	0.022060888
-3.054054054	0.035234699	0.026093432	0.050490517	0.020306604	0.029910410	0.022467792
-3.047047047	0.035809164	0.026577513	0.051304576	0.020675756	0.030329205	0.022881721
-3.040040040	0.036392161	0.027069801	0.052130319	0.021051268	0.030753663	0.023302784
-3.033033033	0.036983800	0.027570416	0.052967883	0.021433242	0.031183854	0.023731093
-3.026026026	0.037584191	0.028079481	0.053817408	0.021821782	0.031619853	0.024166762
-3.019019019	0.038193444	0.028597120	0.054679031	0.022216991	0.032061733	0.024609904
-3.012012012	0.038811673	0.029123460	0.055552895	0.022618976	0.032509570	0.025060637
-3.005005005	0.039438990	0.029658627	0.056439139	0.023027843	0.032963439	0.025519077
-2.997997998	0.040075509	0.030202750	0.057337906	0.023443703	0.033423417	0.025985343
-2.990990991	0.040721345	0.030755959	0.058249340	0.023866665	0.033889582	0.026459557
-2.983983984	0.041376616	0.031318385	0.059173583	0.024296842	0.034362011	0.026941841
-2.976976977	0.042041437	0.031890161	0.060110781	0.024734346	0.034840785	0.027432318
-2.969969970	0.042715926	0.032471421	0.061061079	0.025179293	0.035325984	0.027931113
-2.962962963	0.043400204	0.033062301	0.062024624	0.025631799	0.035817688	0.028438354
-2.955955956	0.044094390	0.033662938	0.063001563	0.026091983	0.036315980	0.028954169
-2.948948949	0.044798606	0.034273471	0.063992045	0.026559965	0.036820942	0.029478687
-2.941941942	0.045512972	0.034894039	0.064996218	0.027035865	0.037332660	0.030012042
-2.934934935	0.046237614	0.035524784	0.066014232	0.027519808	0.037851216	0.030554366
-2.927927928	0.046972653	0.036165850	0.067046237	0.028011917	0.038376698	0.031105794
-2.920920921	0.047718217	0.036817380	0.068092385	0.028512319	0.038909192	0.031666464
-2.913913914	0.048474430	0.037479520	0.069152828	0.029021142	0.039448786	0.032236512
-2.906906907	0.049241420	0.038152418	0.070227717	0.029538517	0.039995567	0.032816079
-2.899899900	0.050019315	0.038836222	0.071317207	0.030064573	0.040549627	0.033405307
-2.892892893	0.050808242	0.039531083	0.072421451	0.030599445	0.041111055	0.034004340
-2.885885886	0.051608334	0.040237152	0.073540604	0.031143268	0.041679943	0.034613321
-2.878878879	0.052419719	0.040954582	0.074674821	0.031696178	0.042256383	0.035232399
-2.871871872	0.053242529	0.041683528	0.075824258	0.032258313	0.042840470	0.035861721
-2.864864865	0.054076899	0.042424146	0.076989070	0.032829814	0.043432298	0.036501437
-2.857857858	0.054922959	0.043176593	0.078169416	0.033410823	0.044031961	0.037151700
-2.850850851	0.055780846	0.043941029	0.079365451	0.034001484	0.044639558	0.037812664
-2.843843844	0.056650695	0.044717613	0.080577335	0.034601943	0.045255185	0.038484482
-2.836836837	0.057532641	0.045506507	0.081805224	0.035212346	0.045878942	0.039167314
-2.829829830	0.058426821	0.046307875	0.083049278	0.035832844	0.046510927	0.039861317
-2.822822823	0.059333374	0.047121881	0.084309655	0.036463587	0.047151242	0.040566652
-2.815815816	0.060252438	0.047948691	0.085586515	0.037104729	0.047799989	0.041283483
-2.808808809	0.061184152	0.048788472	0.086880017	0.037756425	0.048457270	0.042011972
-2.801801802	0.062128658	0.049641394	0.088190322	0.038418831	0.049123190	0.042752286
-2.794794795	0.063086095	0.050507627	0.089517588	0.039092107	0.049797853	0.043504592
-2.787787788	0.064056606	0.051387342	0.090861978	0.039776413	0.050481366	0.044269061
-2.780780781	0.065040334	0.052280712	0.092223649	0.040471913	0.051173835	0.045045864
-2.773773774	0.066037422	0.053187912	0.093602765	0.041178770	0.051875369	0.045835173
-2.766766767	0.067048014	0.054109117	0.094999484	0.041897152	0.052586078	0.046637164
-2.759759760	0.068072255	0.055044504	0.096413967	0.042627226	0.053306071	0.047452013
-2.752752753	0.069110290	0.055994252	0.097846375	0.043369165	0.054035462	0.048279899
-2.745745746	0.070162266	0.056958540	0.099296869	0.044123139	0.054774361	0.049121002
-2.738738739	0.071228329	0.057937549	0.100765608	0.044889325	0.055522883	0.049975504
-2.731731732	0.072308627	0.058931461	0.102252753	0.045667898	0.056281144	0.050843589
-2.724724725	0.073403308	0.059940460	0.103758464	0.046459038	0.057049258	0.051725443
-2.717717718	0.074512521	0.060964730	0.105282900	0.047262924	0.057827344	0.052621254
-2.710710711	0.075636414	0.062004458	0.106826221	0.048079741	0.058615520	0.053531209
-2.703703704	0.076775138	0.063059829	0.108388586	0.048909672	0.059413905	0.054455501
-2.696696697	0.077928842	0.064131034	0.109970153	0.049752904	0.060222620	0.055394322
-2.689689690	0.079097678	0.065218261	0.111571080	0.050609627	0.061041787	0.056347867
-2.682682683	0.080281796	0.066321700	0.113191524	0.051480031	0.061871528	0.057316331
-2.675675676	0.081481348	0.067441543	0.114831644	0.052364311	0.062711969	0.058299914
-2.668668669	0.082696486	0.068577984	0.116491593	0.053262659	0.063563233	0.059298814
-2.661661662	0.083927363	0.069731215	0.118171529	0.054175276	0.064425449	0.060313234
-2.654654655	0.085174131	0.070901432	0.119871606	0.055102358	0.065298742	0.061343375
-2.647647648	0.086436942	0.072088830	0.121591977	0.056044109	0.066183243	0.062389444
-2.640640641	0.087715951	0.073293607	0.123332795	0.057000731	0.067079081	0.063451647
-2.633633634	0.089011310	0.074515959	0.125094211	0.057972430	0.067986388	0.064530192
-2.626626627	0.090323173	0.075756086	0.126876377	0.058959414	0.068905295	0.065625289
-2.619619620	0.091651695	0.077014186	0.128679442	0.059961893	0.069835937	0.066737149
-2.612612613	0.092997028	0.078290461	0.130503555	0.060980079	0.070778447	0.067865986
-2.605605606	0.094359326	0.079585111	0.132348861	0.062014186	0.071732963	0.069012015
-2.598598599	0.095738745	0.080898337	0.134215506	0.063064430	0.072699621	0.070175451
-2.591591592	0.097135437	0.082230344	0.136103635	0.064131029	0.073678558	0.071356513
-2.584584585	0.098549557	0.083581333	0.138013390	0.065214204	0.074669916	0.072555420
-2.577577578	0.099981259	0.084951509	0.139944911	0.066314178	0.075673834	0.073772394
-2.570570571	0.101430696	0.086341075	0.141898337	0.067431173	0.076690455	0.075007656
-2.563563564	0.102898021	0.087750238	0.143873807	0.068565419	0.077719921	0.076261431
-2.556556557	0.104383388	0.089179202	0.145871454	0.069717142	0.078762376	0.077533943
-2.549549550	0.105886951	0.090628173	0.147891412	0.070886573	0.079817966	0.078825421
-2.542542543	0.107408861	0.092097357	0.149933812	0.072073946	0.080886838	0.080136091
-2.535535536	0.108949271	0.093586961	0.151998782	0.073279495	0.081969139	0.081466183
-2.528528529	0.110508333	0.095097192	0.154086450	0.074503457	0.083065018	0.082815928
-2.521521522	0.112086198	0.096628257	0.156196939	0.075746070	0.084174626	0.084185557
-2.514514515	0.113683017	0.098180362	0.158330371	0.077007576	0.085298113	0.085575305
-2.507507508	0.115298941	0.099753716	0.160486865	0.078288217	0.086435631	0.086985406
-2.500500501	0.116934118	0.101348526	0.162666536	0.079588237	0.087587335	0.088416094
-2.493493493	0.118588697	0.102964998	0.164869497	0.080907884	0.088753379	0.089867607
-2.486486486	0.120262827	0.104603341	0.167095860	0.082247406	0.089933919	0.091340182
-2.479479479	0.121956655	0.106263761	0.169345731	0.083607053	0.091129112	0.092834059
-2.472472472	0.123670327	0.107946465	0.171619213	0.084987078	0.092339116	0.094349475
-2.465465465	0.125403988	0.109651659	0.173916408	0.086387734	0.093564090	0.095886673
-2.458458458	0.127157783	0.111379550	0.176237412	0.087809277	0.094804195	0.097445893
-2.451451451	0.128931854	0.113130344	0.178582319	0.089251965	0.096059591	0.099027377
-2.444444444	0.130726344	0.114904244	0.180951219	0.090716058	0.097330442	0.100631368
-2.437437437	0.132541393	0.116701457	0.183344196	0.092201816	0.098616911	0.102258110
-2.430430430	0.134377140	0.118522185	0.185761334	0.093709502	0.099919163	0.103907847
-2.423423423	0.136233724	0.120366632	0.188202709	0.095239381	0.101237363	0.105580823
-2.416416416	0.138111281	0.122235000	0.190668395	0.096791719	0.102571678	0.107277283
-2.409409409	0.140009946	0.124127491	0.193158460	0.098366782	0.103922276	0.108997473
-2.402402402	0.141929852	0.126044303	0.195672970	0.099964841	0.105289325	0.110741638
-2.395395395	0.143871130	0.127985636	0.198211984	0.101586164	0.106672996	0.112510025
-2.388388388	0.145833911	0.129951688	0.200775556	0.103231026	0.108073460	0.114302880
-2.381381381	0.147818322	0.131942656	0.203363737	0.104899697	0.109490887	0.116120448
-2.374374374	0.149824489	0.133958733	0.205976571	0.106592454	0.110925450	0.117962975
-2.367367367	0.151852535	0.136000114	0.208614096	0.108309572	0.112377324	0.119830709
-2.360360360	0.153902582	0.138066989	0.211276347	0.110051327	0.113846683	0.121723895
-2.353353353	0.155974750	0.140159550	0.213963352	0.111817999	0.115333701	0.123642777
-2.346346346	0.158069156	0.142277983	0.216675133	0.113609865	0.116838556	0.125587602
-2.339339339	0.160185913	0.144422476	0.219411707	0.115427207	0.118361424	0.127558615
-2.332332332	0.162325134	0.146593211	0.222173082	0.117270304	0.119902484	0.129556058
-2.325325325	0.164486929	0.148790370	0.224959263	0.119139440	0.121461913	0.131580177
-2.318318318	0.166671403	0.151014132	0.227770248	0.121034896	0.123039892	0.133631212
-2.311311311	0.168878661	0.153264675	0.230606026	0.122956956	0.124636600	0.135709407
-2.304304304	0.171108803	0.155542172	0.233466581	0.124905904	0.126252219	0.137815001
-2.297297297	0.173361928	0.157846794	0.236351889	0.126882025	0.127886930	0.139948234
-2.290290290	0.175638128	0.160178710	0.239261921	0.128885602	0.129540915	0.142109344
-2.283283283	0.177937497	0.162538085	0.242196637	0.130916923	0.131214357	0.144298567
-2.276276276	0.180260121	0.164925081	0.245155992	0.132976271	0.132907440	0.146516141
-2.269269269	0.182606086	0.167339857	0.248139933	0.135063933	0.134620347	0.148762296
-2.262262262	0.184975471	0.169782569	0.251148397	0.137180194	0.136353263	0.151037266
-2.255255255	0.187368354	0.172253368	0.254181315	0.139325341	0.138106373	0.153341280
-2.248248248	0.189784807	0.174752401	0.257238608	0.141499657	0.139879863	0.155674566
-2.241241241	0.192224901	0.177279813	0.260320190	0.143703429	0.141673917	0.158037349
-2.234234234	0.194688699	0.179835744	0.263425965	0.145936941	0.143488722	0.160429853
-2.227227227	0.197176263	0.182420330	0.266555827	0.148200477	0.145324465	0.162852296
-2.220220220	0.199687650	0.185033700	0.269709664	0.150494320	0.147181333	0.165304898
-2.213213213	0.202222910	0.187675982	0.272887351	0.152818754	0.149059511	0.167787873
-2.206206206	0.204782092	0.190347298	0.276088755	0.155174060	0.150959187	0.170301432
-2.199199199	0.207365238	0.193047764	0.279313734	0.157560519	0.152880549	0.172845785
-2.192192192	0.209972385	0.195777492	0.282562134	0.159978409	0.154823784	0.175421135
-2.185185185	0.212603567	0.198536587	0.285833792	0.162428010	0.156789078	0.178027685
-2.178178178	0.215258810	0.201325152	0.289128533	0.164909597	0.158776620	0.180665631
-2.171171171	0.217938137	0.204143280	0.292446174	0.167423445	0.160786595	0.183335169
-2.164164164	0.220641565	0.206991061	0.295786518	0.169969828	0.162819192	0.186036486
-2.157157157	0.223369105	0.209868578	0.299149359	0.172549015	0.164874597	0.188769768
-2.150150150	0.226120762	0.212775907	0.302534479	0.175161276	0.166952995	0.191535195
-2.143143143	0.228896535	0.215713119	0.305941646	0.177806876	0.169054574	0.194332943
-2.136136136	0.231696419	0.218680277	0.309370621	0.180486080	0.171179519	0.197163182
-2.129129129	0.234520400	0.221677438	0.312821148	0.183199149	0.173328016	0.200026077
-2.122122122	0.237368460	0.224704651	0.316292962	0.185946339	0.175500247	0.202921789
-2.115115115	0.240240573	0.227761958	0.319785784	0.188727906	0.177696399	0.205850471
-2.108108108	0.243136707	0.230849393	0.323299323	0.191544101	0.179916653	0.208812271
-2.101101101	0.246056823	0.233966984	0.326833274	0.194395171	0.182161193	0.211807332
-2.094094094	0.249000876	0.237114749	0.330387319	0.197281360	0.184430200	0.214835788
-2.087087087	0.251968812	0.240292698	0.333961128	0.200202909	0.186723854	0.217897768
-2.080080080	0.254960571	0.243500833	0.337554355	0.203160051	0.189042335	0.220993394
-2.073073073	0.257976086	0.246739147	0.341166643	0.206153019	0.191385822	0.224122780
-2.066066066	0.261015281	0.250007624	0.344797618	0.209182038	0.193754492	0.227286035
-2.059059059	0.264078074	0.253306240	0.348446894	0.212247328	0.196148520	0.230483256
-2.052052052	0.267164373	0.256634959	0.352114069	0.215349105	0.198568081	0.233714535
-2.045045045	0.270274081	0.259993738	0.355798726	0.218487580	0.201013349	0.236979955
-2.038038038	0.273407089	0.263382522	0.359500435	0.221662956	0.203484494	0.240279591
-2.031031031	0.276563282	0.266801246	0.363218748	0.224875431	0.205981686	0.243613507
-2.024024024	0.279742536	0.270249837	0.366953206	0.228125197	0.208505093	0.246981760
-2.017017017	0.282944719	0.273728208	0.370703329	0.231412437	0.211054881	0.250384397
-2.010010010	0.286169688	0.277236263	0.374468625	0.234737330	0.213631214	0.253821455
-2.003003003	0.289417293	0.280773893	0.378248585	0.238100046	0.216234253	0.257292960
-1.995995996	0.292687374	0.284340980	0.382042683	0.241500746	0.218864158	0.260798929
-1.988988989	0.295979761	0.287937392	0.385850378	0.244939586	0.221521085	0.264339367
-1.981981982	0.299294275	0.291562986	0.389671112	0.248416710	0.224205189	0.267914270
-1.974974975	0.302630728	0.295217607	0.393504310	0.251932257	0.226916622	0.271523619
-1.967967968	0.305988921	0.298901085	0.397349380	0.255486354	0.229655532	0.275167387
-1.960960961	0.309368645	0.302613241	0.401205714	0.259079120	0.232422067	0.278845532
-1.953953954	0.312769681	0.306353879	0.405072684	0.262710664	0.235216367	0.282558002
-1.946946947	0.316191800	0.310122793	0.408949649	0.266381083	0.238038574	0.286304730
-1.939939940	0.319634761	0.313919760	0.412835947	0.270090467	0.240888824	0.290085637
-1.932932933	0.323098315	0.317744545	0.416730900	0.273838891	0.243767249	0.293900631
-1.925925926	0.326582198	0.321596898	0.420633811	0.277626422	0.246673979	0.297749605
-1.918918919	0.330086140	0.325476556	0.424543966	0.281453112	0.249609138	0.301632439
-1.911911912	0.333609854	0.329383239	0.428460633	0.285319004	0.252572848	0.305548996
-1.904904905	0.337153047	0.333316652	0.432383062	0.289224126	0.255565227	0.309499127
-1.897897898	0.340715411	0.337276486	0.436310483	0.293168493	0.258586387	0.313482666
-1.890890891	0.344296627	0.341262415	0.440242111	0.297152108	0.261636435	0.317499431
-1.883883884	0.347896364	0.345274098	0.444177140	0.301174958	0.264715477	0.321549225
-1.876876877	0.351514281	0.349311178	0.448114747	0.305237017	0.267823610	0.325631834
-1.869869870	0.355150021	0.353373279	0.452054089	0.309338244	0.270960929	0.329747026
-1.862862863	0.358803219	0.357460012	0.455994306	0.313478580	0.274127521	0.333894554
-1.855855856	0.362473493	0.361570967	0.459934518	0.317657955	0.277323470	0.338074151
-1.848848849	0.366160452	0.365705718	0.463873829	0.321876277	0.280548854	0.342285534
-1.841841842	0.369863690	0.369863824	0.467811322	0.326133441	0.283803742	0.346528399
-1.834834835	0.373582790	0.374044822	0.471746062	0.330429323	0.287088202	0.350802425
-1.827827828	0.377317319	0.378248232	0.475677096	0.334763782	0.290402292	0.355107271
-1.820820821	0.381066834	0.382473558	0.479603452	0.339136656	0.293746065	0.359442578
-1.813813814	0.384830876	0.386720282	0.483524141	0.343547767	0.297119567	0.363807963
-1.806806807	0.388608974	0.390987868	0.487438154	0.347996915	0.300522837	0.368203027
-1.799799800	0.392400644	0.395275762	0.491344465	0.352483882	0.303955907	0.372627346
-1.792792793	0.396205386	0.399583390	0.495242029	0.357008428	0.307418801	0.377080479
-1.785785786	0.400022688	0.403910156	0.499129784	0.361570291	0.310911537	0.381561959
-1.778778779	0.403852024	0.408255447	0.503006649	0.366169189	0.314434124	0.386071300
-1.771771772	0.407692853	0.412618628	0.506871527	0.370804816	0.317986562	0.390607991
-1.764764765	0.411544619	0.416999044	0.510723303	0.375476844	0.321568844	0.395171501
-1.757757758	0.415406755	0.421396020	0.514560843	0.380184920	0.325180955	0.399761274
-1.750750751	0.419278677	0.425808860	0.518382999	0.384928669	0.328822868	0.404376729
-1.743743744	0.423159787	0.430236844	0.522188604	0.389707689	0.332494550	0.409017263
-1.736736737	0.427049472	0.434679236	0.525976476	0.394521554	0.336195957	0.413682248
-1.729729730	0.430947106	0.439135273	0.529745415	0.399369811	0.339927036	0.418371032
-1.722722723	0.434852048	0.443604174	0.533494208	0.404251981	0.343687723	0.423082935
-1.715715716	0.438763639	0.448085136	0.537221625	0.409167558	0.347477946	0.427817254
-1.708708709	0.442681211	0.452577331	0.540926420	0.414116007	0.351297620	0.432573259
-1.701701702	0.446604076	0.457079913	0.544607333	0.419096765	0.355146649	0.437350195
-1.694694695	0.450531534	0.461592009	0.548263091	0.424109241	0.359024928	0.442147278
-1.687687688	0.454462868	0.466112728	0.551892406	0.429152812	0.362932339	0.446963699
-1.680680681	0.458397349	0.470641154	0.555493975	0.434226827	0.366868752	0.451798621
-1.673673674	0.462334231	0.475176349	0.559066485	0.439330602	0.370834026	0.456651179
-1.666666667	0.466272752	0.479717351	0.562608610	0.444463422	0.374828007	0.461520481
-1.659659660	0.470212139	0.484263178	0.566119011	0.449624541	0.378850528	0.466405606
-1.652652653	0.474151599	0.488812822	0.569596339	0.454813179	0.382901409	0.471305604
-1.645645646	0.478090328	0.493365255	0.573039233	0.460028521	0.386980456	0.476219499
-1.638638639	0.482027506	0.497919423	0.576446322	0.465269721	0.391087464	0.481146281
-1.631631632	0.485962296	0.502474251	0.579816229	0.470535897	0.395222211	0.486084916
-1.624624625	0.489893851	0.507028640	0.583147563	0.475826131	0.399384460	0.491034337
-1.617617618	0.493821304	0.511581470	0.586438929	0.481139469	0.403573962	0.495993448
-1.610610611	0.497743777	0.516131595	0.589688924	0.486474921	0.407790452	0.500961124
-1.603603604	0.501660375	0.520677849	0.592896138	0.491831462	0.412033648	0.505936210
-1.596596597	0.505570191	0.525219042	0.596059154	0.497208025	0.416303254	0.510917518
-1.589589590	0.509472301	0.529753961	0.599176553	0.502603509	0.420598955	0.515903834
-1.582582583	0.513365768	0.534281371	0.602246909	0.508016771	0.424920424	0.520893910
-1.575575576	0.517249642	0.538800014	0.605268796	0.513446632	0.429267312	0.525886468
-1.568568569	0.521122957	0.543308610	0.608240784	0.518891871	0.433639257	0.530880201
-1.561561562	0.524984734	0.547805858	0.611161440	0.524351228	0.438035876	0.535873770
-1.554554555	0.528833981	0.552290434	0.614029334	0.529823400	0.442456769	0.540865805
-1.547547548	0.532669691	0.556760992	0.616843034	0.535307046	0.446901519	0.545854906
-1.540540541	0.536490845	0.561216166	0.619601111	0.540800782	0.451369688	0.550839642
-1.533533534	0.540296410	0.565654568	0.622302139	0.546303181	0.455860819	0.555818551
-1.526526527	0.544085341	0.570074788	0.624944693	0.551812777	0.460374437	0.560790141
-1.519519520	0.547856580	0.574475399	0.627527355	0.557328056	0.464910045	0.565752889
-1.512512513	0.551609055	0.578854951	0.630048713	0.562847467	0.469467126	0.570705243
-1.505505506	0.555341685	0.583211975	0.632507361	0.568369411	0.474045145	0.575645619
-1.498498498	0.559053375	0.587544983	0.634901901	0.573892247	0.478643541	0.580572405
-1.491491491	0.562743019	0.591852469	0.637230944	0.579414292	0.483261735	0.585483957
-1.484484484	0.566409499	0.596132906	0.639493113	0.584933816	0.487899125	0.590378604
-1.477477477	0.570051687	0.600384752	0.641687041	0.590449046	0.492555085	0.595254645
-1.470470470	0.573668444	0.604606447	0.643811373	0.595958166	0.497228969	0.600110349
-1.463463463	0.577258621	0.608796413	0.645864771	0.601459315	0.501920106	0.604943960
-1.456456456	0.580821058	0.612953057	0.647845908	0.606950587	0.506627802	0.609753690
-1.449449449	0.584354586	0.617074770	0.649753477	0.612430031	0.511351339	0.614537727
-1.442442442	0.587858029	0.621159929	0.651586188	0.617895654	0.516089974	0.619294230
-1.435435435	0.591330198	0.625206895	0.653342768	0.623345418	0.520842940	0.624021333
-1.428428428	0.594769900	0.629214018	0.655021966	0.628777240	0.525609446	0.628717143
-1.421421421	0.598175931	0.633179632	0.656622552	0.634188994	0.530388673	0.633379744
-1.414414414	0.601547081	0.637102062	0.658143319	0.639578512	0.535179778	0.638007193
-1.407407407	0.604882133	0.640979621	0.659583084	0.644943580	0.539981891	0.642597526
-1.400400400	0.608179862	0.644810610	0.660940689	0.650281944	0.544794116	0.647148753
-1.393393393	0.611439040	0.648593324	0.662215003	0.655591306	0.549615530	0.651658864
-1.386386386	0.614658430	0.652326045	0.663404922	0.660869327	0.554445182	0.656125828
-1.379379379	0.617836793	0.656007052	0.664509372	0.666113628	0.559282094	0.660547594
-1.372372372	0.620972884	0.659634613	0.665527309	0.671321787	0.564125260	0.664922089
-1.365365365	0.624065455	0.663206994	0.666457722	0.676491345	0.568973647	0.669247225
-1.358358358	0.627113253	0.666722455	0.667299632	0.681619803	0.573826190	0.673520895
-1.351351351	0.630115024	0.670179251	0.668052092	0.686704624	0.578681799	0.677740976
-1.344344344	0.633069511	0.673575636	0.668714194	0.691743233	0.583539353	0.681905330
-1.337337337	0.635975456	0.676909862	0.669285064	0.696733022	0.588397701	0.686011806
-1.330330330	0.638831600	0.680180181	0.669763868	0.701671346	0.593255663	0.690058241
-1.323323323	0.641636684	0.683384847	0.670149808	0.706555527	0.598112031	0.694042459
-1.316316316	0.644389447	0.686522113	0.670442128	0.711382854	0.602965563	0.697962275
-1.309309309	0.647088633	0.689590238	0.670640113	0.716150587	0.607814989	0.701815495
-1.302302302	0.649732984	0.692587485	0.670743089	0.720855954	0.612659009	0.705599921
-1.295295295	0.652321247	0.695512121	0.670750427	0.725496157	0.617496290	0.709313345
-1.288288288	0.654852170	0.698362421	0.670661541	0.730068373	0.622325469	0.712953560
-1.281281281	0.657324506	0.701136670	0.670475891	0.734569751	0.627145153	0.716518352
-1.274274274	0.659737012	0.703833161	0.670192981	0.738997421	0.631953917	0.720005509
-1.267267267	0.662088449	0.706450197	0.669812365	0.743348489	0.636750303	0.723412821
-1.260260260	0.664377586	0.708986095	0.669333643	0.747620046	0.641532824	0.726738078
-1.253253253	0.666603197	0.711439184	0.668756464	0.751809165	0.646299961	0.729979076
-1.246246246	0.668764064	0.713807810	0.668080527	0.755912902	0.651050162	0.733133618
-1.239239239	0.670858976	0.716090334	0.667305580	0.759928306	0.655781845	0.736199514
-1.232232232	0.672886731	0.718285134	0.666431422	0.763852412	0.660493394	0.739174586
-1.225225225	0.674846137	0.720390609	0.665457905	0.767682250	0.665183166	0.742056665
-1.218218218	0.676736013	0.722405177	0.664384931	0.771414846	0.669849481	0.744843599
-1.211211211	0.678555186	0.724327278	0.663212455	0.775047223	0.674490632	0.747533251
-1.204204204	0.680302497	0.726155378	0.661940484	0.778576406	0.679104878	0.750123501
-1.197197197	0.681976799	0.727887963	0.660569080	0.781999421	0.683690448	0.752612250
-1.190190190	0.683576958	0.729523548	0.659098357	0.785313304	0.688245540	0.754997422
-1.183183183	0.685101853	0.731060676	0.657528483	0.788515100	0.692768322	0.757276963
-1.176176176	0.686550379	0.732497917	0.655859680	0.791601864	0.697256929	0.759448848
-1.169169169	0.687921445	0.733833872	0.654092224	0.794570672	0.701709468	0.761511079
-1.162162162	0.689213976	0.735067173	0.652226444	0.797418614	0.706124015	0.763461689
-1.155155155	0.690426915	0.736196486	0.650262724	0.800142805	0.710498618	0.765298743
-1.148148148	0.691559220	0.737220510	0.648201501	0.802740387	0.714831294	0.767020343
-1.141141141	0.692609870	0.738137980	0.646043268	0.805208528	0.719120032	0.768624625
-1.134134134	0.693577860	0.738947667	0.643788568	0.807544433	0.723362792	0.770109769
-1.127127127	0.694462205	0.739648380	0.641437999	0.809745339	0.727557507	0.771473991
-1.120120120	0.695261942	0.740238968	0.638992210	0.811808526	0.731702082	0.772715554
-1.113113113	0.695976125	0.740718319	0.636451905	0.813731317	0.735794397	0.773832766
-1.106106106	0.696603832	0.741085362	0.633817838	0.815511081	0.739832304	0.774823982
-1.099099099	0.697144161	0.741339069	0.631090813	0.817145239	0.743813631	0.775687609
-1.092092092	0.697596234	0.741478457	0.628271685	0.818631266	0.747736179	0.776422103
-1.085085085	0.697959195	0.741502583	0.625361358	0.819966696	0.751597728	0.777025977
-1.078078078	0.698232209	0.741410554	0.622360788	0.821149124	0.755396033	0.777497796
-1.071071071	0.698414469	0.741201520	0.619270973	0.822176211	0.759128826	0.777836187
-1.064064064	0.698505189	0.740874679	0.616092962	0.823045688	0.762793820	0.778039835
-1.057057057	0.698503609	0.740429275	0.612827848	0.823755359	0.766388705	0.778107485
-1.050050050	0.698408993	0.739864603	0.609476769	0.824303104	0.769911153	0.778037949
-1.043043043	0.698220631	0.739180005	0.606040906	0.824686883	0.773358815	0.777830099
-1.036036036	0.697937838	0.738374873	0.602521481	0.824904741	0.776729327	0.777482879
-1.029029029	0.697559957	0.737448647	0.598919758	0.824954810	0.780020307	0.776995297
-1.022022022	0.697086353	0.736400821	0.595237040	0.824835312	0.783229358	0.776366432
-1.015015015	0.696516421	0.735230936	0.591474667	0.824544563	0.786354068	0.775595436
-1.008008008	0.695849579	0.733938584	0.587634014	0.824080977	0.789392011	0.774681530
-1.001001001	0.695085276	0.732523409	0.583716494	0.823443067	0.792340751	0.773624010
-0.993993994	0.694222981	0.730985105	0.579723548	0.822629451	0.795197840	0.772422247
-0.986986987	0.693262196	0.729323417	0.575656652	0.821638849	0.797960821	0.771075686
-0.979979980	0.692202444	0.727538141	0.571517310	0.820470095	0.800627227	0.769583850
-0.972972973	0.691043276	0.725629120	0.567307051	0.819122131	0.803194585	0.767946337
-0.965965966	0.689784271	0.723596251	0.563027433	0.817594012	0.805660418	0.766162824
-0.958958959	0.688425028	0.721439477	0.558680034	0.815884910	0.808022240	0.764233064
-0.951951952	0.686965177	0.719158791	0.554266455	0.813994115	0.810277566	0.762156889
-0.944944945	0.685404369	0.716754233	0.549788317	0.811921033	0.812423907	0.759934211
-0.937937938	0.683742281	0.714225890	0.545247256	0.809665194	0.814458773	0.757565017
-0.930930931	0.681978611	0.711573895	0.540644924	0.807226248	0.816379677	0.755049373
-0.923923924	0.680113083	0.708798426	0.535982986	0.804603969	0.818184130	0.752387423
-0.916916917	0.678145440	0.705899702	0.531263115	0.801798252	0.819869649	0.749579386
-0.909909910	0.676075448	0.702877988	0.526486995	0.798809118	0.821433754	0.746625558
-0.902902903	0.673902892	0.699733585	0.521656313	0.795636710	0.822873969	0.743526311
-0.895895896	0.671627577	0.696466835	0.516772761	0.792281295	0.824187827	0.740282087
-0.888888889	0.669249323	0.693078117	0.511838029	0.788743261	0.825372864	0.736893403
-0.881881882	0.666767970	0.689567842	0.506853808	0.785023120	0.826426627	0.733360845
-0.874874875	0.664183371	0.685936455	0.501821783	0.781121501	0.827346670	0.729685068
-0.867867868	0.661495390	0.682184432	0.496743630	0.777039153	0.828130556	0.725866791
-0.860860861	0.658703906	0.678312273	0.491621020	0.772776939	0.828775859	0.721906800
-0.853853854	0.655808806	0.674320504	0.486455606	0.768335835	0.829280159	0.717805937
-0.846846847	0.652809983	0.670209674	0.481249030	0.763716926	0.829641047	0.713565105
-0.839839840	0.649707336	0.665980348	0.476002913	0.758921402	0.829856125	0.709185260
-0.832832833	0.646500768	0.661633105	0.470718855	0.753950554	0.829922999	0.704667408
-0.825825826	0.643190180	0.657168536	0.465398435	0.748805769	0.829839285	0.700012600
-0.818818819	0.639775470	0.652587240	0.460043202	0.743488521	0.829602603	0.695221931
-0.811811812	0.636256530	0.647889818	0.454654676	0.738000370	0.829210579	0.690296530
-0.804804805	0.632633243	0.643076867	0.449234344	0.732342951	0.828660838	0.685237559
-0.797797798	0.628905478	0.638148980	0.443783656	0.726517966	0.827951005	0.680046203
-0.790790791	0.625073088	0.633106736	0.438304024	0.720527177	0.827078696	0.674723670
-0.783783784	0.621135902	0.627950700	0.432796814	0.714372394	0.826041522	0.669271176
-0.776776777	0.617093725	0.622681409	0.427263349	0.708055464	0.824837075	0.663689943
-0.769769770	0.612946330	0.617299374	0.421704898	0.701578261	0.823462924	0.657981191
-0.762762763	0.608693452	0.611805069	0.416122679	0.694942672	0.821916611	0.652146124
-0.755755756	0.604334785	0.606198922	0.410517850	0.688150579	0.820195636	0.646185928
-0.748748749	0.599869972	0.600481311	0.404891507	0.681203848	0.818297450	0.640101755
-0.741741742	0.595298601	0.594652555	0.399244682	0.674104305	0.816219441	0.633894712
-0.734734735	0.590620195	0.588712903	0.393578332	0.666853719	0.813958918	0.627565852
-0.727727728	0.585834205	0.582662525	0.387893342	0.659453782	0.811513094	0.621116155
-0.720720721	0.580940000	0.576501502	0.382190514	0.651906078	0.808879066	0.614546520
-0.713713714	0.575936858	0.570229812	0.376470563	0.644212058	0.806053788	0.607857742
-0.706706707	0.570823952	0.563847323	0.370734115	0.636373009	0.803034046	0.601050497
-0.699699700	0.565600342	0.557353772	0.364981693	0.628390017	0.799816418	0.594125322
-0.692692693	0.560264957	0.550748756	0.359213718	0.620263928	0.796397237	0.587082592
-0.685685686	0.554816585	0.544031711	0.353430499	0.611995300	0.792772545	0.579922496
-0.678678679	0.549253852	0.537201899	0.347632221	0.603584353	0.788938028	0.572645007
-0.671671672	0.543575206	0.530258382	0.341818944	0.595030904	0.784888954	0.565249854
-0.664664665	0.537778893	0.523200003	0.335990585	0.586334301	0.780620087	0.557736484
-0.657657658	0.531862941	0.516025362	0.330146914	0.577493340	0.776125585	0.550104024
-0.650650651	0.525825126	0.508732786	0.324287540	0.568506167	0.771398881	0.542351232
-0.643643644	0.519662947	0.501320298	0.318411895	0.559370167	0.766432530	0.534476450
-0.636636637	0.513373592	0.493785584	0.312519225	0.550081828	0.761218023	0.526477540
-0.629629630	0.506953902	0.486125951	0.306608568	0.540636579	0.755745557	0.518351816
-0.622622623	0.500400323	0.478338281	0.300678738	0.531028590	0.750003744	0.510095961
-0.615615616	0.493708862	0.470418982	0.294728304	0.521250540	0.743979241	0.501705935
-0.608608609	0.486875029	0.462363926	0.288755563	0.511293313	0.737656276	0.493176861
-0.601601602	0.479893768	0.454168382	0.282758517	0.501145632	0.731016026	0.484502890
-0.594594595	0.472759384	0.445826934	0.276734834	0.490793596	0.724035806	0.475677044
-0.587587588	0.465465454	0.437333386	0.270681819	0.480220080	0.716687967	0.466691021
-0.580580581	0.458004717	0.428680656	0.264596360	0.469403964	0.708938400	0.457534961
-0.573573574	0.450368955	0.419860641	0.258474889	0.458319126	0.700744445	0.448197155
-0.566566567	0.442548840	0.410864063	0.252313311	0.446933076	0.692051900	0.438663687
-0.559559560	0.434533758	0.401680281	0.246106938	0.435205112	0.682790620	0.428917984
-0.552552553	0.426311591	0.392297061	0.239850401	0.423083740	0.672867843	0.418940241
-0.545545546	0.417868455	0.382700297	0.233537549	0.410502983	0.662157638	0.408706683
-0.538538539	0.409188372	0.372873666	0.227161319	0.397376960	0.650483420	0.398188604
-0.531531532	0.400252867	0.362798196	0.220713582	0.383591619	0.637587228	0.387351077
-0.524524525	0.391040456	0.352451718	0.214184956	0.368991619	0.623071477	0.376151230
-0.517517518	0.381525998	0.341808160	0.207564557	0.353358418	0.606276850	0.364535839
-0.510510511	0.371679854	0.330836642	0.200839702	0.336371282	0.585987253	0.352437935
-0.503503504	0.361466784	0.319500255	0.193995512	0.317531921	0.559542707	0.339771857
-0.496496496	0.350844475	0.307754439	0.187014405	0.296001451	0.518849189	0.326425795
-0.489489489	0.339761540	0.295544727	0.179875415	0.270185020	0.341946611	0.312250103
-0.482482482	0.328154727	0.282803573	0.172553280	0.236348388	0.000000000	0.297038059
-0.475475475	0.315944937	0.269445730	0.165017179	0.180424561	0.000000000	0.280492189
-0.468468468	0.303031350	0.255361300	0.157228941	0.000000000	0.000000000	0.262160447
-0.461461461	0.289282464	0.240404819	0.149140441	0.000000000	0.000000000	0.241301613
-0.454454454	0.274521788	0.224377250	0.140689664	0.000000000	0.000000000	0.216553783
-0.447447447	0.258503733	0.206994242	0.131794514	0.000000000	0.000000000	0.184886841
-0.440440440	0.240870077	0.187825286	0.122342534	0.000000000	0.000000000	0.136082313
-0.433433433	0.221063804	0.166162580	0.112172699	0.000000000	0.000000000	0.000000000
-0.426426426	0.198135334	0.140684910	0.101040208	0.000000000	0.000000000	0.000000000
-0.419419419	0.170213419	0.108300998	0.088539657	0.000000000	0.000000000	0.000000000
-0.412412412	0.132465667	0.055946080	0.073904089	0.000000000	0.000000000	0.000000000
-0.405405405	0.054124404	0.000000000	0.055285033	0.000000000	0.000000000	0.000000000
-0.398398398	0.000000000	0.000000000	0.023717814	0.000000000	0.000000000	0.000000000
-0.391391391	0.000000000	0.000000000	0.000000000	0.000000000	0.000000000	0.000000000
-0.384384384	0.000000000	0.000000000	0.000000000	0.000000000	0.000000000	0.000000000
-0.377377377	0.000000000	0.000000000	0.000000000	0.000000000	0.000000000	0.000000000
-0.370370370	0.000000000	0.000000000	0.000000000	0.000000000	0.000000000	0.000000000
-0.363363363	0.000000000	0.000000000	0.000000000	0.000000000	0.000000000	0.000000000
-0.356356356	0.000000000	0.000000000	0.000000000	0.000000000	0.000000000	0.000000000
-0.349349349	0.000000000	0.000000000	0.000000000	0.000000000	0.000000000	0.000000000
-0.342342342	0.000000000	0.000000000	0.000000000	0.000000000	0.000000000	0.000000000
-0.335335335	0.000000000	0.000000000	0.000000000	0.000000000	0.000000000	0.000000000
-0.328328328	0.000000000	0.000000000	0.000000000	0.000000000	0.000000000	0.000000000
-0.321321321	0.000000000	0.000000000	0.000000000	0.000000000	0.000000000	0.000000000
-0.314314314	0.000000000	0.000000000	0.000000000	0.000000000	0.000000000	0.000000000
-0.307307307	0.000000000	0.000000000	0.000000000	0.000000000	0.000000000	0.000000000
-0.300300300	0.000000000	0.000000000	0.000000000	0.000000000	0.000000000	0.000000000
-0.293293293	0.000000000	0.000000000	0.000000000	0.000000000	0.000000000	0.000000000
-0.286286286	0.000000000	0.000000000	0.000000000	0.000000000	0.000000000	0.000000000
-0.279279279	0.000000000	0.000000000	0.000000000	0.000000000	0.000000000	0.000000000
-0.272272272	0.000000000	0.000000000	0.000000000	0.000000000	0.000000000	0.000000000
-0.265265265	0.000000000	0.000000000	0.000000000	0.000000000	0.000000000	0.000000000
-0.258258258	0.000000000	0.000000000	0.000000000	0.000000000	0.000000000	0.000000000
-0.251251251	0.000000000	0.000000000	0.000000000	0.000000000	0.000000000	0.000000000
-0.244244244	0.000000000	0.000000000	0.000000000	0.000000000	0.000000000	0.000000000
-0.237237237	0.000000000	0.000000000	0.000000000	0.000000000	0.000000000	0.000000000
-0.230230230	0.000000000	0.000000000	0.000000000	0.000000000	0.000000000	0.000000000
-0.223223223	0.000000000	0.000000000	0.000000000	0.000000000	0.000000000	0.000000000
-0.216216216	0.000000000	0.000000000	0.000000000	0.000000000	0.000000000	0.000000000
-0.209209209	0.000000000	0.000000000	0.000000000	0.000000000	0.000000000	0.000000000
-0.202202202	0.000000000	0.000000000	0.000000000	0.000000000	0.000000000	0.000000000
-0.195195195	0.000000000	0.000000000	0.000000000	0.000000000	0.000000000	0.000000000
-0.188188188	0.000000000	0.000000000	0.000000000	0.000000000	0.000000000	0.000000000
-0.181181181	0.000000000	0.000000000	0.000000000	0.000000000	0.000000000	0.000000000
-0.174174174	0.000000000	0.000000000	0.000000000	0.000000000	0.000000000	0.000000000
-0.167167167	0.000000000	0.000000000	0.000000000	0.000000000	0.000000000	0.000000000
-0.160160160	0.000000000	0.000000000	0.000000000	0.000000000	0.000000000	0.000000000
-0.153153153	0.000000000	0.000000000	0.000000000	0.000000000	0.000000000	0.000000000
-0.146146146	0.000000000	0.000000000	0.000000000	0.000000000	0.000000000	0.000000000
-0.139139139	0.000000000	0.000000000	0.000000000	0.000000000	0.000000000	0.000000000
-0.132132132	0.000000000	0.000000000	0.000000000	0.000000000	0.000000000	0.000000000
-0.125125125	0.000000000	0.000000000	0.000000000	0.000000000	0.000000000	0.000000000
-0.118118118	0.000000000	0.000000000	0.000000000	0.000000000	0.000000000	0.000000000
-0.111111111	0.000000000	0.000000000	0.000000000	0.000000000	0.000000000	0.000000000
-0.104104104	0.000000000	0.000000000	0.000000000	0.000000000	0.000000000	0.000000000
-0.097097097	0.000000000	0.000000000	0.000000000	0.000000000	0.000000000	0.000000000
-0.090090090	0.000000000	0.000000000	0.000000000	0.000000000	0.000000000	0.000000000
-0.083083083	0.000000000	0.000000000	0.000000000	0.000000000	0.000000000	0.000000000
-0.076076076	0.000000000	0.000000000	0.000000000	0.000000000	0.000000000	0.000000000
-0.069069069	0.000000000	0.000000000	0.000000000	0.000000000	0.000000000	0.000000000
-0.062062062	0.000000000	0.000000000	0.000000000	0.000000000	0.000000000	0.000000000
-0.055055055	0.000000000	0.000000000	0.000000000	0.000000000	0.000000000	0.000000000
-0.048048048	0.000000000	0.000000000	0.000000000	0.000000000	0.000000000	0.000000000
-0.041041041	0.000000000	0.000000000	0.000000000	0.000000000	0.000000000	0.000000000
-0.034034034	0.000000000	0.000000000	0.000000000	0.000000000	0.000000000	0.000000000
-0.027027027	0.000000000	0.000000000	0.000000000	0.000000000	0.000000000	0.000000000
-0.020020020	0.000000000	0.000000000	0.000000000	0.000000000	0.000000000	0.000000000
-0.013013013	0.000000000	0.000000000	0.000000000	0.000000000	0.000000000	0.000000000
-0.006006006	0.000000000	0.000000000	0.000000000	0.000000000	0.000000000	0.000000000
0.001001001	0.000000000	0.000000000	0.000000000	0.000000000	0.000000000	0.000000000
0.008008008	0.000000000	0.000000000	0.000000000	0.000000000	0.000000000	0.000000000
0.015015015	0.000000000	0.000000000	0.000000000	0.000000000	0.000000000	0.000000000
0.022022022	0.000000000	0.000000000	0.000000000	0.000000000	0.000000000	0.000000000
0.029029029	0.000000000	0.000000000	0.000000000	0.000000000	0.000000000	0.000000000
0.036036036	0.000000000	0.000000000	0.000000000	0.000000000	0.000000000	0.000000000
0.043043043	0.000000000	0.000000000	0.000000000	0.000000000	0.000000000	0.000000000
0.050050050	0.000000000	0.000000000	0.000000000	0.000000000	0.000000000	0.000000000
0.057057057	0.000000000	0.000000000	0.000000000	0.000000000	0.000000000	0.000000000
0.064064064	0.000000000	0.000000000	0.000000000	0.000000000	0.000000000	0.000000000
0.071071071	0.000000000	0.000000000	0.000000000	0.000000000	0.000000000	0.000000000
0.078078078	0.000000000	0.000000000	0.000000000	0.000000000	0.000000000	0.000000000
0.085085085	0.000000000	0.000000000	0.000000000	0.000000000	0.000000000	0.000000000
0.092092092	0.000000000	0.000000000	0.000000000	0.000000000	0.000000000	0.000000000
0.099099099	0.000000000	0.000000000	0.000000000	0.000000000	0.000000000	0.000000000
0.106106106	0.000000000	0.000000000	0.000000000	0.000000000	0.000000000	0.000000000
0.113113113	0.000000000	0.000000000	0.000000000	0.000000000	0.000000000	0.000000000
0.120120120	0.000000000	0.000000000	0.000000000	0.000000000	0.000000000	0.000000000
0.127127127	0.000000000	0.000000000	0.000000000	0.000000000	0.000000000	0.000000000
0.134134134	0.000000000	0.000000000	0.000000000	0.000000000	0.000000000	0.000000000
0.141141141	0.000000000	0.000000000	0.000000000	0.000000000	0.000000000	0.000000000
0.148148148	0.000000000	0.000000000	0.000000000	0.000000000	0.000000000	0.000000000
0.155155155	0.000000000	0.000000000	0.000000000	0.000000000	0.000000000	0.000000000
0.162162162	0.000000000	0.000000000	0.000000000	0.000000000	0.000000000	0.000000000
0.169169169	0.000000000	0.000000000	0.000000000	0.000000000	0.000000000	0.000000000
0.176176176	0.000000000	0.000000000	0.000000000	0.000000000	0.000000000	0.000000000
0.183183183	0.000000000	0.000000000	0.000000000	0.000000000	0.000000000	0.000000000
0.190190190	0.000000000	0.000000000	0.000000000	0.000000000	0.000000000	0.000000000
0.197197197	0.000000000	0.000000000	0.000000000	0.000000000	0.000000000	0.000000000
0.204204204	0.000000000	0.000000000	0.000000000	0.000000000	0.000000000	0.000000000
0.211211211	0.000000000	0.000000000	0.000000000	0.000000000	0.000000000	0.000000000
0.218218218	0.000000000	0.000000000	0.000000000	0.000000000	0.000000000	0.000000000
0.225225225	0.000000000	0.000000000	0.000000000	0.000000000	0.000000000	0.000000000
0.232232232	0.000000000	0.000000000	0.000000000	0.000000000	0.000000000	0.000000000
0.239239239	0.000000000	0.000000000	0.000000000	0.000000000	0.000000000	0.000000000
0.246246246	0.000000000	0.000000000	0.000000000	0.000000000	0.000000000	0.000000000
0.253253253	0.000000000	0.000000000	0.000000000	0.000000000	0.000000000	0.000000000
0.260260260	0.000000000	0.000000000	0.000000000	0.000000000	0.000000000	0.000000000
0.267267267	0.000000000	0.000000000	0.000000000	0.000000000	0.000000000	0.000000000
0.274274274	0.000000000	0.000000000	0.000000000	0.000000000	0.000000000	0.000000000
0.281281281	0.000000000	0.000000000	0.000000000	0.000000000	0.000000000	0.000000000
0.288288288	0.000000000	0.000000000	0.000000000	0.000000000	0.000000000	0.000000000
0.295295295	0.000000000	0.000000000	0.000000000	0.000000000	0.000000000	0.000000000
0.302302302	0.000000000	0.000000000	0.000000000	0.000000000	0.000000000	0.000000000
0.309309309	0.000000000	0.000000000	0.000000000	0.000000000	0.000000000	0.000000000
0.316316316	0.000000000	0.000000000	0.000000000	0.000000000	0.000000000	0.000000000
0.323323323	0.000000000	0.000000000	0.000000000	0.000000000	0.000000000	0.000000000
0.330330330	0.000000000	0.000000000	0.000000000	0.000000000	0.000000000	0.000000000
0.337337337	0.000000000	0.000000000	0.000000000	0.000000000	0.000000000	0.000000000
0.344344344	0.000000000	0.000000000	0.000000000	0.000000000	0.000000000	0.000000000
0.351351351	0.000000000	0.000000000	0.000000000	0.000000000	0.000000000	0.000000000
0.358358358	0.000000000	0.000000000	0.000000000	0.000000000	0.000000000	0.000000000
0.365365365	0.000000000	0.000000000	0.000000000	0.000000000	0.000000000	0.000000000
0.372372372	0.000000000	0.000000000	0.000000000	0.000000000	0.000000000	0.000000000
0.379379379	0.000000000	0.000000000	0.000000000	0.000000000	0.000000000	0.000000000
0.386386386	0.000000000	0.000000000	0.000000000	0.000000000	0.000000000	0.000000000
0.393393393	0.000000000	0.000000000	0.000000000	0.000000000	0.000000000	0.000000000
0.400400400	0.000000000	0.000000000	0.000000000	0.000000000	0.000000000	0.000000000
0.407407407	0.000000000	0.000000000	0.000000000	0.000000000	0.000000000	0.000000000
0.414414414	0.000000000	0.000000000	0.000000000	0.000000000	0.000000000	0.000000000
0.421421421	0.000000000	0.000000000	0.000000000	0.000000000	0.000000000	0.000000000
0.428428428	0.000000000	0.000000000	0.000000000	0.000000000	0.000000000	0.000000000
0.435435435	0.000000000	0.000000000	0.000000000	0.000000000	0.000000000	0.000000000
0.442442442	0.000000000	0.000000000	0.000000000	0.000000000	0.000000000	0.000000000
0.449449449	0.000000000	0.000000000	0.000000000	0.000000000	0.000000000	0.000000000
0.456456456	0.000000000	0.000000000	0.000000000	0.000000000	0.000000000	0.000000000
0.463463463	0.000000000	0.000000000	0.000000000	0.000000000	0.000000000	0.000000000
0.470470470	0.000000000	0.000000000	0.000000000	0.000000000	0.000000000	0.000000000
0.477477477	0.000000000	0.000000000	0.000000000	0.000000000	0.000000000	0.000000000
0.484484484	0.000000000	0.000000000	0.000000000	0.000000000	0.000000000	0.000000000
0.491491491	0.000000000	0.000000000	0.000000000	0.000000000	0.000000000	0.000000000
0.498498498	0.000000000	0.000000000	0.000000000	0.000000000	0.000000000	0.000000000
0.505505506	0.000000000	0.000000000	0.000000000	0.000000000	0.000000000	0.000000000
0.512512513	0.000000000	0.000000000	0.000000000	0.000000000	0.000000000	0.000000000
0.519519520	0.000000000	0.000000000	0.000000000	0.000000000	0.000000000	0.000000000
0.526526527	0.000000000	0.000000000	0.000000000	0.000000000	0.000000000	0.000000000
0.533533534	0.000000000	0.000000000	0.000000000	0.000000000	0.000000000	0.000000000
0.540540541	0.000000000	0.000000000	0.000000000	0.000000000	0.000000000	0.000000000
0.547547548	0.000000000	0.000000000	0.000000000	0.000000000	0.000000000	0.000000000
0.554554555	0.000000000	0.000000000	0.000000000	0.000000000	0.000000000	0.000000000
0.561561562	0.000000000	0.000000000	0.000000000	0.000000000	0.000000000	0.000000000
0.568568569	0.000000000	0.000000000	0.000000000	0.000000000	0.000000000	0.000000000
0.575575576	0.000000000	0.000000000	0.000000000	0.000000000	0.000000000	0.000000000
0.582582583	0.000000000	0.000000000	0.000000000	0.000000000	0.000000000	0.000000000
0.589589590	0.000000000	0.000000000	0.000000000	0.000000000	0.000000000	0.000000000
0.596596597	0.000000000	0.000000000	0.000000000	0.000000000	0.000000000	0.000000000
0.603603604	0.000000000	0.000000000	0.000000000	0.000000000	0.000000000	0.000000000
0.610610611	0.000000000	0.000000000	0.000000000	0.000000000	0.000000000	0.000000000
0.617617618	0.000000000	0.000000000	0.000000000	0.000000000	0.000000000	0.000000000
0.624624625	0.000000000	0.000000000	0.000000000	0.000000000	0.000000000	0.000000000
0.631631632	0.000000000	0.000000000	0.000000000	0.000000000	0.000000000	0.000000000
0.638638639	0.000000000	0.000000000	0.000000000	0.000000000	0.000000000	0.000000000
0.645645646	0.000000000	0.000000000	0.000000000	0.000000000	0.000000000	0.000000000
0.652652653	0.000000000	0.000000000	0.000000000	0.000000000	0.000000000	0.000000000
0.659659660	0.000000000	0.000000000	0.000000000	0.000000000	0.000000000	0.000000000
0.666666667	0.000000000	0.000000000	0.000000000	0.000000000	0.000000000	0.000000000
0.673673674	0.000000000	0.000000000	0.000000000	0.000000000	0.000000000	0.000000000
0.680680681	0.000000000	0.000000000	0.000000000	0.000000000	0.000000000	0.000000000
0.687687688	0.000000000	0.000000000	0.000000000	0.000000000	0.000000000	0.000000000
0.694694695	0.000000000	0.000000000	0.000000000	0.000000000	0.000000000	0.000000000
0.701701702	0.000000000	0.000000000	0.000000000	0.000000000	0.000000000	0.000000000
0.708708709	0.000000000	0.000000000	0.000000000	0.000000000	0.000000000	0.000000000
0.715715716	0.000000000	0.000000000	0.000000000	0.000000000	0.000000000	0.000000000
0.722722723	0.000000000	0.000000000	0.000000000	0.000000000	0.000000000	0.000000000
0.729729730	0.000000000	0.000000000	0.000000000	0.000000000	0.000000000	0.000000000
0.736736737	0.000000000	0.000000000	0.000000000	0.000000000	0.000000000	0.000000000
0.743743744	0.000000000	0.000000000	0.000000000	0.000000000	0.000000000	0.000000000
0.750750751	0.000000000	0.000000000	0.000000000	0.000000000	0.000000000	0.000000000
0.757757758	0.000000000	0.000000000	0.000000000	0.000000000	0.000000000	0.000000000
0.764764765	0.000000000	0.000000000	0.000000000	0.000000000	0.000000000	0.000000000
0.771771772	0.000000000	0.000000000	0.000000000	0.000000000	0.000000000	0.000000000
0.778778779	0.000000000	0.000000000	0.000000000	0.000000000	0.000000000	0.000000000
0.785785786	0.000000000	0.000000000	0.000000000	0.000000000	0.000000000	0.000000000
0.792792793	0.000000000	0.000000000	0.000000000	0.000000000	0.000000000	0.000000000
0.799799800	0.000000000	0.000000000	0.000000000	0.000000000	0.000000000	0.000000000
0.806806807	0.000000000	0.000000000	0.000000000	0.000000000	0.000000000	0.000000000
0.813813814	0.000000000	0.000000000	0.000000000	0.000000000	0.000000000	0.000000000
0.820820821	0.000000000	0.000000000	0.000000000	0.000000000	0.000000000	0.000000000
0.827827828	0.000000000	0.000000000	0.000000000	0.000000000	0.000000000	0.000000000
0.834834835	0.000000000	0.000000000	0.000000000	0.000000000	0.000000000	0.000000000
0.841841842	0.000000000	0.000000000	0.000000000	0.000000000	0.000000000	0.000000000
0.848848849	0.000000000	0.000000000	0.000000000	0.000000000	0.000000000	0.000000000
0.855855856	0.000000000	0.000000000	0.000000000	0.000000000	0.000000000	0.000000000
0.862862863	0.000000000	0.000000000	0.000000000	0.000000000	0.000000000	0.000000000
0.869869870	0.000000000	0.000000000	0.000000000	0.000000000	0.000000000	0.000000000
0.876876877	0.000000000	0.000000000	0.000000000	0.000000000	0.000000000	0.000000000
0.883883884	0.000000000	0.000000000	0.000000000	0.000000000	0.000000000	0.000000000
0.890890891	0.000000000	0.000000000	0.000000000	0.000000000	0.000000000	0.000000000
0.897897898	0.000000000	0.000000000	0.000000000	0.000000000	0.000000000	0.000000000
0.904904905	0.000000000	0.000000000	0.000000000	0.000000000	0.000000000	0.000000000
0.911911912	0.000000000	0.000000000	0.000000000	0.000000000	0.000000000	0.000000000
0.918918919	0.000000000	0.000000000	0.000000000	0.000000000	0.000000000	0.000000000
0.925925926	0.000000000	0.000000000	0.000000000	0.000000000	0.000000000	0.000000000
0.932932933	0.000000000	0.000000000	0.000000000	0.000000000	0.000000000	0.000000000
0.939939940	0.000000000	0.000000000	0.000000000	0.000000000	0.000000000	0.000000000
0.946946947	0.000000000	0.000000000	0.000000000	0.000000000	0.000000000	0.000000000
0.953953954	0.000000000	0.000000000	0.000000000	0.000000000	0.000000000	0.000000000
0.960960961	0.000000000	0.000000000	0.000000000	0.000000000	0.000000000	0.000000000
0.967967968	0.000000000	0.000000000	0.000000000	0.000000000	0.000000000	0.000000000
0.974974975	0.000000000	0.000000000	0.000000000	0.000000000	0.000000000	0.000000000
0.981981982	0.000000000	0.000000000	0.000000000	0.000000000	0.000000000	0.000000000
0.988988989	0.000000000	0.000000000	0.000000000	0.000000000	0.000000000	0.000000000
0.995995996	0.000000000	0.000000000	0.000000000	0.000000000	0.000000000	0.000000000
1.003003003	0.000000000	0.000000000	0.000000000	0.000000000	0.000000000	0.000000000
1.010010010	0.000000000	0.000000000	0.000000000	0.000000000	0.000000000	0.000000000
1.017017017	0.000000000	0.000000000	0.000000000	0.000000000	0.000000000	0.000000000
1.024024024	0.000000000	0.000000000	0.000000000	0.000000000	0.000000000	0.000000000
1.031031031	0.000000000	0.000000000	0.000000000	0.000000000	0.000000000	0.000000000
1.038038038	0.000000000	0.000000000	0.000000000	0.000000000	0.000000000	0.000000000
1.045045045	0.000000000	0.000000000	0.000000000	0.000000000	0.000000000	0.000000000
1.052052052	0.000000000	0.000000000	0.000000000	0.000000000	0.000000000	0.000000000
1.059059059	0.000000000	0.000000000	0.000000000	0.000000000	0.000000000	0.000000000
1.066066066	0.000000000	0.000000000	0.000000000	0.000000000	0.000000000	0.000000000
1.073073073	0.000000000	0.000000000	0.000000000	0.000000000	0.000000000	0.000000000
1.080080080	0.000000000	0.000000000	0.000000000	0.000000000	0.000000000	0.000000000
1.087087087	0.000000000	0.000000000	0.000000000	0.000000000	0.000000000	0.000000000
1.094094094	0.000000000	0.000000000	0.000000000	0.000000000	0.000000000	0.000000000
1.101101101	0.000000000	0.000000000	0.000000000	0.000000000	0.000000000	0.000000000
1.108108108	0.000000000	0.000000000	0.000000000	0.000000000	0.000000000	0.000000000
1.115115115	0.000000000	0.000000000	0.000000000	0.000000000	0.000000000	0.000000000
1.122122122	0.000000000	0.000000000	0.000000000	0.000000000	0.000000000	0.000000000
1.129129129	0.000000000	0.000000000	0.000000000	0.000000000	0.000000000	0.000000000
1.136136136	0.000000000	0.000000000	0.000000000	0.000000000	0.000000000	0.000000000
1.143143143	0.000000000	0.000000000	0.000000000	0.000000000	0.000000000	0.000000000
1.150150150	0.000000000	0.000000000	0.000000000	0.000000000	0.000000000	0.000000000
1.157157157	0.000000000	0.000000000	0.000000000	0.000000000	0.000000000	0.000000000
1.164164164	0.000000000	0.000000000	0.000000000	0.000000000	0.000000000	0.000000000
1.171171171	0.000000000	0.000000000	0.000000000	0.000000000	0.000000000	0.000000000
1.178178178	0.000000000	0.000000000	0.000000000	0.000000000	0.000000000	0.000000000
1.185185185	0.000000000	0.000000000	0.000000000	0.000000000	0.000000000	0.000000000
1.192192192	0.000000000	0.000000000	0.000000000	0.000000000	0.000000000	0.000000000
1.199199199	0.000000000	0.000000000	0.000000000	0.000000000	0.000000000	0.000000000
1.206206206	0.000000000	0.000000000	0.000000000	0.000000000	0.000000000	0.000000000
1.213213213	0.000000000	0.000000000	0.000000000	0.000000000	0.000000000	0.000000000
1.220220220	0.000000000	0.000000000	0.000000000	0.000000000	0.000000000	0.000000000
1.227227227	0.000000000	0.000000000	0.000000000	0.000000000	0.000000000	0.000000000
1.234234234	0.000000000	0.000000000	0.000000000	0.000000000	0.000000000	0.000000000
1.241241241	0.000000000	0.000000000	0.000000000	0.000000000	0.000000000	0.000000000
1.248248248	0.000000000	0.000000000	0.000000000	0.000000000	0.000000000	0.000000000
1.255255255	0.000000000	0.000000000	0.000000000	0.000000000	0.000000000	0.000000000
1.262262262	0.000000000	0.000000000	0.000000000	0.000000000	0.000000000	0.000000000
1.269269269	0.000000000	0.000000000	0.000000000	0.000000000	0.000000000	0.000000000
1.276276276	0.000000000	0.000000000	0.000000000	0.000000000	0.000000000	0.000000000
1.283283283	0.000000000	0.000000000	0.000000000	0.000000000	0.000000000	0.000000000
1.290290290	0.000000000	0.000000000	0.000000000	0.000000000	0.000000000	0.000000000
1.297297297	0.000000000	0.000000000	0.000000000	0.000000000	0.000000000	0.000000000
1.304304304	0.000000000	0.000000000	0.000000000	0.000000000	0.000000000	0.000000000
1.311311311	0.000000000	0.000000000	0.000000000	0.000000000	0.000000000	0.000000000
1.318318318	0.000000000	0.000000000	0.000000000	0.000000000	0.000000000	0.000000000
1.325325325	0.000000000	0.000000000	0.000000000	0.000000000	0.000000000	0.000000000
1.332332332	0.000000000	0.000000000	0.000000000	0.000000000	0.000000000	0.000000000
1.339339339	0.000000000	0.000000000	0.000000000	0.000000000	0.000000000	0.000000000
1.346346346	0.000000000	0.000000000	0.000000000	0.000000000	0.000000000	0.000000000
1.353353353	0.000000000	0.000000000	0.000000000	0.000000000	0.000000000	0.000000000
1.360360360	0.000000000	0.000000000	0.000000000	0.000000000	0.000000000	0.000000000
1.367367367	0.000000000	0.000000000	0.000000000	0.000000000	0.000000000	0.000000000
1.374374374	0.000000000	0.000000000	0.000000000	0.000000000	0.000000000	0.000000000
1.381381381	0.000000000	0.000000000	0.000000000	0.000000000	0.000000000	0.000000000
1.388388388	0.000000000	0.000000000	0.000000000	0.000000000	0.000000000	0.000000000
1.395395395	0.000000000	0.000000000	0.000000000	0.000000000	0.000000000	0.000000000
1.402402402	0.000000000	0.000000000	0.000000000	0.000000000	0.000000000	0.000000000
1.409409409	0.000000000	0.000000000	0.000000000	0.000000000	0.000000000	0.000000000
1.416416416	0.000000000	0.000000000	0.000000000	0.000000000	0.000000000	0.000000000
1.423423423	0.000000000	0.000000000	0.000000000	0.000000000	0.000000000	0.000000000
1.430430430	0.000000000	0.000000000	0.000000000	0.000000000	0.000000000	0.000000000
1.437437437	0.000000000	0.000000000	0.000000000	0.000000000	0.000000000	0.000000000
1.444444444	0.000000000	0.000000000	0.000000000	0.000000000	0.000000000	0.000000000
1.451451451	0.000000000	0.000000000	0.000000000	0.000000000	0.000000000	0.000000000
1.458458458	0.000000000	0.000000000	0.000000000	0.000000000	0.000000000	0.000000000
1.465465465	0.000000000	0.000000000	0.000000000	0.000000000	0.000000000	0.000000000
1.472472472	0.000000000	0.000000000	0.000000000	0.000000000	0.000000000	0.000000000
1.479479479	0.000000000	0.000000000	0.000000000	0.000000000	0.000000000	0.000000000
1.486486486	0.000000000	0.000000000	0.000000000	0.000000000	0.000000000	0.000000000
1.493493493	0.000000000	0.000000000	0.000000000	0.000000000	0.000000000	0.000000000
1.500500501	0.000000000	0.000000000	0.000000000	0.000000000	0.000000000	0.000000000
1.507507508	0.000000000	0.000000000	0.000000000	0.000000000	0.000000000	0.000000000
1.514514515	0.000000000	0.000000000	0.000000000	0.000000000	0.000000000	0.000000000
1.521521522	0.000000000	0.000000000	0.000000000	0.000000000	0.000000000	0.000000000
1.528528529	0.000000000	0.000000000	0.000000000	0.000000000	0.000000000	0.000000000
1.535535536	0.000000000	0.000000000	0.000000000	0.000000000	0.000000000	0.000000000
1.542542543	0.000000000	0.000000000	0.000000000	0.000000000	0.000000000	0.000000000
1.549549550	0.000000000	0.000000000	0.000000000	0.000000000	0.000000000	0.000000000
1.556556557	0.000000000	0.000000000	0.000000000	0.000000000	0.000000000	0.000000000
1.563563564	0.000000000	0.000000000	0.000000000	0.000000000	0.000000000	0.000000000
1.570570571	0.000000000	0.000000000	0.000000000	0.000000000	0.000000000	0.000000000
1.577577578	0.000000000	0.000000000	0.000000000	0.000000000	0.000000000	0.000000000
1.584584585	0.000000000	0.000000000	0.000000000	0.000000000	0.000000000	0.000000000
1.591591592	0.000000000	0.000000000	0.000000000	0.000000000	0.000000000	0.000000000
1.598598599	0.000000000	0.000000000	0.000000000	0.000000000	0.000000000	0.000000000
1.605605606	0.000000000	0.000000000	0.000000000	0.000000000	0.000000000	0.000000000
1.612612613	0.000000000	0.000000000	0.000000000	0.000000000	0.000000000	0.000000000
1.619619620	0.000000000	0.000000000	0.000000000	0.000000000	0.000000000	0.000000000
1.626626627	0.000000000	0.000000000	0.000000000	0.000000000	0.000000000	0.000000000
1.633633634	0.000000000	0.000000000	0.000000000	0.000000000	0.000000000	0.000000000
1.640640641	0.000000000	0.000000000	0.000000000	0.000000000	0.000000000	0.000000000
1.647647648	0.000000000	0.000000000	0.000000000	0.000000000	0.000000000	0.000000000
1.654654655	0.000000000	0.000000000	0.000000000	0.000000000	0.000000000	0.000000000
1.661661662	0.000000000	0.000000000	0.000000000	0.000000000	0.000000000	0.000000000
1.668668669	0.000000000	0.000000000	0.000000000	0.000000000	0.000000000	0.000000000
1.675675676	0.000000000	0.000000000	0.000000000	0.000000000	0.000000000	0.000000000
1.682682683	0.000000000	0.000000000	0.000000000	0.000000000	0.000000000	0.000000000
1.689689690	0.000000000	0.000000000	0.000000000	0.000000000	0.000000000	0.000000000
1.696696697	0.000000000	0.000000000	0.000000000	0.000000000	0.000000000	0.000000000
1.703703704	0.000000000	0.000000000	0.000000000	0.000000000	0.000000000	0.000000000
1.710710711	0.000000000	0.000000000	0.000000000	0.000000000	0.000000000	0.000000000
1.717717718	0.000000000	0.000000000	0.000000000	0.000000000	0.000000000	0.000000000
1.724724725	0.000000000	0.000000000	0.000000000	0.000000000	0.000000000	0.000000000
1.731731732	0.000000000	0.000000000	0.000000000	0.000000000	0.000000000	0.000000000
1.738738739	0.000000000	0.000000000	0.000000000	0.000000000	0.000000000	0.000000000
1.745745746	0.000000000	0.000000000	0.000000000	0.000000000	0.000000000	0.000000000
1.752752753	0.000000000	0.000000000	0.000000000	0.000000000	0.000000000	0.000000000
1.759759760	0.000000000	0.000000000	0.000000000	0.000000000	0.000000000	0.000000000
1.766766767	0.000000000	0.000000000	0.000000000	0.000000000	0.000000000	0.000000000
1.773773774	0.000000000	0.000000000	0.000000000	0.000000000	0.000000000	0.000000000
1.780780781	0.000000000	0.000000000	0.000000000	0.000000000	0.000000000	0.000000000
1.787787788	0.000000000	0.000000000	0.000000000	0.000000000	0.000000000	0.000000000
1.794794795	0.000000000	0.000000000	0.000000000	0.000000000	0.000000000	0.000000000
1.801801802	0.000000000	0.000000000	0.000000000	0.000000000	0.000000000	0.000000000
1.808808809	0.000000000	0.000000000	0.000000000	0.000000000	0.000000000	0.000000000
1.815815816	0.000000000	0.000000000	0.000000000	0.000000000	0.000000000	0.000000000
1.822822823	0.000000000	0.000000000	0.000000000	0.000000000	0.000000000	0.000000000
1.829829830	0.000000000	0.000000000	0.000000000	0.000000000	0.000000000	0.000000000
1.836836837	0.000000000	0.000000000	0.000000000	0.000000000	0.000000000	0.000000000
1.843843844	0.000000000	0.000000000	0.000000000	0.000000000	0.000000000	0.000000000
1.850850851	0.000000000	0.000000000	0.000000000	0.000000000	0.000000000	0.000000000
1.857857858	0.000000000	0.000000000	0.000000000	0.000000000	0.000000000	0.000000000
1.864864865	0.000000000	0.000000000	0.000000000	0.000000000	0.000000000	0.000000000
1.871871872	0.000000000	0.000000000	0.000000000	0.000000000	0.000000000	0.000000000
1.878878879	0.000000000	0.000000000	0.000000000	0.000000000	0.000000000	0.000000000
1.885885886	0.000000000	0.000000000	0.000000000	0.000000000	0.000000000	0.000000000
1.892892893	0.000000000	0.000000000	0.000000000	0.000000000	0.000000000	0.000000000
1.899899900	0.000000000	0.000000000	0.000000000	0.000000000	0.000000000	0.000000000
1.906906907	0.000000000	0.000000000	0.000000000	0.000000000	0.000000000	0.000000000
1.913913914	0.000000000	0.000000000	0.000000000	0.000000000	0.000000000	0.000000000
1.920920921	0.000000000	0.000000000	0.000000000	0.000000000	0.000000000	0.000000000
1.927927928	0.000000000	0.000000000	0.000000000	0.000000000	0.000000000	0.000000000
1.934934935	0.000000000	0.000000000	0.000000000	0.000000000	0.000000000	0.000000000
1.941941942	0.000000000	0.000000000	0.000000000	0.000000000	0.000000000	0.000000000
1.948948949	0.000000000	0.000000000	0.000000000	0.000000000	0.000000000	0.000000000
1.955955956	0.000000000	0.000000000	0.000000000	0.000000000	0.000000000	0.000000000
1.962962963	0.000000000	0.000000000	0.000000000	0.000000000	0.000000000	0.000000000
1.969969970	0.000000000	0.000000000	0.000000000	0.000000000	0.000000000	0.000000000
1.976976977	0.000000000	0.000000000	0.000000000	0.000000000	0.000000000	0.000000000
1.983983984	0.000000000	0.000000000	0.000000000	0.000000000	0.000000000	0.000000000
1.990990991	0.000000000	0.000000000	0.000000000	0.000000000	0.000000000	0.000000000
1.997997998	0.000000000	0.000000000	0.000000000	0.000000000	0.000000000	0.000000000
2.005005005	0.000000000	0.000000000	0.000000000	0.000000000	0.000000000	0.000000000
2.012012012	0.000000000	0.000000000	0.000000000	0.000000000	0.000000000	0.000000000
2.019019019	0.000000000	0.000000000	0.000000000	0.000000000	0.000000000	0.000000000
2.026026026	0.000000000	0.000000000	0.000000000	0.000000000	0.000000000	0.000000000
2.033033033	0.000000000	0.000000000	0.000000000	0.000000000	0.000000000	0.000000000
2.040040040	0.000000000	0.000000000	0.000000000	0.000000000	0.000000000	0.000000000
2.047047047	0.000000000	0.000000000	0.000000000	0.000000000	0.000000000	0.000000000
2.054054054	0.000000000	0.000000000	0.000000000	0.000000000	0.000000000	0.000000000
2.061061061	0.000000000	0.000000000	0.000000000	0.000000000	0.000000000	0.000000000
2.068068068	0.000000000	0.000000000	0.000000000	0.000000000	0.000000000	0.000000000
2.075075075	0.000000000	0.000000000	0.000000000	0.000000000	0.000000000	0.000000000
2.082082082	0.000000000	0.000000000	0.000000000	0.000000000	0.000000000	0.000000000
2.089089089	0.000000000	0.000000000	0.000000000	0.000000000	0.000000000	0.000000000
2.096096096	0.000000000	0.000000000	0.000000000	0.000000000	0.000000000	0.000000000
2.103103103	0.000000000	0.000000000	0.000000000	0.000000000	0.000000000	0.000000000
2.110110110	0.000000000	0.000000000	0.000000000	0.000000000	0.000000000	0.000000000
2.117117117	0.000000000	0.000000000	0.000000000	0.000000000	0.000000000	0.000000000
2.124124124	0.000000000	0.000000000	0.000000000	0.000000000	0.000000000	0.000000000
2.131131131	0.000000000	0.000000000	0.000000000	0.000000000	0.000000000	0.000000000
2.138138138	0.000000000	0.000000000	0.000000000	0.000000000	0.000000000	0.000000000
2.145145145	0.000000000	0.000000000	0.000000000	0.000000000	0.000000000	0.000000000
2.152152152	0.000000000	0.000000000	0.000000000	0.000000000	0.000000000	0.000000000
2.159159159	0.000000000	0.000000000	0.000000000	0.000000000	0.000000000	0.000000000
2.166166166	0.000000000	0.000000000	0.000000000	0.000000000	0.000000000	0.000000000
2.173173173	0.000000000	0.000000000	0.000000000	0.000000000	0.000000000	0.000000000
2.180180180	0.000000000	0.000000000	0.000000000	0.000000000	0.000000000	0.000000000
2.187187187	0.000000000	0.000000000	0.000000000	0.000000000	0.000000000	0.000000000
2.194194194	0.000000000	0.000000000	0.000000000	0.000000000	0.000000000	0.000000000
2.201201201	0.000000000	0.000000000	0.000000000	0.000000000	0.000000000	0.000000000
2.208208208	0.000000000	0.000000000	0.000000000	0.000000000	0.000000000	0.000000000
2.215215215	0.000000000	0.000000000	0.000000000	0.000000000	0.000000000	0.000000000
2.222222222	0.000000000	0.000000000	0.000000000	0.000000000	0.000000000	0.000000000
2.229229229	0.000000000	0.000000000	0.000000000	0.000000000	0.000000000	0.000000000
2.236236236	0.000000000	0.000000000	0.000000000	0.000000000	0.000000000	0.000000000
2.243243243	0.000000000	0.000000000	0.000000000	0.000000000	0.000000000	0.000000000
2.250250250	0.000000000	0.000000000	0.000000000	0.000000000	0.000000000	0.000000000
2.257257257	0.000000000	0.000000000	0.000000000	0.000000000	0.000000000	0.000000000
2.264264264	0.000000000	0.000000000	0.000000000	0.000000000	0.000000000	0.000000000
2.271271271	0.000000000	0.000000000	0.000000000	0.000000000	0.000000000	0.000000000
2.278278278	0.000000000	0.000000000	0.000000000	0.000000000	0.000000000	0.000000000
2.285285285	0.000000000	0.000000000	0.000000000	0.000000000	0.000000000	0.000000000
2.292292292	0.000000000	0.000000000	0.000000000	0.000000000	0.000000000	0.000000000
2.299299299	0.000000000	0.000000000	0.000000000	0.000000000	0.000000000	0.000000000
2.306306306	0.000000000	0.000000000	0.000000000	0.000000000	0.000000000	0.000000000
2.313313313	0.000000000	0.000000000	0.000000000	0.000000000	0.000000000	0.000000000
2.320320320	0.000000000	0.000000000	0.000000000	0.000000000	0.000000000	0.000000000
2.327327327	0.000000000	0.000000000	0.000000000	0.000000000	0.000000000	0.000000000
2.334334334	0.000000000	0.000000000	0.000000000	0.000000000	0.000000000	0.000000000
2.341341341	0.000000000	0.000000000	0.000000000	0.000000000	0.000000000	0.000000000
2.348348348	0.000000000	0.000000000	0.000000000	0.000000000	0.000000000	0.000000000
2.355355355	0.000000000	0.000000000	0.000000000	0.000000000	0.000000000	0.000000000
2.362362362	0.000000000	0.000000000	0.000000000	0.000000000	0.000000000	0.000000000
2.369369369	0.000000000	0.000000000	0.000000000	0.000000000	0.000000000	0.000000000
2.376376376	0.000000000	0.000000000	0.000000000	0.000000000	0.000000000	0.000000000
2.383383383	0.000000000	0.000000000	0.000000000	0.000000000	0.000000000	0.000000000
2.390390390	0.000000000	0.000000000	0.000000000	0.000000000	0.000000000	0.000000000
2.397397397	0.000000000	0.000000000	0.000000000	0.000000000	0.000000000	0.000000000
2.404404404	0.000000000	0.000000000	0.000000000	0.000000000	0.000000000	0.000000000
2.411411411	0.000000000	0.000000000	0.000000000	0.000000000	0.000000000	0.000000000
2.418418418	0.000000000	0.000000000	0.000000000	0.000000000	0.000000000	0.000000000
2.425425425	0.000000000	0.000000000	0.000000000	0.000000000	0.000000000	0.000000000
2.432432432	0.000000000	0.000000000	0.000000000	0.000000000	0.000000000	0.000000000
2.439439439	0.000000000	0.000000000	0.000000000	0.000000000	0.000000000	0.000000000
2.446446446	0.000000000	0.000000000	0.000000000	0.000000000	0.000000000	0.000000000
2.453453453	0.000000000	0.000000000	0.000000000	0.000000000	0.000000000	0.000000000
2.460460460	0.000000000	0.000000000	0.000000000	0.000000000	0.000000000	0.000000000
2.467467467	0.000000000	0.000000000	0.000000000	0.000000000	0.000000000	0.000000000
2.474474474	0.000000000	0.000000000	0.000000000	0.000000000	0.000000000	0.000000000
2.481481481	0.000000000	0.000000000	0.000000000	0.000000000	0.000000000	0.000000000
2.488488488	0.000000000	0.000000000	0.000000000	0.000000000	0.000000000	0.000000000
2.495495495	0.000000000	0.000000000	0.000000000	0.000000000	0.000000000	0.000000000
2.502502503	0.000000000	0.000000000	0.000000000	0.000000000	0.000000000	0.000000000
2.509509510	0.000000000	0.000000000	0.000000000	0.000000000	0.000000000	0.000000000
2.516516517	0.000000000	0.000000000	0.000000000	0.000000000	0.000000000	0.000000000
2.523523524	0.000000000	0.000000000	0.000000000	0.000000000	0.000000000	0.000000000
2.530530531	0.000000000	0.000000000	0.000000000	0.000000000	0.000000000	0.000000000
2.537537538	0.000000000	0.000000000	0.000000000	0.000000000	0.000000000	0.000000000
2.544544545	0.000000000	0.000000000	0.000000000	0.000000000	0.000000000	0.000000000
2.551551552	0.000000000	0.000000000	0.000000000	0.000000000	0.000000000	0.000000000
2.558558559	0.000000000	0.000000000	0.000000000	0.000000000	0.000000000	0.000000000
2.565565566	0.000000000	0.000000000	0.000000000	0.000000000	0.000000000	0.000000000
2.572572573	0.000000000	0.000000000	0.000000000	0.000000000	0.000000000	0.000000000
2.579579580	0.000000000	0.000000000	0.000000000	0.000000000	0.000000000	0.000000000
2.586586587	0.000000000	0.000000000	0.000000000	0.000000000	0.000000000	0.000000000
2.593593594	0.000000000	0.000000000	0.000000000	0.000000000	0.000000000	0.000000000
2.600600601	0.000000000	0.000000000	0.000000000	0.000000000	0.000000000	0.000000000
2.607607608	0.000000000	0.000000000	0.000000000	0.000000000	0.000000000	0.000000000
2.614614615	0.000000000	0.000000000	0.000000000	0.000000000	0.000000000	0.000000000
2.621621622	0.000000000	0.000000000	0.000000000	0.000000000	0.000000000	0.000000000
2.628628629	0.000000000	0.000000000	0.000000000	0.000000000	0.000000000	0.000000000
2.635635636	0.000000000	0.000000000	0.000000000	0.000000000	0.000000000	0.000000000
2.642642643	0.000000000	0.000000000	0.000000000	0.000000000	0.000000000	0.000000000
2.649649650	0.000000000	0.000000000	0.000000000	0.000000000	0.000000000	0.000000000
2.656656657	0.000000000	0.000000000	0.000000000	0.000000000	0.000000000	0.000000000
2.663663664	0.000000000	0.000000000	0.000000000	0.000000000	0.000000000	0.000000000
2.670670671	0.000000000	0.000000000	0.000000000	0.000000000	0.000000000	0.000000000
2.677677678	0.000000000	0.000000000	0.000000000	0.000000000	0.000000000	0.000000000
2.684684685	0.000000000	0.000000000	0.000000000	0.000000000	0.000000000	0.000000000
2.691691692	0.000000000	0.000000000	0.000000000	0.000000000	0.000000000	0.000000000
2.698698699	0.000000000	0.000000000	0.000000000	0.000000000	0.000000000	0.000000000
2.705705706	0.000000000	0.000000000	0.000000000	0.000000000	0.000000000	0.000000000
2.712712713	0.000000000	0.000000000	0.000000000	0.000000000	0.000000000	0.000000000
2.719719720	0.000000000	0.000000000	0.000000000	0.000000000	0.000000000	0.000000000
2.726726727	0.000000000	0.000000000	0.000000000	0.000000000	0.000000000	0.000000000
2.733733734	0.000000000	0.000000000	0.000000000	0.000000000	0.000000000	0.000000000
2.740740741	0.000000000	0.000000000	0.000000000	0.000000000	0.000000000	0.000000000
2.747747748	0.000000000	0.000000000	0.000000000	0.000000000	0.000000000	0.000000000
2.754754755	0.000000000	0.000000000	0.000000000	0.000000000	0.000000000	0.000000000
2.761761762	0.000000000	0.000000000	0.000000000	0.000000000	0.000000000	0.000000000
2.768768769	0.000000000	0.000000000	0.000000000	0.000000000	0.000000000	0.000000000
2.775775776	0.000000000	0.000000000	0.000000000	0.000000000	0.000000000	0.000000000
2.782782783	0.000000000	0.000000000	0.000000000	0.000000000	0.000000000	0.000000000
2.789789790	0.000000000	0.000000000	0.000000000	0.000000000	0.000000000	0.000000000
2.796796797	0.000000000	0.000000000	0.000000000	0.000000000	0.000000000	0.000000000
2.803803804	0.000000000	0.000000000	0.000000000	0.000000000	0.000000000	0.000000000
2.810810811	0.000000000	0.000000000	0.000000000	0.000000000	0.000000000	0.000000000
2.817817818	0.000000000	0.000000000	0.000000000	0.000000000	0.000000000	0.000000000
2.824824825	0.000000000	0.000000000	0.000000000	0.000000000	0.000000000	0.000000000
2.831831832	0.000000000	0.000000000	0.000000000	0.000000000	0.000000000	0.000000000
2.838838839	0.000000000	0.000000000	0.000000000	0.000000000	0.000000000	0.000000000
2.845845846	0.000000000	0.000000000	0.000000000	0.000000000	0.000000000	0.000000000
2.852852853	0.000000000	0.000000000	0.000000000	0.000000000	0.000000000	0.000000000
2.859859860	0.000000000	0.000000000	0.000000000	0.000000000	0.000000000	0.000000000
2.866866867	0.000000000	0.000000000	0.000000000	0.000000000	0.000000000	0.000000000
2.873873874	0.000000000	0.000000000	0.000000000	0.000000000	0.000000000	0.000000000
2.880880881	0.000000000	0.000000000	0.000000000	0.000000000	0.000000000	0.000000000
2.887887888	0.000000000	0.000000000	0.000000000	0.000000000	0.000000000	0.000000000
2.894894895	0.000000000	0.000000000	0.000000000	0.000000000	0.000000000	0.000000000
2.901901902	0.000000000	0.000000000	0.000000000	0.000000000	0.000000000	0.000000000
2.908908909	0.000000000	0.000000000	0.000000000	0.000000000	0.000000000	0.000000000
2.915915916	0.000000000	0.000000000	0.000000000	0.000000000	0.000000000	0.000000000
2.922922923	0.000000000	0.000000000	0.000000000	0.000000000	0.000000000	0.000000000
2.929929930	0.000000000	0.000000000	0.000000000	0.000000000	0.000000000	0.000000000
2.936936937	0.000000000	0.000000000	0.000000000	0.000000000	0.000000000	0.000000000
2.943943944	0.000000000	0.000000000	0.000000000	0.000000000	0.000000000	0.000000000
2.950950951	0.000000000	0.000000000	0.000000000	0.000000000	0.000000000	0.000000000
2.957957958	0.000000000	0.000000000	0.000000000	0.000000000	0.000000000	0.000000000
2.964964965	0.000000000	0.000000000	0.000000000	0.000000000	0.000000000	0.000000000
2.971971972	0.000000000	0.000000000	0.000000000	0.000000000	0.000000000	0.000000000
2.978978979	0.000000000	0.000000000	0.000000000	0.000000000	0.000000000	0.000000000
2.985985986	0.000000000	0.000000000	0.000000000	0.000000000	0.000000000	0.000000000
2.992992993	0.000000000	0.000000000	0.000000000	0.000000000	0.000000000	0.000000000
3.000000000	0.000000000	0.000000000	0.000000000	0.000000000	0.000000000	0.000000000