-4.000000000	0.004012231	0.002428956	0.004578147	0.001146038	0.005756157	0.002217296
-3.992992993	0.004083781	0.002475889	0.004665653	0.001169866	0.005842873	0.002262682
-3.985985986	0.004156546	0.002523690	0.004754735	0.001194174	0.005930855	0.002308957
-3.978978979	0.004230544	0.002572372	0.004845417	0.001218971	0.006020121	0.002356137
-3.971971972	0.004305795	0.002621953	0.004937728	0.001244267	0.006110689	0.002404239
-3.964964965	0.004382320	0.002672447	0.005031694	0.001270071	0.006202578	0.002453280
-3.957957958	0.004460138	0.002723870	0.005127343	0.001296393	0.006295805	0.002503278
-3.950950951	0.004539270	0.002776238	0.005224702	0.001323244	0.006390390	0.002554249
-3.943943944	0.004619737	0.002829569	0.005323799	0.001350633	0.006486352	0.002606212
-3.936936937	0.004701559	0.002883878	0.005424664	0.001378571	0.006583709	0.002659185
-3.929929930	0.004784759	0.002939182	0.005527325	0.001407068	0.006682482	0.002713187
-3.922922923	0.004869357	0.002995500	0.005631813	0.001436135	0.006782690	0.002768236
-3.915915916	0.004955377	0.003052847	0.005738156	0.001465783	0.006884352	0.002824352
-3.908908909	0.005042840	0.003111243	0.005846385	0.001496024	0.006987490	0.002881554
-3.901901902	0.005131769	0.003170705	0.005956532	0.001526868	0.007092124	0.002939863
-3.894894895	0.005222187	0.003231251	0.006068627	0.001558327	0.007198274	0.002999297
-3.887887888	0.005314117	0.003292900	0.006182702	0.001590413	0.007305962	0.003059879
-3.880880881	0.005407583	0.003355672	0.006298789	0.001623139	0.007415209	0.003121628
-3.873873874	0.005502608	0.003419585	0.006416922	0.001656515	0.007526037	0.003184566
-3.866866867	0.005599219	0.003484658	0.006537133	0.001690556	0.007638467	0.003248714
-3.859859860	0.005697438	0.003550913	0.006659455	0.001725272	0.007752522	0.003314095
-3.852852853	0.005797290	0.003618369	0.006783923	0.001760678	0.007868224	0.003380731
-3.845845846	0.005898802	0.003687046	0.006910572	0.001796786	0.007985596	0.003448644
-3.838838839	0.006002000	0.003756965	0.007039437	0.001833610	0.008104661	0.003517858
-3.831831832	0.006106908	0.003828148	0.007170552	0.001871164	0.008225443	0.003588396
-3.824824825	0.006213554	0.003900616	0.007303955	0.001909460	0.008347965	0.003660282
-3.817817818	0.006321964	0.003974390	0.007439681	0.001948515	0.008472251	0.003733539
-3.810810811	0.006432165	0.004049493	0.007577769	0.001988340	0.008598325	0.003808194
-3.803803804	0.006544186	0.004125948	0.007718255	0.002028952	0.008726212	0.003884270
-3.796796797	0.006658054	0.004203777	0.007861177	0.002070366	0.008855937	0.003961793
-3.789789790	0.006773797	0.004283004	0.008006575	0.002112596	0.008987525	0.004040790
-3.782782783	0.006891445	0.004363652	0.008154487	0.002155657	0.009121002	0.004121285
-3.775775776	0.007011026	0.004445745	0.008304954	0.002199566	0.009256393	0.004203307
-3.768768769	0.007132569	0.004529307	0.008458015	0.002244339	0.009393725	0.004286883
-3.761761762	0.007256106	0.004614363	0.008613712	0.002289991	0.009533025	0.004372039
-3.754754755	0.007381666	0.004700938	0.008772086	0.002336540	0.009674319	0.004458804
-3.747747748	0.007509279	0.004789058	0.008933179	0.002384002	0.009817634	0.004547207
-3.740740741	0.007638978	0.004878748	0.009097033	0.002432395	0.009962998	0.004637277
-3.733733734	0.007770793	0.004970035	0.009263692	0.002481735	0.010110440	0.004729042
-3.726726727	0.007904757	0.005062945	0.009433199	0.002532041	0.010259987	0.004822533
-3.719719720	0.008040903	0.005157505	0.009605600	0.002583330	0.010411667	0.004917781
-3.712712713	0.008179263	0.005253743	0.009780938	0.002635622	0.010565511	0.005014816
-3.705705706	0.008319870	0.005351687	0.009959259	0.002688934	0.010721547	0.005113669
-3.698698699	0.008462758	0.005451365	0.010140609	0.002743287	0.010879806	0.005214373
-3.691691692	0.008607962	0.005552806	0.010325036	0.002798698	0.011040316	0.005316961
-3.684684685	0.008755517	0.005656038	0.010512587	0.002855189	0.011203110	0.005421464
-3.677677678	0.008905457	0.005761092	0.010703309	0.002912779	0.011368217	0.005527916
-3.670670671	0.009057818	0.005867997	0.010897251	0.002971488	0.011535669	0.005636352
-3.663663664	0.009212636	0.005976784	0.011094463	0.003031337	0.011705498	0.005746806
-3.656656657	0.009369949	0.006087484	0.011294994	0.003092349	0.011877735	0.005859313
-3.649649650	0.009529792	0.006200129	0.011498896	0.003154543	0.012052414	0.005973909
-3.642642643	0.009692204	0.006314750	0.011706218	0.003217942	0.012229566	0.006090630
-3.635635636	0.009857223	0.006431379	0.011917015	0.003282568	0.012409227	0.006209512
-3.628628629	0.010024886	0.006550050	0.012131337	0.003348445	0.012591428	0.006330593
-3.621621622	0.010195235	0.006670796	0.012349238	0.003415594	0.012776204	0.006453911
-3.614614615	0.010368307	0.006793651	0.012570773	0.003484040	0.012963590	0.006579505
-3.607607608	0.010544143	0.006918648	0.012795995	0.003553806	0.013153621	0.006707414
-3.600600601	0.010722783	0.007045823	0.013024961	0.003624917	0.013346332	0.006837676
-3.593593594	0.010904270	0.007175212	0.013257726	0.003697397	0.013541759	0.006970334
-3.586586587	0.011088644	0.007306849	0.013494347	0.003771272	0.013739938	0.007105427
-3.579579580	0.011275947	0.007440772	0.013734882	0.003846566	0.013940907	0.007242997
-3.572572573	0.011466223	0.007577017	0.013979389	0.003923307	0.014144701	0.007383087
-3.565565566	0.011659515	0.007715622	0.014227926	0.004001521	0.014351359	0.007525739
-3.558558559	0.011855866	0.007856625	0.014480554	0.004081234	0.014560919	0.007670997
-3.551551552	0.012055321	0.008000064	0.014737333	0.004162473	0.014773420	0.007818906
-3.544544545	0.012257926	0.008145978	0.014998323	0.004245268	0.014988900	0.007969510
-3.537537538	0.012463724	0.008294407	0.015263588	0.004329645	0.015207399	0.008122854
-3.530530531	0.012672764	0.008445392	0.015533190	0.004415634	0.015428957	0.008278985
-3.523523524	0.012885091	0.008598974	0.015807192	0.004503265	0.015653615	0.008437950
-3.516516517	0.013100752	0.008755192	0.016085658	0.004592566	0.015881413	0.008599797
-3.509509510	0.013319796	0.008914091	0.016368654	0.004683569	0.016112393	0.008764574
-3.502502503	0.013542270	0.009075711	0.016656245	0.004776303	0.016346597	0.008932330
-3.495495495	0.013768225	0.009240097	0.016948498	0.004870801	0.016584067	0.009103114
-3.488488488	0.013997710	0.009407292	0.017245480	0.004967094	0.016824846	0.009276979
-3.481481481	0.014230774	0.009577341	0.017547259	0.005065215	0.017068979	0.009453974
-3.474474474	0.014467469	0.009750289	0.017853905	0.005165197	0.017316508	0.009634153
-3.467467467	0.014707847	0.009926181	0.018165487	0.005267072	0.017567478	0.009817567
-3.460460460	0.014951959	0.010105064	0.018482077	0.005370876	0.017821934	0.010004271
-3.453453453	0.015199859	0.010286985	0.018803744	0.005476642	0.018079923	0.010194319
-3.446446446	0.015451599	0.010471991	0.019130563	0.005584406	0.018341490	0.010387766
-3.439439439	0.015707234	0.010660131	0.019462605	0.005694204	0.018606681	0.010584669
-3.432432432	0.015966819	0.010851454	0.019799945	0.005806073	0.018875545	0.010785084
-3.425425425	0.016230408	0.011046009	0.020142657	0.005920048	0.019148128	0.010989069
-3.418418418	0.016498059	0.011243848	0.020490818	0.006036169	0.019424479	0.011196682
-3.411411411	0.016769827	0.011445020	0.020844504	0.006154472	0.019704647	0.011407983
-3.404404404	0.017045770	0.011649577	0.021203792	0.006274997	0.019988682	0.011623033
-3.397397397	0.017325947	0.011857573	0.021568761	0.006397784	0.020276634	0.011841892
-3.390390390	0.017610415	0.012069060	0.021939489	0.006522872	0.020568553	0.012064622
-3.383383383	0.017899234	0.012284092	0.022316057	0.006650303	0.020864490	0.012291286
-3.376376376	0.018192465	0.012502724	0.022698546	0.006780118	0.021164497	0.012521948
-3.369369369	0.018490168	0.012725012	0.023087037	0.006912359	0.021468628	0.012756672
-3.362362362	0.018792404	0.012951010	0.023481614	0.007047069	0.021776934	0.012995525
-3.355355355	0.019099237	0.013180777	0.023882359	0.007184292	0.022089469	0.013238572
-3.348348348	0.019410728	0.013414370	0.024289358	0.007324071	0.022406288	0.013485881
-3.341341341	0.019726942	0.013651847	0.024702695	0.007466452	0.022727446	0.013737521
-3.334334334	0.020047942	0.013893268	0.025122458	0.007611481	0.023052997	0.013993561
-3.327327327	0.020373795	0.014138692	0.025548733	0.007759204	0.023382999	0.014254071
-3.320320320	0.020704565	0.014388180	0.025981608	0.007909669	0.023717508	0.014519122
-3.313313313	0.021040320	0.014641795	0.026421173	0.008062923	0.024056581	0.014788786
-3.306306306	0.021381126	0.014899597	0.026867517	0.008219014	0.024400276	0.015063138
-3.299299299	0.021727052	0.015161652	0.027320732	0.008377994	0.024748653	0.015342251
-3.292292292	0.022078167	0.015428022	0.027780909	0.008539912	0.025101770	0.015626200
-3.285285285	0.022434540	0.015698772	0.028248142	0.008704818	0.025459688	0.015915061
-3.278278278	0.022796241	0.015973969	0.028722523	0.008872766	0.025822466	0.016208913
-3.271271271	0.023163342	0.016253679	0.029204148	0.009043808	0.026190168	0.016507833
-3.264264264	0.023535915	0.016537969	0.029693113	0.009217998	0.026562854	0.016811901
-3.257257257	0.023914032	0.016826907	0.030189513	0.009395389	0.026940587	0.017121197
-3.250250250	0.024297766	0.017120564	0.030693447	0.009576038	0.027323432	0.017435803
-3.243243243	0.024687193	0.017419008	0.031205013	0.009760001	0.027711451	0.017755801
-3.236236236	0.025082386	0.017722311	0.031724310	0.009947335	0.028104710	0.018081276
-3.229229229	0.025483422	0.018030546	0.032251439	0.010138097	0.028503275	0.018412311
-3.222222222	0.025890377	0.018343784	0.032786502	0.010332348	0.028907211	0.018748993
-3.215215215	0.026303329	0.018662099	0.033329600	0.010530146	0.029316585	0.019091409
-3.208208208	0.026722356	0.018985566	0.033880836	0.010731552	0.029731466	0.019439647
-3.201201201	0.027147537	0.019314261	0.034440316	0.010936629	0.030151922	0.019793797
-3.194194194	0.027578952	0.019648260	0.035008144	0.011145439	0.030578022	0.020153948
-3.187187187	0.028016681	0.019987641	0.035584427	0.011358045	0.031009835	0.020520193
-3.180180180	0.028460806	0.020332482	0.036169271	0.011574513	0.031447433	0.020892625
-3.173173173	0.028911410	0.020682862	0.036762785	0.011794908	0.031890886	0.021271336
-3.166166166	0.029368575	0.021038862	0.037365078	0.012019296	0.032340268	0.021656423
-3.159159159	0.029832385	0.021400563	0.037976260	0.012247746	0.032795651	0.022047982
-3.152152152	0.030302925	0.021768048	0.038596441	0.012480326	0.033257108	0.022446110
-3.145145145	0.030780281	0.022141400	0.039225734	0.012717106	0.033724714	0.022850907
-3.138138138	0.031264540	0.022520703	0.039864252	0.012958157	0.034198544	0.023262471
-3.131131131	0.031755787	0.022906043	0.040512109	0.013203550	0.034678675	0.023680905
-3.124124124	0.032254113	0.023297506	0.041169418	0.013453360	0.035165182	0.024106311
-3.117117117	0.032759605	0.023695179	0.041836297	0.013707659	0.035658145	0.024538792
-3.110110110	0.033272354	0.024099151	0.042512862	0.013966524	0.036157640	0.024978454
-3.103103103	0.033792450	0.024509512	0.043199230	0.014230031	0.036663747	0.025425402
-3.096096096	0.034319984	0.024926352	0.043895520	0.014498257	0.037176547	0.025879745
-3.089089089	0.034855050	0.025349763	0.044601851	0.014771281	0.037696120	0.026341591
-3.082082082	0.035397740	0.025779838	0.045318345	0.015049182	0.038222547	0.026811050
-3.075075075	0.035948149	0.026216669	0.046045122	0.015332043	0.038755911	0.027288234
-3.068068068	0.036506371	0.026660353	0.046782304	0.015619945	0.039296295	0.027773255
-3.061061061	0.037072502	0.027110985	0.047530016	0.015912972	0.039843783	0.028266227
-3.054054054	0.037646639	0.027568662	0.048288381	0.016211209	0.040398461	0.028767266
-3.047047047	0.038228880	0.028033482	0.049057523	0.016514741	0.040960414	0.029276487
-3.040040040	0.038819322	0.028505545	0.049837570	0.016823656	0.041529728	0.029794010
-3.033033033	0.039418066	0.028984951	0.050628647	0.017138043	0.042106491	0.030319953
-3.026026026	0.040025210	0.029471801	0.051430883	0.017457991	0.042690791	0.030854438
-3.019019019	0.040640857	0.029966198	0.052244406	0.017783591	0.043282717	0.031397585
-3.012012012	0.041265108	0.030468247	0.053069345	0.018114937	0.043882359	0.031949519
-3.005005005	0.041898065	0.030978051	0.053905831	0.018452121	0.044489809	0.032510364
-2.997997998	0.042539832	0.031495718	0.054753995	0.018795239	0.045105157	0.033080246
-2.990990991	0.043190514	0.032021353	0.055613968	0.019144388	0.045728497	0.033659293
-2.983983984	0.043850215	0.032555066	0.056485885	0.019499665	0.046359921	0.034247633
-2.976976977	0.044519043	0.033096967	0.057369877	0.019861169	0.046999524	0.034845397
-2.969969970	0.045197103	0.033647165	0.058266080	0.020229002	0.047647401	0.035452716
-2.962962963	0.045884503	0.034205773	0.059174628	0.020603266	0.048303648	0.036069724
-2.955955956	0.046581352	0.034772905	0.060095658	0.020984065	0.048968362	0.036696553
-2.948948949	0.047287760	0.035348673	0.061029307	0.021371502	0.049641641	0.037333341
-2.941941942	0.048003836	0.035933195	0.061975711	0.021765686	0.050323584	0.037980225
-2.934934935	0.048729692	0.036526586	0.062935009	0.022166723	0.051014289	0.038637342
-2.927927928	0.049465440	0.037128964	0.063907340	0.022574724	0.051713858	0.039304834
-2.920920921	0.050211192	0.037740449	0.064892844	0.022989799	0.052422392	0.039982840
-2.913913914	0.050967062	0.038361161	0.065891659	0.023412062	0.053139992	0.040671505
-2.906906907	0.051733164	0.038991221	0.066903929	0.023841626	0.053866763	0.041370971
-2.899899900	0.052509614	0.039630752	0.067929793	0.024278608	0.054602807	0.042081385
-2.892892893	0.053296526	0.040279878	0.068969395	0.024723123	0.055348230	0.042802893
-2.885885886	0.054094019	0.040938725	0.070022876	0.025175292	0.056103138	0.043535645
-2.878878879	0.054902210	0.041607419	0.071090381	0.025635235	0.056867637	0.044279788
-2.871871872	0.055721216	0.042286086	0.072172053	0.026103074	0.057641835	0.045035476
-2.864864865	0.056551156	0.042974858	0.073268037	0.026578933	0.058425841	0.045802859
-2.857857858	0.057392152	0.043673862	0.074378478	0.027062937	0.059219762	0.046582092
-2.850850851	0.058244323	0.044383232	0.075503520	0.027555214	0.060023711	0.047373331
-2.843843844	0.059107790	0.045103099	0.076643311	0.028055892	0.060837797	0.048176731
-2.836836837	0.059982675	0.045833597	0.077797995	0.028565102	0.061662134	0.048992451
-2.829829830	0.060869102	0.046574861	0.078967721	0.029082975	0.062496833	0.049820650
-2.822822823	0.061767193	0.047327028	0.080152635	0.029609647	0.063342008	0.050661489
-2.815815816	0.062677072	0.048090235	0.081352885	0.030145253	0.064197775	0.051515130
-2.808808809	0.063598866	0.048864621	0.082568618	0.030689930	0.065064248	0.052381737
-2.801801802	0.064532698	0.049650326	0.083799983	0.031243817	0.065941544	0.053261473
-2.794794795	0.065478695	0.050447492	0.085047127	0.031807056	0.066829781	0.054154506
-2.787787788	0.066436985	0.051256260	0.086310201	0.032379789	0.067729076	0.055061003
-2.780780781	0.067407693	0.052076774	0.087589351	0.032962162	0.068639548	0.055981131
-2.773773774	0.068390949	0.052909180	0.088884728	0.033554320	0.069561318	0.056915062
-2.766766767	0.069386881	0.053753624	0.090196480	0.034156412	0.070494506	0.057862967
-2.759759760	0.070395618	0.054610252	0.091524757	0.034768589	0.071439233	0.058825018
-2.752752753	0.071417290	0.055479214	0.092869708	0.035391002	0.072395623	0.059801389
-2.745745746	0.072452027	0.056360660	0.094231481	0.036023805	0.073363797	0.060792254
-2.738738739	0.073499960	0.057254740	0.095610227	0.036667154	0.074343881	0.061797791
-2.731731732	0.074561221	0.058161606	0.097006094	0.037321208	0.075336000	0.062818177
-2.724724725	0.075635941	0.059081413	0.098419231	0.037986125	0.076340278	0.063853590
-2.717717718	0.076724253	0.060014314	0.099849788	0.038662067	0.077356842	0.064904210
-2.710710711	0.077826289	0.060960466	0.101297912	0.039349199	0.078385821	0.065970218
-2.703703704	0.078942183	0.061920026	0.102763753	0.040047684	0.079427342	0.067051796
-2.696696697	0.080072069	0.062893151	0.104247459	0.040757692	0.080481533	0.068149127
-2.689689690	0.081216080	0.063880001	0.105749176	0.041479391	0.081548525	0.069262396
-2.682682683	0.082374351	0.064880736	0.107269053	0.042212953	0.082628449	0.070391788
-2.675675676	0.083547016	0.065895519	0.108807237	0.042958551	0.083721435	0.071537490
-2.668668669	0.084734212	0.066924511	0.110363873	0.043716361	0.084827615	0.072699687
-2.661661662	0.085936072	0.067967877	0.111939109	0.044486561	0.085947122	0.073878570
-2.654654655	0.087152733	0.069025781	0.113533088	0.045269329	0.087080089	0.075074327
-2.647647648	0.088384331	0.070098389	0.115145957	0.046064847	0.088226652	0.076287148
-2.640640641	0.089631001	0.071185869	0.116777858	0.046873300	0.089386943	0.077517225
-2.633633634	0.090892881	0.072288388	0.118428935	0.047694871	0.090561100	0.078764750
-2.626626627	0.092170105	0.073406116	0.120099330	0.048529750	0.091749257	0.080029914
-2.619619620	0.093462812	0.074539224	0.121789185	0.049378126	0.092951553	0.081312912
-2.612612613	0.094771137	0.075687881	0.123498640	0.050240191	0.094168124	0.082613938
-2.605605606	0.096095218	0.076852261	0.125227834	0.051116138	0.095399108	0.083933187
-2.598598599	0.097435190	0.078032537	0.126976905	0.052006164	0.096644645	0.085270855
-2.591591592	0.098791191	0.079228882	0.128745991	0.052910466	0.097904873	0.086627137
-2.584584585	0.100163357	0.080441472	0.130535228	0.053829244	0.099179932	0.088002231
-2.577577578	0.101551825	0.081670482	0.132344750	0.054762701	0.100469962	0.089396335
-2.570570571	0.102956732	0.082916091	0.134174690	0.055711041	0.101775105	0.090809645
-2.563563564	0.104378213	0.084178474	0.136025180	0.056674470	0.103095501	0.092242360
-2.556556557	0.105816405	0.085457811	0.137896350	0.057653197	0.104431293	0.093694679
-2.549549550	0.107271444	0.086754282	0.139788328	0.058647432	0.105782623	0.095166802
-2.542542543	0.108743465	0.088068066	0.141701242	0.059657387	0.107149634	0.096658926
-2.535535536	0.110232603	0.089399344	0.143635216	0.060683278	0.108532468	0.098171253
-2.528528529	0.111738994	0.090748299	0.145590374	0.061725320	0.109931269	0.099703981
-2.521521522	0.113262772	0.092115111	0.147566837	0.062783733	0.111346181	0.101257311
-2.514514515	0.114804070	0.093499965	0.149564723	0.063858738	0.112777349	0.102831442
-2.507507508	0.116363024	0.094903044	0.151584151	0.064950556	0.114224916	0.104426574
-2.500500501	0.117939765	0.096324532	0.153625234	0.066059414	0.115689027	0.106042908
-2.493493493	0.119534425	0.097764614	0.155688086	0.067185538	0.117169828	0.107680642
-2.486486486	0.121147138	0.099223475	0.157772815	0.068329158	0.118667463	0.109339977
-2.479479479	0.122778034	0.100701301	0.159879531	0.069490503	0.120182077	0.111021111
-2.472472472	0.124427242	0.102198279	0.162008337	0.070669807	0.121713817	0.112724244
-2.465465465	0.126094894	0.103714594	0.164159336	0.071867306	0.123262828	0.114449574
-2.458458458	0.127781116	0.105250435	0.166332627	0.073083235	0.124829255	0.116197298
-2.451451451	0.129486038	0.106805989	0.168528307	0.074317835	0.126413245	0.117967615
-2.444444444	0.131209786	0.108381442	0.170746469	0.075571345	0.128014941	0.119760721
-2.437437437	0.132952486	0.109976984	0.172987204	0.076844009	0.129634492	0.121576812
-2.430430430	0.134714261	0.111592802	0.175250598	0.078136071	0.131272040	0.123416082
-2.423423423	0.136495237	0.113229084	0.177536735	0.079447778	0.132927733	0.125278728
-2.416416416	0.138295535	0.114886019	0.179845695	0.080779379	0.134601715	0.127164940
-2.409409409	0.140115275	0.116563796	0.182177555	0.082131123	0.136294131	0.129074913
-2.402402402	0.141954579	0.118262601	0.184532387	0.083503262	0.138005126	0.131008836
-2.395395395	0.143813564	0.119982624	0.186910261	0.084896051	0.139734844	0.132966899
-2.388388388	0.145692347	0.121724054	0.189311242	0.086309745	0.141483430	0.134949291
-2.381381381	0.147591043	0.123487076	0.191735390	0.087744602	0.143251025	0.136956198
-2.374374374	0.149509765	0.125271881	0.194182762	0.089200880	0.145037775	0.138987805
-2.367367367	0.151448627	0.127078653	0.196653411	0.090678840	0.146843821	0.141044296
-2.360360360	0.153407737	0.128907582	0.199147383	0.092178744	0.148669305	0.143125853
-2.353353353	0.155387205	0.130758853	0.201664723	0.093700857	0.150514369	0.145232655
-2.346346346	0.157387137	0.132632652	0.204205469	0.095245443	0.152379153	0.147364879
-2.339339339	0.159407636	0.134529165	0.206769654	0.096812770	0.154263797	0.149522702
-2.332332332	0.161448807	0.136448576	0.209357307	0.098403106	0.156168441	0.151706296
-2.325325325	0.163510748	0.138391070	0.211968450	0.100016720	0.158093221	0.153915832
-2.318318318	0.165593558	0.140356829	0.214603103	0.101653884	0.160038277	0.156151479
-2.311311311	0.167697333	0.142346036	0.217261276	0.103314870	0.162003743	0.158413401
-2.304304304	0.169822165	0.144358873	0.219942978	0.104999951	0.163989756	0.160701762
-2.297297297	0.171968147	0.146395519	0.222648209	0.106709404	0.165996448	0.163016722
-2.290290290	0.174135365	0.148456153	0.225376964	0.108443502	0.168023954	0.165358436
-2.283283283	0.176323906	0.150540954	0.228129232	0.110202524	0.170072404	0.167727060
-2.276276276	0.178533852	0.152650099	0.230904995	0.111986748	0.172141928	0.170122741
-2.269269269	0.180765283	0.154783761	0.233704230	0.113796452	0.174232655	0.172545628
-2.262262262	0.183018277	0.156942115	0.236526907	0.115631916	0.176344713	0.174995863
-2.255255255	0.185292907	0.159125333	0.239372989	0.117493421	0.178478227	0.177473586
-2.248248248	0.187589245	0.161333585	0.242242431	0.119381248	0.180633320	0.179978931
-2.241241241	0.189907357	0.163567039	0.245135182	0.121295680	0.182810116	0.182512029
-2.234234234	0.192247309	0.165825863	0.248051184	0.123236998	0.185008733	0.185073007
-2.227227227	0.194609161	0.168110220	0.250990372	0.125205485	0.187229290	0.187661987
-2.220220220	0.196992971	0.170420273	0.253952671	0.127201426	0.189471905	0.190279087
-2.213213213	0.199398792	0.172756183	0.256938001	0.129225104	0.191736689	0.192924419
-2.206206206	0.201826674	0.175118106	0.259946272	0.131276803	0.194023757	0.195598091
-2.199199199	0.204276664	0.177506198	0.262977388	0.133356806	0.196333216	0.198300206
-2.192192192	0.206748804	0.179920612	0.266031242	0.135465397	0.198665174	0.201030861
-2.185185185	0.209243131	0.182361497	0.269107721	0.137602862	0.201019736	0.203790148
-2.178178178	0.211759681	0.184829001	0.272206701	0.139769482	0.203397003	0.206578152
-2.171171171	0.214298481	0.187323267	0.275328052	0.141965543	0.205797075	0.209394953
-2.164164164	0.216859559	0.189844437	0.278471632	0.144191325	0.208220048	0.212240626
-2.157157157	0.219442934	0.192392647	0.281637291	0.146447113	0.210666016	0.215115238
-2.150150150	0.222048622	0.194968033	0.284824871	0.148733187	0.213135067	0.218018850
-2.143143143	0.224676635	0.197570725	0.288034202	0.151049829	0.215627290	0.220951516
-2.136136136	0.227326980	0.200200849	0.291265105	0.153397318	0.218142769	0.223913285
-2.129129129	0.229999658	0.202858529	0.294517391	0.155775933	0.220681583	0.226904195
-2.122122122	0.232694664	0.205543883	0.297790863	0.158185952	0.223243809	0.229924280
-2.115115115	0.235411991	0.208257027	0.301085309	0.160627652	0.225829520	0.232973565
-2.108108108	0.238151624	0.210998071	0.304400510	0.163101306	0.228438785	0.236052068
-2.101101101	0.240913544	0.213767121	0.307736236	0.165607188	0.231071671	0.239159798
-2.094094094	0.243697724	0.216564279	0.311092244	0.168145569	0.233728236	0.242296757
-2.087087087	0.246504134	0.219389640	0.314468282	0.170716718	0.236408539	0.245462937
-2.080080080	0.249332737	0.222243297	0.317864086	0.173320903	0.239112633	0.248658323
-2.073073073	0.252183489	0.225125336	0.321279380	0.175958388	0.241840564	0.251882890
-2.066066066	0.255056342	0.228035838	0.324713876	0.178629436	0.244592376	0.255136603
-2.059059059	0.257951240	0.230974878	0.328167275	0.181334305	0.247368109	0.258419419
-2.052052052	0.260868121	0.233942526	0.331639266	0.184073254	0.250167794	0.261731286
-2.045045045	0.263806917	0.236938846	0.335129524	0.186846534	0.252991462	0.265072140
-2.038038038	0.266767552	0.239963896	0.338637713	0.189654397	0.255839135	0.268441908
-2.031031031	0.269749946	0.243017726	0.342163484	0.192497090	0.258710830	0.271840506
-2.024024024	0.272754008	0.246100382	0.345706476	0.195374854	0.261606560	0.275267841
-2.017017017	0.275779643	0.249211901	0.349266313	0.198287931	0.264526331	0.278723808
-2.010010010	0.278826748	0.252352316	0.352842606	0.201236554	0.267470144	0.282208289
-2.003003003	0.281895212	0.255521649	0.356434956	0.204220955	0.270437993	0.285721159
-1.995995996	0.284984916	0.258719918	0.360042945	0.207241359	0.273429865	0.289262276
-1.988988989	0.288095736	0.261947131	0.363666145	0.210297987	0.276445744	0.292831490
-1.981981982	0.291227538	0.265203290	0.367304114	0.213391057	0.279485603	0.296428638
-1.974974975	0.294380179	0.268488387	0.370956394	0.216520779	0.282549411	0.300053543
-1.967967968	0.297553511	0.271802409	0.374622513	0.219687358	0.285637128	0.303706017
-1.960960961	0.300747375	0.275145331	0.378301986	0.222890993	0.288748710	0.307385859
-1.953953954	0.303961606	0.278517121	0.381994313	0.226131878	0.291884102	0.311092853
-1.946946947	0.307196028	0.281917737	0.385698979	0.229410199	0.295043244	0.314826771
-1.939939940	0.310450459	0.285347129	0.389415452	0.232726137	0.298226066	0.318587371
-1.932932933	0.313724705	0.288805237	0.393143189	0.236079866	0.301432493	0.322374397
-1.925925926	0.317018566	0.292291991	0.396881628	0.239471550	0.304662439	0.326187577
-1.918918919	0.320331832	0.295807311	0.400630195	0.242901348	0.307915810	0.330026627
-1.911911912	0.323664283	0.299351108	0.404388298	0.246369411	0.311192506	0.333891247
-1.904904905	0.327015690	0.302923280	0.408155331	0.249875881	0.314492416	0.337781121
-1.897897898	0.330385814	0.306523717	0.411930671	0.253420892	0.317815419	0.341695919
-1.890890891	0.333774409	0.310152296	0.415713679	0.257004568	0.321161388	0.345635294
-1.883883884	0.337181216	0.313808883	0.419503703	0.260627025	0.324530184	0.349598884
-1.876876877	0.340605966	0.317493333	0.423300072	0.264288370	0.327921658	0.353586311
-1.869869870	0.344048383	0.321205488	0.427102100	0.267988698	0.331335654	0.357597180
-1.862862863	0.347508179	0.324945180	0.430909084	0.271728095	0.334772004	0.361631079
-1.855855856	0.350985054	0.328712227	0.434720306	0.275506636	0.338230529	0.365687579
-1.848848849	0.354478700	0.332506434	0.438535032	0.279324387	0.341711040	0.369766235
-1.841841842	0.357988797	0.336327594	0.442352511	0.283181399	0.345213338	0.373866583
-1.834834835	0.361515016	0.340175486	0.446171974	0.287077714	0.348737213	0.377988142
-1.827827828	0.365057014	0.344049875	0.449992638	0.291013362	0.352282443	0.382130413
-1.820820821	0.368614440	0.347950513	0.453813703	0.294988357	0.355848795	0.386292878
-1.813813814	0.372186930	0.351877137	0.457634353	0.299002704	0.359436023	0.390475002
-1.806806807	0.375774111	0.355829472	0.461453753	0.303056393	0.363043871	0.394676230
-1.799799800	0.379375594	0.359807224	0.465271054	0.307149400	0.366672070	0.398895989
-1.792792793	0.382990984	0.363810087	0.469085391	0.311281687	0.370320338	0.403133686
-1.785785786	0.386619872	0.367837739	0.472895881	0.315453202	0.373988381	0.407388709
-1.778778779	0.390261835	0.371889842	0.476701626	0.319663876	0.377675893	0.411660426
-1.771771772	0.393916442	0.375966042	0.480501711	0.323913626	0.381382552	0.415948186
-1.764764765	0.397583247	0.380065968	0.484295205	0.328202353	0.385108025	0.420251318
-1.757757758	0.401261795	0.384189234	0.488081161	0.332529941	0.388851966	0.424569130
-1.750750751	0.404951615	0.388335435	0.491858617	0.336896257	0.392614012	0.428900911
-1.743743744	0.408652227	0.392504152	0.495626593	0.341301150	0.396393788	0.433245927
-1.736736737	0.412363137	0.396694945	0.499384095	0.345744454	0.400190906	0.437603426
-1.729729730	0.416083839	0.400907358	0.503130114	0.350225980	0.404004960	0.441972633
-1.722722723	0.419813815	0.405140917	0.506863625	0.354745523	0.407835531	0.446352754
-1.715715716	0.423552533	0.409395128	0.510583586	0.359302860	0.411682185	0.450742972
-1.708708709	0.427299449	0.413669480	0.514288944	0.363897743	0.415544473	0.455142451
-1.701701702	0.431054006	0.417963442	0.517978628	0.368529910	0.419421929	0.459550330
-1.694694695	0.434815635	0.422276465	0.521651553	0.373199073	0.423314072	0.463965730
-1.687687688	0.438583753	0.426607978	0.525306622	0.377904925	0.427220405	0.468387749
-1.680680681	0.442357764	0.430957393	0.528942722	0.382647136	0.431140415	0.472815464
-1.673673674	0.446137061	0.435324099	0.532558727	0.387425354	0.435073571	0.477247928
-1.666666667	0.449921021	0.439707466	0.536153497	0.392239205	0.439019327	0.481684176
-1.659659660	0.453709009	0.444106844	0.539725882	0.397088290	0.442977120	0.486123218
-1.652652653	0.457500378	0.448521560	0.543274715	0.401972186	0.446946368	0.490564043
-1.645645646	0.461294466	0.452950922	0.546798819	0.406890446	0.450926473	0.495005619
-1.638638639	0.465090599	0.457394214	0.550297008	0.411842598	0.454916819	0.499446892
-1.631631632	0.468888089	0.461850701	0.553768079	0.416828142	0.458916772	0.503886785
-1.624624625	0.472686235	0.466319624	0.557210822	0.421846556	0.462925680	0.508324201
-1.617617618	0.476484323	0.470800201	0.560624017	0.426897288	0.466942873	0.512758020
-1.610610611	0.480281626	0.475291630	0.564006430	0.431979759	0.470967663	0.517187100
-1.603603604	0.484077403	0.479793085	0.567356823	0.437093363	0.474999341	0.521610279
-1.596596597	0.487870899	0.484303716	0.570673944	0.442237465	0.479037183	0.526026372
-1.589589590	0.491661348	0.488822652	0.573956537	0.447411402	0.483080441	0.530434175
-1.582582583	0.495447970	0.493348998	0.577203334	0.452614479	0.487128354	0.534832460
-1.575575576	0.499229971	0.497881834	0.580413064	0.457845975	0.491180135	0.539219980
-1.568568569	0.503006544	0.502420218	0.583584446	0.463105135	0.495234983	0.543595467
-1.561561562	0.506776870	0.506963184	0.586716196	0.468391174	0.499292074	0.547957632
-1.554554555	0.510540116	0.511509741	0.589807022	0.473703275	0.503350565	0.552305167
-1.547547548	0.514295438	0.516058874	0.592855629	0.479040591	0.507409595	0.556636741
-1.540540541	0.518041975	0.520609546	0.595860718	0.484402239	0.511468280	0.560951007
-1.533533534	0.521778859	0.525160693	0.598820987	0.489787305	0.515525718	0.565246595
-1.526526527	0.525505205	0.529711228	0.601735131	0.495194841	0.519580984	0.569522120
-1.519519520	0.529220117	0.534260039	0.604601845	0.500623865	0.523633137	0.573776175
-1.512512513	0.532922687	0.538805990	0.607419820	0.506073359	0.527681213	0.578007336
-1.505505506	0.536611994	0.543347919	0.610187750	0.511542273	0.531724226	0.582214161
-1.498498498	0.540287106	0.547884641	0.612904330	0.517029518	0.535761173	0.586395191
-1.491491491	0.543947078	0.552414947	0.615568253	0.522533971	0.539791028	0.590548949
-1.484484484	0.547590953	0.556937601	0.618178219	0.528054472	0.543812745	0.594673942
-1.477477477	0.551217763	0.561451344	0.620732930	0.533589825	0.547825258	0.598768662
-1.470470470	0.554826530	0.565954893	0.623231090	0.539138796	0.551827480	0.602831584
-1.463463463	0.558416262	0.570446940	0.625671411	0.544700113	0.555818303	0.606861169
-1.456456456	0.561985959	0.574926153	0.628052610	0.550272468	0.559796600	0.610855865
-1.449449449	0.565534606	0.579391175	0.630373413	0.555854513	0.563761222	0.614814104
-1.442442442	0.569061182	0.583840626	0.632632551	0.561444861	0.567711000	0.618734306
-1.435435435	0.572564654	0.588273103	0.634828767	0.567042088	0.571644746	0.622614881
-1.428428428	0.576043977	0.592687178	0.636960812	0.572644730	0.575561251	0.626454224
-1.421421421	0.579498099	0.597081400	0.639027450	0.578251284	0.579459285	0.630250721
-1.414414414	0.582925957	0.601454294	0.641027456	0.583860205	0.583337600	0.634002749
-1.407407407	0.586326479	0.605804366	0.642959618	0.589469912	0.587194927	0.637708675
-1.400400400	0.589698584	0.610130095	0.644822739	0.595078781	0.591029979	0.641366856
-1.393393393	0.593041183	0.614429940	0.646615637	0.600685150	0.594841448	0.644975644
-1.386386386	0.596353178	0.618702339	0.648337145	0.606287316	0.598628008	0.648533385
-1.379379379	0.599633462	0.622945707	0.649986117	0.611883535	0.602388315	0.652038416
-1.372372372	0.602880924	0.627158439	0.651561421	0.617472025	0.606121005	0.655489072
-1.365365365	0.606094441	0.631338910	0.653061947	0.623050960	0.609824697	0.658883683
-1.358358358	0.609272886	0.635485475	0.654486605	0.628618477	0.613497992	0.662220579
-1.351351351	0.612415124	0.639596469	0.655834327	0.634172673	0.617139474	0.665498085
-1.344344344	0.615520017	0.643670209	0.657104068	0.639711602	0.620747710	0.668714526
-1.337337337	0.618586416	0.647704992	0.658294805	0.645233282	0.624321249	0.671868230
-1.330330330	0.621613171	0.651699100	0.659405541	0.650735687	0.627858626	0.674957524
-1.323323323	0.624599125	0.655650797	0.660435305	0.656216757	0.631358359	0.677980739
-1.316316316	0.627543117	0.659558331	0.661383153	0.661674387	0.634818951	0.680936209
-1.309309309	0.630443982	0.663419933	0.662248168	0.667106439	0.638238892	0.683822274
-1.302302302	0.633300552	0.667233822	0.663029463	0.672510733	0.641616655	0.686637280
-1.295295295	0.636111654	0.670998202	0.663726179	0.677885052	0.644950703	0.689379580
-1.288288288	0.638876113	0.674711263	0.664337490	0.683227142	0.648239484	0.692047536
-1.281281281	0.641592753	0.678371184	0.664862602	0.688534712	0.651481433	0.694639521
-1.274274274	0.644260396	0.681976133	0.665300751	0.693805436	0.654674977	0.697153917
-1.267267267	0.646877861	0.685524266	0.665651209	0.699036951	0.657818528	0.699589122
-1.260260260	0.649443967	0.689013732	0.665913283	0.704226859	0.660910492	0.701943543
-1.253253253	0.651957534	0.692442671	0.666086314	0.709372730	0.663949264	0.704215608
-1.246246246	0.654417381	0.695809213	0.666169680	0.714472099	0.666933228	0.706403756
-1.239239239	0.656822327	0.699111486	0.666162796	0.719522471	0.669860766	0.708506448
-1.232232232	0.659171195	0.702347611	0.666065116	0.724521317	0.672730248	0.710522161
-1.225225225	0.661462807	0.705515704	0.665876131	0.729466079	0.675540041	0.712449395
-1.218218218	0.663695989	0.708613881	0.665595372	0.734354171	0.678288506	0.714286671
-1.211211211	0.665869569	0.711640253	0.665222412	0.739182979	0.680974002	0.716032532
-1.204204204	0.667982378	0.714592933	0.664756861	0.743949860	0.683594882	0.717685548
-1.197197197	0.670033253	0.717470034	0.664198375	0.748652149	0.686149499	0.719244312
-1.190190190	0.672021033	0.720269672	0.663546647	0.753287154	0.688636204	0.720707448
-1.183183183	0.673944563	0.722989965	0.662801417	0.757852161	0.691053351	0.722073604
-1.176176176	0.675802694	0.725629038	0.661962465	0.762344437	0.693399290	0.723341462
-1.169169169	0.677594282	0.728185019	0.661029615	0.766761227	0.695672379	0.724509734
-1.162162162	0.679318190	0.730656046	0.660002736	0.771099760	0.697870976	0.725577163
-1.155155155	0.680973290	0.733040265	0.658881739	0.775357246	0.699993445	0.726542528
-1.148148148	0.682558458	0.735335833	0.657666582	0.779530884	0.702038155	0.727404641
-1.141141141	0.684072581	0.737540917	0.656357266	0.783617858	0.704003484	0.728162354
-1.134134134	0.685514554	0.739653699	0.654953837	0.787615341	0.705887816	0.728814552
-1.127127127	0.686883280	0.741672373	0.653456385	0.791520498	0.707689547	0.729360162
-1.120120120	0.688177674	0.743595151	0.651865047	0.795330487	0.709407082	0.729798150
-1.113113113	0.689396658	0.745420263	0.650180003	0.799042460	0.711038839	0.730127523
-1.106106106	0.690539168	0.747145954	0.648401480	0.802653569	0.712583251	0.730347329
-1.099099099	0.691604147	0.748770494	0.646529748	0.806160961	0.714038763	0.730456663
-1.092092092	0.692590554	0.750292171	0.644565123	0.809561788	0.715403838	0.730454659
-1.085085085	0.693497357	0.751709297	0.642507963	0.812853205	0.716676957	0.730340501
-1.078078078	0.694323536	0.753020210	0.640358674	0.816032372	0.717856619	0.730113417
-1.071071071	0.695068086	0.754223271	0.638117703	0.819096458	0.718941343	0.729772681
-1.064064064	0.695730012	0.755316871	0.635785541	0.822042642	0.719929671	0.729317616
-1.057057057	0.696308336	0.756299426	0.633362721	0.824868117	0.720820168	0.728747594
-1.050050050	0.696802090	0.757169385	0.630849820	0.827570091	0.721611421	0.728062036
-1.043043043	0.697210322	0.757925227	0.628247455	0.830145790	0.722302045	0.727260413
-1.036036036	0.697532094	0.758565462	0.625556285	0.832592459	0.722890682	0.726342246
-1.029029029	0.697766483	0.759088635	0.622777009	0.834907368	0.723376001	0.725307107
-1.022022022	0.697912577	0.759493325	0.619910365	0.837087810	0.723756703	0.724154619
-1.015015015	0.697969484	0.759778147	0.616957130	0.839131108	0.724031519	0.722884459
-1.008008008	0.697936323	0.759941750	0.613918118	0.841034612	0.724199210	0.721496352
-1.001001001	0.697812228	0.759982825	0.610794179	0.842795705	0.724258574	0.719990080
-0.993993994	0.697596351	0.759900099	0.607586200	0.844411808	0.724208443	0.718365474
-0.986986987	0.697287855	0.759692337	0.604295101	0.845880375	0.724047683	0.716622417
-0.979979980	0.696885920	0.759358347	0.600921835	0.847198901	0.723775198	0.714760847
-0.972972973	0.696389739	0.758896976	0.597467388	0.848364923	0.723389932	0.712780750
-0.965965966	0.695798521	0.758307112	0.593932773	0.849376021	0.722890865	0.710682168
-0.958958959	0.695111488	0.757587684	0.590319037	0.850229821	0.722277019	0.708465191
-0.951951952	0.694327876	0.756737665	0.586627249	0.850923996	0.721547457	0.706129960
-0.944944945	0.693446934	0.755756069	0.582858508	0.851456271	0.720701283	0.703676668
-0.937937938	0.692467924	0.754641952	0.579013936	0.851824419	0.719737644	0.701105557
-0.930930931	0.691390119	0.753394412	0.575094675	0.852026269	0.718655731	0.698416915
-0.923923924	0.690212807	0.752012590	0.571101890	0.852059702	0.717454776	0.695611081
-0.916916917	0.688935282	0.750495667	0.567036766	0.851922657	0.716134058	0.692688437
-0.909909910	0.687556852	0.748842867	0.562900503	0.851613128	0.714692899	0.689649412
-0.902902903	0.686076831	0.747053452	0.558694315	0.851129167	0.713130667	0.686494478
-0.895895896	0.684494542	0.745126726	0.554419432	0.850468886	0.711446773	0.683224151
-0.888888889	0.682809315	0.743062030	0.550077092	0.849630455	0.709640674	0.679838984
-0.881881882	0.681020485	0.740858743	0.545668542	0.848612101	0.707711871	0.676339571
-0.874874875	0.679127390	0.738516277	0.541195038	0.847412113	0.705659909	0.672726541
-0.867867868	0.677129370	0.736034082	0.536657836	0.846028838	0.703484377	0.669000559
-0.860860861	0.675025767	0.733411637	0.532058196	0.844460678	0.701184905	0.665162320
-0.853853854	0.672815919	0.730648451	0.527397377	0.842706094	0.698761167	0.661212550
-0.846846847	0.670499162	0.727744061	0.522676633	0.840763602	0.696212875	0.657151999
-0.839839840	0.668074825	0.724698026	0.517897213	0.838631768	0.693539781	0.652981443
-0.832832833	0.665542228	0.721509927	0.513060356	0.836309212	0.690741673	0.648701677
-0.825825826	0.662900680	0.718179364	0.508167292	0.833794598	0.687818375	0.644313514
-0.818818819	0.660149474	0.714705946	0.503219232	0.831086635	0.684769743	0.639817777
-0.811811812	0.657287886	0.711089295	0.498217371	0.828184069	0.681595661	0.635215303
-0.804804805	0.654315169	0.707329034	0.493162885	0.825085682	0.678296041	0.630506929
-0.797797798	0.651230550	0.703424785	0.488056922	0.821790283	0.674870815	0.625693495
-0.790790791	0.648033228	0.699376165	0.482900605	0.818296701	0.671319936	0.620775836
-0.783783784	0.644722363	0.695182772	0.477695024	0.814603779	0.667643367	0.615754777
-0.776776777	0.641297078	0.690844189	0.472441234	0.810710364	0.663841080	0.610631127
-0.769769770	0.637756448	0.686359964	0.467140253	0.806615297	0.659913050	0.605405674
-0.762762763	0.634099495	0.681729611	0.461793052	0.802317403	0.655859243	0.600079179
-0.755755756	0.630325184	0.676952594	0.456400558	0.797815475	0.651679616	0.594652367
-0.748748749	0.626432410	0.672028322	0.450963645	0.793108263	0.647374099	0.589125918
-0.741741742	0.622419995	0.666956132	0.445483129	0.788194452	0.642942594	0.583500466
-0.734734735	0.618286675	0.661735280	0.439959766	0.783072650	0.638384955	0.577776582
-0.727727728	0.614031092	0.656364923	0.434394243	0.777741363	0.633700984	0.571954769
-0.720720721	0.609651783	0.650844108	0.428787173	0.772198972	0.628890407	0.566035451
-0.713713714	0.605147166	0.645171752	0.423139094	0.766443703	0.623952867	0.560018960
-0.706706707	0.600515527	0.639346622	0.417450453	0.760473601	0.618887898	0.553905524
-0.699699700	0.595755007	0.633367315	0.411721608	0.754286493	0.613694907	0.547695256
-0.692692693	0.590863582	0.627232232	0.405952813	0.747879945	0.608373148	0.541388137
-0.685685686	0.585839045	0.620939554	0.400144215	0.741251222	0.602921697	0.534983998
-0.678678679	0.580678988	0.614487207	0.394295841	0.734397231	0.597339413	0.528482504
-0.671671672	0.575380774	0.607872832	0.388407592	0.727314461	0.591624908	0.521883134
-0.664664665	0.569941512	0.601093744	0.382479228	0.719998916	0.585776500	0.515185156
-0.657657658	0.564358030	0.594146890	0.376510358	0.712446032	0.579792160	0.508387605
-0.650650651	0.558626835	0.587028794	0.370500425	0.704650583	0.573669455	0.501489251
-0.643643644	0.552744081	0.579735505	0.364448696	0.696606568	0.567405478	0.494488568
-0.636636637	0.546705519	0.572262527	0.358354239	0.688307085	0.560996760	0.487383701
-0.629629630	0.540506452	0.564604742	0.352215906	0.679744174	0.554439176	0.480172420
-0.622622623	0.534141674	0.556756324	0.346032316	0.670908631	0.547727818	0.472852073
-0.615615616	0.527605400	0.548710630	0.339801827	0.661789788	0.540856855	0.465419534
-0.608608609	0.520891194	0.540460082	0.333522510	0.652375243	0.533819349	0.457871138
-0.601601602	0.513991875	0.531996016	0.327192118	0.642650532	0.526607038	0.450202608
-0.594594595	0.506899408	0.523308512	0.320808053	0.632598727	0.519210060	0.442408968
-0.587587588	0.499604779	0.514386185	0.314367321	0.622199927	0.511616610	0.434484441
-0.580580581	0.492097848	0.505215932	0.307866487	0.611430631	0.503812499	0.426422332
-0.573573574	0.484367162	0.495782624	0.301301617	0.600262926	0.495780589	0.418214879
-0.566566567	0.476399744	0.486068723	0.294668218	0.588663454	0.487500054	0.409853086
-0.559559560	0.468180824	0.476053814	0.287961155	0.576592041	0.478945396	0.401326507
-0.552552553	0.459693517	0.465714003	0.281174560	0.563999892	0.470085125	0.392622993
-0.545545546	0.450918422	0.455021162	0.274301725	0.550827134	0.460879922	0.383728369
-0.538538539	0.441833116	0.443941939	0.267334965	0.536999407	0.451280070	0.374626044
-0.531531532	0.432411518	0.432436474	0.260265458	0.522423042	0.441221719	0.365296499
-0.524524525	0.422623071	0.420456667	0.253083040	0.506978012	0.430621321	0.355716650
-0.517517518	0.412431677	0.407943837	0.245775961	0.490507291	0.419367004	0.345859008
-0.510510511	0.401794288	0.394825444	0.238330567	0.472800146	0.407304633	0.335690574
-0.503503504	0.390659009	0.381010415	0.230730901	0.453564573	0.394213987	0.325171356
-0.496496496	0.378962484	0.366382248	0.222958187	0.432378953	0.379765183	0.314252336
-0.489489489	0.366626224	0.350788484	0.214990149	0.408600307	0.363431422	0.302872603
-0.482482482	0.353551272	0.334023900	0.206800110	0.381170568	0.344291129	0.290955235
-0.475475475	0.339610232	0.315802197	0.198355754	0.348139663	0.320487730	0.278401148
-0.468468468	0.324634851	0.295704927	0.189617405	0.305164958	0.287203075	0.265079568
-0.461461461	0.308395738	0.273080601	0.180535568	0.237769117	0.219714686	0.250812580
-0.454454454	0.290567171	0.246818638	0.171047284	0.000000000	0.000000000	0.235348518
-0.447447447	0.270661125	0.214736810	0.161070546	0.000000000	0.000000000	0.218312602
-0.440440440	0.247889888	0.171263164	0.150495325	0.000000000	0.000000000	0.199105550
-0.433433433	0.220833480	0.084530587	0.139168296	0.000000000	0.000000000	0.176663035
-0.426426426	0.186415284	0.000000000	0.126864863	0.000000000	0.000000000	0.148738943
-0.419419419	0.134782188	0.000000000	0.113232562	0.000000000	0.000000000	0.108580901
-0.412412412	0.000000000	0.000000000	0.097659177	0.000000000	0.000000000	0.000000000
-0.405405405	0.000000000	0.000000000	0.078888766	0.000000000	0.000000000	0.000000000
-0.398398398	0.000000000	0.000000000	0.053301119	0.000000000	0.000000000	0.000000000
-0.391391391	0.000000000	0.000000000	0.000000000	0.000000000	0.000000000	0.000000000
-0.384384384	0.000000000	0.000000000	0.000000000	0.000000000	0.000000000	0.000000000
-0.377377377	0.000000000	0.000000000	0.000000000	0.000000000	0.000000000	0.000000000
-0.370370370	0.000000000	0.000000000	0.000000000	0.000000000	0.000000000	0.000000000
-0.363363363	0.000000000	0.000000000	0.000000000	0.000000000	0.000000000	0.000000000
-0.356356356	0.000000000	0.000000000	0.000000000	0.000000000	0.000000000	0.000000000
-0.349349349	0.000000000	0.000000000	0.000000000	0.000000000	0.000000000	0.000000000
-0.342342342	0.000000000	0.000000000	0.000000000	0.000000000	0.000000000	0.000000000
-0.335335335	0.000000000	0.000000000	0.000000000	0.000000000	0.000000000	0.000000000
-0.328328328	0.000000000	0.000000000	0.000000000	0.000000000	0.000000000	0.000000000
-0.321321321	0.000000000	0.000000000	0.000000000	0.000000000	0.000000000	0.000000000
-0.314314314	0.000000000	0.000000000	0.000000000	0.000000000	0.000000000	0.000000000
-0.307307307	0.000000000	0.000000000	0.000000000	0.000000000	0.000000000	0.000000000
-0.300300300	0.000000000	0.000000000	0.000000000	0.000000000	0.000000000	0.000000000
-0.293293293	0.000000000	0.000000000	0.000000000	0.000000000	0.000000000	0.000000000
-0.286286286	0.000000000	0.000000000	0.000000000	0.000000000	0.000000000	0.000000000
-0.279279279	0.000000000	0.000000000	0.000000000	0.000000000	0.000000000	0.000000000
-0.272272272	0.000000000	0.000000000	0.000000000	0.000000000	0.000000000	0.000000000
-0.265265265	0.000000000	0.000000000	0.000000000	0.000000000	0.000000000	0.000000000
-0.258258258	0.000000000	0.000000000	0.000000000	0.000000000	0.000000000	0.000000000
-0.251251251	0.000000000	0.000000000	0.000000000	0.000000000	0.000000000	0.000000000
-0.244244244	0.000000000	0.000000000	0.000000000	0.000000000	0.000000000	0.000000000
-0.237237237	0.000000000	0.000000000	0.000000000	0.000000000	0.000000000	0.000000000
-0.230230230	0.000000000	0.000000000	0.000000000	0.000000000	0.000000000	0.000000000
-0.223223223	0.000000000	0.000000000	0.000000000	0.000000000	0.000000000	0.000000000
-0.216216216	0.000000000	0.000000000	0.000000000	0.000000000	0.000000000	0.000000000
-0.209209209	0.000000000	0.000000000	0.000000000	0.000000000	0.000000000	0.000000000
-0.202202202	0.000000000	0.000000000	0.000000000	0.000000000	0.000000000	0.000000000
-0.195195195	0.000000000	0.000000000	0.000000000	0.000000000	0.000000000	0.000000000
-0.188188188	0.000000000	0.000000000	0.000000000	0.000000000	0.000000000	0.000000000
-0.181181181	0.000000000	0.000000000	0.000000000	0.000000000	0.000000000	0.000000000
-0.174174174	0.000000000	0.000000000	0.000000000	0.000000000	0.000000000	0.000000000
-0.167167167	0.000000000	0.000000000	0.000000000	0.000000000	0.000000000	0.000000000
-0.160160160	0.000000000	0.000000000	0.000000000	0.000000000	0.000000000	0.000000000
-0.153153153	0.000000000	0.000000000	0.000000000	0.000000000	0.000000000	0.000000000
-0.146146146	0.000000000	0.000000000	0.000000000	0.000000000	0.000000000	0.000000000
-0.139139139	0.000000000	0.000000000	0.000000000	0.000000000	0.000000000	0.000000000
-0.132132132	0.000000000	0.000000000	0.000000000	0.000000000	0.000000000	0.000000000
-0.125125125	0.000000000	0.000000000	0.000000000	0.000000000	0.000000000	0.000000000
-0.118118118	0.000000000	0.000000000	0.000000000	0.000000000	0.000000000	0.000000000
-0.111111111	0.000000000	0.000000000	0.000000000	0.000000000	0.000000000	0.000000000
-0.104104104	0.000000000	0.000000000	0.000000000	0.000000000	0.000000000	0.000000000
-0.097097097	0.000000000	0.000000000	0.000000000	0.000000000	0.000000000	0.000000000
-0.090090090	0.000000000	0.000000000	0.000000000	0.000000000	0.000000000	0.000000000
-0.083083083	0.000000000	0.000000000	0.000000000	0.000000000	0.000000000	0.000000000
-0.076076076	0.000000000	0.000000000	0.000000000	0.000000000	0.000000000	0.000000000
-0.069069069	0.000000000	0.000000000	0.000000000	0.000000000	0.000000000	0.000000000
-0.062062062	0.000000000	0.000000000	0.000000000	0.000000000	0.000000000	0.000000000
-0.055055055	0.000000000	0.000000000	0.000000000	0.000000000	0.000000000	0.000000000
-0.048048048	0.000000000	0.000000000	0.000000000	0.000000000	0.000000000	0.000000000
-0.041041041	0.000000000	0.000000000	0.000000000	0.000000000	0.000000000	0.000000000
-0.034034034	0.000000000	0.000000000	0.000000000	0.000000000	0.000000000	0.000000000
-0.027027027	0.000000000	0.000000000	0.000000000	0.000000000	0.000000000	0.000000000
-0.020020020	0.000000000	0.000000000	0.000000000	0.000000000	0.000000000	0.000000000
-0.013013013	0.000000000	0.000000000	0.000000000	0.000000000	0.000000000	0.000000000
-0.006006006	0.000000000	0.000000000	0.000000000	0.000000000	0.000000000	0.000000000
0.001001001	0.000000000	0.000000000	0.000000000	0.000000000	0.000000000	0.000000000
0.008008008	0.000000000	0.000000000	0.000000000	0.000000000	0.000000000	0.000000000
0.015015015	0.000000000	0.000000000	0.000000000	0.000000000	0.000000000	0.000000000
0.022022022	0.000000000	0.000000000	0.000000000	0.000000000	0.000000000	0.000000000
0.029029029	0.000000000	0.000000000	0.000000000	0.000000000	0.000000000	0.000000000
0.036036036	0.000000000	0.000000000	0.000000000	0.000000000	0.000000000	0.000000000
0.043043043	0.000000000	0.000000000	0.000000000	0.000000000	0.000000000	0.000000000
0.050050050	0.000000000	0.000000000	0.000000000	0.000000000	0.000000000	0.000000000
0.057057057	0.000000000	0.000000000	0.000000000	0.000000000	0.000000000	0.000000000
0.064064064	0.000000000	0.000000000	0.000000000	0.000000000	0.000000000	0.000000000
0.071071071	0.000000000	0.000000000	0.000000000	0.000000000	0.000000000	0.000000000
0.078078078	0.000000000	0.000000000	0.000000000	0.000000000	0.000000000	0.000000000
0.085085085	0.000000000	0.000000000	0.000000000	0.000000000	0.000000000	0.000000000
0.092092092	0.000000000	0.000000000	0.000000000	0.000000000	0.000000000	0.000000000
0.099099099	0.000000000	0.000000000	0.000000000	0.000000000	0.000000000	0.000000000
0.106106106	0.000000000	0.000000000	0.000000000	0.000000000	0.000000000	0.000000000
0.113113113	0.000000000	0.000000000	0.000000000	0.000000000	0.000000000	0.000000000
0.120120120	0.000000000	0.000000000	0.000000000	0.000000000	0.000000000	0.000000000
0.127127127	0.000000000	0.000000000	0.000000000	0.000000000	0.000000000	0.000000000
0.134134134	0.000000000	0.000000000	0.000000000	0.000000000	0.000000000	0.000000000
0.141141141	0.000000000	0.000000000	0.000000000	0.000000000	0.000000000	0.000000000
0.148148148	0.000000000	0.000000000	0.000000000	0.000000000	0.000000000	0.000000000
0.155155155	0.000000000	0.000000000	0.000000000	0.000000000	0.000000000	0.000000000
0.162162162	0.000000000	0.000000000	0.000000000	0.000000000	0.000000000	0.000000000
0.169169169	0.000000000	0.000000000	0.000000000	0.000000000	0.000000000	0.000000000
0.176176176	0.000000000	0.000000000	0.000000000	0.000000000	0.000000000	0.000000000
0.183183183	0.000000000	0.000000000	0.000000000	0.000000000	0.000000000	0.000000000
0.190190190	0.000000000	0.000000000	0.000000000	0.000000000	0.000000000	0.000000000
0.197197197	0.000000000	0.000000000	0.000000000	0.000000000	0.000000000	0.000000000
0.204204204	0.000000000	0.000000000	0.000000000	0.000000000	0.000000000	0.000000000
0.211211211	0.000000000	0.000000000	0.000000000	0.000000000	0.000000000	0.000000000
0.218218218	0.000000000	0.000000000	0.000000000	0.000000000	0.000000000	0.000000000
0.225225225	0.000000000	0.000000000	0.000000000	0.000000000	0.000000000	0.000000000
0.232232232	0.000000000	0.000000000	0.000000000	0.000000000	0.000000000	0.000000000
0.239239239	0.000000000	0.000000000	0.000000000	0.000000000	0.000000000	0.000000000
0.246246246	0.000000000	0.000000000	0.000000000	0.000000000	0.000000000	0.000000000
0.253253253	0.000000000	0.000000000	0.000000000	0.000000000	0.000000000	0.000000000
0.260260260	0.000000000	0.000000000	0.000000000	0.000000000	0.000000000	0.000000000
0.267267267	0.000000000	0.000000000	0.000000000	0.000000000	0.000000000	0.000000000
0.274274274	0.000000000	0.000000000	0.000000000	0.000000000	0.000000000	0.000000000
0.281281281	0.000000000	0.000000000	0.000000000	0.000000000	0.000000000	0.000000000
0.288288288	0.000000000	0.000000000	0.000000000	0.000000000	0.000000000	0.000000000
0.295295295	0.000000000	0.000000000	0.000000000	0.000000000	0.000000000	0.000000000
0.302302302	0.000000000	0.000000000	0.000000000	0.000000000	0.000000000	0.000000000
0.309309309	0.000000000	0.000000000	0.000000000	0.000000000	0.000000000	0.000000000
0.316316316	0.000000000	0.000000000	0.000000000	0.000000000	0.000000000	0.000000000
0.323323323	0.000000000	0.000000000	0.000000000	0.000000000	0.000000000	0.000000000
0.330330330	0.000000000	0.000000000	0.000000000	0.000000000	0.000000000	0.000000000
0.337337337	0.000000000	0.000000000	0.000000000	0.000000000	0.000000000	0.000000000
0.344344344	0.000000000	0.000000000	0.000000000	0.000000000	0.000000000	0.000000000
0.351351351	0.000000000	0.000000000	0.000000000	0.000000000	0.000000000	0.000000000
0.358358358	0.000000000	0.000000000	0.000000000	0.000000000	0.000000000	0.000000000
0.365365365	0.000000000	0.000000000	0.000000000	0.000000000	0.000000000	0.000000000
0.372372372	0.000000000	0.000000000	0.000000000	0.000000000	0.000000000	0.000000000
0.379379379	0.000000000	0.000000000	0.000000000	0.000000000	0.000000000	0.000000000
0.386386386	0.000000000	0.000000000	0.000000000	0.000000000	0.000000000	0.000000000
0.393393393	0.000000000	0.000000000	0.000000000	0.000000000	0.000000000	0.000000000
0.400400400	0.000000000	0.000000000	0.000000000	0.000000000	0.000000000	0.000000000
0.407407407	0.000000000	0.000000000	0.000000000	0.000000000	0.000000000	0.000000000
0.414414414	0.000000000	0.000000000	0.000000000	0.000000000	0.000000000	0.000000000
0.421421421	0.000000000	0.000000000	0.000000000	0.000000000	0.000000000	0.000000000
0.428428428	0.000000000	0.000000000	0.000000000	0.000000000	0.000000000	0.000000000
0.435435435	0.000000000	0.000000000	0.000000000	0.000000000	0.000000000	0.000000000
0.442442442	0.000000000	0.000000000	0.000000000	0.000000000	0.000000000	0.000000000
0.449449449	0.000000000	0.000000000	0.000000000	0.000000000	0.000000000	0.000000000
0.456456456	0.000000000	0.000000000	0.000000000	0.000000000	0.000000000	0.000000000
0.463463463	0.000000000	0.000000000	0.000000000	0.000000000	0.000000000	0.000000000
0.470470470	0.000000000	0.000000000	0.000000000	0.000000000	0.000000000	0.000000000
0.477477477	0.000000000	0.000000000	0.000000000	0.000000000	0.000000000	0.000000000
0.484484484	0.000000000	0.000000000	0.000000000	0.000000000	0.000000000	0.000000000
0.491491491	0.000000000	0.000000000	0.000000000	0.000000000	0.000000000	0.000000000
0.498498498	0.000000000	0.000000000	0.000000000	0.000000000	0.000000000	0.000000000
0.505505506	0.000000000	0.000000000	0.000000000	0.000000000	0.000000000	0.000000000
0.512512513	0.000000000	0.000000000	0.000000000	0.000000000	0.000000000	0.000000000
0.519519520	0.000000000	0.000000000	0.000000000	0.000000000	0.000000000	0.000000000
0.526526527	0.000000000	0.000000000	0.000000000	0.000000000	0.000000000	0.000000000
0.533533534	0.000000000	0.000000000	0.000000000	0.000000000	0.000000000	0.000000000
0.540540541	0.000000000	0.000000000	0.000000000	0.000000000	0.000000000	0.000000000
0.547547548	0.000000000	0.000000000	0.000000000	0.000000000	0.000000000	0.000000000
0.554554555	0.000000000	0.000000000	0.000000000	0.000000000	0.000000000	0.000000000
0.561561562	0.000000000	0.000000000	0.000000000	0.000000000	0.000000000	0.000000000
0.568568569	0.000000000	0.000000000	0.000000000	0.000000000	0.000000000	0.000000000
0.575575576	0.000000000	0.000000000	0.000000000	0.000000000	0.000000000	0.000000000
0.582582583	0.000000000	0.000000000	0.000000000	0.000000000	0.000000000	0.000000000
0.589589590	0.000000000	0.000000000	0.000000000	0.000000000	0.000000000	0.000000000
0.596596597	0.000000000	0.000000000	0.000000000	0.000000000	0.000000000	0.000000000
0.603603604	0.000000000	0.000000000	0.000000000	0.000000000	0.000000000	0.000000000
0.610610611	0.000000000	0.000000000	0.000000000	0.000000000	0.000000000	0.000000000
0.617617618	0.000000000	0.000000000	0.000000000	0.000000000	0.000000000	0.000000000
0.624624625	0.000000000	0.000000000	0.000000000	0.000000000	0.000000000	0.000000000
0.631631632	0.000000000	0.000000000	0.000000000	0.000000000	0.000000000	0.000000000
0.638638639	0.000000000	0.000000000	0.000000000	0.000000000	0.000000000	0.000000000
0.645645646	0.000000000	0.000000000	0.000000000	0.000000000	0.000000000	0.000000000
0.652652653	0.000000000	0.000000000	0.000000000	0.000000000	0.000000000	0.000000000
0.659659660	0.000000000	0.000000000	0.000000000	0.000000000	0.000000000	0.000000000
0.666666667	0.000000000	0.000000000	0.000000000	0.000000000	0.000000000	0.000000000
0.673673674	0.000000000	0.000000000	0.000000000	0.000000000	0.000000000	0.000000000
0.680680681	0.000000000	0.000000000	0.000000000	0.000000000	0.000000000	0.000000000
0.687687688	0.000000000	0.000000000	0.000000000	0.000000000	0.000000000	0.000000000
0.694694695	0.000000000	0.000000000	0.000000000	0.000000000	0.000000000	0.000000000
0.701701702	0.000000000	0.000000000	0.000000000	0.000000000	0.000000000	0.000000000
0.708708709	0.000000000	0.000000000	0.000000000	0.000000000	0.000000000	0.000000000
0.715715716	0.000000000	0.000000000	0.000000000	0.000000000	0.000000000	0.000000000
0.722722723	0.000000000	0.000000000	0.000000000	0.000000000	0.000000000	0.000000000
0.729729730	0.000000000	0.000000000	0.000000000	0.000000000	0.000000000	0.000000000
0.736736737	0.000000000	0.000000000	0.000000000	0.000000000	0.000000000	0.000000000
0.743743744	0.000000000	0.000000000	0.000000000	0.000000000	0.000000000	0.000000000
0.750750751	0.000000000	0.000000000	0.000000000	0.000000000	0.000000000	0.000000000
0.757757758	0.000000000	0.000000000	0.000000000	0.000000000	0.000000000	0.000000000
0.764764765	0.000000000	0.000000000	0.000000000	0.000000000	0.000000000	0.000000000
0.771771772	0.000000000	0.000000000	0.000000000	0.000000000	0.000000000	0.000000000
0.778778779	0.000000000	0.000000000	0.000000000	0.000000000	0.000000000	0.000000000
0.785785786	0.000000000	0.000000000	0.000000000	0.000000000	0.000000000	0.000000000
0.792792793	0.000000000	0.000000000	0.000000000	0.000000000	0.000000000	0.000000000
0.799799800	0.000000000	0.000000000	0.000000000	0.000000000	0.000000000	0.000000000
0.806806807	0.000000000	0.000000000	0.000000000	0.000000000	0.000000000	0.000000000
0.813813814	0.000000000	0.000000000	0.000000000	0.000000000	0.000000000	0.000000000
0.820820821	0.000000000	0.000000000	0.000000000	0.000000000	0.000000000	0.000000000
0.827827828	0.000000000	0.000000000	0.000000000	0.000000000	0.000000000	0.000000000
0.834834835	0.000000000	0.000000000	0.000000000	0.000000000	0.000000000	0.000000000
0.841841842	0.000000000	0.000000000	0.000000000	0.000000000	0.000000000	0.000000000
0.848848849	0.000000000	0.000000000	0.000000000	0.000000000	0.000000000	0.000000000
0.855855856	0.000000000	0.000000000	0.000000000	0.000000000	0.000000000	0.000000000
0.862862863	0.000000000	0.000000000	0.000000000	0.000000000	0.000000000	0.000000000
0.869869870	0.000000000	0.000000000	0.000000000	0.000000000	0.000000000	0.000000000
0.876876877	0.000000000	0.000000000	0.000000000	0.000000000	0.000000000	0.000000000
0.883883884	0.000000000	0.000000000	0.000000000	0.000000000	0.000000000	0.000000000
0.890890891	0.000000000	0.000000000	0.000000000	0.000000000	0.000000000	0.000000000
0.897897898	0.000000000	0.000000000	0.000000000	0.000000000	0.000000000	0.000000000
0.904904905	0.000000000	0.000000000	0.000000000	0.000000000	0.000000000	0.000000000
0.911911912	0.000000000	0.000000000	0.000000000	0.000000000	0.000000000	0.000000000
0.918918919	0.000000000	0.000000000	0.000000000	0.000000000	0.000000000	0.000000000
0.925925926	0.000000000	0.000000000	0.000000000	0.000000000	0.000000000	0.000000000
0.932932933	0.000000000	0.000000000	0.000000000	0.000000000	0.000000000	0.000000000
0.939939940	0.000000000	0.000000000	0.000000000	0.000000000	0.000000000	0.000000000
0.946946947	0.000000000	0.000000000	0.000000000	0.000000000	0.000000000	0.000000000
0.953953954	0.000000000	0.000000000	0.000000000	0.000000000	0.000000000	0.000000000
0.960960961	0.000000000	0.000000000	0.000000000	0.000000000	0.000000000	0.000000000
0.967967968	0.000000000	0.000000000	0.000000000	0.000000000	0.000000000	0.000000000
0.974974975	0.000000000	0.000000000	0.000000000	0.000000000	0.000000000	0.000000000
0.981981982	0.000000000	0.000000000	0.000000000	0.000000000	0.000000000	0.000000000
0.988988989	0.000000000	0.000000000	0.000000000	0.000000000	0.000000000	0.000000000
0.995995996	0.000000000	0.000000000	0.000000000	0.000000000	0.000000000	0.000000000
1.003003003	0.000000000	0.000000000	0.000000000	0.000000000	0.000000000	0.000000000
1.010010010	0.000000000	0.000000000	0.000000000	0.000000000	0.000000000	0.000000000
1.017017017	0.000000000	0.000000000	0.000000000	0.000000000	0.000000000	0.000000000
1.024024024	0.000000000	0.000000000	0.000000000	0.000000000	0.000000000	0.000000000
1.031031031	0.000000000	0.000000000	0.000000000	0.000000000	0.000000000	0.000000000
1.038038038	0.000000000	0.000000000	0.000000000	0.000000000	0.000000000	0.000000000
1.045045045	0.000000000	0.000000000	0.000000000	0.000000000	0.000000000	0.000000000
1.052052052	0.000000000	0.000000000	0.000000000	0.000000000	0.000000000	0.000000000
1.059059059	0.000000000	0.000000000	0.000000000	0.000000000	0.000000000	0.000000000
1.066066066	0.000000000	0.000000000	0.000000000	0.000000000	0.000000000	0.000000000
1.073073073	0.000000000	0.000000000	0.000000000	0.000000000	0.000000000	0.000000000
1.080080080	0.000000000	0.000000000	0.000000000	0.000000000	0.000000000	0.000000000
1.087087087	0.000000000	0.000000000	0.000000000	0.000000000	0.000000000	0.000000000
1.094094094	0.000000000	0.000000000	0.000000000	0.000000000	0.000000000	0.000000000
1.101101101	0.000000000	0.000000000	0.000000000	0.000000000	0.000000000	0.000000000
1.108108108	0.000000000	0.000000000	0.000000000	0.000000000	0.000000000	0.000000000
1.115115115	0.000000000	0.000000000	0.000000000	0.000000000	0.000000000	0.000000000
1.122122122	0.000000000	0.000000000	0.000000000	0.000000000	0.000000000	0.000000000
1.129129129	0.000000000	0.000000000	0.000000000	0.000000000	0.000000000	0.000000000
1.136136136	0.000000000	0.000000000	0.000000000	0.000000000	0.000000000	0.000000000
1.143143143	0.000000000	0.000000000	0.000000000	0.000000000	0.000000000	0.000000000
1.150150150	0.000000000	0.000000000	0.000000000	0.000000000	0.000000000	0.000000000
1.157157157	0.000000000	0.000000000	0.000000000	0.000000000	0.000000000	0.000000000
1.164164164	0.000000000	0.000000000	0.000000000	0.000000000	0.000000000	0.000000000
1.171171171	0.000000000	0.000000000	0.000000000	0.000000000	0.000000000	0.000000000
1.178178178	0.000000000	0.000000000	0.000000000	0.000000000	0.000000000	0.000000000
1.185185185	0.000000000	0.000000000	0.000000000	0.000000000	0.000000000	0.000000000
1.192192192	0.000000000	0.000000000	0.000000000	0.000000000	0.000000000	0.000000000
1.199199199	0.000000000	0.000000000	0.000000000	0.000000000	0.000000000	0.000000000
1.206206206	0.000000000	0.000000000	0.000000000	0.000000000	0.000000000	0.000000000
1.213213213	0.000000000	0.000000000	0.000000000	0.000000000	0.000000000	0.000000000
1.220220220	0.000000000	0.000000000	0.000000000	0.000000000	0.000000000	0.000000000
1.227227227	0.000000000	0.000000000	0.000000000	0.000000000	0.000000000	0.000000000
1.234234234	0.000000000	0.000000000	0.000000000	0.000000000	0.000000000	0.000000000
1.241241241	0.000000000	0.000000000	0.000000000	0.000000000	0.000000000	0.000000000
1.248248248	0.000000000	0.000000000	0.000000000	0.000000000	0.000000000	0.000000000
1.255255255	0.000000000	0.000000000	0.000000000	0.000000000	0.000000000	0.000000000
1.262262262	0.000000000	0.000000000	0.000000000	0.000000000	0.000000000	0.000000000
1.269269269	0.000000000	0.000000000	0.000000000	0.000000000	0.000000000	0.000000000
1.276276276	0.000000000	0.000000000	0.000000000	0.000000000	0.000000000	0.000000000
1.283283283	0.000000000	0.000000000	0.000000000	0.000000000	0.000000000	0.000000000
1.290290290	0.000000000	0.000000000	0.000000000	0.000000000	0.000000000	0.000000000
1.297297297	0.000000000	0.000000000	0.000000000	0.000000000	0.000000000	0.000000000
1.304304304	0.000000000	0.000000000	0.000000000	0.000000000	0.000000000	0.000000000
1.311311311	0.000000000	0.000000000	0.000000000	0.000000000	0.000000000	0.000000000
1.318318318	0.000000000	0.000000000	0.000000000	0.000000000	0.000000000	0.000000000
1.325325325	0.000000000	0.000000000	0.000000000	0.000000000	0.000000000	0.000000000
1.332332332	0.000000000	0.000000000	0.000000000	0.000000000	0.000000000	0.000000000
1.339339339	0.000000000	0.000000000	0.000000000	0.000000000	0.000000000	0.000000000
1.346346346	0.000000000	0.000000000	0.000000000	0.000000000	0.000000000	0.000000000
1.353353353	0.000000000	0.000000000	0.000000000	0.000000000	0.000000000	0.000000000
1.360360360	0.000000000	0.000000000	0.000000000	0.000000000	0.000000000	0.000000000
1.367367367	0.000000000	0.000000000	0.000000000	0.000000000	0.000000000	0.000000000
1.374374374	0.000000000	0.000000000	0.000000000	0.000000000	0.000000000	0.000000000
1.381381381	0.000000000	0.000000000	0.000000000	0.000000000	0.000000000	0.000000000
1.388388388	0.000000000	0.000000000	0.000000000	0.000000000	0.000000000	0.000000000
1.395395395	0.000000000	0.000000000	0.000000000	0.000000000	0.000000000	0.000000000
1.402402402	0.000000000	0.000000000	0.000000000	0.000000000	0.000000000	0.000000000
1.409409409	0.000000000	0.000000000	0.000000000	0.000000000	0.000000000	0.000000000
1.416416416	0.000000000	0.000000000	0.000000000	0.000000000	0.000000000	0.000000000
1.423423423	0.000000000	0.000000000	0.000000000	0.000000000	0.000000000	0.000000000
1.430430430	0.000000000	0.000000000	0.000000000	0.000000000	0.000000000	0.000000000
1.437437437	0.000000000	0.000000000	0.000000000	0.000000000	0.000000000	0.000000000
1.444444444	0.000000000	0.000000000	0.000000000	0.000000000	0.000000000	0.000000000
1.451451451	0.000000000	0.000000000	0.000000000	0.000000000	0.000000000	0.000000000
1.458458458	0.000000000	0.000000000	0.000000000	0.000000000	0.000000000	0.000000000
1.465465465	0.000000000	0.000000000	0.000000000	0.000000000	0.000000000	0.000000000
1.472472472	0.000000000	0.000000000	0.000000000	0.000000000	0.000000000	0.000000000
1.479479479	0.000000000	0.000000000	0.000000000	0.000000000	0.000000000	0.000000000
1.486486486	0.000000000	0.000000000	0.000000000	0.000000000	0.000000000	0.000000000
1.493493493	0.000000000	0.000000000	0.000000000	0.000000000	0.000000000	0.000000000
1.500500501	0.000000000	0.000000000	0.000000000	0.000000000	0.000000000	0.000000000
1.507507508	0.000000000	0.000000000	0.000000000	0.000000000	0.000000000	0.000000000
1.514514515	0.000000000	0.000000000	0.000000000	0.000000000	0.000000000	0.000000000
1.521521522	0.000000000	0.000000000	0.000000000	0.000000000	0.000000000	0.000000000
1.528528529	0.000000000	0.000000000	0.000000000	0.000000000	0.000000000	0.000000000
1.535535536	0.000000000	0.000000000	0.000000000	0.000000000	0.000000000	0.000000000
1.542542543	0.000000000	0.000000000	0.000000000	0.000000000	0.000000000	0.000000000
1.549549550	0.000000000	0.000000000	0.000000000	0.000000000	0.000000000	0.000000000
1.556556557	0.000000000	0.000000000	0.000000000	0.000000000	0.000000000	0.000000000
1.563563564	0.000000000	0.000000000	0.000000000	0.000000000	0.000000000	0.000000000
1.570570571	0.000000000	0.000000000	0.000000000	0.000000000	0.000000000	0.000000000
1.577577578	0.000000000	0.000000000	0.000000000	0.000000000	0.000000000	0.000000000
1.584584585	0.000000000	0.000000000	0.000000000	0.000000000	0.000000000	0.000000000
1.591591592	0.000000000	0.000000000	0.000000000	0.000000000	0.000000000	0.000000000
1.598598599	0.000000000	0.000000000	0.000000000	0.000000000	0.000000000	0.000000000
1.605605606	0.000000000	0.000000000	0.000000000	0.000000000	0.000000000	0.000000000
1.612612613	0.000000000	0.000000000	0.000000000	0.000000000	0.000000000	0.000000000
1.619619620	0.000000000	0.000000000	0.000000000	0.000000000	0.000000000	0.000000000
1.626626627	0.000000000	0.000000000	0.000000000	0.000000000	0.000000000	0.000000000
1.633633634	0.000000000	0.000000000	0.000000000	0.000000000	0.000000000	0.000000000
1.640640641	0.000000000	0.000000000	0.000000000	0.000000000	0.000000000	0.000000000
1.647647648	0.000000000	0.000000000	0.000000000	0.000000000	0.000000000	0.000000000
1.654654655	0.000000000	0.000000000	0.000000000	0.000000000	0.000000000	0.000000000
1.661661662	0.000000000	0.000000000	0.000000000	0.000000000	0.000000000	0.000000000
1.668668669	0.000000000	0.000000000	0.000000000	0.000000000	0.000000000	0.000000000
1.675675676	0.000000000	0.000000000	0.000000000	0.000000000	0.000000000	0.000000000
1.682682683	0.000000000	0.000000000	0.000000000	0.000000000	0.000000000	0.000000000
1.689689690	0.000000000	0.000000000	0.000000000	0.000000000	0.000000000	0.000000000
1.696696697	0.000000000	0.000000000	0.000000000	0.000000000	0.000000000	0.000000000
1.703703704	0.000000000	0.000000000	0.000000000	0.000000000	0.000000000	0.000000000
1.710710711	0.000000000	0.000000000	0.000000000	0.000000000	0.000000000	0.000000000
1.717717718	0.000000000	0.000000000	0.000000000	0.000000000	0.000000000	0.000000000
1.724724725	0.000000000	0.000000000	0.000000000	0.000000000	0.000000000	0.000000000
1.731731732	0.000000000	0.000000000	0.000000000	0.000000000	0.000000000	0.000000000
1.738738739	0.000000000	0.000000000	0.000000000	0.000000000	0.000000000	0.000000000
1.745745746	0.000000000	0.000000000	0.000000000	0.000000000	0.000000000	0.000000000
1.752752753	0.000000000	0.000000000	0.000000000	0.000000000	0.000000000	0.000000000
1.759759760	0.000000000	0.000000000	0.000000000	0.000000000	0.000000000	0.000000000
1.766766767	0.000000000	0.000000000	0.000000000	0.000000000	0.000000000	0.000000000
1.773773774	0.000000000	0.000000000	0.000000000	0.000000000	0.000000000	0.000000000
1.780780781	0.000000000	0.000000000	0.000000000	0.000000000	0.000000000	0.000000000
1.787787788	0.000000000	0.000000000	0.000000000	0.000000000	0.000000000	0.000000000
1.794794795	0.000000000	0.000000000	0.000000000	0.000000000	0.000000000	0.000000000
1.801801802	0.000000000	0.000000000	0.000000000	0.000000000	0.000000000	0.000000000
1.808808809	0.000000000	0.000000000	0.000000000	0.000000000	0.000000000	0.000000000
1.815815816	0.000000000	0.000000000	0.000000000	0.000000000	0.000000000	0.000000000
1.822822823	0.000000000	0.000000000	0.000000000	0.000000000	0.000000000	0.000000000
1.829829830	0.000000000	0.000000000	0.000000000	0.000000000	0.000000000	0.000000000
1.836836837	0.000000000	0.000000000	0.000000000	0.000000000	0.000000000	0.000000000
1.843843844	0.000000000	0.000000000	0.000000000	0.000000000	0.000000000	0.000000000
1.850850851	0.000000000	0.000000000	0.000000000	0.000000000	0.000000000	0.000000000
1.857857858	0.000000000	0.000000000	0.000000000	0.000000000	0.000000000	0.000000000
1.864864865	0.000000000	0.000000000	0.000000000	0.000000000	0.000000000	0.000000000
1.871871872	0.000000000	0.000000000	0.000000000	0.000000000	0.000000000	0.000000000
1.878878879	0.000000000	0.000000000	0.000000000	0.000000000	0.000000000	0.000000000
1.885885886	0.000000000	0.000000000	0.000000000	0.000000000	0.000000000	0.000000000
1.892892893	0.000000000	0.000000000	0.000000000	0.000000000	0.000000000	0.000000000
1.899899900	0.000000000	0.000000000	0.000000000	0.000000000	0.000000000	0.000000000
1.906906907	0.000000000	0.000000000	0.000000000	0.000000000	0.000000000	0.000000000
1.913913914	0.000000000	0.000000000	0.000000000	0.000000000	0.000000000	0.000000000
1.920920921	0.000000000	0.000000000	0.000000000	0.000000000	0.000000000	0.000000000
1.927927928	0.000000000	0.000000000	0.000000000	0.000000000	0.000000000	0.000000000
1.934934935	0.000000000	0.000000000	0.000000000	0.000000000	0.000000000	0.000000000
1.941941942	0.000000000	0.000000000	0.000000000	0.000000000	0.000000000	0.000000000
1.948948949	0.000000000	0.000000000	0.000000000	0.000000000	0.000000000	0.000000000
1.955955956	0.000000000	0.000000000	0.000000000	0.000000000	0.000000000	0.000000000
1.962962963	0.000000000	0.000000000	0.000000000	0.000000000	0.000000000	0.000000000
1.969969970	0.000000000	0.000000000	0.000000000	0.000000000	0.000000000	0.000000000
1.976976977	0.000000000	0.000000000	0.000000000	0.000000000	0.000000000	0.000000000
1.983983984	0.000000000	0.000000000	0.000000000	0.000000000	0.000000000	0.000000000
1.990990991	0.000000000	0.000000000	0.000000000	0.000000000	0.000000000	0.000000000
1.997997998	0.000000000	0.000000000	0.000000000	0.000000000	0.000000000	0.000000000
2.005005005	0.000000000	0.000000000	0.000000000	0.000000000	0.000000000	0.000000000
2.012012012	0.000000000	0.000000000	0.000000000	0.000000000	0.000000000	0.000000000
2.019019019	0.000000000	0.000000000	0.000000000	0.000000000	0.000000000	0.000000000
2.026026026	0.000000000	0.000000000	0.000000000	0.000000000	0.000000000	0.000000000
2.033033033	0.000000000	0.000000000	0.000000000	0.000000000	0.000000000	0.000000000
2.040040040	0.000000000	0.000000000	0.000000000	0.000000000	0.000000000	0.000000000
2.047047047	0.000000000	0.000000000	0.000000000	0.000000000	0.000000000	0.000000000
2.054054054	0.000000000	0.000000000	0.000000000	0.000000000	0.000000000	0.000000000
2.061061061	0.000000000	0.000000000	0.000000000	0.000000000	0.000000000	0.000000000
2.068068068	0.000000000	0.000000000	0.000000000	0.000000000	0.000000000	0.000000000
2.075075075	0.000000000	0.000000000	0.000000000	0.000000000	0.000000000	0.000000000
2.082082082	0.000000000	0.000000000	0.000000000	0.000000000	0.000000000	0.000000000
2.089089089	0.000000000	0.000000000	0.000000000	0.000000000	0.000000000	0.000000000
2.096096096	0.000000000	0.000000000	0.000000000	0.000000000	0.000000000	0.000000000
2.103103103	0.000000000	0.000000000	0.000000000	0.000000000	0.000000000	0.000000000
2.110110110	0.000000000	0.000000000	0.000000000	0.000000000	0.000000000	0.000000000
2.117117117	0.000000000	0.000000000	0.000000000	0.000000000	0.000000000	0.000000000
2.124124124	0.000000000	0.000000000	0.000000000	0.000000000	0.000000000	0.000000000
2.131131131	0.000000000	0.000000000	0.000000000	0.000000000	0.000000000	0.000000000
2.138138138	0.000000000	0.000000000	0.000000000	0.000000000	0.000000000	0.000000000
2.145145145	0.000000000	0.000000000	0.000000000	0.000000000	0.000000000	0.000000000
2.152152152	0.000000000	0.000000000	0.000000000	0.000000000	0.000000000	0.000000000
2.159159159	0.000000000	0.000000000	0.000000000	0.000000000	0.000000000	0.000000000
2.166166166	0.000000000	0.000000000	0.000000000	0.000000000	0.000000000	0.000000000
2.173173173	0.000000000	0.000000000	0.000000000	0.000000000	0.000000000	0.000000000
2.180180180	0.000000000	0.000000000	0.000000000	0.000000000	0.000000000	0.000000000
2.187187187	0.000000000	0.000000000	0.000000000	0.000000000	0.000000000	0.000000000
2.194194194	0.000000000	0.000000000	0.000000000	0.000000000	0.000000000	0.000000000
2.201201201	0.000000000	0.000000000	0.000000000	0.000000000	0.000000000	0.000000000
2.208208208	0.000000000	0.000000000	0.000000000	0.000000000	0.000000000	0.000000000
2.215215215	0.000000000	0.000000000	0.000000000	0.000000000	0.000000000	0.000000000
2.222222222	0.000000000	0.000000000	0.000000000	0.000000000	0.000000000	0.000000000
2.229229229	0.000000000	0.000000000	0.000000000	0.000000000	0.000000000	0.000000000
2.236236236	0.000000000	0.000000000	0.000000000	0.000000000	0.000000000	0.000000000
2.243243243	0.000000000	0.000000000	0.000000000	0.000000000	0.000000000	0.000000000
2.250250250	0.000000000	0.000000000	0.000000000	0.000000000	0.000000000	0.000000000
2.257257257	0.000000000	0.000000000	0.000000000	0.000000000	0.000000000	0.000000000
2.264264264	0.000000000	0.000000000	0.000000000	0.000000000	0.000000000	0.000000000
2.271271271	0.000000000	0.000000000	0.000000000	0.000000000	0.000000000	0.000000000
2.278278278	0.000000000	0.000000000	0.000000000	0.000000000	0.000000000	0.000000000
2.285285285	0.000000000	0.000000000	0.000000000	0.000000000	0.000000000	0.000000000
2.292292292	0.000000000	0.000000000	0.000000000	0.000000000	0.000000000	0.000000000
2.299299299	0.000000000	0.000000000	0.000000000	0.000000000	0.000000000	0.000000000
2.306306306	0.000000000	0.000000000	0.000000000	0.000000000	0.000000000	0.000000000
2.313313313	0.000000000	0.000000000	0.000000000	0.000000000	0.000000000	0.000000000
2.320320320	0.000000000	0.000000000	0.000000000	0.000000000	0.000000000	0.000000000
2.327327327	0.000000000	0.000000000	0.000000000	0.000000000	0.000000000	0.000000000
2.334334334	0.000000000	0.000000000	0.000000000	0.000000000	0.000000000	0.000000000
2.341341341	0.000000000	0.000000000	0.000000000	0.000000000	0.000000000	0.000000000
2.348348348	0.000000000	0.000000000	0.000000000	0.000000000	0.000000000	0.000000000
2.355355355	0.000000000	0.000000000	0.000000000	0.000000000	0.000000000	0.000000000
2.362362362	0.000000000	0.000000000	0.000000000	0.000000000	0.000000000	0.000000000
2.369369369	0.000000000	0.000000000	0.000000000	0.000000000	0.000000000	0.000000000
2.376376376	0.000000000	0.000000000	0.000000000	0.000000000	0.000000000	0.000000000
2.383383383	0.000000000	0.000000000	0.000000000	0.000000000	0.000000000	0.000000000
2.390390390	0.000000000	0.000000000	0.000000000	0.000000000	0.000000000	0.000000000
2.397397397	0.000000000	0.000000000	0.000000000	0.000000000	0.000000000	0.000000000
2.404404404	0.000000000	0.000000000	0.000000000	0.000000000	0.000000000	0.000000000
2.411411411	0.000000000	0.000000000	0.000000000	0.000000000	0.000000000	0.000000000
2.418418418	0.000000000	0.000000000	0.000000000	0.000000000	0.000000000	0.000000000
2.425425425	0.000000000	0.000000000	0.000000000	0.000000000	0.000000000	0.000000000
2.432432432	0.000000000	0.000000000	0.000000000	0.000000000	0.000000000	0.000000000
2.439439439	0.000000000	0.000000000	0.000000000	0.000000000	0.000000000	0.000000000
2.446446446	0.000000000	0.000000000	0.000000000	0.000000000	0.000000000	0.000000000
2.453453453	0.000000000	0.000000000	0.000000000	0.000000000	0.000000000	0.000000000
2.460460460	0.000000000	0.000000000	0.000000000	0.000000000	0.000000000	0.000000000
2.467467467	0.000000000	0.000000000	0.000000000	0.000000000	0.000000000	0.000000000
2.474474474	0.000000000	0.000000000	0.000000000	0.000000000	0.000000000	0.000000000
2.481481481	0.000000000	0.000000000	0.000000000	0.000000000	0.000000000	0.000000000
2.488488488	0.000000000	0.000000000	0.000000000	0.000000000	0.000000000	0.000000000
2.495495495	0.000000000	0.000000000	0.000000000	0.000000000	0.000000000	0.000000000
2.502502503	0.000000000	0.000000000	0.000000000	0.000000000	0.000000000	0.000000000
2.509509510	0.000000000	0.000000000	0.000000000	0.000000000	0.000000000	0.000000000
2.516516517	0.000000000	0.000000000	0.000000000	0.000000000	0.000000000	0.000000000
2.523523524	0.000000000	0.000000000	0.000000000	0.000000000	0.000000000	0.000000000
2.530530531	0.000000000	0.000000000	0.000000000	0.000000000	0.000000000	0.000000000
2.537537538	0.000000000	0.000000000	0.000000000	0.000000000	0.000000000	0.000000000
2.544544545	0.000000000	0.000000000	0.000000000	0.000000000	0.000000000	0.000000000
2.551551552	0.000000000	0.000000000	0.000000000	0.000000000	0.000000000	0.000000000
2.558558559	0.000000000	0.000000000	0.000000000	0.000000000	0.000000000	0.000000000
2.565565566	0.000000000	0.000000000	0.000000000	0.000000000	0.000000000	0.000000000
2.572572573	0.000000000	0.000000000	0.000000000	0.000000000	0.000000000	0.000000000
2.579579580	0.000000000	0.000000000	0.000000000	0.000000000	0.000000000	0.000000000
2.586586587	0.000000000	0.000000000	0.000000000	0.000000000	0.000000000	0.000000000
2.593593594	0.000000000	0.000000000	0.000000000	0.000000000	0.000000000	0.000000000
2.600600601	0.000000000	0.000000000	0.000000000	0.000000000	0.000000000	0.000000000
2.607607608	0.000000000	0.000000000	0.000000000	0.000000000	0.000000000	0.000000000
2.614614615	0.000000000	0.000000000	0.000000000	0.000000000	0.000000000	0.000000000
2.621621622	0.000000000	0.000000000	0.000000000	0.000000000	0.000000000	0.000000000
2.628628629	0.000000000	0.000000000	0.000000000	0.000000000	0.000000000	0.000000000
2.635635636	0.000000000	0.000000000	0.000000000	0.000000000	0.000000000	0.000000000
2.642642643	0.000000000	0.000000000	0.000000000	0.000000000	0.000000000	0.000000000
2.649649650	0.000000000	0.000000000	0.000000000	0.000000000	0.000000000	0.000000000
2.656656657	0.000000000	0.000000000	0.000000000	0.000000000	0.000000000	0.000000000
2.663663664	0.000000000	0.000000000	0.000000000	0.000000000	0.000000000	0.000000000
2.670670671	0.000000000	0.000000000	0.000000000	0.000000000	0.000000000	0.000000000
2.677677678	0.000000000	0.000000000	0.000000000	0.000000000	0.000000000	0.000000000
2.684684685	0.000000000	0.000000000	0.000000000	0.000000000	0.000000000	0.000000000
2.691691692	0.000000000	0.000000000	0.000000000	0.000000000	0.000000000	0.000000000
2.698698699	0.000000000	0.000000000	0.000000000	0.000000000	0.000000000	0.000000000
2.705705706	0.000000000	0.000000000	0.000000000	0.000000000	0.000000000	0.000000000
2.712712713	0.000000000	0.000000000	0.000000000	0.000000000	0.000000000	0.000000000
2.719719720	0.000000000	0.000000000	0.000000000	0.000000000	0.000000000	0.000000000
2.726726727	0.000000000	0.000000000	0.000000000	0.000000000	0.000000000	0.000000000
2.733733734	0.000000000	0.000000000	0.000000000	0.000000000	0.000000000	0.000000000
2.740740741	0.000000000	0.000000000	0.000000000	0.000000000	0.000000000	0.000000000
2.747747748	0.000000000	0.000000000	0.000000000	0.000000000	0.000000000	0.000000000
2.754754755	0.000000000	0.000000000	0.000000000	0.000000000	0.000000000	0.000000000
2.761761762	0.000000000	0.000000000	0.000000000	0.000000000	0.000000000	0.000000000
2.768768769	0.000000000	0.000000000	0.000000000	0.000000000	0.000000000	0.000000000
2.775775776	0.000000000	0.000000000	0.000000000	0.000000000	0.000000000	0.000000000
2.782782783	0.000000000	0.000000000	0.000000000	0.000000000	0.000000000	0.000000000
2.789789790	0.000000000	0.000000000	0.000000000	0.000000000	0.000000000	0.000000000
2.796796797	0.000000000	0.000000000	0.000000000	0.000000000	0.000000000	0.000000000
2.803803804	0.000000000	0.000000000	0.000000000	0.000000000	0.000000000	0.000000000
2.810810811	0.000000000	0.000000000	0.000000000	0.000000000	0.000000000	0.000000000
2.817817818	0.000000000	0.000000000	0.000000000	0.000000000	0.000000000	0.000000000
2.824824825	0.000000000	0.000000000	0.000000000	0.000000000	0.000000000	0.000000000
2.831831832	0.000000000	0.000000000	0.000000000	0.000000000	0.000000000	0.000000000
2.838838839	0.000000000	0.000000000	0.000000000	0.000000000	0.000000000	0.000000000
2.845845846	0.000000000	0.000000000	0.000000000	0.000000000	0.000000000	0.000000000
2.852852853	0.000000000	0.000000000	0.000000000	0.000000000	0.000000000	0.000000000
2.859859860	0.000000000	0.000000000	0.000000000	0.000000000	0.000000000	0.000000000
2.866866867	0.000000000	0.000000000	0.000000000	0.000000000	0.000000000	0.000000000
2.873873874	0.000000000	0.000000000	0.000000000	0.000000000	0.000000000	0.000000000
2.880880881	0.000000000	0.000000000	0.000000000	0.000000000	0.000000000	0.000000000
2.887887888	0.000000000	0.000000000	0.000000000	0.000000000	0.000000000	0.000000000
2.894894895	0.000000000	0.000000000	0.000000000	0.000000000	0.000000000	0.000000000
2.901901902	0.000000000	0.000000000	0.000000000	0.000000000	0.000000000	0.000000000
2.908908909	0.000000000	0.000000000	0.000000000	0.000000000	0.000000000	0.000000000
2.915915916	0.000000000	0.000000000	0.000000000	0.000000000	0.000000000	0.000000000
2.922922923	0.000000000	0.000000000	0.000000000	0.000000000	0.000000000	0.000000000
2.929929930	0.000000000	0.000000000	0.000000000	0.000000000	0.000000000	0.000000000
2.936936937	0.000000000	0.000000000	0.000000000	0.000000000	0.000000000	0.000000000
2.943943944	0.000000000	0.000000000	0.000000000	0.000000000	0.000000000	0.000000000
2.950950951	0.000000000	0.000000000	0.000000000	0.000000000	0.000000000	0.000000000
2.957957958	0.000000000	0.000000000	0.000000000	0.000000000	0.000000000	0.000000000
2.964964965	0.000000000	0.000000000	0.000000000	0.000000000	0.000000000	0.000000000
2.971971972	0.000000000	0.000000000	0.000000000	0.000000000	0.000000000	0.000000000
2.978978979	0.000000000	0.000000000	0.000000000	0.000000000	0.000000000	0.000000000
2.985985986	0.000000000	0.000000000	0.000000000	0.000000000	0.000000000	0.000000000
2.992992993	0.000000000	0.000000000	0.000000000	0.000000000	0.000000000	0.000000000
3.000000000	0.000000000	0.000000000	0.000000000	0.000000000	0.000000000	0.000000000