-4.00000000	0.002762482	0.003776440	0.004280257	0.022893197	0.008138276	0.008727425
-3.99299299	0.002802661	0.003826947	0.004341984	0.023193535	0.008228157	0.008832159
-3.98598599	0.002843449	0.003878154	0.004404625	0.023497589	0.008319100	0.008938208
-3.97897898	0.002884855	0.003930072	0.004468192	0.023805400	0.008411118	0.009045587
-3.97197197	0.002926889	0.003982711	0.004532701	0.024117010	0.008504224	0.009154316
-3.96496496	0.002969561	0.004036082	0.004598166	0.024432462	0.008598432	0.009264410
-3.95795796	0.003012880	0.004090194	0.004664600	0.024751798	0.008693756	0.009375888
-3.95095095	0.003056858	0.004145058	0.004732019	0.025075062	0.008790210	0.009488769
-3.94394394	0.003101504	0.004200686	0.004800437	0.025402296	0.008887809	0.009603070
-3.93693694	0.003146828	0.004257088	0.004869870	0.025733545	0.008986566	0.009718810
-3.92992993	0.003192843	0.004314275	0.004940333	0.026068853	0.009086497	0.009836009
-3.92292292	0.003239557	0.004372259	0.005011841	0.026408265	0.009187616	0.009954684
-3.91591592	0.003286983	0.004431051	0.005084410	0.026751825	0.009289938	0.010074855
-3.90890891	0.003335132	0.004490662	0.005158057	0.027099580	0.009393478	0.010196543
-3.90190190	0.003384015	0.004551105	0.005232797	0.027451574	0.009498253	0.010319767
-3.89489489	0.003433644	0.004612391	0.005308647	0.027807854	0.009604277	0.010444546
-3.88788789	0.003484030	0.004674532	0.005385625	0.028168467	0.009711567	0.010570902
-3.88088088	0.003535186	0.004737542	0.005463746	0.028533459	0.009820137	0.010698855
-3.87387387	0.003587123	0.004801432	0.005543029	0.028902878	0.009930006	0.010828426
-3.86686687	0.003639855	0.004866214	0.005623491	0.029276773	0.010041189	0.010959637
-3.85985986	0.003693392	0.004931903	0.005705150	0.029655190	0.010153703	0.011092509
-3.85285285	0.003747750	0.004998511	0.005788024	0.030038179	0.010267564	0.011227063
-3.84584585	0.003802939	0.005066050	0.005872131	0.030425788	0.010382791	0.011363323
-3.83883884	0.003858974	0.005134536	0.005957490	0.030818068	0.010499400	0.011501309
-3.83183183	0.003915868	0.005203980	0.006044121	0.031215067	0.010617410	0.011641046
-3.82482482	0.003973634	0.005274398	0.006132042	0.031616837	0.010736837	0.011782556
-3.81781782	0.004032287	0.005345803	0.006221273	0.032023427	0.010857700	0.011925863
-3.81081081	0.004091841	0.005418210	0.006311834	0.032434888	0.010980018	0.012070990
-3.80380380	0.004152309	0.005491632	0.006403745	0.032851273	0.011103809	0.012217961
-3.79679680	0.004213706	0.005566085	0.006497026	0.033272633	0.011229092	0.012366801
-3.78978979	0.004276047	0.005641583	0.006591699	0.033699019	0.011355886	0.012517535
-3.78278278	0.004339348	0.005718143	0.006687784	0.034130486	0.011484210	0.012670186
-3.77577578	0.004403622	0.005795778	0.006785303	0.034567085	0.011614084	0.012824781
-3.76876877	0.004468887	0.005874504	0.006884278	0.035008871	0.011745528	0.012981346
-3.76176176	0.004535157	0.005954338	0.006984731	0.035455896	0.011878563	0.013139906
-3.75475475	0.004602449	0.006035296	0.007086684	0.035908216	0.012013208	0.013300487
-3.74774775	0.004670779	0.006117393	0.007190161	0.036365886	0.012149484	0.013463118
-3.74074074	0.004740163	0.006200646	0.007295183	0.036828959	0.012287412	0.013627824
-3.73373373	0.004810619	0.006285073	0.007401775	0.037297492	0.012427014	0.013794633
-3.72672673	0.004882162	0.006370689	0.007509961	0.037771540	0.012568312	0.013963573
-3.71971972	0.004954812	0.006457513	0.007619765	0.038251160	0.012711326	0.014134672
-3.71271271	0.005028585	0.006545561	0.007731211	0.038736409	0.012856080	0.014307960
-3.70570571	0.005103499	0.006634852	0.007844324	0.039227343	0.013002595	0.014483464
-3.69869870	0.005179573	0.006725404	0.007959131	0.039724020	0.013150895	0.014661215
-3.69169169	0.005256825	0.006817235	0.008075656	0.040226499	0.013301002	0.014841242
-3.68468468	0.005335275	0.006910363	0.008193925	0.040734836	0.013452940	0.015023575
-3.67767768	0.005414940	0.007004807	0.008313966	0.041249092	0.013606733	0.015208246
-3.67067067	0.005495840	0.007100587	0.008435805	0.041769324	0.013762405	0.015395284
-3.66366366	0.005577997	0.007197722	0.008559470	0.042295593	0.013919980	0.015584723
-3.65665666	0.005661428	0.007296232	0.008684988	0.042827959	0.014079483	0.015776593
-3.64964965	0.005746156	0.007396137	0.008812388	0.043366481	0.014240939	0.015970927
-3.64264264	0.005832200	0.007497456	0.008941698	0.043911221	0.014404373	0.016167758
-3.63563564	0.005919582	0.007600211	0.009072948	0.044462240	0.014569812	0.016367118
-3.62862863	0.006008324	0.007704423	0.009206166	0.045019598	0.014737280	0.016569043
-3.62162162	0.006098447	0.007810112	0.009341383	0.045583358	0.014906806	0.016773565
-3.61461461	0.006189972	0.007917301	0.009478630	0.046153581	0.015078414	0.016980720
-3.60760761	0.006282924	0.008026011	0.009617937	0.046730332	0.015252134	0.017190543
-3.60060060	0.006377325	0.008136264	0.009759336	0.047313672	0.015427992	0.017403069
-3.59359359	0.006473197	0.008248084	0.009902858	0.047903664	0.015606016	0.017618334
-3.58658659	0.006570566	0.008361492	0.010048536	0.048500374	0.015786234	0.017836376
-3.57957958	0.006669454	0.008476512	0.010196403	0.049103864	0.015968676	0.018057230
-3.57257257	0.006769886	0.008593167	0.010346493	0.049714199	0.016153370	0.018280935
-3.56556557	0.006871887	0.008711482	0.010498838	0.050331443	0.016340347	0.018507529
-3.55855856	0.006975483	0.008831481	0.010653474	0.050955663	0.016529635	0.018737050
-3.55155155	0.007080699	0.008953188	0.010810435	0.051586924	0.016721265	0.018969537
-3.54454454	0.007187561	0.009076628	0.010969757	0.052225291	0.016915269	0.019205031
-3.53753754	0.007296095	0.009201826	0.011131476	0.052870830	0.017111676	0.019443572
-3.53053053	0.007406329	0.009328809	0.011295629	0.053523609	0.017310520	0.019685199
-3.52352352	0.007518291	0.009457603	0.011462252	0.054183693	0.017511831	0.019929956
-3.51651652	0.007632007	0.009588233	0.011631383	0.054851151	0.017715643	0.020177883
-3.50950951	0.007747506	0.009720728	0.011803061	0.055526050	0.017921988	0.020429023
-3.50250250	0.007864818	0.009855113	0.011977324	0.056208457	0.018130900	0.020683419
-3.49549550	0.007983971	0.009991417	0.012154212	0.056898442	0.018342413	0.020941115
-3.48848849	0.008104994	0.010129669	0.012333766	0.057596071	0.018556561	0.021202156
-3.48148148	0.008227920	0.010269895	0.012516024	0.058301415	0.018773378	0.021466585
-3.47447447	0.008352777	0.010412127	0.012701030	0.059014541	0.018992901	0.021734449
-3.46746747	0.008479597	0.010556392	0.012888825	0.059735521	0.019215165	0.022005794
-3.46046046	0.008608413	0.010702721	0.013079451	0.060464422	0.019440206	0.022280667
-3.45345345	0.008739256	0.010851144	0.013272951	0.061201316	0.019668062	0.022559114
-3.44644645	0.008872159	0.011001691	0.013469371	0.061946272	0.019898769	0.022841184
-3.43943944	0.009007155	0.011154395	0.013668753	0.062699361	0.020132365	0.023126926
-3.43243243	0.009144279	0.011309286	0.013871144	0.063460653	0.020368889	0.023416390
-3.42542543	0.009283565	0.011466398	0.014076589	0.064230220	0.020608380	0.023709624
-3.41841842	0.009425048	0.011625761	0.014285135	0.065008133	0.020850877	0.024006681
-3.41141141	0.009568763	0.011787410	0.014496829	0.065794463	0.021096420	0.024307611
-3.40440440	0.009714747	0.011951378	0.014711719	0.066589281	0.021345050	0.024612467
-3.39739740	0.009863036	0.012117699	0.014929855	0.067392661	0.021596807	0.024921301
-3.39039039	0.010013668	0.012286408	0.015151286	0.068204673	0.021851735	0.025234168
-3.38338338	0.010166681	0.012457540	0.015376062	0.069025391	0.022109874	0.025551121
-3.37637638	0.010322114	0.012631131	0.015604234	0.069854886	0.022371268	0.025872217
-3.36936937	0.010480005	0.012807216	0.015835854	0.070693231	0.022635960	0.026197509
-3.36236236	0.010640395	0.012985833	0.016070975	0.071540500	0.022903995	0.026527056
-3.35535536	0.010803325	0.013167018	0.016309650	0.072396764	0.023175417	0.026860915
-3.34834835	0.010968834	0.013350810	0.016551934	0.073262098	0.023450271	0.027199144
-3.34134134	0.011136967	0.013537247	0.016797881	0.074136574	0.023728604	0.027541802
-3.33433433	0.011307764	0.013726369	0.017047548	0.075020266	0.024010463	0.027888948
-3.32732733	0.011481270	0.013918213	0.017300991	0.075913247	0.024295894	0.028240644
-3.32032032	0.011657529	0.014112822	0.017558269	0.076815591	0.024584945	0.028596951
-3.31331331	0.011836584	0.014310235	0.017819439	0.077727371	0.024877666	0.028957932
-3.30630631	0.012018483	0.014510493	0.018084562	0.078648662	0.025174105	0.029323649
-3.29929930	0.012203270	0.014713640	0.018353697	0.079579536	0.025474312	0.029694167
-3.29229229	0.012390993	0.014919717	0.018626906	0.080520069	0.025778339	0.030069550
-3.28528529	0.012581700	0.015128767	0.018904251	0.081470333	0.026086236	0.030449864
-3.27827828	0.012775439	0.015340835	0.019185795	0.082430403	0.026398057	0.030835177
-3.27127127	0.012972260	0.015555965	0.019471603	0.083400352	0.026713853	0.031225556
-3.26426426	0.013172213	0.015774203	0.019761739	0.084380255	0.027033679	0.031621070
-3.25725726	0.013375349	0.015995593	0.020056270	0.085370184	0.027357589	0.032021787
-3.25025025	0.013581719	0.016220184	0.020355263	0.086370215	0.027685638	0.032427779
-3.24324324	0.013791377	0.016448021	0.020658785	0.087380421	0.028017882	0.032839117
-3.23623624	0.014004376	0.016679154	0.020966907	0.088400875	0.028354379	0.033255874
-3.22922923	0.014220770	0.016913630	0.021279699	0.089431650	0.028695184	0.033678123
-3.22222222	0.014440615	0.017151500	0.021597231	0.090472821	0.029040358	0.034105938
-3.21521522	0.014663967	0.017392812	0.021919576	0.091524461	0.029389959	0.034539396
-3.20820821	0.014890883	0.017637620	0.022246808	0.092586643	0.029744047	0.034978572
-3.20120120	0.015121422	0.017885973	0.022579000	0.093659439	0.030102683	0.035423544
-3.19419419	0.015355642	0.018137924	0.022916230	0.094742923	0.030465929	0.035874390
-3.18718719	0.015593603	0.018393527	0.023258574	0.095837167	0.030833848	0.036331192
-3.18018018	0.015835366	0.018652836	0.023606110	0.096942244	0.031206503	0.036794029
-3.17317317	0.016080994	0.018915905	0.023958917	0.098058225	0.031583958	0.037262983
-3.16616617	0.016330550	0.019182791	0.024317075	0.099185183	0.031966280	0.037738137
-3.15915916	0.016584097	0.019453549	0.024680667	0.100323189	0.032353534	0.038219576
-3.15215215	0.016841700	0.019728237	0.025049775	0.101472314	0.032745788	0.038707386
-3.14514515	0.017103427	0.020006914	0.025424484	0.102632630	0.033143109	0.039201651
-3.13813814	0.017369343	0.020289637	0.025804878	0.103804206	0.033545567	0.039702461
-3.13113113	0.017639518	0.020576468	0.026191045	0.104987112	0.033953233	0.040209904
-3.12412412	0.017914021	0.020867468	0.026583073	0.106181419	0.034366177	0.040724070
-3.11711712	0.018192922	0.021162697	0.026981051	0.107387197	0.034784471	0.041245051
-3.11011011	0.018476294	0.021462218	0.027385070	0.108604512	0.035208189	0.041772939
-3.10310310	0.018764209	0.021766096	0.027795221	0.109833435	0.035637405	0.042307828
-3.09609610	0.019056741	0.022074394	0.028211599	0.111074032	0.036072194	0.042849814
-3.08908909	0.019353967	0.022387179	0.028634299	0.112326371	0.036512633	0.043398992
-3.08208208	0.019655961	0.022704517	0.029063416	0.113590519	0.036958800	0.043955461
-3.07507508	0.019962803	0.023026475	0.029499049	0.114866542	0.037410772	0.044519319
-3.06806807	0.020274571	0.023353121	0.029941296	0.116154506	0.037868629	0.045090667
-3.06106106	0.020591346	0.023684526	0.030390259	0.117454474	0.038332453	0.045669608
-3.05405405	0.020913209	0.024020760	0.030846040	0.118766512	0.038802325	0.046256243
-3.04704705	0.021240243	0.024361895	0.031308743	0.120090682	0.039278329	0.046850679
-3.04004004	0.021572534	0.024708002	0.031778473	0.121427048	0.039760548	0.047453020
-3.03303303	0.021910165	0.025059157	0.032255337	0.122775670	0.040249069	0.048063374
-3.02602603	0.022253226	0.025415434	0.032739444	0.124136612	0.040743978	0.048681850
-3.01901902	0.022601803	0.025776908	0.033230904	0.125509931	0.041245363	0.049308559
-3.01201201	0.022955988	0.026143658	0.033729828	0.126895688	0.041753314	0.049943613
-3.00500501	0.023315871	0.026515761	0.034236331	0.128293942	0.042267921	0.050587124
-2.99799800	0.023681546	0.026893296	0.034750527	0.129704749	0.042789276	0.051239208
-2.99099099	0.024053106	0.027276345	0.035272535	0.131128167	0.043317472	0.051899982
-2.98398398	0.024430649	0.027664990	0.035802471	0.132564249	0.043852604	0.052569563
-2.97697698	0.024814271	0.028059312	0.036340457	0.134013052	0.044394767	0.053248070
-2.96996997	0.025204071	0.028459397	0.036886616	0.135474628	0.044944058	0.053935627
-2.96296296	0.025600151	0.028865330	0.037441071	0.136949030	0.045500577	0.054632354
-2.95595596	0.026002612	0.029277198	0.038003948	0.138436307	0.046064424	0.055338377
-2.94894895	0.026411558	0.029695089	0.038575375	0.139936511	0.046635699	0.056053822
-2.94194194	0.026827095	0.030119092	0.039155482	0.141449689	0.047214506	0.056778816
-2.93493493	0.027249331	0.030549298	0.039744400	0.142975889	0.047800948	0.057513490
-2.92792793	0.027678373	0.030985800	0.040342264	0.144515156	0.048395133	0.058257975
-2.92092092	0.028114334	0.031428690	0.040949209	0.146067535	0.048997167	0.059012404
-2.91391391	0.028557326	0.031878063	0.041565372	0.147633069	0.049607159	0.059776911
-2.90690691	0.029007462	0.032334016	0.042190893	0.149211799	0.050225220	0.060551634
-2.89989990	0.029464860	0.032796647	0.042825914	0.150803766	0.050851461	0.061336710
-2.89289289	0.029929636	0.033266054	0.043470578	0.152409007	0.051485996	0.062132280
-2.88588589	0.030401912	0.033742337	0.044125033	0.154027560	0.052128941	0.062938486
-2.87887888	0.030881809	0.034225600	0.044789425	0.155659460	0.052780413	0.063755473
-2.87187187	0.031369450	0.034715946	0.045463905	0.157304740	0.053440529	0.064583385
-2.86486486	0.031864962	0.035213479	0.046148626	0.158963432	0.054109410	0.065422371
-2.85785786	0.032368472	0.035718307	0.046843742	0.160635565	0.054787179	0.066272581
-2.85085085	0.032880110	0.036230537	0.047549411	0.162321168	0.055473958	0.067134166
-2.84384384	0.033400008	0.036750280	0.048265791	0.164020267	0.056169874	0.068007280
-2.83683684	0.033928299	0.037277647	0.048993044	0.165732886	0.056875053	0.068892079
-2.82982983	0.034465120	0.037812750	0.049731334	0.167459047	0.057589624	0.069788720
-2.82282282	0.035010608	0.038355706	0.050480828	0.169198770	0.058313719	0.070697363
-2.81581582	0.035564904	0.038906629	0.051241695	0.170952072	0.059047470	0.071618170
-2.80880881	0.036128152	0.039465639	0.052014105	0.172718970	0.059791011	0.072551305
-2.80180180	0.036700494	0.040032855	0.052798232	0.174499478	0.060544480	0.073496934
-2.79479479	0.037282079	0.040608398	0.053594254	0.176293605	0.061308014	0.074455225
-2.78778779	0.037873055	0.041192393	0.054402347	0.178101362	0.062081754	0.075426348
-2.78078078	0.038473575	0.041784965	0.055222695	0.179922754	0.062865843	0.076410476
-2.77377377	0.039083792	0.042386240	0.056055480	0.181757785	0.063660424	0.077407783
-2.76676677	0.039703863	0.042996347	0.056900890	0.183606457	0.064465644	0.078418446
-2.75975976	0.040333947	0.043615418	0.057759113	0.185468769	0.065281652	0.079442645
-2.75275275	0.040974204	0.044243584	0.058630343	0.187344717	0.066108598	0.080480561
-2.74574575	0.041624800	0.044880982	0.059514772	0.189234294	0.066946636	0.081532376
-2.73873874	0.042285899	0.045527746	0.060412601	0.191137491	0.067795918	0.082598278
-2.73173173	0.042957671	0.046184017	0.061324027	0.193054296	0.068656604	0.083678455
-2.72472472	0.043640288	0.046849934	0.062249255	0.194984694	0.069528851	0.084773096
-2.71771772	0.044333924	0.047525640	0.063188491	0.196928666	0.070412822	0.085882395
-2.71071071	0.045038755	0.048211280	0.064141944	0.198886192	0.071308680	0.087006548
-2.70370370	0.045754961	0.048907001	0.065109825	0.200857248	0.072216590	0.088145751
-2.69669670	0.046482724	0.049612951	0.066092350	0.202841805	0.073136722	0.089300205
-2.68968969	0.047222229	0.050329283	0.067089736	0.204839834	0.074069246	0.090470113
-2.68268268	0.047973664	0.051056148	0.068102205	0.206851301	0.075014335	0.091655679
-2.67567568	0.048737220	0.051793703	0.069129980	0.208876169	0.075972163	0.092857111
-2.66866867	0.049513090	0.052542105	0.070173289	0.210914396	0.076942910	0.094074618
-2.66166166	0.050301471	0.053301515	0.071232362	0.212965938	0.077926755	0.095308414
-2.65465465	0.051102562	0.054072094	0.072307431	0.215030749	0.078923881	0.096558713
-2.64764765	0.051916565	0.054854008	0.073398735	0.217108776	0.079934474	0.097825731
-2.64064064	0.052743686	0.055647423	0.074506513	0.219199964	0.080958720	0.099109691
-2.63363363	0.053584134	0.056452508	0.075631007	0.221304255	0.081996810	0.100410813
-2.62662663	0.054438119	0.057269436	0.076772465	0.223421584	0.083048938	0.101729323
-2.61961962	0.055305857	0.058098381	0.077931137	0.225551887	0.084115299	0.103065448
-2.61261261	0.056187566	0.058939519	0.079107275	0.227695092	0.085196092	0.104419419
-2.60560561	0.057083466	0.059793030	0.080301136	0.229851123	0.086291516	0.105791469
-2.59859860	0.057993782	0.060659095	0.081512980	0.232019903	0.087401776	0.107181833
-2.59159159	0.058918741	0.061537899	0.082743071	0.234201348	0.088527078	0.108590749
-2.58458458	0.059858575	0.062429629	0.083991675	0.236395369	0.089667632	0.110018458
-2.57757758	0.060813518	0.063334474	0.085259063	0.238601876	0.090823649	0.111465202
-2.57057057	0.061783806	0.064252626	0.086545509	0.240820772	0.091995344	0.112931229
-2.56356356	0.062769683	0.065184281	0.087851291	0.243051956	0.093182936	0.114416786
-2.55655656	0.063771391	0.066129635	0.089176690	0.245295322	0.094386643	0.115922124
-2.54954955	0.064789179	0.067088891	0.090521990	0.247550761	0.095606691	0.117447499
-2.54254254	0.065823299	0.068062249	0.091887481	0.249818156	0.096843305	0.118993165
-2.53553554	0.066874005	0.069049918	0.093273454	0.252097389	0.098096715	0.120559382
-2.52852853	0.067941556	0.070052105	0.094680206	0.254388334	0.099367153	0.122146413
-2.52152152	0.069026216	0.071069023	0.096108035	0.256690862	0.100654855	0.123754520
-2.51451451	0.070128249	0.072100885	0.097557246	0.259004838	0.101960059	0.125383972
-2.50750751	0.071247925	0.073147910	0.099028145	0.261330122	0.103283007	0.127035038
-2.50050050	0.072385519	0.074210318	0.100521043	0.263666569	0.104623943	0.128707990
-2.49349349	0.073541306	0.075288333	0.102036256	0.266014028	0.105983115	0.130403103
-2.48648649	0.074715569	0.076382182	0.103574101	0.268372344	0.107360775	0.132120654
-2.47947948	0.075908592	0.077492094	0.105134901	0.270741355	0.108757177	0.133860923
-2.47247247	0.077120663	0.078618302	0.106718982	0.273120894	0.110172577	0.135624193
-2.46546547	0.078352076	0.079761042	0.108326674	0.275510790	0.111607237	0.137410749
-2.45845846	0.079603126	0.080920553	0.109958312	0.277910863	0.113061420	0.139220878
-2.45145145	0.080874115	0.082097078	0.111614232	0.280320931	0.114535393	0.141054870
-2.44444444	0.082165347	0.083290862	0.113294777	0.282740804	0.116029427	0.142913017
-2.43743744	0.083477130	0.084502154	0.115000293	0.285170286	0.117543796	0.144795615
-2.43043043	0.084809776	0.085731205	0.116731128	0.287609176	0.119078776	0.146702959
-2.42342342	0.086163603	0.086978273	0.118487636	0.290057267	0.120634649	0.148635351
-2.41641642	0.087538931	0.088243615	0.120270175	0.292514345	0.122211697	0.150593091
-2.40940941	0.088936084	0.089527493	0.122079105	0.294980191	0.123810208	0.152576483
-2.40240240	0.090355392	0.090830173	0.123914791	0.297454578	0.125430472	0.154585834
-2.39539540	0.091797187	0.092151924	0.125777602	0.299937276	0.127072783	0.156621451
-2.38838839	0.093261806	0.093493019	0.127667911	0.302428044	0.128737439	0.158683645
-2.38138138	0.094749592	0.094853733	0.129586094	0.304926639	0.130424740	0.160772729
-2.37437437	0.096260888	0.096234346	0.131532532	0.307432810	0.132134991	0.162889016
-2.36736737	0.097796045	0.097635141	0.133507607	0.309946298	0.133868498	0.165032822
-2.36036036	0.099355417	0.099056404	0.135511708	0.312466839	0.135625574	0.167204466
-2.35335335	0.100939362	0.100498425	0.137545227	0.314994162	0.137406531	0.169404267
-2.34634635	0.102548242	0.101961498	0.139608558	0.317527990	0.139211689	0.171632546
-2.33933934	0.104182423	0.103445921	0.141702099	0.320068038	0.141041369	0.173889625
-2.33233233	0.105842277	0.104951994	0.143826253	0.322614015	0.142895895	0.176175830
-2.32532533	0.107528178	0.106480022	0.145981425	0.325165623	0.144775594	0.178491484
-2.31831832	0.109240506	0.108030313	0.148168025	0.327722558	0.146680800	0.180836916
-2.31131131	0.110979644	0.109603180	0.150386464	0.330284506	0.148611846	0.183212451
-2.30430430	0.112745980	0.111198937	0.152637159	0.332851151	0.150569071	0.185618421
-2.29729730	0.114539905	0.112817905	0.154920528	0.335422165	0.152552817	0.188055153
-2.29029029	0.116361816	0.114460405	0.157236993	0.337997217	0.154563428	0.190522977
-2.28328328	0.118212113	0.116126766	0.159586979	0.340575966	0.156601252	0.193022226
-2.27627628	0.120091200	0.117817318	0.161970914	0.343158066	0.158666641	0.195553229
-2.26926927	0.121999485	0.119532395	0.164389229	0.345743163	0.160759950	0.198116318
-2.26226226	0.123937382	0.121272335	0.166842357	0.348330895	0.162881536	0.200711825
-2.25525526	0.125905306	0.123037480	0.169330735	0.350920894	0.165031761	0.203340081
-2.24824825	0.127903678	0.124828175	0.171854799	0.353512785	0.167210988	0.206001416
-2.24124124	0.129932923	0.126644770	0.174414992	0.356106186	0.169419584	0.208696162
-2.23423423	0.131993470	0.128487618	0.177011756	0.358700706	0.171657921	0.211424648
-2.22722723	0.134085751	0.130357076	0.179645537	0.361295949	0.173926370	0.214187204
-2.22022022	0.136210201	0.132253504	0.182316780	0.363891510	0.176225308	0.216984156
-2.21321321	0.138367262	0.134177266	0.185025934	0.366486978	0.178555113	0.219815831
-2.20620621	0.140557376	0.136128731	0.187773449	0.369081934	0.180916166	0.222682555
-2.19919920	0.142780991	0.138108269	0.190559775	0.371675954	0.183308852	0.225584649
-2.19219219	0.145038558	0.140116257	0.193385366	0.374268603	0.185733557	0.228522436
-2.18518519	0.147330531	0.142153072	0.196250673	0.376859442	0.188190670	0.231496232
-2.17817818	0.149657368	0.144219097	0.199156151	0.379448025	0.190680582	0.234506353
-2.17117117	0.152019529	0.146314718	0.202102252	0.382033895	0.193203686	0.237553113
-2.16416416	0.154417479	0.148440325	0.205089431	0.384616594	0.195760379	0.240636819
-2.15715716	0.156851685	0.150596310	0.208118141	0.387195652	0.198351056	0.243757779
-2.15015015	0.159322617	0.152783070	0.211188835	0.389770593	0.200976119	0.246916292
-2.14314314	0.161830747	0.155001003	0.214301965	0.392340937	0.203635966	0.250112656
-2.13613614	0.164376552	0.157250514	0.217457982	0.394906194	0.206331002	0.253347164
-2.12912913	0.166960509	0.159532008	0.220657336	0.397465868	0.209061629	0.256620101
-2.12212212	0.169583099	0.161845894	0.223900474	0.400019456	0.211828253	0.259931750
-2.11511512	0.172244805	0.164192584	0.227187840	0.402566451	0.214631279	0.263282387
-2.10810811	0.174946110	0.166572495	0.230519879	0.405106335	0.217471114	0.266672279
-2.10110110	0.177687502	0.168986044	0.233897029	0.407638587	0.220348165	0.270101690
-2.09409409	0.180469468	0.171433652	0.237319725	0.410162678	0.223262840	0.273570873
-2.08708709	0.183292499	0.173915742	0.240788401	0.412678073	0.226215547	0.277080075
-2.08008008	0.186157085	0.176432742	0.244303484	0.415184230	0.229206693	0.280629535
-2.07307307	0.189063718	0.178985080	0.247865395	0.417680604	0.232236686	0.284219483
-2.06606607	0.192012890	0.181573186	0.251474553	0.420166639	0.235305931	0.287850137
-2.05905906	0.195005095	0.184197495	0.255131367	0.422641778	0.238414835	0.291521709
-2.05205205	0.198040826	0.186858441	0.258836243	0.425105455	0.241563802	0.295234396
-2.04504505	0.201120577	0.189556462	0.262589578	0.427557100	0.244753234	0.298988387
-2.03803804	0.204244839	0.192291997	0.266391760	0.429996136	0.247983534	0.302783858
-2.03103103	0.207414107	0.195065486	0.270243171	0.432421982	0.251255099	0.306620972
-2.02402402	0.210628871	0.197877372	0.274144182	0.434834053	0.254568326	0.310499880
-2.01701702	0.213889622	0.200728097	0.278095156	0.437231755	0.257923608	0.314420717
-2.01001001	0.217196848	0.203618105	0.282096443	0.439614494	0.261321335	0.318383605
-2.00300300	0.220551035	0.206547842	0.286148384	0.441981667	0.264761892	0.322388650
-1.99599600	0.223952668	0.209517753	0.290251306	0.444332669	0.268245662	0.326435943
-1.98898899	0.227402228	0.212528284	0.294405524	0.446666891	0.271773022	0.330525555
-1.98198198	0.230900194	0.215579880	0.298611339	0.448983718	0.275344343	0.334657542
-1.97497497	0.234447040	0.218672988	0.302869037	0.451282532	0.278959993	0.338831941
-1.96796797	0.238043236	0.221808051	0.307178889	0.453562711	0.282620330	0.343048767
-1.96096096	0.241689247	0.224985516	0.311541150	0.455823631	0.286325709	0.347308019
-1.95395395	0.245385536	0.228205824	0.315956055	0.458064663	0.290076475	0.351609670
-1.94694695	0.249132556	0.231469418	0.320423823	0.460285176	0.293872967	0.355953674
-1.93993994	0.252930758	0.234776738	0.324944653	0.462484535	0.297715514	0.360339960
-1.93293293	0.256780582	0.238128221	0.329518722	0.464662102	0.301604437	0.364768434
-1.92592593	0.260682464	0.241524304	0.334146186	0.466817240	0.305540046	0.369238975
-1.91891892	0.264636831	0.244965418	0.338827179	0.468949307	0.309522641	0.373751437
-1.91191191	0.268644101	0.248451994	0.343561808	0.471057660	0.313552512	0.378305647
-1.90490490	0.272704683	0.251984455	0.348350158	0.473141653	0.317629934	0.382901402
-1.89789790	0.276818977	0.255563225	0.353192285	0.475200641	0.321755173	0.387538470
-1.89089089	0.280987372	0.259188719	0.358088217	0.477233978	0.325928477	0.392216589
-1.88388388	0.285210243	0.262861349	0.363037955	0.479241016	0.330150084	0.396935464
-1.87687688	0.289487958	0.266581521	0.368041467	0.481221106	0.334420214	0.401694768
-1.86986987	0.293820867	0.270349634	0.373098689	0.483173600	0.338739070	0.406494138
-1.86286286	0.298209308	0.274166082	0.378209525	0.485097852	0.343106840	0.411333178
-1.85585586	0.302653607	0.278031250	0.383373841	0.486993212	0.347523693	0.416211451
-1.84884885	0.307154071	0.281945516	0.388591470	0.488859035	0.351989778	0.421128485
-1.84184184	0.311710991	0.285909249	0.393862203	0.490694676	0.356505225	0.426083769
-1.83483483	0.316324643	0.289922808	0.399185794	0.492499490	0.361070141	0.431076750
-1.82782783	0.320995282	0.293986544	0.404561954	0.494272836	0.365684611	0.436106831
-1.82082082	0.325723144	0.298100796	0.409990352	0.496014073	0.370348698	0.441173375
-1.81381381	0.330508447	0.302265892	0.415470610	0.497722564	0.375062439	0.446275698
-1.80680681	0.335351384	0.306482148	0.421002306	0.499397674	0.379825844	0.451413070
-1.79979980	0.340252128	0.310749866	0.426584968	0.501038772	0.384638896	0.456584714
-1.79279279	0.345210827	0.315069336	0.432218072	0.502645231	0.389501550	0.461789803
-1.78578579	0.350227604	0.319440833	0.437901046	0.504216425	0.394413732	0.467027461
-1.77877878	0.355302556	0.323864614	0.443633260	0.505751736	0.399375333	0.472296757
-1.77177177	0.360435752	0.328340924	0.449414031	0.507250549	0.404386214	0.477596710
-1.76476476	0.365627234	0.332869987	0.455242616	0.508712252	0.409446201	0.482926282
-1.75775776	0.370877012	0.337452010	0.461118213	0.510136243	0.414555083	0.488284380
-1.75075075	0.376185065	0.342087181	0.467039959	0.511521921	0.419712614	0.493669853
-1.74374374	0.381551340	0.346775666	0.473006925	0.512868694	0.424918505	0.499081491
-1.73673674	0.386975747	0.351517611	0.479018119	0.514175975	0.430172430	0.504518022
-1.72972973	0.392458164	0.356313139	0.485072479	0.515443185	0.435474019	0.509978114
-1.72272272	0.397998428	0.361162349	0.491168874	0.516669753	0.440822857	0.515460372
-1.71571572	0.403596340	0.366065315	0.497306102	0.517855112	0.446218483	0.520963334
-1.70870871	0.409251659	0.371022085	0.503482886	0.518998707	0.451660391	0.526485474
-1.70170170	0.414964100	0.376032679	0.509697873	0.520099990	0.457148023	0.532025198
-1.69469469	0.420733339	0.381097088	0.515949632	0.521158420	0.462680769	0.537580843
-1.68768769	0.426559001	0.386215274	0.522236654	0.522173468	0.468257967	0.543150678
-1.68068068	0.432440668	0.391387165	0.528557345	0.523144614	0.473878899	0.548732900
-1.67367367	0.438377870	0.396612660	0.534910031	0.524071345	0.479542790	0.554325632
-1.66666667	0.444370087	0.401891619	0.541292950	0.524953162	0.485248806	0.559926928
-1.65965966	0.450416746	0.407223870	0.547704251	0.525789574	0.490996049	0.565534763
-1.65265265	0.456517221	0.412609200	0.554141998	0.526580102	0.496783562	0.571147041
-1.64564565	0.462670827	0.418047359	0.560604159	0.527324280	0.502610318	0.576761588
-1.63863864	0.468876821	0.423538057	0.567088613	0.528021650	0.508475225	0.582376153
-1.63163163	0.475134401	0.429080959	0.573593142	0.528671770	0.514377120	0.587988408
-1.62462462	0.481442701	0.434675689	0.580115434	0.529274207	0.520314769	0.593595947
-1.61761762	0.487800791	0.440321822	0.586653077	0.529828543	0.526286861	0.599196286
-1.61061061	0.494207674	0.446018889	0.593203562	0.530334373	0.532292014	0.604786860
-1.60360360	0.500662284	0.451766369	0.599764280	0.530791304	0.538328761	0.610365026
-1.59659660	0.507163486	0.457563690	0.606332519	0.531198958	0.544395560	0.615928061
-1.58958959	0.513710071	0.463410229	0.612905466	0.531556972	0.550490782	0.621473164
-1.58258258	0.520300755	0.469305306	0.619480204	0.531864995	0.556612715	0.626997452
-1.57557558	0.526934176	0.475248186	0.626053712	0.532122692	0.562759561	0.632497963
-1.56856857	0.533608896	0.481238074	0.632622865	0.532329743	0.568929430	0.637971659
-1.56156156	0.540323391	0.487274113	0.639184431	0.532485844	0.575120341	0.643415421
-1.55455455	0.547076058	0.493355387	0.645735075	0.532590705	0.581330223	0.648826053
-1.54754755	0.553865207	0.499480913	0.652271355	0.532644054	0.587556905	0.654200282
-1.54054054	0.560689058	0.505649640	0.658789723	0.532645632	0.593798122	0.659534760
-1.53353353	0.567545746	0.511860451	0.665286527	0.532595200	0.600051508	0.664826064
-1.52652653	0.574433310	0.518112156	0.671758010	0.532492534	0.606314598	0.670070699
-1.51951952	0.581349699	0.524403494	0.678200311	0.532337425	0.612584821	0.675265097
-1.51251251	0.588292762	0.530733127	0.684609467	0.532129685	0.618859504	0.680405623
-1.50550551	0.595260255	0.537099642	0.690981411	0.531869140	0.625135868	0.685488572
-1.49849850	0.602249831	0.543501545	0.697311977	0.531555635	0.631411026	0.690510176
-1.49149149	0.609259044	0.549937262	0.703596902	0.531189032	0.637681982	0.695466603
-1.48448448	0.616285343	0.556405137	0.709831826	0.530769212	0.643945631	0.700353964
-1.47747748	0.623326075	0.562903426	0.716012292	0.530296073	0.650198756	0.705168311
-1.47047047	0.630378478	0.569430300	0.722133756	0.529769531	0.656438029	0.709905642
-1.46346346	0.637439683	0.575983841	0.728191583	0.529189522	0.662660009	0.714561908
-1.45645646	0.644506713	0.582562038	0.734181053	0.528555999	0.668861142	0.719133012
-1.44944945	0.651576479	0.589162789	0.740097365	0.527868933	0.675037760	0.723614815
-1.44244244	0.658645780	0.595783897	0.745935639	0.527128315	0.681186083	0.728003141
-1.43543544	0.665711304	0.602423067	0.751690924	0.526334155	0.687302216	0.732293781
-1.42842843	0.672769625	0.609077908	0.757358198	0.525486481	0.693382151	0.736482496
-1.42142142	0.679817200	0.615745927	0.762932375	0.524585339	0.699421768	0.740565026
-1.41441441	0.686850375	0.622424531	0.768408313	0.523630796	0.705416834	0.744537091
-1.40740741	0.693865377	0.629111024	0.773780812	0.522622937	0.711363007	0.748394401
-1.40040040	0.700858319	0.635802604	0.779044630	0.521561865	0.717255834	0.752132657
-1.39339339	0.707825198	0.642496366	0.784194482	0.520447705	0.723090755	0.755747562
-1.38638639	0.714761897	0.649189297	0.789225048	0.519280597	0.728863105	0.759234822
-1.37937938	0.721664180	0.655878275	0.794130983	0.518060702	0.734568115	0.762590159
-1.37237237	0.728527699	0.662560071	0.798906921	0.516788202	0.740200915	0.765809311
-1.36536537	0.735347993	0.669231348	0.803547485	0.515463293	0.745756539	0.768888044
-1.35835836	0.742120485	0.675888654	0.808047291	0.514086194	0.751229926	0.771822157
-1.35135135	0.748840490	0.682528432	0.812400963	0.512657142	0.756615923	0.774607491
-1.34434434	0.755503211	0.689147012	0.816603136	0.511176390	0.761909295	0.777239933
-1.33733734	0.762103745	0.695740612	0.820648467	0.509644213	0.767104721	0.779715428
-1.33033033	0.768637081	0.702305340	0.824531642	0.508060902	0.772196807	0.782029986
-1.32332332	0.775098107	0.708837196	0.828247391	0.506426768	0.777180087	0.784179685
-1.31631632	0.781481610	0.715332067	0.831790491	0.504742138	0.782049029	0.786160688
-1.30930931	0.787782280	0.721785733	0.835155779	0.503007359	0.786798043	0.787969243
-1.30230230	0.793994713	0.728193864	0.838338162	0.501222795	0.791421488	0.789601696
-1.29529530	0.800113417	0.734552025	0.841332628	0.499388827	0.795913676	0.791054497
-1.28828829	0.806132810	0.740855675	0.844134252	0.497505855	0.800268883	0.792324212
-1.28128128	0.812047235	0.747100170	0.846738213	0.495574294	0.804481357	0.793407524
-1.27427427	0.817850956	0.753280763	0.849139798	0.493594578	0.808545324	0.794301249
-1.26726727	0.823538165	0.759392610	0.851334418	0.491567156	0.812455000	0.795002341
-1.26026026	0.829102991	0.765430770	0.853317614	0.489492494	0.816204597	0.795507899
-1.25325325	0.834539504	0.771390207	0.855085070	0.487371076	0.819788336	0.795815176
-1.24624625	0.839841721	0.777265797	0.856632624	0.485203400	0.823200457	0.795921589
-1.23923924	0.845003614	0.783052328	0.857956277	0.482989979	0.826435227	0.795824723
-1.23223223	0.850019116	0.788744505	0.859052200	0.480731344	0.829486953	0.795522340
-1.22522523	0.854882130	0.794336955	0.859916753	0.478428038	0.832349995	0.795012387
-1.21821822	0.859586535	0.799824232	0.860546485	0.476080621	0.835018774	0.794293003
-1.21121121	0.864126198	0.805200821	0.860938149	0.473689668	0.837487787	0.793362524
-1.20420420	0.868494978	0.810461141	0.861088711	0.471255765	0.839751618	0.792219491
-1.19719720	0.872686739	0.815599556	0.860995355	0.468779515	0.841804952	0.790862655
-1.19019019	0.876695358	0.820610377	0.860655499	0.466261533	0.843642584	0.789290983
-1.18318318	0.880514733	0.825487868	0.860066794	0.463702446	0.845259439	0.787503662
-1.17617618	0.884138798	0.830226255	0.859227139	0.461102897	0.846650578	0.785500107
-1.16916917	0.887561527	0.834819733	0.858134685	0.458463538	0.847811216	0.783279960
-1.16216216	0.890776951	0.839262470	0.856787842	0.455785035	0.848736733	0.780843099
-1.15515516	0.893779162	0.843548620	0.855185285	0.453068065	0.849422689	0.778189638
-1.14814815	0.896562333	0.847672326	0.853325962	0.450313315	0.849864836	0.775319930
-1.14114114	0.899120720	0.851627730	0.851209095	0.447521487	0.850059132	0.772234570
-1.13413413	0.901448681	0.855408984	0.848834186	0.444693288	0.850001755	0.768934397
-1.12712713	0.903540683	0.859010255	0.846201023	0.441829439	0.849689112	0.765420492
-1.12012012	0.905391318	0.862425738	0.843309679	0.438930669	0.849117859	0.761694183
-1.11311311	0.906995311	0.865649663	0.840160518	0.435997718	0.848284906	0.757757038
-1.10610611	0.908347533	0.868676305	0.836754195	0.433031333	0.847187433	0.753610873
-1.09909910	0.909443016	0.871499994	0.833091654	0.430032270	0.845822902	0.749257741
-1.09209209	0.910276960	0.874115129	0.829174135	0.427001293	0.844189065	0.744699937
-1.08508509	0.910844751	0.876516180	0.825003167	0.423939176	0.842283979	0.739939990
-1.07807808	0.911141967	0.878697708	0.820580569	0.420846697	0.840106012	0.734980665
-1.07107107	0.911164393	0.880654368	0.815908449	0.417724642	0.837653853	0.729824952
-1.06406406	0.910908033	0.882380924	0.810989199	0.414573806	0.834926525	0.724476068
-1.05705706	0.910369120	0.883872260	0.805825494	0.411394986	0.831923387	0.718937446
-1.05005005	0.909544126	0.885123390	0.800420285	0.408188987	0.828644144	0.713212735
-1.04304304	0.908429775	0.886129466	0.794776796	0.404956620	0.825088853	0.707305785
-1.03603604	0.907023053	0.886885794	0.788898518	0.401698699	0.821257927	0.701220651
-1.02902903	0.905321216	0.887387844	0.782789202	0.398416044	0.817152141	0.694961574
-1.02202202	0.903321803	0.887631257	0.776452852	0.395109479	0.812772634	0.688532981
-1.01501502	0.901022642	0.887611860	0.769893721	0.391779832	0.808120912	0.681939473
-1.00800801	0.898421859	0.887325674	0.763116296	0.388427932	0.803198848	0.675185818
-1.00100100	0.895517889	0.886768926	0.756125297	0.385054614	0.798008682	0.668276938
-0.99399399	0.892309478	0.885938059	0.748925660	0.381660714	0.792553023	0.661217902
-0.98698699	0.888795694	0.884829742	0.741522537	0.378247072	0.786834841	0.654013915
-0.97997998	0.884975934	0.883440880	0.733921277	0.374814527	0.780857469	0.646670308
-0.97297297	0.880849923	0.881768621	0.726127420	0.371363922	0.774624593	0.639192528
-0.96596597	0.876417728	0.879810369	0.718146688	0.367896100	0.768140253	0.631586123
-0.95895896	0.871679752	0.877563792	0.709984971	0.364411905	0.761408828	0.623856736
-0.95195195	0.866636745	0.875026827	0.701648315	0.360912181	0.754435035	0.616010092
-0.94494494	0.861289803	0.872197692	0.693142915	0.357397774	0.747223916	0.608051985
-0.93793794	0.855640370	0.869074891	0.684475102	0.353869528	0.739780827	0.599988268
-0.93093093	0.849690237	0.865657225	0.675651327	0.350328286	0.732111429	0.591824841
-0.92392392	0.843441548	0.861943791	0.666678157	0.346774893	0.724221674	0.583567641
-0.91691692	0.836896790	0.857933997	0.657562260	0.343210189	0.716117794	0.575222630
-0.90990991	0.830058800	0.853627561	0.648310390	0.339635016	0.707806281	0.566795782
-0.90290290	0.822930758	0.849024518	0.638929384	0.336050211	0.699293879	0.558293076
-0.89589590	0.815516186	0.844125225	0.629426142	0.332456612	0.690587562	0.549720482
-0.88888889	0.807818941	0.838930367	0.619807624	0.328855052	0.681694521	0.541083951
-0.88188188	0.799843216	0.833440955	0.610080835	0.325246363	0.672622145	0.532389406
-0.87487487	0.791593530	0.827658332	0.600252814	0.321631375	0.663378005	0.523642733
-0.86786787	0.783074722	0.821584177	0.590330627	0.318010911	0.653969832	0.514849767
-0.86086086	0.774291950	0.815220500	0.580321357	0.314385794	0.644405502	0.506016289
-0.85385385	0.765250679	0.808569653	0.570232093	0.310756842	0.634693014	0.497148013
-0.84684685	0.755956672	0.801634320	0.560069923	0.307124870	0.624840474	0.488250581
-0.83983984	0.746415991	0.794417524	0.549841923	0.303490687	0.614856072	0.479329551
-0.83283283	0.736634978	0.786922622	0.539555155	0.299855098	0.604748065	0.470390395
-0.82582583	0.726620255	0.779153310	0.529216654	0.296218906	0.594524758	0.461438490
-0.81881882	0.716378708	0.771113611	0.518833421	0.292582904	0.584194483	0.452479110
-0.81181181	0.705917486	0.762807884	0.508412423	0.288947884	0.573765583	0.443517424
-0.80480480	0.695243984	0.754240813	0.497960581	0.285314632	0.563246391	0.434558491
-0.79779780	0.684365839	0.745417409	0.487484767	0.281683927	0.552645214	0.425607253
-0.79079079	0.673290919	0.736343004	0.476991800	0.278056543	0.541970316	0.416668532
-0.78378378	0.662027316	0.727023247	0.466488440	0.274433248	0.531229900	0.407747031
-0.77677678	0.650583332	0.717464101	0.455981386	0.270814804	0.520432094	0.398847325
-0.76976977	0.638967478	0.707671838	0.445477272	0.267201966	0.509584937	0.389973867
-0.76276276	0.627188458	0.697653034	0.434982666	0.263595483	0.498696363	0.381130978
-0.75575576	0.615255166	0.687414562	0.424504064	0.259996097	0.487774188	0.372322855
-0.74874875	0.603176678	0.676963592	0.414047890	0.256404545	0.476826103	0.363553567
-0.74174174	0.590962242	0.666307579	0.403620496	0.252821553	0.465859660	0.354827055
-0.73473473	0.578621274	0.655454261	0.393228160	0.249247842	0.454882264	0.346147134
-0.72772773	0.566163351	0.644411651	0.382877084	0.245684128	0.443901166	0.337517499
-0.72072072	0.553598205	0.633188033	0.372573393	0.242131114	0.432923458	0.328941719
-0.71371371	0.540935718	0.621791954	0.362323138	0.238589501	0.421956065	0.320423248
-0.70670671	0.528185919	0.610232218	0.352132293	0.235059977	0.411005749	0.311965427
-0.69969970	0.515358979	0.598517880	0.342006752	0.231543226	0.400079099	0.303571482
-0.69269269	0.502465208	0.586658239	0.331952339	0.228039922	0.389182538	0.295244537
-0.68568569	0.489515050	0.574662833	0.321974795	0.224550731	0.378322325	0.286987613
-0.67867868	0.476519085	0.562541427	0.312079788	0.221076310	0.367504555	0.278803637
-0.67167167	0.463488024	0.550304012	0.302272909	0.217617308	0.356735166	0.270695443
-0.66466466	0.450432709	0.537960795	0.292559671	0.214174366	0.346019950	0.262665784
-0.65765766	0.437364110	0.525522192	0.282945509	0.210748115	0.335364558	0.254717333
-0.65065065	0.424293326	0.512998822	0.273435780	0.207339177	0.324774510	0.246852694
-0.64364364	0.411231582	0.500401496	0.264035761	0.203948165	0.314255212	0.239074403
-0.63663664	0.398190229	0.487741212	0.254750648	0.200575684	0.303811969	0.231384942
-0.62962963	0.385180743	0.475029145	0.245585552	0.197222328	0.293449996	0.223786739
-0.62262262	0.372214720	0.462276640	0.236545500	0.193888683	0.283174441	0.216282178
-0.61561562	0.359303877	0.449495201	0.227635426	0.190575323	0.272990402	0.208873608
-0.60860861	0.346460045	0.436696483	0.218860175	0.187282815	0.262902945	0.201563344
-0.60160160	0.333695169	0.423892279	0.210224489	0.184011714	0.252917127	0.194353678
-0.59459459	0.321021293	0.411094511	0.201733012	0.180762566	0.243038017	0.187246883
-0.58758759	0.308450564	0.398315219	0.193390274	0.177535906	0.233270719	0.180245222
-0.58058058	0.295995211	0.385566545	0.185200692	0.174332261	0.223620396	0.173350946
-0.57357357	0.283667539	0.372860721	0.177168559	0.171152145	0.214092291	0.166566308
-0.56656657	0.271479914	0.360210056	0.169298033	0.167996063	0.204691752	0.159893560
-0.55955956	0.259444743	0.347626917	0.161593134	0.164864507	0.195424256	0.153334961
-0.55255255	0.247574454	0.335123711	0.154057730	0.161757962	0.186295425	0.146892776
-0.54554555	0.235881475	0.322712870	0.146695524	0.158676900	0.177311052	0.140569279
-0.53853854	0.224378201	0.310406828	0.139510048	0.155621782	0.168477116	0.134366757
-0.53153153	0.213076964	0.298217998	0.132504648	0.152593056	0.159799798	0.128287504
-0.52452452	0.201990001	0.286158750	0.125682467	0.149591164	0.151285493	0.122333823
-0.51751752	0.191129405	0.274241386	0.119046441	0.146616530	0.142940818	0.116508024
-0.51051051	0.180507090	0.262478109	0.112599275	0.143669573	0.134772615	0.110812416
-0.50350350	0.170134732	0.250881000	0.106343435	0.140750694	0.126787949	0.105249305
-0.49649650	0.160023723	0.239461980	0.100281132	0.137860287	0.118994098	0.099820985
-0.48948949	0.150185106	0.228232781	0.094414304	0.134998733	0.111398538	0.094529730
-0.48248248	0.140629515	0.217204909	0.088744605	0.132166399	0.104008917	0.089377784
-0.47547548	0.131367108	0.206389609	0.083273391	0.129363642	0.096833022	0.084367349
-0.46846847	0.122407494	0.195797823	0.078001702	0.126590806	0.089878733	0.079500569
-0.46146146	0.113759661	0.185440152	0.072930249	0.123848222	0.083153972	0.074779520
-0.45445445	0.105431897	0.175326811	0.068059402	0.121136210	0.076666631	0.070206187
-0.44744745	0.097431714	0.165467589	0.063389180	0.118455076	0.070424499	0.065782453
-0.44044044	0.089765766	0.155871799	0.058919236	0.115805113	0.064435165	0.061510070
-0.43343343	0.082439768	0.146548239	0.054648845	0.113186604	0.058705920	0.057390647
-0.42642643	0.075458421	0.137505136	0.050576906	0.110599815	0.053243636	0.053425621
-0.41941942	0.068825336	0.128750109	0.046701921	0.108045002	0.048054644	0.049616237
-0.41241241	0.062542957	0.120290115	0.043022005	0.105522406	0.043144589	0.045963522
-0.40540541	0.056612501	0.112131404	0.039534870	0.103032256	0.038518288	0.042468263
-0.39839840	0.051033895	0.104279475	0.036237834	0.100574767	0.034179575	0.039130979
-0.39139139	0.045805726	0.096739034	0.033127820	0.098150140	0.030131142	0.035951896
-0.38438438	0.040925201	0.089513946	0.030201361	0.095758563	0.026374385	0.032930926
-0.37737738	0.036388122	0.082607201	0.027454607	0.093400212	0.022909247	0.030067641
-0.37037037	0.032188869	0.076020878	0.024883336	0.091075246	0.019734076	0.027361252
-0.36336336	0.028320407	0.069756110	0.022482967	0.088783812	0.016845498	0.024810588
-0.35635636	0.024774299	0.063813059	0.020248577	0.086526044	0.014238307	0.022414077
-0.34934935	0.021540750	0.058190894	0.018174920	0.084302061	0.011905391	0.020169733
-0.34234234	0.018608659	0.052887774	0.016256449	0.082111967	0.009837688	0.018075145
-0.33533534	0.015965701	0.047900840	0.014487342	0.079955854	0.008024187	0.016127465
-0.32832833	0.013598419	0.043226214	0.012861528	0.077833799	0.006451980	0.014323409
-0.32132132	0.011492341	0.038859000	0.011372720	0.075745865	0.005106370	0.012659254
-0.31431431	0.009632120	0.034793304	0.010014442	0.073692100	0.003971039	0.011130848
-0.30730731	0.008001683	0.031022256	0.008780073	0.071672539	0.003028280	0.009733622
-0.30030030	0.006584400	0.027538039	0.007662874	0.069687202	0.002259289	0.008462604
-0.29329329	0.005363267	0.024331934	0.006656033	0.067736097	0.001644524	0.007312448
-0.28628629	0.004321100	0.021394370	0.005752697	0.065819213	0.001164106	0.006277461
-0.27927928	0.003440725	0.018714987	0.004946020	0.063936531	0.000798269	0.005351639
-0.27227227	0.002705188	0.016282702	0.004229194	0.062088012	0.000527822	0.004528713
-0.26526527	0.002097942	0.014085790	0.003595492	0.060273608	0.000334613	0.003802191
-0.25825826	0.001603039	0.012111974	0.003038309	0.058493254	0.000201965	0.003165415
-0.25125125	0.001205305	0.010348517	0.002551191	0.056746871	0.000115051	0.002611618
-0.24424424	0.000890498	0.008782322	0.002127879	0.055034367	0.000061173	0.002133980
-0.23723724	0.000645436	0.007400043	0.001762334	0.053355637	0.000029925	0.001725697
-0.23023023	0.000458107	0.006188195	0.001448773	0.051710559	0.000013215	0.001380042
-0.22322322	0.000317743	0.005133265	0.001181691	0.050099002	0.000005133	0.001090428
-0.21621622	0.000214858	0.004221828	0.000955884	0.048520817	0.000001692	0.000850474
-0.20920921	0.000141258	0.003440662	0.000766470	0.046975845	0.000000449	0.000654062
-0.20220220	0.000090011	0.002776854	0.000608904	0.045463912	0.000000088	0.000495394
-0.19519520	0.000055387	0.002217909	0.000478983	0.043984831	0.000000011	0.000369040
-0.18818819	0.000032771	0.001751846	0.000372859	0.042538403	0.000000001	0.000269978
-0.18118118	0.000018550	0.001367288	0.000287033	0.041124414	0.000000000	0.000193630
-0.17417417	0.000009985	0.001053537	0.000218357	0.039742641	0.000000000	0.000135881
-0.16716717	0.000005074	0.000800642	0.000164024	0.038392846	0.000000000	0.000093093
-0.16016016	0.000002413	0.000599450	0.000121555	0.037074779	0.000000000	0.000062107
-0.15315315	0.000001062	0.000441637	0.000088788	0.035788179	0.000000000	0.000040230
-0.14614615	0.000000427	0.000319733	0.000063854	0.034532773	0.000000000	0.000025214
-0.13913914	0.000000154	0.000227121	0.000045162	0.033308276	0.000000000	0.000015228
-0.13213213	0.000000049	0.000158028	0.000031373	0.032114393	0.000000000	0.000008821
-0.12512513	0.000000013	0.000107492	0.000021376	0.030950818	0.000000000	0.000004873
-0.11811812	0.000000003	0.000071323	0.000014262	0.029817232	0.000000000	0.000002550
-0.11111111	0.000000000	0.000046047	0.000009301	0.028713309	0.000000000	0.000001253
-0.10410410	0.000000000	0.000028844	0.000005918	0.027638710	0.000000000	0.000000573
-0.09709710	0.000000000	0.000017471	0.000003665	0.026593090	0.000000000	0.000000240
-0.09009009	0.000000000	0.000010194	0.000002203	0.025576092	0.000000000	0.000000091
-0.08308308	0.000000000	0.000005704	0.000001282	0.024587350	0.000000000	0.000000031
-0.07607608	0.000000000	0.000003044	0.000000720	0.023626489	0.000000000	0.000000009
-0.06906907	0.000000000	0.000001540	0.000000389	0.022693129	0.000000000	0.000000002
-0.06206206	0.000000000	0.000000733	0.000000201	0.021786878	0.000000000	0.000000000
-0.05505506	0.000000000	0.000000325	0.000000099	0.020907339	0.000000000	0.000000000
-0.04804805	0.000000000	0.000000133	0.000000046	0.020054107	0.000000000	0.000000000
-0.04104104	0.000000000	0.000000049	0.000000020	0.019226771	0.000000000	0.000000000
-0.03403403	0.000000000	0.000000016	0.000000008	0.018424911	0.000000000	0.000000000
-0.02702703	0.000000000	0.000000005	0.000000003	0.017648105	0.000000000	0.000000000
-0.02002002	0.000000000	0.000000001	0.000000001	0.016895924	0.000000000	0.000000000
-0.01301301	0.000000000	0.000000000	0.000000000	0.016167931	0.000000000	0.000000000
-0.00600601	0.000000000	0.000000000	0.000000000	0.015463689	0.000000000	0.000000000
0.00100100	0.000000000	0.000000000	0.000000000	0.014782754	0.000000000	0.000000000
0.00800801	0.000000000	0.000000000	0.000000000	0.014124679	0.000000000	0.000000000
0.01501502	0.000000000	0.000000000	0.000000000	0.013489013	0.000000000	0.000000000
0.02202202	0.000000000	0.000000000	0.000000000	0.012875302	0.000000000	0.000000000
0.02902903	0.000000000	0.000000000	0.000000000	0.012283090	0.000000000	0.000000000
0.03603604	0.000000000	0.000000000	0.000000000	0.011711920	0.000000000	0.000000000
0.04304304	0.000000000	0.000000000	0.000000000	0.011161331	0.000000000	0.000000000
0.05005005	0.000000000	0.000000000	0.000000000	0.010630862	0.000000000	0.000000000
0.05705706	0.000000000	0.000000000	0.000000000	0.010120051	0.000000000	0.000000000
0.06406406	0.000000000	0.000000000	0.000000000	0.009628437	0.000000000	0.000000000
0.07107107	0.000000000	0.000000000	0.000000000	0.009155556	0.000000000	0.000000000
0.07807808	0.000000000	0.000000000	0.000000000	0.008700948	0.000000000	0.000000000
0.08508509	0.000000000	0.000000000	0.000000000	0.008264151	0.000000000	0.000000000
0.09209209	0.000000000	0.000000000	0.000000000	0.007844706	0.000000000	0.000000000
0.09909910	0.000000000	0.000000000	0.000000000	0.007442156	0.000000000	0.000000000
0.10610611	0.000000000	0.000000000	0.000000000	0.007056045	0.000000000	0.000000000
0.11311311	0.000000000	0.000000000	0.000000000	0.006685919	0.000000000	0.000000000
0.12012012	0.000000000	0.000000000	0.000000000	0.006331328	0.000000000	0.000000000
0.12712713	0.000000000	0.000000000	0.000000000	0.005991825	0.000000000	0.000000000
0.13413413	0.000000000	0.000000000	0.000000000	0.005666968	0.000000000	0.000000000
0.14114114	0.000000000	0.000000000	0.000000000	0.005356316	0.000000000	0.000000000
0.14814815	0.000000000	0.000000000	0.000000000	0.005059434	0.000000000	0.000000000
0.15515516	0.000000000	0.000000000	0.000000000	0.004775892	0.000000000	0.000000000
0.16216216	0.000000000	0.000000000	0.000000000	0.004505264	0.000000000	0.000000000
0.16916917	0.000000000	0.000000000	0.000000000	0.004247130	0.000000000	0.000000000
0.17617618	0.000000000	0.000000000	0.000000000	0.004001076	0.000000000	0.000000000
0.18318318	0.000000000	0.000000000	0.000000000	0.003766691	0.000000000	0.000000000
0.19019019	0.000000000	0.000000000	0.000000000	0.003543574	0.000000000	0.000000000
0.19719720	0.000000000	0.000000000	0.000000000	0.003331328	0.000000000	0.000000000
0.20420420	0.000000000	0.000000000	0.000000000	0.003129562	0.000000000	0.000000000
0.21121121	0.000000000	0.000000000	0.000000000	0.002937895	0.000000000	0.000000000
0.21821822	0.000000000	0.000000000	0.000000000	0.002755949	0.000000000	0.000000000
0.22522523	0.000000000	0.000000000	0.000000000	0.002583355	0.000000000	0.000000000
0.23223223	0.000000000	0.000000000	0.000000000	0.002419753	0.000000000	0.000000000
0.23923924	0.000000000	0.000000000	0.000000000	0.002264788	0.000000000	0.000000000
0.24624625	0.000000000	0.000000000	0.000000000	0.002118114	0.000000000	0.000000000
0.25325325	0.000000000	0.000000000	0.000000000	0.001979392	0.000000000	0.000000000
0.26026026	0.000000000	0.000000000	0.000000000	0.001848292	0.000000000	0.000000000
0.26726727	0.000000000	0.000000000	0.000000000	0.001724491	0.000000000	0.000000000
0.27427427	0.000000000	0.000000000	0.000000000	0.001607675	0.000000000	0.000000000
0.28128128	0.000000000	0.000000000	0.000000000	0.001497538	0.000000000	0.000000000
0.28828829	0.000000000	0.000000000	0.000000000	0.001393781	0.000000000	0.000000000
0.29529530	0.000000000	0.000000000	0.000000000	0.001296116	0.000000000	0.000000000
0.30230230	0.000000000	0.000000000	0.000000000	0.001204260	0.000000000	0.000000000
0.30930931	0.000000000	0.000000000	0.000000000	0.001117942	0.000000000	0.000000000
0.31631632	0.000000000	0.000000000	0.000000000	0.001036896	0.000000000	0.000000000
0.32332332	0.000000000	0.000000000	0.000000000	0.000960866	0.000000000	0.000000000
0.33033033	0.000000000	0.000000000	0.000000000	0.000889604	0.000000000	0.000000000
0.33733734	0.000000000	0.000000000	0.000000000	0.000822870	0.000000000	0.000000000
0.34434434	0.000000000	0.000000000	0.000000000	0.000760434	0.000000000	0.000000000
0.35135135	0.000000000	0.000000000	0.000000000	0.000702071	0.000000000	0.000000000
0.35835836	0.000000000	0.000000000	0.000000000	0.000647566	0.000000000	0.000000000
0.36536537	0.000000000	0.000000000	0.000000000	0.000596712	0.000000000	0.000000000
0.37237237	0.000000000	0.000000000	0.000000000	0.000549310	0.000000000	0.000000000
0.37937938	0.000000000	0.000000000	0.000000000	0.000505168	0.000000000	0.000000000
0.38638639	0.000000000	0.000000000	0.000000000	0.000464102	0.000000000	0.000000000
0.39339339	0.000000000	0.000000000	0.000000000	0.000425935	0.000000000	0.000000000
0.40040040	0.000000000	0.000000000	0.000000000	0.000390499	0.000000000	0.000000000
0.40740741	0.000000000	0.000000000	0.000000000	0.000357632	0.000000000	0.000000000
0.41441441	0.000000000	0.000000000	0.000000000	0.000327179	0.000000000	0.000000000
0.42142142	0.000000000	0.000000000	0.000000000	0.000298993	0.000000000	0.000000000
0.42842843	0.000000000	0.000000000	0.000000000	0.000272932	0.000000000	0.000000000
0.43543544	0.000000000	0.000000000	0.000000000	0.000248863	0.000000000	0.000000000
0.44244244	0.000000000	0.000000000	0.000000000	0.000226658	0.000000000	0.000000000
0.44944945	0.000000000	0.000000000	0.000000000	0.000206195	0.000000000	0.000000000
0.45645646	0.000000000	0.000000000	0.000000000	0.000187359	0.000000000	0.000000000
0.46346346	0.000000000	0.000000000	0.000000000	0.000170041	0.000000000	0.000000000
0.47047047	0.000000000	0.000000000	0.000000000	0.000154136	0.000000000	0.000000000
0.47747748	0.000000000	0.000000000	0.000000000	0.000139547	0.000000000	0.000000000
0.48448448	0.000000000	0.000000000	0.000000000	0.000126181	0.000000000	0.000000000
0.49149149	0.000000000	0.000000000	0.000000000	0.000113951	0.000000000	0.000000000
0.49849850	0.000000000	0.000000000	0.000000000	0.000102773	0.000000000	0.000000000
0.50550551	0.000000000	0.000000000	0.000000000	0.000092571	0.000000000	0.000000000
0.51251251	0.000000000	0.000000000	0.000000000	0.000083270	0.000000000	0.000000000
0.51951952	0.000000000	0.000000000	0.000000000	0.000074803	0.000000000	0.000000000
0.52652653	0.000000000	0.000000000	0.000000000	0.000067104	0.000000000	0.000000000
0.53353353	0.000000000	0.000000000	0.000000000	0.000060114	0.000000000	0.000000000
0.54054054	0.000000000	0.000000000	0.000000000	0.000053775	0.000000000	0.000000000
0.54754755	0.000000000	0.000000000	0.000000000	0.000048036	0.000000000	0.000000000
0.55455455	0.000000000	0.000000000	0.000000000	0.000042846	0.000000000	0.000000000
0.56156156	0.000000000	0.000000000	0.000000000	0.000038160	0.000000000	0.000000000
0.56856857	0.000000000	0.000000000	0.000000000	0.000033935	0.000000000	0.000000000
0.57557558	0.000000000	0.000000000	0.000000000	0.000030132	0.000000000	0.000000000
0.58258258	0.000000000	0.000000000	0.000000000	0.000026713	0.000000000	0.000000000
0.58958959	0.000000000	0.000000000	0.000000000	0.000023644	0.000000000	0.000000000
0.59659660	0.000000000	0.000000000	0.000000000	0.000020894	0.000000000	0.000000000
0.60360360	0.000000000	0.000000000	0.000000000	0.000018433	0.000000000	0.000000000
0.61061061	0.000000000	0.000000000	0.000000000	0.000016235	0.000000000	0.000000000
0.61761762	0.000000000	0.000000000	0.000000000	0.000014275	0.000000000	0.000000000
0.62462462	0.000000000	0.000000000	0.000000000	0.000012529	0.000000000	0.000000000
0.63163163	0.000000000	0.000000000	0.000000000	0.000010978	0.000000000	0.000000000
0.63863864	0.000000000	0.000000000	0.000000000	0.000009601	0.000000000	0.000000000
0.64564565	0.000000000	0.000000000	0.000000000	0.000008382	0.000000000	0.000000000
0.65265265	0.000000000	0.000000000	0.000000000	0.000007304	0.000000000	0.000000000
0.65965966	0.000000000	0.000000000	0.000000000	0.000006353	0.000000000	0.000000000
0.66666667	0.000000000	0.000000000	0.000000000	0.000005514	0.000000000	0.000000000
0.67367367	0.000000000	0.000000000	0.000000000	0.000004777	0.000000000	0.000000000
0.68068068	0.000000000	0.000000000	0.000000000	0.000004131	0.000000000	0.000000000
0.68768769	0.000000000	0.000000000	0.000000000	0.000003564	0.000000000	0.000000000
0.69469469	0.000000000	0.000000000	0.000000000	0.000003069	0.000000000	0.000000000
0.70170170	0.000000000	0.000000000	0.000000000	0.000002637	0.000000000	0.000000000
0.70870871	0.000000000	0.000000000	0.000000000	0.000002261	0.000000000	0.000000000
0.71571572	0.000000000	0.000000000	0.000000000	0.000001934	0.000000000	0.000000000
0.72272272	0.000000000	0.000000000	0.000000000	0.000001651	0.000000000	0.000000000
0.72972973	0.000000000	0.000000000	0.000000000	0.000001406	0.000000000	0.000000000
0.73673674	0.000000000	0.000000000	0.000000000	0.000001195	0.000000000	0.000000000
0.74374374	0.000000000	0.000000000	0.000000000	0.000001013	0.000000000	0.000000000
0.75075075	0.000000000	0.000000000	0.000000000	0.000000856	0.000000000	0.000000000
0.75775776	0.000000000	0.000000000	0.000000000	0.000000722	0.000000000	0.000000000
0.76476476	0.000000000	0.000000000	0.000000000	0.000000608	0.000000000	0.000000000
0.77177177	0.000000000	0.000000000	0.000000000	0.000000510	0.000000000	0.000000000
0.77877878	0.000000000	0.000000000	0.000000000	0.000000427	0.000000000	0.000000000
0.78578579	0.000000000	0.000000000	0.000000000	0.000000357	0.000000000	0.000000000
0.79279279	0.000000000	0.000000000	0.000000000	0.000000297	0.000000000	0.000000000
0.79979980	0.000000000	0.000000000	0.000000000	0.000000246	0.000000000	0.000000000
0.80680681	0.000000000	0.000000000	0.000000000	0.000000204	0.000000000	0.000000000
0.81381381	0.000000000	0.000000000	0.000000000	0.000000168	0.000000000	0.000000000
0.82082082	0.000000000	0.000000000	0.000000000	0.000000139	0.000000000	0.000000000
0.82782783	0.000000000	0.000000000	0.000000000	0.000000114	0.000000000	0.000000000
0.83483483	0.000000000	0.000000000	0.000000000	0.000000093	0.000000000	0.000000000
0.84184184	0.000000000	0.000000000	0.000000000	0.000000076	0.000000000	0.000000000
0.84884885	0.000000000	0.000000000	0.000000000	0.000000062	0.000000000	0.000000000
0.85585586	0.000000000	0.000000000	0.000000000	0.000000050	0.000000000	0.000000000
0.86286286	0.000000000	0.000000000	0.000000000	0.000000040	0.000000000	0.000000000
0.86986987	0.000000000	0.000000000	0.000000000	0.000000032	0.000000000	0.000000000
0.87687688	0.000000000	0.000000000	0.000000000	0.000000026	0.000000000	0.000000000
0.88388388	0.000000000	0.000000000	0.000000000	0.000000021	0.000000000	0.000000000
0.89089089	0.000000000	0.000000000	0.000000000	0.000000017	0.000000000	0.000000000
0.89789790	0.000000000	0.000000000	0.000000000	0.000000013	0.000000000	0.000000000
0.90490490	0.000000000	0.000000000	0.000000000	0.000000010	0.000000000	0.000000000
0.91191191	0.000000000	0.000000000	0.000000000	0.000000008	0.000000000	0.000000000
0.91891892	0.000000000	0.000000000	0.000000000	0.000000006	0.000000000	0.000000000
0.92592593	0.000000000	0.000000000	0.000000000	0.000000005	0.000000000	0.000000000
0.93293293	0.000000000	0.000000000	0.000000000	0.000000004	0.000000000	0.000000000
0.93993994	0.000000000	0.000000000	0.000000000	0.000000003	0.000000000	0.000000000
0.94694695	0.000000000	0.000000000	0.000000000	0.000000002	0.000000000	0.000000000
0.95395395	0.000000000	0.000000000	0.000000000	0.000000002	0.000000000	0.000000000
0.96096096	0.000000000	0.000000000	0.000000000	0.000000001	0.000000000	0.000000000
0.96796797	0.000000000	0.000000000	0.000000000	0.000000001	0.000000000	0.000000000
0.97497497	0.000000000	0.000000000	0.000000000	0.000000001	0.000000000	0.000000000
0.98198198	0.000000000	0.000000000	0.000000000	0.000000001	0.000000000	0.000000000
0.98898899	0.000000000	0.000000000	0.000000000	0.000000000	0.000000000	0.000000000
0.99599600	0.000000000	0.000000000	0.000000000	0.000000000	0.000000000	0.000000000
1.00300300	0.000000000	0.000000000	0.000000000	0.000000000	0.000000000	0.000000000
1.01001001	0.000000000	0.000000000	0.000000000	0.000000000	0.000000000	0.000000000
1.01701702	0.000000000	0.000000000	0.000000000	0.000000000	0.000000000	0.000000000
1.02402402	0.000000000	0.000000000	0.000000000	0.000000000	0.000000000	0.000000000
1.03103103	0.000000000	0.000000000	0.000000000	0.000000000	0.000000000	0.000000000
1.03803804	0.000000000	0.000000000	0.000000000	0.000000000	0.000000000	0.000000000
1.04504505	0.000000000	0.000000000	0.000000000	0.000000000	0.000000000	0.000000000
1.05205205	0.000000000	0.000000000	0.000000000	0.000000000	0.000000000	0.000000000
1.05905906	0.000000000	0.000000000	0.000000000	0.000000000	0.000000000	0.000000000
1.06606607	0.000000000	0.000000000	0.000000000	0.000000000	0.000000000	0.000000000
1.07307307	0.000000000	0.000000000	0.000000000	0.000000000	0.000000000	0.000000000
1.08008008	0.000000000	0.000000000	0.000000000	0.000000000	0.000000000	0.000000000
1.08708709	0.000000000	0.000000000	0.000000000	0.000000000	0.000000000	0.000000000
1.09409409	0.000000000	0.000000000	0.000000000	0.000000000	0.000000000	0.000000000
1.10110110	0.000000000	0.000000000	0.000000000	0.000000000	0.000000000	0.000000000
1.10810811	0.000000000	0.000000000	0.000000000	0.000000000	0.000000000	0.000000000
1.11511512	0.000000000	0.000000000	0.000000000	0.000000000	0.000000000	0.000000000
1.12212212	0.000000000	0.000000000	0.000000000	0.000000000	0.000000000	0.000000000
1.12912913	0.000000000	0.000000000	0.000000000	0.000000000	0.000000000	0.000000000
1.13613614	0.000000000	0.000000000	0.000000000	0.000000000	0.000000000	0.000000000
1.14314314	0.000000000	0.000000000	0.000000000	0.000000000	0.000000000	0.000000000
1.15015015	0.000000000	0.000000000	0.000000000	0.000000000	0.000000000	0.000000000
1.15715716	0.000000000	0.000000000	0.000000000	0.000000000	0.000000000	0.000000000
1.16416416	0.000000000	0.000000000	0.000000000	0.000000000	0.000000000	0.000000000
1.17117117	0.000000000	0.000000000	0.000000000	0.000000000	0.000000000	0.000000000
1.17817818	0.000000000	0.000000000	0.000000000	0.000000000	0.000000000	0.000000000
1.18518519	0.000000000	0.000000000	0.000000000	0.000000000	0.000000000	0.000000000
1.19219219	0.000000000	0.000000000	0.000000000	0.000000000	0.000000000	0.000000000
1.19919920	0.000000000	0.000000000	0.000000000	0.000000000	0.000000000	0.000000000
1.20620621	0.000000000	0.000000000	0.000000000	0.000000000	0.000000000	0.000000000
1.21321321	0.000000000	0.000000000	0.000000000	0.000000000	0.000000000	0.000000000
1.22022022	0.000000000	0.000000000	0.000000000	0.000000000	0.000000000	0.000000000
1.22722723	0.000000000	0.000000000	0.000000000	0.000000000	0.000000000	0.000000000
1.23423423	0.000000000	0.000000000	0.000000000	0.000000000	0.000000000	0.000000000
1.24124124	0.000000000	0.000000000	0.000000000	0.000000000	0.000000000	0.000000000
1.24824825	0.000000000	0.000000000	0.000000000	0.000000000	0.000000000	0.000000000
1.25525526	0.000000000	0.000000000	0.000000000	0.000000000	0.000000000	0.000000000
1.26226226	0.000000000	0.000000000	0.000000000	0.000000000	0.000000000	0.000000000
1.26926927	0.000000000	0.000000000	0.000000000	0.000000000	0.000000000	0.000000000
1.27627628	0.000000000	0.000000000	0.000000000	0.000000000	0.000000000	0.000000000
1.28328328	0.000000000	0.000000000	0.000000000	0.000000000	0.000000000	0.000000000
1.29029029	0.000000000	0.000000000	0.000000000	0.000000000	0.000000000	0.000000000
1.29729730	0.000000000	0.000000000	0.000000000	0.000000000	0.000000000	0.000000000
1.30430430	0.000000000	0.000000000	0.000000000	0.000000000	0.000000000	0.000000000
1.31131131	0.000000000	0.000000000	0.000000000	0.000000000	0.000000000	0.000000000
1.31831832	0.000000000	0.000000000	0.000000000	0.000000000	0.000000000	0.000000000
1.32532533	0.000000000	0.000000000	0.000000000	0.000000000	0.000000000	0.000000000
1.33233233	0.000000000	0.000000000	0.000000000	0.000000000	0.000000000	0.000000000
1.33933934	0.000000000	0.000000000	0.000000000	0.000000000	0.000000000	0.000000000
1.34634635	0.000000000	0.000000000	0.000000000	0.000000000	0.000000000	0.000000000
1.35335335	0.000000000	0.000000000	0.000000000	0.000000000	0.000000000	0.000000000
1.36036036	0.000000000	0.000000000	0.000000000	0.000000000	0.000000000	0.000000000
1.36736737	0.000000000	0.000000000	0.000000000	0.000000000	0.000000000	0.000000000
1.37437437	0.000000000	0.000000000	0.000000000	0.000000000	0.000000000	0.000000000
1.38138138	0.000000000	0.000000000	0.000000000	0.000000000	0.000000000	0.000000000
1.38838839	0.000000000	0.000000000	0.000000000	0.000000000	0.000000000	0.000000000
1.39539540	0.000000000	0.000000000	0.000000000	0.000000000	0.000000000	0.000000000
1.40240240	0.000000000	0.000000000	0.000000000	0.000000000	0.000000000	0.000000000
1.40940941	0.000000000	0.000000000	0.000000000	0.000000000	0.000000000	0.000000000
1.41641642	0.000000000	0.000000000	0.000000000	0.000000000	0.000000000	0.000000000
1.42342342	0.000000000	0.000000000	0.000000000	0.000000000	0.000000000	0.000000000
1.43043043	0.000000000	0.000000000	0.000000000	0.000000000	0.000000000	0.000000000
1.43743744	0.000000000	0.000000000	0.000000000	0.000000000	0.000000000	0.000000000
1.44444444	0.000000000	0.000000000	0.000000000	0.000000000	0.000000000	0.000000000
1.45145145	0.000000000	0.000000000	0.000000000	0.000000000	0.000000000	0.000000000
1.45845846	0.000000000	0.000000000	0.000000000	0.000000000	0.000000000	0.000000000
1.46546547	0.000000000	0.000000000	0.000000000	0.000000000	0.000000000	0.000000000
1.47247247	0.000000000	0.000000000	0.000000000	0.000000000	0.000000000	0.000000000
1.47947948	0.000000000	0.000000000	0.000000000	0.000000000	0.000000000	0.000000000
1.48648649	0.000000000	0.000000000	0.000000000	0.000000000	0.000000000	0.000000000
1.49349349	0.000000000	0.000000000	0.000000000	0.000000000	0.000000000	0.000000000
1.50050050	0.000000000	0.000000000	0.000000000	0.000000000	0.000000000	0.000000000
1.50750751	0.000000000	0.000000000	0.000000000	0.000000000	0.000000000	0.000000000
1.51451451	0.000000000	0.000000000	0.000000000	0.000000000	0.000000000	0.000000000
1.52152152	0.000000000	0.000000000	0.000000000	0.000000000	0.000000000	0.000000000
1.52852853	0.000000000	0.000000000	0.000000000	0.000000000	0.000000000	0.000000000
1.53553554	0.000000000	0.000000000	0.000000000	0.000000000	0.000000000	0.000000000
1.54254254	0.000000000	0.000000000	0.000000000	0.000000000	0.000000000	0.000000000
1.54954955	0.000000000	0.000000000	0.000000000	0.000000000	0.000000000	0.000000000
1.55655656	0.000000000	0.000000000	0.000000000	0.000000000	0.000000000	0.000000000
1.56356356	0.000000000	0.000000000	0.000000000	0.000000000	0.000000000	0.000000000
1.57057057	0.000000000	0.000000000	0.000000000	0.000000000	0.000000000	0.000000000
1.57757758	0.000000000	0.000000000	0.000000000	0.000000000	0.000000000	0.000000000
1.58458458	0.000000000	0.000000000	0.000000000	0.000000000	0.000000000	0.000000000
1.59159159	0.000000000	0.000000000	0.000000000	0.000000000	0.000000000	0.000000000
1.59859860	0.000000000	0.000000000	0.000000000	0.000000000	0.000000000	0.000000000
1.60560561	0.000000000	0.000000000	0.000000000	0.000000000	0.000000000	0.000000000
1.61261261	0.000000000	0.000000000	0.000000000	0.000000000	0.000000000	0.000000000
1.61961962	0.000000000	0.000000000	0.000000000	0.000000000	0.000000000	0.000000000
1.62662663	0.000000000	0.000000000	0.000000000	0.000000000	0.000000000	0.000000000
1.63363363	0.000000000	0.000000000	0.000000000	0.000000000	0.000000000	0.000000000
1.64064064	0.000000000	0.000000000	0.000000000	0.000000000	0.000000000	0.000000000
1.64764765	0.000000000	0.000000000	0.000000000	0.000000000	0.000000000	0.000000000
1.65465465	0.000000000	0.000000000	0.000000000	0.000000000	0.000000000	0.000000000
1.66166166	0.000000000	0.000000000	0.000000000	0.000000000	0.000000000	0.000000000
1.66866867	0.000000000	0.000000000	0.000000000	0.000000000	0.000000000	0.000000000
1.67567568	0.000000000	0.000000000	0.000000000	0.000000000	0.000000000	0.000000000
1.68268268	0.000000000	0.000000000	0.000000000	0.000000000	0.000000000	0.000000000
1.68968969	0.000000000	0.000000000	0.000000000	0.000000000	0.000000000	0.000000000
1.69669670	0.000000000	0.000000000	0.000000000	0.000000000	0.000000000	0.000000000
1.70370370	0.000000000	0.000000000	0.000000000	0.000000000	0.000000000	0.000000000
1.71071071	0.000000000	0.000000000	0.000000000	0.000000000	0.000000000	0.000000000
1.71771772	0.000000000	0.000000000	0.000000000	0.000000000	0.000000000	0.000000000
1.72472472	0.000000000	0.000000000	0.000000000	0.000000000	0.000000000	0.000000000
1.73173173	0.000000000	0.000000000	0.000000000	0.000000000	0.000000000	0.000000000
1.73873874	0.000000000	0.000000000	0.000000000	0.000000000	0.000000000	0.000000000
1.74574575	0.000000000	0.000000000	0.000000000	0.000000000	0.000000000	0.000000000
1.75275275	0.000000000	0.000000000	0.000000000	0.000000000	0.000000000	0.000000000
1.75975976	0.000000000	0.000000000	0.000000000	0.000000000	0.000000000	0.000000000
1.76676677	0.000000000	0.000000000	0.000000000	0.000000000	0.000000000	0.000000000
1.77377377	0.000000000	0.000000000	0.000000000	0.000000000	0.000000000	0.000000000
1.78078078	0.000000000	0.000000000	0.000000000	0.000000000	0.000000000	0.000000000
1.78778779	0.000000000	0.000000000	0.000000000	0.000000000	0.000000000	0.000000000
1.79479479	0.000000000	0.000000000	0.000000000	0.000000000	0.000000000	0.000000000
1.80180180	0.000000000	0.000000000	0.000000000	0.000000000	0.000000000	0.000000000
1.80880881	0.000000000	0.000000000	0.000000000	0.000000000	0.000000000	0.000000000
1.81581582	0.000000000	0.000000000	0.000000000	0.000000000	0.000000000	0.000000000
1.82282282	0.000000000	0.000000000	0.000000000	0.000000000	0.000000000	0.000000000
1.82982983	0.000000000	0.000000000	0.000000000	0.000000000	0.000000000	0.000000000
1.83683684	0.000000000	0.000000000	0.000000000	0.000000000	0.000000000	0.000000000
1.84384384	0.000000000	0.000000000	0.000000000	0.000000000	0.000000000	0.000000000
1.85085085	0.000000000	0.000000000	0.000000000	0.000000000	0.000000000	0.000000000
1.85785786	0.000000000	0.000000000	0.000000000	0.000000000	0.000000000	0.000000000
1.86486486	0.000000000	0.000000000	0.000000000	0.000000000	0.000000000	0.000000000
1.87187187	0.000000000	0.000000000	0.000000000	0.000000000	0.000000000	0.000000000
1.87887888	0.000000000	0.000000000	0.000000000	0.000000000	0.000000000	0.000000000
1.88588589	0.000000000	0.000000000	0.000000000	0.000000000	0.000000000	0.000000000
1.89289289	0.000000000	0.000000000	0.000000000	0.000000000	0.000000000	0.000000000
1.89989990	0.000000000	0.000000000	0.000000000	0.000000000	0.000000000	0.000000000
1.90690691	0.000000000	0.000000000	0.000000000	0.000000000	0.000000000	0.000000000
1.91391391	0.000000000	0.000000000	0.000000000	0.000000000	0.000000000	0.000000000
1.92092092	0.000000000	0.000000000	0.000000000	0.000000000	0.000000000	0.000000000
1.92792793	0.000000000	0.000000000	0.000000000	0.000000000	0.000000000	0.000000000
1.93493493	0.000000000	0.000000000	0.000000000	0.000000000	0.000000000	0.000000000
1.94194194	0.000000000	0.000000000	0.000000000	0.000000000	0.000000000	0.000000000
1.94894895	0.000000000	0.000000000	0.000000000	0.000000000	0.000000000	0.000000000
1.95595596	0.000000000	0.000000000	0.000000000	0.000000000	0.000000000	0.000000000
1.96296296	0.000000000	0.000000000	0.000000000	0.000000000	0.000000000	0.000000000
1.96996997	0.000000000	0.000000000	0.000000000	0.000000000	0.000000000	0.000000000
1.97697698	0.000000000	0.000000000	0.000000000	0.000000000	0.000000000	0.000000000
1.98398398	0.000000000	0.000000000	0.000000000	0.000000000	0.000000000	0.000000000
1.99099099	0.000000000	0.000000000	0.000000000	0.000000000	0.000000000	0.000000000
1.99799800	0.000000000	0.000000000	0.000000000	0.000000000	0.000000000	0.000000000
2.00500501	0.000000000	0.000000000	0.000000000	0.000000000	0.000000000	0.000000000
2.01201201	0.000000000	0.000000000	0.000000000	0.000000000	0.000000000	0.000000000
2.01901902	0.000000000	0.000000000	0.000000000	0.000000000	0.000000000	0.000000000
2.02602603	0.000000000	0.000000000	0.000000000	0.000000000	0.000000000	0.000000000
2.03303303	0.000000000	0.000000000	0.000000000	0.000000000	0.000000000	0.000000000
2.04004004	0.000000000	0.000000000	0.000000000	0.000000000	0.000000000	0.000000000
2.04704705	0.000000000	0.000000000	0.000000000	0.000000000	0.000000000	0.000000000
2.05405405	0.000000000	0.000000000	0.000000000	0.000000000	0.000000000	0.000000000
2.06106106	0.000000000	0.000000000	0.000000000	0.000000000	0.000000000	0.000000000
2.06806807	0.000000000	0.000000000	0.000000000	0.000000000	0.000000000	0.000000000
2.07507508	0.000000000	0.000000000	0.000000000	0.000000000	0.000000000	0.000000000
2.08208208	0.000000000	0.000000000	0.000000000	0.000000000	0.000000000	0.000000000
2.08908909	0.000000000	0.000000000	0.000000000	0.000000000	0.000000000	0.000000000
2.09609610	0.000000000	0.000000000	0.000000000	0.000000000	0.000000000	0.000000000
2.10310310	0.000000000	0.000000000	0.000000000	0.000000000	0.000000000	0.000000000
2.11011011	0.000000000	0.000000000	0.000000000	0.000000000	0.000000000	0.000000000
2.11711712	0.000000000	0.000000000	0.000000000	0.000000000	0.000000000	0.000000000
2.12412412	0.000000000	0.000000000	0.000000000	0.000000000	0.000000000	0.000000000
2.13113113	0.000000000	0.000000000	0.000000000	0.000000000	0.000000000	0.000000000
2.13813814	0.000000000	0.000000000	0.000000000	0.000000000	0.000000000	0.000000000
2.14514515	0.000000000	0.000000000	0.000000000	0.000000000	0.000000000	0.000000000
2.15215215	0.000000000	0.000000000	0.000000000	0.000000000	0.000000000	0.000000000
2.15915916	0.000000000	0.000000000	0.000000000	0.000000000	0.000000000	0.000000000
2.16616617	0.000000000	0.000000000	0.000000000	0.000000000	0.000000000	0.000000000
2.17317317	0.000000000	0.000000000	0.000000000	0.000000000	0.000000000	0.000000000
2.18018018	0.000000000	0.000000000	0.000000000	0.000000000	0.000000000	0.000000000
2.18718719	0.000000000	0.000000000	0.000000000	0.000000000	0.000000000	0.000000000
2.19419419	0.000000000	0.000000000	0.000000000	0.000000000	0.000000000	0.000000000
2.20120120	0.000000000	0.000000000	0.000000000	0.000000000	0.000000000	0.000000000
2.20820821	0.000000000	0.000000000	0.000000000	0.000000000	0.000000000	0.000000000
2.21521522	0.000000000	0.000000000	0.000000000	0.000000000	0.000000000	0.000000000
2.22222222	0.000000000	0.000000000	0.000000000	0.000000000	0.000000000	0.000000000
2.22922923	0.000000000	0.000000000	0.000000000	0.000000000	0.000000000	0.000000000
2.23623624	0.000000000	0.000000000	0.000000000	0.000000000	0.000000000	0.000000000
2.24324324	0.000000000	0.000000000	0.000000000	0.000000000	0.000000000	0.000000000
2.25025025	0.000000000	0.000000000	0.000000000	0.000000000	0.000000000	0.000000000
2.25725726	0.000000000	0.000000000	0.000000000	0.000000000	0.000000000	0.000000000
2.26426426	0.000000000	0.000000000	0.000000000	0.000000000	0.000000000	0.000000000
2.27127127	0.000000000	0.000000000	0.000000000	0.000000000	0.000000000	0.000000000
2.27827828	0.000000000	0.000000000	0.000000000	0.000000000	0.000000000	0.000000000
2.28528529	0.000000000	0.000000000	0.000000000	0.000000000	0.000000000	0.000000000
2.29229229	0.000000000	0.000000000	0.000000000	0.000000000	0.000000000	0.000000000
2.29929930	0.000000000	0.000000000	0.000000000	0.000000000	0.000000000	0.000000000
2.30630631	0.000000000	0.000000000	0.000000000	0.000000000	0.000000000	0.000000000
2.31331331	0.000000000	0.000000000	0.000000000	0.000000000	0.000000000	0.000000000
2.32032032	0.000000000	0.000000000	0.000000000	0.000000000	0.000000000	0.000000000
2.32732733	0.000000000	0.000000000	0.000000000	0.000000000	0.000000000	0.000000000
2.33433433	0.000000000	0.000000000	0.000000000	0.000000000	0.000000000	0.000000000
2.34134134	0.000000000	0.000000000	0.000000000	0.000000000	0.000000000	0.000000000
2.34834835	0.000000000	0.000000000	0.000000000	0.000000000	0.000000000	0.000000000
2.35535536	0.000000000	0.000000000	0.000000000	0.000000000	0.000000000	0.000000000
2.36236236	0.000000000	0.000000000	0.000000000	0.000000000	0.000000000	0.000000000
2.36936937	0.000000000	0.000000000	0.000000000	0.000000000	0.000000000	0.000000000
2.37637638	0.000000000	0.000000000	0.000000000	0.000000000	0.000000000	0.000000000
2.38338338	0.000000000	0.000000000	0.000000000	0.000000000	0.000000000	0.000000000
2.39039039	0.000000000	0.000000000	0.000000000	0.000000000	0.000000000	0.000000000
2.39739740	0.000000000	0.000000000	0.000000000	0.000000000	0.000000000	0.000000000
2.40440440	0.000000000	0.000000000	0.000000000	0.000000000	0.000000000	0.000000000
2.41141141	0.000000000	0.000000000	0.000000000	0.000000000	0.000000000	0.000000000
2.41841842	0.000000000	0.000000000	0.000000000	0.000000000	0.000000000	0.000000000
2.42542543	0.000000000	0.000000000	0.000000000	0.000000000	0.000000000	0.000000000
2.43243243	0.000000000	0.000000000	0.000000000	0.000000000	0.000000000	0.000000000
2.43943944	0.000000000	0.000000000	0.000000000	0.000000000	0.000000000	0.000000000
2.44644645	0.000000000	0.000000000	0.000000000	0.000000000	0.000000000	0.000000000
2.45345345	0.000000000	0.000000000	0.000000000	0.000000000	0.000000000	0.000000000
2.46046046	0.000000000	0.000000000	0.000000000	0.000000000	0.000000000	0.000000000
2.46746747	0.000000000	0.000000000	0.000000000	0.000000000	0.000000000	0.000000000
2.47447447	0.000000000	0.000000000	0.000000000	0.000000000	0.000000000	0.000000000
2.48148148	0.000000000	0.000000000	0.000000000	0.000000000	0.000000000	0.000000000
2.48848849	0.000000000	0.000000000	0.000000000	0.000000000	0.000000000	0.000000000
2.49549550	0.000000000	0.000000000	0.000000000	0.000000000	0.000000000	0.000000000
2.50250250	0.000000000	0.000000000	0.000000000	0.000000000	0.000000000	0.000000000
2.50950951	0.000000000	0.000000000	0.000000000	0.000000000	0.000000000	0.000000000
2.51651652	0.000000000	0.000000000	0.000000000	0.000000000	0.000000000	0.000000000
2.52352352	0.000000000	0.000000000	0.000000000	0.000000000	0.000000000	0.000000000
2.53053053	0.000000000	0.000000000	0.000000000	0.000000000	0.000000000	0.000000000
2.53753754	0.000000000	0.000000000	0.000000000	0.000000000	0.000000000	0.000000000
2.54454454	0.000000000	0.000000000	0.000000000	0.000000000	0.000000000	0.000000000
2.55155155	0.000000000	0.000000000	0.000000000	0.000000000	0.000000000	0.000000000
2.55855856	0.000000000	0.000000000	0.000000000	0.000000000	0.000000000	0.000000000
2.56556557	0.000000000	0.000000000	0.000000000	0.000000000	0.000000000	0.000000000
2.57257257	0.000000000	0.000000000	0.000000000	0.000000000	0.000000000	0.000000000
2.57957958	0.000000000	0.000000000	0.000000000	0.000000000	0.000000000	0.000000000
2.58658659	0.000000000	0.000000000	0.000000000	0.000000000	0.000000000	0.000000000
2.59359359	0.000000000	0.000000000	0.000000000	0.000000000	0.000000000	0.000000000
2.60060060	0.000000000	0.000000000	0.000000000	0.000000000	0.000000000	0.000000000
2.60760761	0.000000000	0.000000000	0.000000000	0.000000000	0.000000000	0.000000000
2.61461461	0.000000000	0.000000000	0.000000000	0.000000000	0.000000000	0.000000000
2.62162162	0.000000000	0.000000000	0.000000000	0.000000000	0.000000000	0.000000000
2.62862863	0.000000000	0.000000000	0.000000000	0.000000000	0.000000000	0.000000000
2.63563564	0.000000000	0.000000000	0.000000000	0.000000000	0.000000000	0.000000000
2.64264264	0.000000000	0.000000000	0.000000000	0.000000000	0.000000000	0.000000000
2.64964965	0.000000000	0.000000000	0.000000000	0.000000000	0.000000000	0.000000000
2.65665666	0.000000000	0.000000000	0.000000000	0.000000000	0.000000000	0.000000000
2.66366366	0.000000000	0.000000000	0.000000000	0.000000000	0.000000000	0.000000000
2.67067067	0.000000000	0.000000000	0.000000000	0.000000000	0.000000000	0.000000000
2.67767768	0.000000000	0.000000000	0.000000000	0.000000000	0.000000000	0.000000000
2.68468468	0.000000000	0.000000000	0.000000000	0.000000000	0.000000000	0.000000000
2.69169169	0.000000000	0.000000000	0.000000000	0.000000000	0.000000000	0.000000000
2.69869870	0.000000000	0.000000000	0.000000000	0.000000000	0.000000000	0.000000000
2.70570571	0.000000000	0.000000000	0.000000000	0.000000000	0.000000000	0.000000000
2.71271271	0.000000000	0.000000000	0.000000000	0.000000000	0.000000000	0.000000000
2.71971972	0.000000000	0.000000000	0.000000000	0.000000000	0.000000000	0.000000000
2.72672673	0.000000000	0.000000000	0.000000000	0.000000000	0.000000000	0.000000000
2.73373373	0.000000000	0.000000000	0.000000000	0.000000000	0.000000000	0.000000000
2.74074074	0.000000000	0.000000000	0.000000000	0.000000000	0.000000000	0.000000000
2.74774775	0.000000000	0.000000000	0.000000000	0.000000000	0.000000000	0.000000000
2.75475475	0.000000000	0.000000000	0.000000000	0.000000000	0.000000000	0.000000000
2.76176176	0.000000000	0.000000000	0.000000000	0.000000000	0.000000000	0.000000000
2.76876877	0.000000000	0.000000000	0.000000000	0.000000000	0.000000000	0.000000000
2.77577578	0.000000000	0.000000000	0.000000000	0.000000000	0.000000000	0.000000000
2.78278278	0.000000000	0.000000000	0.000000000	0.000000000	0.000000000	0.000000000
2.78978979	0.000000000	0.000000000	0.000000000	0.000000000	0.000000000	0.000000000
2.79679680	0.000000000	0.000000000	0.000000000	0.000000000	0.000000000	0.000000000
2.80380380	0.000000000	0.000000000	0.000000000	0.000000000	0.000000000	0.000000000
2.81081081	0.000000000	0.000000000	0.000000000	0.000000000	0.000000000	0.000000000
2.81781782	0.000000000	0.000000000	0.000000000	0.000000000	0.000000000	0.000000000
2.82482482	0.000000000	0.000000000	0.000000000	0.000000000	0.000000000	0.000000000
2.83183183	0.000000000	0.000000000	0.000000000	0.000000000	0.000000000	0.000000000
2.83883884	0.000000000	0.000000000	0.000000000	0.000000000	0.000000000	0.000000000
2.84584585	0.000000000	0.000000000	0.000000000	0.000000000	0.000000000	0.000000000
2.85285285	0.000000000	0.000000000	0.000000000	0.000000000	0.000000000	0.000000000
2.85985986	0.000000000	0.000000000	0.000000000	0.000000000	0.000000000	0.000000000
2.86686687	0.000000000	0.000000000	0.000000000	0.000000000	0.000000000	0.000000000
2.87387387	0.000000000	0.000000000	0.000000000	0.000000000	0.000000000	0.000000000
2.88088088	0.000000000	0.000000000	0.000000000	0.000000000	0.000000000	0.000000000
2.88788789	0.000000000	0.000000000	0.000000000	0.000000000	0.000000000	0.000000000
2.89489489	0.000000000	0.000000000	0.000000000	0.000000000	0.000000000	0.000000000
2.90190190	0.000000000	0.000000000	0.000000000	0.000000000	0.000000000	0.000000000
2.90890891	0.000000000	0.000000000	0.000000000	0.000000000	0.000000000	0.000000000
2.91591592	0.000000000	0.000000000	0.000000000	0.000000000	0.000000000	0.000000000
2.92292292	0.000000000	0.000000000	0.000000000	0.000000000	0.000000000	0.000000000
2.92992993	0.000000000	0.000000000	0.000000000	0.000000000	0.000000000	0.000000000
2.93693694	0.000000000	0.000000000	0.000000000	0.000000000	0.000000000	0.000000000
2.94394394	0.000000000	0.000000000	0.000000000	0.000000000	0.000000000	0.000000000
2.95095095	0.000000000	0.000000000	0.000000000	0.000000000	0.000000000	0.000000000
2.95795796	0.000000000	0.000000000	0.000000000	0.000000000	0.000000000	0.000000000
2.96496496	0.000000000	0.000000000	0.000000000	0.000000000	0.000000000	0.000000000
2.97197197	0.000000000	0.000000000	0.000000000	0.000000000	0.000000000	0.000000000
2.97897898	0.000000000	0.000000000	0.000000000	0.000000000	0.000000000	0.000000000
2.98598599	0.000000000	0.000000000	0.000000000	0.000000000	0.000000000	0.000000000
2.99299299	0.000000000	0.000000000	0.000000000	0.000000000	0.000000000	0.000000000
3.00000000	0.000000000	0.000000000	0.000000000	0.000000000	0.000000000	0.000000000