-4.000000000	0.004858908	0.002117547	0.003556633	0.002378699	0.005655901	0.003204511
-3.992992993	0.004946155	0.002161172	0.003641009	0.002421716	0.005737187	0.003266578
-3.985985986	0.005034881	0.002205649	0.003727230	0.002465487	0.005819608	0.003329789
-3.978978979	0.005125108	0.002250994	0.003815332	0.002510026	0.005903180	0.003394163
-3.971971972	0.005216860	0.002297222	0.003905354	0.002555344	0.005987919	0.003459721
-3.964964965	0.005310162	0.002344350	0.003997331	0.002601456	0.006073839	0.003526482
-3.957957958	0.005405037	0.002392394	0.004091303	0.002648374	0.006160958	0.003594468
-3.950950951	0.005501510	0.002441370	0.004187308	0.002696113	0.006249291	0.003663700
-3.943943944	0.005599605	0.002491296	0.004285386	0.002744685	0.006338854	0.003734199
-3.936936937	0.005699349	0.002542188	0.004385576	0.002794106	0.006429664	0.003805987
-3.929929930	0.005800766	0.002594065	0.004487920	0.002844388	0.006521738	0.003879085
-3.922922923	0.005903883	0.002646944	0.004592458	0.002895548	0.006615093	0.003953517
-3.915915916	0.006008726	0.002700842	0.004699234	0.002947599	0.006709745	0.004029305
-3.908908909	0.006115322	0.002755779	0.004808289	0.003000556	0.006805712	0.004106472
-3.901901902	0.006223698	0.002811773	0.004919668	0.003054435	0.006903012	0.004185042
-3.894894895	0.006333881	0.002868843	0.005033414	0.003109251	0.007001663	0.004265039
-3.887887888	0.006445899	0.002927008	0.005149572	0.003165019	0.007101683	0.004346487
-3.880880881	0.006559780	0.002986288	0.005268188	0.003221756	0.007203089	0.004429409
-3.873873874	0.006675554	0.003046702	0.005389308	0.003279478	0.007305900	0.004513833
-3.866866867	0.006793248	0.003108272	0.005512979	0.003338201	0.007410136	0.004599782
-3.859859860	0.006912892	0.003171017	0.005639250	0.003397942	0.007515815	0.004687283
-3.852852853	0.007034516	0.003234958	0.005768168	0.003458718	0.007622956	0.004776361
-3.845845846	0.007158151	0.003300117	0.005899783	0.003520546	0.007731579	0.004867044
-3.838838839	0.007283826	0.003366516	0.006034146	0.003583443	0.007841703	0.004959358
-3.831831832	0.007411573	0.003434175	0.006171306	0.003647427	0.007953349	0.005053331
-3.824824825	0.007541423	0.003503117	0.006311316	0.003712517	0.008066536	0.005148991
-3.817817818	0.007673408	0.003573366	0.006454228	0.003778731	0.008181286	0.005246365
-3.810810811	0.007807561	0.003644943	0.006600095	0.003846087	0.008297618	0.005345482
-3.803803804	0.007943913	0.003717873	0.006748971	0.003914604	0.008415554	0.005446372
-3.796796797	0.008082498	0.003792179	0.006900912	0.003984302	0.008535115	0.005549064
-3.789789790	0.008223350	0.003867884	0.007055973	0.004055199	0.008656322	0.005653587
-3.782782783	0.008366503	0.003945015	0.007214210	0.004127317	0.008779198	0.005759973
-3.775775776	0.008511991	0.004023594	0.007375681	0.004200674	0.008903763	0.005868253
-3.768768769	0.008659848	0.004103648	0.007540444	0.004275291	0.009030042	0.005978457
-3.761761762	0.008810112	0.004185203	0.007708559	0.004351190	0.009158055	0.006090617
-3.754754755	0.008962816	0.004268284	0.007880084	0.004428391	0.009287826	0.006204766
-3.747747748	0.009117998	0.004352917	0.008055082	0.004506915	0.009419379	0.006320936
-3.740740741	0.009275694	0.004439130	0.008233613	0.004586785	0.009552736	0.006439162
-3.733733734	0.009435941	0.004526950	0.008415741	0.004668022	0.009687921	0.006559475
-3.726726727	0.009598778	0.004616405	0.008601529	0.004750649	0.009824959	0.006681911
-3.719719720	0.009764242	0.004707522	0.008791041	0.004834689	0.009963874	0.006806505
-3.712712713	0.009932372	0.004800331	0.008984343	0.004920165	0.010104689	0.006933291
-3.705705706	0.010103207	0.004894860	0.009181501	0.005007099	0.010247431	0.007062306
-3.698698699	0.010276788	0.004991138	0.009382583	0.005095517	0.010392124	0.007193586
-3.691691692	0.010453153	0.005089196	0.009587655	0.005185442	0.010538795	0.007327167
-3.684684685	0.010632345	0.005189065	0.009796789	0.005276899	0.010687467	0.007463087
-3.677677678	0.010814403	0.005290773	0.010010053	0.005369913	0.010838169	0.007601384
-3.670670671	0.010999371	0.005394354	0.010227519	0.005464509	0.010990927	0.007742096
-3.663663664	0.011187289	0.005499839	0.010449258	0.005560713	0.011145766	0.007885263
-3.656656657	0.011378202	0.005607260	0.010675345	0.005658552	0.011302715	0.008030923
-3.649649650	0.011572152	0.005716649	0.010905852	0.005758050	0.011461801	0.008179118
-3.642642643	0.011769183	0.005828041	0.011140855	0.005859237	0.011623051	0.008329887
-3.635635636	0.011969339	0.005941468	0.011380430	0.005962138	0.011786494	0.008483273
-3.628628629	0.012172666	0.006056965	0.011624653	0.006066782	0.011952159	0.008639316
-3.621621622	0.012379209	0.006174566	0.011873603	0.006173197	0.012120073	0.008798060
-3.614614615	0.012589014	0.006294308	0.012127360	0.006281411	0.012290267	0.008959547
-3.607607608	0.012802128	0.006416225	0.012386002	0.006391454	0.012462770	0.009123821
-3.600600601	0.013018597	0.006540354	0.012649612	0.006503355	0.012637611	0.009290927
-3.593593594	0.013238471	0.006666731	0.012918270	0.006617144	0.012814821	0.009460910
-3.586586587	0.013461796	0.006795395	0.013192062	0.006732852	0.012994431	0.009633814
-3.579579580	0.013688623	0.006926383	0.013471070	0.006850508	0.013176471	0.009809687
-3.572572573	0.013919000	0.007059733	0.013755381	0.006970145	0.013360973	0.009988574
-3.565565566	0.014152977	0.007195485	0.014045080	0.007091795	0.013547968	0.010170524
-3.558558559	0.014390607	0.007333678	0.014340256	0.007215489	0.013737490	0.010355585
-3.551551552	0.014631938	0.007474352	0.014640996	0.007341260	0.013929569	0.010543806
-3.544544545	0.014877025	0.007617549	0.014947392	0.007469143	0.014124240	0.010735235
-3.537537538	0.015125918	0.007763308	0.015259532	0.007599169	0.014321534	0.010929924
-3.530530531	0.015378672	0.007911673	0.015577510	0.007731374	0.014521487	0.011127923
-3.523523524	0.015635341	0.008062686	0.015901419	0.007865793	0.014724132	0.011329283
-3.516516517	0.015895977	0.008216390	0.016231352	0.008002460	0.014929503	0.011534058
-3.509509510	0.016160637	0.008372829	0.016567404	0.008141412	0.015137636	0.011742299
-3.502502503	0.016429377	0.008532046	0.016909673	0.008282684	0.015348565	0.011954061
-3.495495495	0.016702252	0.008694088	0.017258256	0.008426314	0.015562327	0.012169397
-3.488488488	0.016979319	0.008859000	0.017613250	0.008572339	0.015778957	0.012388364
-3.481481481	0.017260637	0.009026828	0.017974757	0.008720797	0.015998492	0.012611017
-3.474474474	0.017546263	0.009197619	0.018342877	0.008871727	0.016220969	0.012837412
-3.467467467	0.017836256	0.009371420	0.018717712	0.009025168	0.016446426	0.013067607
-3.460460460	0.018130676	0.009548281	0.019099366	0.009181159	0.016674900	0.013301661
-3.453453453	0.018429584	0.009728249	0.019487942	0.009339740	0.016906430	0.013539631
-3.446446446	0.018733039	0.009911375	0.019883546	0.009500954	0.017141053	0.013781578
-3.439439439	0.019041104	0.010097708	0.020286286	0.009664840	0.017378811	0.014027563
-3.432432432	0.019353841	0.010287300	0.020696268	0.009831441	0.017619741	0.014277645
-3.425425425	0.019671313	0.010480202	0.021113602	0.010000800	0.017863885	0.014531888
-3.418418418	0.019993584	0.010676467	0.021538397	0.010172960	0.018111283	0.014790355
-3.411411411	0.020320718	0.010876148	0.021970766	0.010347965	0.018361975	0.015053109
-3.404404404	0.020652779	0.011079299	0.022410821	0.010525859	0.018616004	0.015320214
-3.397397397	0.020989834	0.011285973	0.022858676	0.010706689	0.018873412	0.015591736
-3.390390390	0.021331950	0.011496228	0.023314444	0.010890499	0.019134240	0.015867741
-3.383383383	0.021679193	0.011710117	0.023778243	0.011077336	0.019398532	0.016148296
-3.376376376	0.022031631	0.011927699	0.024250190	0.011267247	0.019666331	0.016433469
-3.369369369	0.022389333	0.012149031	0.024730402	0.011460281	0.019937682	0.016723328
-3.362362362	0.022752368	0.012374171	0.025219000	0.011656486	0.020212628	0.017017944
-3.355355355	0.023120806	0.012603178	0.025716104	0.011855910	0.020491215	0.017317386
-3.348348348	0.023494719	0.012836113	0.026221836	0.012058605	0.020773488	0.017621726
-3.341341341	0.023874176	0.013073034	0.026736318	0.012264621	0.021059493	0.017931037
-3.334334334	0.024259252	0.013314005	0.027259676	0.012474009	0.021349277	0.018245391
-3.327327327	0.024650018	0.013559088	0.027792035	0.012686822	0.021642886	0.018564862
-3.320320320	0.025046549	0.013808344	0.028333520	0.012903112	0.021940369	0.018889525
-3.313313313	0.025448918	0.014061839	0.028884260	0.013122933	0.022241772	0.019219457
-3.306306306	0.025857202	0.014319637	0.029444383	0.013346339	0.022547146	0.019554733
-3.299299299	0.026271476	0.014581803	0.030014020	0.013573386	0.022856539	0.019895432
-3.292292292	0.026691816	0.014848403	0.030593301	0.013804130	0.023170001	0.020241633
-3.285285285	0.027118301	0.015119506	0.031182359	0.014038627	0.023487582	0.020593414
-3.278278278	0.027551008	0.015395178	0.031781327	0.014276934	0.023809333	0.020950856
-3.271271271	0.027990017	0.015675490	0.032390339	0.014519112	0.024135305	0.021314041
-3.264264264	0.028435407	0.015960510	0.033009531	0.014765217	0.024465551	0.021683052
-3.257257257	0.028887258	0.016250309	0.033639041	0.015015312	0.024800123	0.022057971
-3.250250250	0.029345653	0.016544959	0.034279004	0.015269455	0.025139073	0.022438884
-3.243243243	0.029810672	0.016844533	0.034929562	0.015527710	0.025482457	0.022825875
-3.236236236	0.030282400	0.017149102	0.035590852	0.015790139	0.025830328	0.023219031
-3.229229229	0.030760919	0.017458743	0.036263017	0.016056804	0.026182740	0.023618440
-3.222222222	0.031246314	0.017773529	0.036946199	0.016327771	0.026539750	0.024024189
-3.215215215	0.031738670	0.018093537	0.037640541	0.016603104	0.026901414	0.024436369
-3.208208208	0.032238073	0.018418844	0.038346186	0.016882871	0.027267788	0.024855069
-3.201201201	0.032744610	0.018749527	0.039063281	0.017167137	0.027638929	0.025280381
-3.194194194	0.033258367	0.019085666	0.039791971	0.017455970	0.028014896	0.025712398
-3.187187187	0.033779434	0.019427341	0.040532405	0.017749441	0.028395747	0.026151213
-3.180180180	0.034307900	0.019774631	0.041284729	0.018047617	0.028781542	0.026596920
-3.173173173	0.034843854	0.020127619	0.042049093	0.018350571	0.029172339	0.027049616
-3.166166166	0.035387386	0.020486387	0.042825648	0.018658373	0.029568201	0.027509396
-3.159159159	0.035938589	0.020851019	0.043614545	0.018971097	0.029969186	0.027976359
-3.152152152	0.036497554	0.021221600	0.044415936	0.019288816	0.030375359	0.028450604
-3.145145145	0.037064374	0.021598215	0.045229973	0.019611605	0.030786780	0.028932229
-3.138138138	0.037639143	0.021980951	0.046056811	0.019939540	0.031203513	0.029421337
-3.131131131	0.038221956	0.022369894	0.046896605	0.020272697	0.031625623	0.029918029
-3.124124124	0.038812907	0.022765135	0.047749510	0.020611154	0.032053172	0.030422408
-3.117117117	0.039412093	0.023166761	0.048615682	0.020954990	0.032486226	0.030934578
-3.110110110	0.040019611	0.023574865	0.049495279	0.021304284	0.032924851	0.031454645
-3.103103103	0.040635557	0.023989537	0.050388460	0.021659118	0.033369114	0.031982714
-3.096096096	0.041260031	0.024410871	0.051295382	0.022019574	0.033819081	0.032518894
-3.089089089	0.041893132	0.024838959	0.052216206	0.022385734	0.034274821	0.033063293
-3.082082082	0.042534958	0.025273897	0.053151092	0.022757683	0.034736401	0.033616020
-3.075075075	0.043185612	0.025715780	0.054100201	0.023135505	0.035203892	0.034177186
-3.068068068	0.043845194	0.026164705	0.055063695	0.023519289	0.035677362	0.034746903
-3.061061061	0.044513807	0.026620769	0.056041735	0.023909119	0.036156883	0.035325284
-3.054054054	0.045191553	0.027084073	0.057034486	0.024305087	0.036642527	0.035912444
-3.047047047	0.045878536	0.027554716	0.058042111	0.024707281	0.037134364	0.036508496
-3.040040040	0.046574860	0.028032798	0.059064773	0.025115792	0.037632468	0.037113558
-3.033033033	0.047280631	0.028518422	0.060102639	0.025530712	0.038136913	0.037727746
-3.026026026	0.047995953	0.029011691	0.061155872	0.025952136	0.038647773	0.038351180
-3.019019019	0.048720935	0.029512709	0.062224639	0.026380157	0.039165122	0.038983979
-3.012012012	0.049455682	0.030021582	0.063309105	0.026814871	0.039689037	0.039626264
-3.005005005	0.050200303	0.030538416	0.064409437	0.027256375	0.040219594	0.040278156
-2.997997998	0.050954907	0.031063319	0.065525803	0.027704767	0.040756870	0.040939779
-2.990990991	0.051719603	0.031596399	0.066658369	0.028160148	0.041300944	0.041611257
-2.983983984	0.052494501	0.032137766	0.067807303	0.028622617	0.041851894	0.042292715
-2.976976977	0.053279711	0.032687531	0.068972772	0.029092277	0.042409799	0.042984279
-2.969969970	0.054075346	0.033245805	0.070154945	0.029569231	0.042974741	0.043686077
-2.962962963	0.054881517	0.033812702	0.071353989	0.030053583	0.043546799	0.044398237
-2.955955956	0.055698336	0.034388336	0.072570074	0.030545440	0.044126057	0.045120889
-2.948948949	0.056525918	0.034972822	0.073803367	0.031044909	0.044712596	0.045854164
-2.941941942	0.057364376	0.035566276	0.075054037	0.031552098	0.045306500	0.046598194
-2.934934935	0.058213825	0.036168817	0.076322252	0.032067117	0.045907853	0.047353111
-2.927927928	0.059074381	0.036780562	0.077608180	0.032590078	0.046516741	0.048119050
-2.920920921	0.059946158	0.037401631	0.078911990	0.033121093	0.047133249	0.048896146
-2.913913914	0.060829273	0.038032145	0.080233850	0.033660276	0.047757464	0.049684535
-2.906906907	0.061723844	0.038672227	0.081573928	0.034207743	0.048389473	0.050484355
-2.899899900	0.062629988	0.039321998	0.082932391	0.034763610	0.049029364	0.051295743
-2.892892893	0.063547823	0.039981584	0.084309408	0.035327996	0.049677227	0.052118840
-2.885885886	0.064477468	0.040651109	0.085705143	0.035901021	0.050333151	0.052953786
-2.878878879	0.065419042	0.041330701	0.087119766	0.036482805	0.050997228	0.053800723
-2.871871872	0.066372664	0.042020486	0.088553440	0.037073471	0.051669547	0.054659792
-2.864864865	0.067338456	0.042720594	0.090006333	0.037673143	0.052350203	0.055531138
-2.857857858	0.068316537	0.043431153	0.091478608	0.038281947	0.053039288	0.056414906
-2.850850851	0.069307029	0.044152296	0.092970431	0.038900009	0.053736895	0.057311241
-2.843843844	0.070310053	0.044884153	0.094481965	0.039527459	0.054443121	0.058220290
-2.836836837	0.071325732	0.045626859	0.096013372	0.040164425	0.055158060	0.059142200
-2.829829830	0.072354188	0.046380546	0.097564814	0.040811040	0.055881808	0.060077121
-2.822822823	0.073395543	0.047145352	0.099136453	0.041467437	0.056614464	0.061025201
-2.815815816	0.074449921	0.047921411	0.100728448	0.042133750	0.057356125	0.061986592
-2.808808809	0.075517446	0.048708863	0.102340959	0.042810115	0.058106891	0.062961444
-2.801801802	0.076598240	0.049507844	0.103974143	0.043496670	0.058866860	0.063949912
-2.794794795	0.077692430	0.050318495	0.105628157	0.044193554	0.059636135	0.064952147
-2.787787788	0.078800138	0.051140957	0.107303156	0.044900908	0.060414815	0.065968304
-2.780780781	0.079921490	0.051975371	0.108999294	0.045618875	0.061203004	0.066998538
-2.773773774	0.081056611	0.052821880	0.110716723	0.046347598	0.062000805	0.068043005
-2.766766767	0.082205626	0.053680629	0.112455595	0.047087223	0.062808322	0.069101863
-2.759759760	0.083368660	0.054551762	0.114216058	0.047837898	0.063625660	0.070175268
-2.752752753	0.084545839	0.055435425	0.115998261	0.048599770	0.064452924	0.071263379
-2.745745746	0.085737289	0.056331766	0.117802348	0.049372991	0.065290221	0.072366355
-2.738738739	0.086943135	0.057240933	0.119628465	0.050157713	0.066137659	0.073484357
-2.731731732	0.088163504	0.058163074	0.121476753	0.050954090	0.066995345	0.074617544
-2.724724725	0.089398521	0.059098339	0.123347351	0.051762277	0.067863389	0.075766079
-2.717717718	0.090648312	0.060046881	0.125240398	0.052582431	0.068741901	0.076930124
-2.710710711	0.091913004	0.061008851	0.127156029	0.053414710	0.069630992	0.078109841
-2.703703704	0.093192722	0.061984401	0.129094378	0.054259276	0.070530772	0.079305394
-2.696696697	0.094487592	0.062973687	0.131055574	0.055116291	0.071441356	0.080516946
-2.689689690	0.095797741	0.063976863	0.133039747	0.055985918	0.072362855	0.081744662
-2.682682683	0.097123293	0.064994084	0.135047020	0.056868323	0.073295384	0.082988708
-2.675675676	0.098464374	0.066025509	0.137077518	0.057763674	0.074239058	0.084249249
-2.668668669	0.099821110	0.067071294	0.139131360	0.058672138	0.075193993	0.085526451
-2.661661662	0.101193626	0.068131598	0.141208662	0.059593888	0.076160306	0.086820481
-2.654654655	0.102582046	0.069206580	0.143309538	0.060529094	0.077138113	0.088131505
-2.647647648	0.103986495	0.070296401	0.145434100	0.061477932	0.078127533	0.089459691
-2.640640641	0.105407096	0.071401222	0.147582453	0.062440578	0.079128685	0.090805206
-2.633633634	0.106843975	0.072521206	0.149754702	0.063417208	0.080141690	0.092168220
-2.626626627	0.108297254	0.073656513	0.151950946	0.064408002	0.081166667	0.093548899
-2.619619620	0.109767056	0.074807309	0.154171282	0.065413141	0.082203738	0.094947412
-2.612612613	0.111253503	0.075973758	0.156415803	0.066432808	0.083253025	0.096363928
-2.605605606	0.112756717	0.077156024	0.158684597	0.067467188	0.084314652	0.097798616
-2.598598599	0.114276819	0.078354273	0.160977749	0.068516466	0.085388741	0.099251645
-2.591591592	0.115813931	0.079568671	0.163295338	0.069580832	0.086475419	0.100723183
-2.584584585	0.117368170	0.080799386	0.165637441	0.070660473	0.087574809	0.102213399
-2.577577578	0.118939657	0.082046585	0.168004129	0.071755582	0.088687038	0.103722463
-2.570570571	0.120528511	0.083310437	0.170395468	0.072866352	0.089812234	0.105250542
-2.563563564	0.122134847	0.084591110	0.172811522	0.073992979	0.090950522	0.106797806
-2.556556557	0.123758783	0.085888774	0.175252346	0.075135657	0.092102033	0.108364423
-2.549549550	0.125400435	0.087203598	0.177717993	0.076294587	0.093266894	0.109950562
-2.542542543	0.127059916	0.088535753	0.180208509	0.077469967	0.094445235	0.111556389
-2.535535536	0.128737341	0.089885410	0.182723937	0.078662000	0.095637188	0.113182072
-2.528528529	0.130432822	0.091252741	0.185264311	0.079870890	0.096842882	0.114827779
-2.521521522	0.132146470	0.092637916	0.187829662	0.081096840	0.098062450	0.116493676
-2.514514515	0.133878395	0.094041108	0.190420014	0.082340059	0.099296024	0.118179929
-2.507507508	0.135628706	0.095462488	0.193035385	0.083600754	0.100543737	0.119886702
-2.500500501	0.137397510	0.096902231	0.195675789	0.084879136	0.101805723	0.121614162
-2.493493493	0.139184913	0.098360508	0.198341229	0.086175417	0.103082116	0.123362471
-2.486486486	0.140991020	0.099837492	0.201031707	0.087489809	0.104373051	0.125131793
-2.479479479	0.142815934	0.101333358	0.203747214	0.088822529	0.105678664	0.126922289
-2.472472472	0.144659755	0.102848277	0.206487736	0.090173792	0.106999090	0.128734122
-2.465465465	0.146522584	0.104382424	0.209253253	0.091543817	0.108334466	0.130567451
-2.458458458	0.148404518	0.105935972	0.212043735	0.092932824	0.109684929	0.132422434
-2.451451451	0.150305654	0.107509094	0.214859147	0.094341035	0.111050618	0.134299231
-2.444444444	0.152226086	0.109101963	0.217699446	0.095768671	0.112431670	0.136197997
-2.437437437	0.154165906	0.110714754	0.220564582	0.097215958	0.113828223	0.138118887
-2.430430430	0.156125205	0.112347638	0.223454494	0.098683122	0.115240417	0.140062055
-2.423423423	0.158104070	0.114000789	0.226369116	0.100170389	0.116668392	0.142027654
-2.416416416	0.160102587	0.115674379	0.229308372	0.101677989	0.118112287	0.144015833
-2.409409409	0.162120841	0.117368581	0.232272180	0.103206151	0.119572243	0.146026741
-2.402402402	0.164158913	0.119083566	0.235260447	0.104755109	0.121048400	0.148060526
-2.395395395	0.166216881	0.120819507	0.238273072	0.106325093	0.122540899	0.150117333
-2.388388388	0.168294823	0.122576573	0.241309943	0.107916340	0.124049883	0.152197303
-2.381381381	0.170392812	0.124354935	0.244370943	0.109529084	0.125575492	0.154300579
-2.374374374	0.172510919	0.126154763	0.247455942	0.111163561	0.127117868	0.156427299
-2.367367367	0.174649214	0.127976226	0.250564801	0.112820011	0.128677153	0.158577599
-2.360360360	0.176807761	0.129819493	0.253697372	0.114498673	0.130253491	0.160751614
-2.353353353	0.178986624	0.131684730	0.256853498	0.116199786	0.131847023	0.162949474
-2.346346346	0.181185862	0.133572105	0.260033009	0.117923592	0.133457892	0.165171308
-2.339339339	0.183405532	0.135481783	0.263235726	0.119670334	0.135086241	0.167417243
-2.332332332	0.185645687	0.137413929	0.266461460	0.121440255	0.136732212	0.169687401
-2.325325325	0.187906379	0.139368706	0.269710010	0.123233599	0.138395950	0.171981903
-2.318318318	0.190187653	0.141346277	0.272981166	0.125050612	0.140077596	0.174300865
-2.311311311	0.192489553	0.143346803	0.276274703	0.126891540	0.141777293	0.176644402
-2.304304304	0.194812119	0.145370443	0.279590389	0.128756630	0.143495184	0.179012623
-2.297297297	0.197155386	0.147417357	0.282927978	0.130646130	0.145231413	0.181405636
-2.290290290	0.199519388	0.149487700	0.286287211	0.132560288	0.146986121	0.183823544
-2.283283283	0.201904153	0.151581628	0.289667820	0.134499352	0.148759451	0.186266447
-2.276276276	0.204309705	0.153699295	0.293069523	0.136463573	0.150551545	0.188734439
-2.269269269	0.206736065	0.155840852	0.296492025	0.138453200	0.152362545	0.191227613
-2.262262262	0.209183248	0.158006449	0.299935019	0.140468484	0.154192593	0.193746056
-2.255255255	0.211651268	0.160196235	0.303398187	0.142509675	0.156041830	0.196289851
-2.248248248	0.214140131	0.162410355	0.306881194	0.144577025	0.157910396	0.198859076
-2.241241241	0.216649841	0.164648953	0.310383696	0.146670784	0.159798433	0.201453807
-2.234234234	0.219180395	0.166912170	0.313905332	0.148791203	0.161706079	0.204074111
-2.227227227	0.221731788	0.169200146	0.317445730	0.150938533	0.163633474	0.206720054
-2.220220220	0.224304009	0.171513017	0.321004503	0.153113026	0.165580757	0.209391694
-2.213213213	0.226897041	0.173850918	0.324581251	0.155314933	0.167548066	0.212089086
-2.206206206	0.229510864	0.176213980	0.328175557	0.157544504	0.169535537	0.214812278
-2.199199199	0.232145450	0.178602331	0.331786994	0.159801988	0.171543309	0.217561313
-2.192192192	0.234800768	0.181016097	0.335415117	0.162087637	0.173571515	0.220336229
-2.185185185	0.237476781	0.183455402	0.339059469	0.164401698	0.175620291	0.223137058
-2.178178178	0.240173447	0.185920364	0.342719574	0.166744420	0.177689771	0.225963824
-2.171171171	0.242890717	0.188411100	0.346394946	0.169116051	0.179780088	0.228816546
-2.164164164	0.245628536	0.190927723	0.350085081	0.171516837	0.181891372	0.231695238
-2.157157157	0.248386846	0.193470342	0.353789459	0.173947023	0.184023755	0.234599906
-2.150150150	0.251165579	0.196039062	0.357507547	0.176406854	0.186177366	0.237530549
-2.143143143	0.253964664	0.198633987	0.361238795	0.178896573	0.188352332	0.240487159
-2.136136136	0.256784022	0.201255214	0.364982636	0.181416421	0.190548781	0.243469722
-2.129129129	0.259623568	0.203902836	0.368738489	0.183966638	0.192766837	0.246478215
-2.122122122	0.262483210	0.206576944	0.372505757	0.186547462	0.195006624	0.249512610
-2.115115115	0.265362851	0.209277623	0.376283826	0.189159128	0.197268265	0.252572868
-2.108108108	0.268262385	0.212004954	0.380072065	0.191801872	0.199551878	0.255658945
-2.101101101	0.271181701	0.214759013	0.383869829	0.194475924	0.201857584	0.258770787
-2.094094094	0.274120679	0.217539872	0.387676454	0.197181515	0.204185498	0.261908333
-2.087087087	0.277079194	0.220347598	0.391491261	0.199918870	0.206535735	0.265071512
-2.080080080	0.280057111	0.223182252	0.395313555	0.202688214	0.208908408	0.268260246
-2.073073073	0.283054290	0.226043889	0.399142623	0.205489768	0.211303628	0.271474446
-2.066066066	0.286070582	0.228932562	0.402977735	0.208323750	0.213721502	0.274714016
-2.059059059	0.289105832	0.231848315	0.406818145	0.211190375	0.216162138	0.277978849
-2.052052052	0.292159875	0.234791188	0.410663092	0.214089853	0.218625638	0.281268830
-2.045045045	0.295232538	0.237761213	0.414511794	0.217022392	0.221112104	0.284583833
-2.038038038	0.298323642	0.240758420	0.418363457	0.219988195	0.223621634	0.287923722
-2.031031031	0.301432998	0.243782828	0.422217265	0.222987462	0.226154324	0.291288352
-2.024024024	0.304560409	0.246834453	0.426072391	0.226020387	0.228710268	0.294677566
-2.017017017	0.307705671	0.249913303	0.429927986	0.229087161	0.231289555	0.298091197
-2.010010010	0.310868568	0.253019379	0.433783187	0.232187968	0.233892272	0.301529068
-2.003003003	0.314048878	0.256152675	0.437637115	0.235322990	0.236518504	0.304990990
-1.995995996	0.317246370	0.259313179	0.441488872	0.238492400	0.239168330	0.308476763
-1.988988989	0.320460802	0.262500869	0.445337546	0.241696369	0.241841829	0.311986175
-1.981981982	0.323691925	0.265715719	0.449182206	0.244935060	0.244539074	0.315519002
-1.974974975	0.326939480	0.268957692	0.453021908	0.248208629	0.247260135	0.319075009
-1.967967968	0.330203197	0.272226745	0.456855688	0.251517227	0.250005078	0.322653949
-1.960960961	0.333482798	0.275522827	0.460682570	0.254860999	0.252773966	0.326255561
-1.953953954	0.336777997	0.278845876	0.464501558	0.258240081	0.255566859	0.329879574
-1.946946947	0.340088494	0.282195824	0.468311646	0.261654603	0.258383808	0.333525700
-1.939939940	0.343413982	0.285572593	0.472111806	0.265104687	0.261224866	0.337193642
-1.932932933	0.346754144	0.288976097	0.475901000	0.268590447	0.264090078	0.340883087
-1.925925926	0.350108652	0.292406240	0.479678172	0.272111989	0.266979484	0.344593710
-1.918918919	0.353477167	0.295862916	0.483442254	0.275669409	0.269893122	0.348325172
-1.911911912	0.356859341	0.299346011	0.487192160	0.279262796	0.272831022	0.352077119
-1.904904905	0.360254815	0.302855399	0.490926794	0.282892228	0.275793211	0.355849183
-1.897897898	0.363663218	0.306390945	0.494645044	0.286557774	0.278779711	0.359640982
-1.890890891	0.367084171	0.309952504	0.498345785	0.290259494	0.281790538	0.363452120
-1.883883884	0.370517283	0.313539919	0.502027878	0.293997435	0.284825702	0.367282186
-1.876876877	0.373962150	0.317153025	0.505690172	0.297771636	0.287885208	0.371130751
-1.869869870	0.377418359	0.320791642	0.509331506	0.301582122	0.290969056	0.374997374
-1.862862863	0.380885486	0.324455582	0.512950704	0.305428909	0.294077238	0.378881598
-1.855855856	0.384363095	0.328144644	0.516546580	0.309311999	0.297209742	0.382782950
-1.848848849	0.387850739	0.331858615	0.520117937	0.313231382	0.300366548	0.386700939
-1.841841842	0.391347959	0.335597272	0.523663569	0.317187036	0.303547631	0.390635061
-1.834834835	0.394854285	0.339360376	0.527182257	0.321178924	0.306752959	0.394584794
-1.827827828	0.398369235	0.343147680	0.530672777	0.325206996	0.309982492	0.398549600
-1.820820821	0.401892316	0.346958920	0.534133892	0.329271188	0.313236184	0.402528924
-1.813813814	0.405423022	0.350793823	0.537564360	0.333371422	0.316513982	0.406522195
-1.806806807	0.408960837	0.354652099	0.540962930	0.337507602	0.319815824	0.410528822
-1.799799800	0.412505231	0.358533447	0.544328344	0.341679620	0.323141643	0.414548200
-1.792792793	0.416055663	0.362437553	0.547659340	0.345887348	0.326491362	0.418579707
-1.785785786	0.419611581	0.366364085	0.550954648	0.350130644	0.329864897	0.422622699
-1.778778779	0.423172420	0.370312702	0.554212994	0.354409347	0.333262156	0.426676520
-1.771771772	0.426737602	0.374283045	0.557433100	0.358723280	0.336683038	0.430740492
-1.764764765	0.430306538	0.378274741	0.560613685	0.363072247	0.340127433	0.434813920
-1.757757758	0.433878626	0.382287402	0.563753465	0.367456032	0.343595224	0.438896092
-1.750750751	0.437453253	0.386320627	0.566851154	0.371874401	0.347086283	0.442986277
-1.743743744	0.441029793	0.390373996	0.569905467	0.376327099	0.350600473	0.447083726
-1.736736737	0.444607608	0.394447076	0.572915116	0.380813851	0.354137650	0.451187670
-1.729729730	0.448186047	0.398539416	0.575878817	0.385334362	0.357697657	0.455297323
-1.722722723	0.451764448	0.402650552	0.578795283	0.389888313	0.361280330	0.459411880
-1.715715716	0.455342135	0.406780000	0.581663236	0.394475364	0.364885491	0.463530518
-1.708708709	0.458918422	0.410927261	0.584481395	0.399095152	0.368512957	0.467652393
-1.701701702	0.462492608	0.415091821	0.587248487	0.403747292	0.372162529	0.471776645
-1.694694695	0.466063983	0.419273145	0.589963244	0.408431371	0.375834002	0.475902393
-1.687687688	0.469631823	0.423470683	0.592624404	0.413146956	0.379527156	0.480028738
-1.680680681	0.473195391	0.427683868	0.595230712	0.417893585	0.383241762	0.484154761
-1.673673674	0.476753940	0.431912114	0.597780921	0.422670771	0.386977579	0.488279526
-1.666666667	0.480306710	0.436154818	0.600273794	0.427478002	0.390734355	0.492402077
-1.659659660	0.483852929	0.440411358	0.602708104	0.432314737	0.394511823	0.496521439
-1.652652653	0.487391813	0.444681093	0.605082636	0.437180407	0.398309709	0.500636618
-1.645645646	0.490922567	0.448963366	0.607396185	0.442074416	0.402127720	0.504746601
-1.638638639	0.494444384	0.453257499	0.609647561	0.446996137	0.405965557	0.508850358
-1.631631632	0.497956444	0.457562794	0.611835590	0.451944915	0.409822903	0.512946839
-1.624624625	0.501457918	0.461878538	0.613959111	0.456920062	0.413699429	0.517034974
-1.617617618	0.504947965	0.466203995	0.616016981	0.461920862	0.417594794	0.521113679
-1.610610611	0.508425731	0.470538410	0.618008073	0.466946565	0.421508643	0.525181846
-1.603603604	0.511890353	0.474881009	0.619931281	0.471996389	0.425440605	0.529238353
-1.596596597	0.515340956	0.479231000	0.621785517	0.477069519	0.429390297	0.533282060
-1.589589590	0.518776656	0.483587567	0.623569714	0.482165106	0.433357320	0.537311806
-1.582582583	0.522196556	0.487949877	0.625282828	0.487282267	0.437341261	0.541326416
-1.575575576	0.525599751	0.492317077	0.626923837	0.492420084	0.441341692	0.545324696
-1.568568569	0.528985324	0.496688291	0.628491743	0.497577603	0.445358170	0.549305435
-1.561561562	0.532352349	0.501062626	0.629985574	0.502753834	0.449390236	0.553267406
-1.554554555	0.535699890	0.505439164	0.631404383	0.507947749	0.453437415	0.557209364
-1.547547548	0.539027002	0.509816972	0.632747251	0.513158284	0.457499217	0.561130049
-1.540540541	0.542332731	0.514195092	0.634013286	0.518384337	0.461575135	0.565028186
-1.533533534	0.545616113	0.518572546	0.635201626	0.523624766	0.465664646	0.568902482
-1.526526527	0.548876176	0.522948338	0.636311438	0.528878389	0.469767209	0.572751632
-1.519519520	0.552111940	0.527321447	0.637341923	0.534143987	0.473882267	0.576574315
-1.512512513	0.555322415	0.531690834	0.638292311	0.539420298	0.478009247	0.580369193
-1.505505506	0.558506607	0.536055439	0.639161866	0.544706021	0.482147556	0.584134920
-1.498498498	0.561663510	0.540414180	0.639949886	0.549999812	0.486296585	0.587870131
-1.491491491	0.564792115	0.544765955	0.640655703	0.555300285	0.490455706	0.591573453
-1.484484484	0.567891402	0.549109642	0.641278686	0.560606014	0.494624274	0.595243496
-1.477477477	0.570960349	0.553444095	0.641818240	0.565915529	0.498801625	0.598878863
-1.470470470	0.573997925	0.557768152	0.642273806	0.571227314	0.502987075	0.602478142
-1.463463463	0.577003094	0.562080628	0.642644863	0.576539814	0.507179924	0.606039913
-1.456456456	0.579974815	0.566380316	0.642930932	0.581851428	0.511379451	0.609562745
-1.449449449	0.582912042	0.570665993	0.643131569	0.587160510	0.515584916	0.613045197
-1.442442442	0.585813725	0.574936411	0.643246372	0.592465370	0.519795560	0.616485822
-1.435435435	0.588678809	0.579190306	0.643274981	0.597764274	0.524010602	0.619883163
-1.428428428	0.591506236	0.583426392	0.643217075	0.603055442	0.528229245	0.623235756
-1.421421421	0.594294945	0.587643364	0.643072375	0.608337051	0.532450670	0.626542131
-1.414414414	0.597043872	0.591839898	0.642840646	0.613607230	0.536674036	0.629800812
-1.407407407	0.599751951	0.596014649	0.642521694	0.618864064	0.540898485	0.633010320
-1.400400400	0.602418114	0.600166257	0.642115370	0.624105593	0.545123135	0.636169169
-1.393393393	0.605041293	0.604293339	0.641621567	0.629329811	0.549347087	0.639275873
-1.386386386	0.607620417	0.608394498	0.641040222	0.634534669	0.553569417	0.642328941
-1.379379379	0.610154417	0.612468314	0.640371316	0.639718069	0.557789183	0.645326882
-1.372372372	0.612642223	0.616513355	0.639614876	0.644877871	0.562005420	0.648268206
-1.365365365	0.615082767	0.620528168	0.638770971	0.650011890	0.566217144	0.651151420
-1.358358358	0.617474981	0.624511284	0.637839717	0.655117897	0.570423347	0.653975035
-1.351351351	0.619817801	0.628461219	0.636821273	0.660193618	0.574623000	0.656737565
-1.344344344	0.622110163	0.632376471	0.635715844	0.665236737	0.578815055	0.659437525
-1.337337337	0.624351009	0.636255525	0.634523678	0.670244895	0.582998439	0.662073437
-1.330330330	0.626539282	0.640096848	0.633245069	0.675215689	0.587172059	0.664643828
-1.323323323	0.628673931	0.643898896	0.631880356	0.680146676	0.591334799	0.667147229
-1.316316316	0.630753909	0.647660108	0.630429921	0.685035372	0.595485524	0.669582182
-1.309309309	0.632778175	0.651378911	0.628894190	0.689879253	0.599623074	0.671947236
-1.302302302	0.634745694	0.655053721	0.627273634	0.694675757	0.603746269	0.674240951
-1.295295295	0.636655438	0.658682939	0.625568767	0.699422281	0.607853907	0.676461897
-1.288288288	0.638506384	0.662264956	0.623780145	0.704116189	0.611944763	0.678608657
-1.281281281	0.640297521	0.665798151	0.621908367	0.708754806	0.616017592	0.680679827
-1.274274274	0.642027843	0.669280895	0.619954076	0.713335425	0.620071126	0.682674017
-1.267267267	0.643696355	0.672711549	0.617917953	0.717855304	0.624104076	0.684589853
-1.260260260	0.645302071	0.676088462	0.615800723	0.722311672	0.628115131	0.686425978
-1.253253253	0.646844016	0.679409980	0.613603150	0.726701725	0.632102960	0.688181053
-1.246246246	0.648321224	0.682674439	0.611326037	0.731022632	0.636066209	0.689853757
-1.239239239	0.649732744	0.685880168	0.608970227	0.735271536	0.640003503	0.691442791
-1.232232232	0.651077635	0.689025493	0.606536600	0.739445556	0.643913448	0.692946877
-1.225225225	0.652354969	0.692108732	0.604026074	0.743541786	0.647794627	0.694364759
-1.218218218	0.653563831	0.695128203	0.601439604	0.747557301	0.651645604	0.695695207
-1.211211211	0.654703322	0.698082217	0.598778177	0.751489157	0.655464920	0.696937012
-1.204204204	0.655772556	0.700969085	0.596042819	0.755334395	0.659251101	0.698088996
-1.197197197	0.656770662	0.703787117	0.593234585	0.759090040	0.663002647	0.699150005
-1.190190190	0.657696787	0.706534622	0.590354567	0.762753109	0.666718044	0.700118915
-1.183183183	0.658550091	0.709209908	0.587403883	0.766320607	0.670395755	0.700994632
-1.176176176	0.659329755	0.711811288	0.584383686	0.769789536	0.674034226	0.701776091
-1.169169169	0.660034973	0.714337074	0.581295155	0.773156892	0.677631885	0.702462262
-1.162162162	0.660664960	0.716785584	0.578139498	0.776419673	0.681187139	0.703052144
-1.155155155	0.661218950	0.719155138	0.574917949	0.779574878	0.684698380	0.703544774
-1.148148148	0.661696195	0.721444064	0.571631767	0.782619515	0.688163983	0.703939222
-1.141141141	0.662095965	0.723650695	0.568282238	0.785550597	0.691582304	0.704234594
-1.134134134	0.662417553	0.725773370	0.564870666	0.788365152	0.694951685	0.704430033
-1.127127127	0.662660270	0.727810438	0.561398380	0.791060222	0.698270449	0.704524722
-1.120120120	0.662823449	0.729760258	0.557866728	0.793632870	0.701536907	0.704517879
-1.113113113	0.662906445	0.731621197	0.554277078	0.796080179	0.704749353	0.704408766
-1.106106106	0.662908635	0.733391634	0.550630814	0.798399262	0.707906067	0.704196683
-1.099099099	0.662829414	0.735069960	0.546929336	0.800587258	0.711005318	0.703880973
-1.092092092	0.662668206	0.736654582	0.543174060	0.802641343	0.714045358	0.703461019
-1.085085085	0.662424452	0.738143915	0.539366415	0.804558726	0.717024428	0.702936250
-1.078078078	0.662097618	0.739536396	0.535507840	0.806336662	0.719940759	0.702306134
-1.071071071	0.661687196	0.740830472	0.531599787	0.807972448	0.722792567	0.701570189
-1.064064064	0.661192696	0.742024610	0.527643716	0.809463432	0.725578062	0.700727971
-1.057057057	0.660613657	0.743117294	0.523641095	0.810807012	0.728295441	0.699779087
-1.050050050	0.659949639	0.744107026	0.519593397	0.812000646	0.730942892	0.698723185
-1.043043043	0.659200226	0.744992328	0.515502103	0.813041851	0.733518597	0.697559962
-1.036036036	0.658365026	0.745771741	0.511368693	0.813928209	0.736020727	0.696289160
-1.029029029	0.657443673	0.746443827	0.507194654	0.814657371	0.738447449	0.694910567
-1.022022022	0.656435823	0.747007171	0.502981470	0.815227060	0.740796922	0.693424016
-1.015015015	0.655341156	0.747460378	0.498730625	0.815635076	0.743067300	0.691829391
-1.008008008	0.654159377	0.747802077	0.494443603	0.815879301	0.745256732	0.690126618
-1.001001001	0.652890215	0.748030920	0.490121882	0.815957697	0.747363362	0.688315671
-0.993993994	0.651533420	0.748145582	0.485766938	0.815868317	0.749385334	0.686396572
-0.986986987	0.650088770	0.748144764	0.481380239	0.815609304	0.751320785	0.684369386
-0.979979980	0.648556061	0.748027190	0.476963246	0.815178898	0.753167853	0.682234226
-0.972972973	0.646935115	0.747791609	0.472517413	0.814575434	0.754924674	0.679991249
-0.965965966	0.645225775	0.747436796	0.468044182	0.813797352	0.756589383	0.677640656
-0.958958959	0.643427906	0.746961550	0.463544986	0.812843195	0.758160115	0.675182695
-0.951951952	0.641541395	0.746364696	0.459021244	0.811711613	0.759635007	0.672617653
-0.944944945	0.639566149	0.745645085	0.454474365	0.810401369	0.761012196	0.669945863
-0.937937938	0.637502094	0.744801592	0.449905739	0.808911338	0.762289819	0.667167698
-0.930930931	0.635349178	0.743833118	0.445316744	0.807240509	0.763466019	0.664283572
-0.923923924	0.633107366	0.742738587	0.440708740	0.805387991	0.764538937	0.661293936
-0.916916917	0.630776640	0.741516950	0.436083069	0.803353013	0.765506721	0.658199283
-0.909909910	0.628356999	0.740167179	0.431441056	0.801134923	0.766367520	0.655000138
-0.902902903	0.625848458	0.738688269	0.426784004	0.798733194	0.767119485	0.651697065
-0.895895896	0.623251046	0.737079240	0.422113196	0.796147422	0.767760772	0.648290659
-0.888888889	0.620564807	0.735339129	0.417429895	0.793377328	0.768289539	0.644781546
-0.881881882	0.617789794	0.733466997	0.412735340	0.790422757	0.768703947	0.641170383
-0.874874875	0.614926072	0.731461921	0.408030748	0.787283681	0.769002160	0.637457855
-0.867867868	0.611973716	0.729322997	0.403317309	0.783960196	0.769182342	0.633644670
-0.860860861	0.608932806	0.727049335	0.398596193	0.780452521	0.769242660	0.629731559
-0.853853854	0.605803429	0.724640061	0.393868538	0.776760998	0.769181279	0.625719276
-0.846846847	0.602585675	0.722094310	0.389135462	0.772886090	0.768996364	0.621608589
-0.839839840	0.599279636	0.719411228	0.384398052	0.768828381	0.768686076	0.617400282
-0.832832833	0.595885403	0.716589969	0.379657368	0.764588568	0.768248574	0.613095151
-0.825825826	0.592403065	0.713629690	0.374914442	0.760167462	0.767682007	0.608693999
-0.818818819	0.588832704	0.710529549	0.370170277	0.755565983	0.766984515	0.604197633
-0.811811812	0.585174394	0.707288701	0.365425846	0.750785153	0.766154228	0.599606861
-0.804804805	0.581428199	0.703906298	0.360682093	0.745826097	0.765189256	0.594922489
-0.797797798	0.577594169	0.700381480	0.355939930	0.740690028	0.764087693	0.590145314
-0.790790791	0.573672335	0.696713373	0.351200240	0.735378247	0.762847606	0.585276120
-0.783783784	0.569662710	0.692901085	0.346463872	0.729892132	0.761467031	0.580315675
-0.776776777	0.565565278	0.688943700	0.341731645	0.724233131	0.759943970	0.575264725
-0.769769770	0.561379998	0.684840270	0.337004345	0.718402749	0.758276380	0.570123986
-0.762762763	0.557106794	0.680589814	0.332282726	0.712402541	0.756462166	0.564894141
-0.755755756	0.552745552	0.676191308	0.327567507	0.706234097	0.754499173	0.559575833
-0.748748749	0.548296116	0.671643675	0.322859376	0.699899026	0.752385174	0.554169656
-0.741741742	0.543758280	0.666945785	0.318158986	0.693398947	0.750117858	0.548676151
-0.734734735	0.539131786	0.662096438	0.313466957	0.686735465	0.747694817	0.543095795
-0.727727728	0.534416311	0.657094357	0.308783874	0.679910156	0.745113527	0.537428992
-0.720720721	0.529611468	0.651938181	0.304110288	0.672924543	0.742371334	0.531676066
-0.713713714	0.524716792	0.646626450	0.299446715	0.665780072	0.739465431	0.525837250
-0.706706707	0.519731735	0.641157592	0.294793637	0.658478087	0.736392831	0.519912673
-0.699699700	0.514655656	0.635529911	0.290151499	0.651019796	0.733150343	0.513902350
-0.692692693	0.509487810	0.629741572	0.285520713	0.643406236	0.729734538	0.507806167
-0.685685686	0.504227339	0.623790582	0.280901653	0.635638237	0.726141711	0.501623867
-0.678678679	0.498873259	0.617674771	0.276294660	0.627716371	0.722367837	0.495355033
-0.671671672	0.493424446	0.611391776	0.271700036	0.619640904	0.718408520	0.488999069
-0.664664665	0.487879623	0.604939012	0.267118050	0.611411734	0.714258933	0.482555183
-0.657657658	0.482237341	0.598313649	0.262548933	0.603028322	0.709913749	0.476022361
-0.650650651	0.476495964	0.591512584	0.257992878	0.594489606	0.705367054	0.469399345
-0.643643644	0.470653647	0.584532406	0.253450044	0.585793911	0.700612247	0.462684598
-0.636636637	0.464708311	0.577369360	0.248920551	0.576938829	0.695641925	0.455876282
-0.629629630	0.458657622	0.570019309	0.244404483	0.567921085	0.690447734	0.448972212
-0.622622623	0.452498958	0.562477681	0.239901885	0.558736374	0.685020197	0.441969817
-0.615615616	0.446229378	0.554739421	0.235412765	0.549379160	0.679348503	0.434866096
-0.608608609	0.439845582	0.546798926	0.230937092	0.539842432	0.673420236	0.427657557
-0.601601602	0.433343873	0.538649975	0.226474797	0.530117401	0.667221059	0.420340154
-0.594594595	0.426720099	0.530285648	0.222025771	0.520193124	0.660734295	0.412909215
-0.587587588	0.419969607	0.521698230	0.217589866	0.510056020	0.653940410	0.405359349
-0.580580581	0.413087166	0.512879099	0.213166894	0.499689261	0.646816343	0.397684345
-0.573573574	0.406066895	0.503818596	0.208756624	0.489071966	0.639334636	0.389877048
-0.566566567	0.398902171	0.494505870	0.204358785	0.478178147	0.631462280	0.381929209
-0.559559560	0.391585521	0.484928690	0.199973064	0.466975289	0.623159169	0.373831303
-0.552552553	0.384108493	0.475073226	0.195599104	0.455422392	0.614375979	0.365572317
-0.545545546	0.376461501	0.464923774	0.191236504	0.443467239	0.605051193	0.357139470
-0.538538539	0.368633641	0.454462430	0.186884815	0.431042447	0.595106842	0.348517886
-0.531531532	0.360612465	0.443668679	0.182543544	0.418059618	0.584442195	0.339690171
-0.524524525	0.352383695	0.432518886	0.178212148	0.404400334	0.572924097	0.330635872
-0.517517518	0.343930886	0.420985656	0.173890034	0.389901692	0.560371559	0.321330791
-0.510510511	0.335234981	0.409037003	0.169576557	0.374331812	0.546529866	0.311746077
-0.503503504	0.326273762	0.396635288	0.165271017	0.357345482	0.531024210	0.301847020
-0.496496496	0.317021130	0.383735804	0.160972659	0.338396475	0.513269484	0.291591415
-0.489489489	0.307446171	0.370284883	0.156680665	0.316541991	0.492273801	0.280927285
-0.482482482	0.297511909	0.356217283	0.152394157	0.289921304	0.466134645	0.269789648
-0.475475475	0.287173605	0.341452536	0.148112187	0.253876253	0.430354248	0.258095764
-0.468468468	0.276376406	0.325889636	0.143833740	0.186982812	0.368006527	0.245737914
-0.461461461	0.265051987	0.309399108	0.139557721	0.000000000	0.000000000	0.232571935
-0.454454454	0.253113618	0.291810640	0.135282955	0.000000000	0.000000000	0.218398034
-0.447447447	0.240448646	0.272892839	0.131008180	0.000000000	0.000000000	0.202926423
-0.440440440	0.226906535	0.252317933	0.126732036	0.000000000	0.000000000	0.185710059
-0.433433433	0.212278755	0.229595043	0.122453059	0.000000000	0.000000000	0.165995696
-0.426426426	0.196262574	0.203929141	0.118169669	0.000000000	0.000000000	0.142326693
-0.419419419	0.178389561	0.173870170	0.113880160	0.000000000	0.000000000	0.111079146
-0.412412412	0.157865116	0.136169167	0.109582683	0.000000000	0.000000000	0.053274464
-0.405405405	0.133130579	0.078941729	0.105275229	0.000000000	0.000000000	0.000000000
-0.398398398	0.100167708	0.000000000	0.100955611	0.000000000	0.000000000	0.000000000
-0.391391391	0.031533006	0.000000000	0.096621435	0.000000000	0.000000000	0.000000000
-0.384384384	0.000000000	0.000000000	0.092270072	0.000000000	0.000000000	0.000000000
-0.377377377	0.000000000	0.000000000	0.087898618	0.000000000	0.000000000	0.000000000
-0.370370370	0.000000000	0.000000000	0.083503850	0.000000000	0.000000000	0.000000000
-0.363363363	0.000000000	0.000000000	0.079082165	0.000000000	0.000000000	0.000000000
-0.356356356	0.000000000	0.000000000	0.074629505	0.000000000	0.000000000	0.000000000
-0.349349349	0.000000000	0.000000000	0.070141258	0.000000000	0.000000000	0.000000000
-0.342342342	0.000000000	0.000000000	0.065612132	0.000000000	0.000000000	0.000000000
-0.335335335	0.000000000	0.000000000	0.061035977	0.000000000	0.000000000	0.000000000
-0.328328328	0.000000000	0.000000000	0.056405551	0.000000000	0.000000000	0.000000000
-0.321321321	0.000000000	0.000000000	0.051712180	0.000000000	0.000000000	0.000000000
-0.314314314	0.000000000	0.000000000	0.046945262	0.000000000	0.000000000	0.000000000
-0.307307307	0.000000000	0.000000000	0.042091524	0.000000000	0.000000000	0.000000000
-0.300300300	0.000000000	0.000000000	0.037133825	0.000000000	0.000000000	0.000000000
-0.293293293	0.000000000	0.000000000	0.032049137	0.000000000	0.000000000	0.000000000
-0.286286286	0.000000000	0.000000000	0.026804841	0.000000000	0.000000000	0.000000000
-0.279279279	0.000000000	0.000000000	0.021351129	0.000000000	0.000000000	0.000000000
-0.272272272	0.000000000	0.000000000	0.015602626	0.000000000	0.000000000	0.000000000
-0.265265265	0.000000000	0.000000000	0.009379227	0.000000000	0.000000000	0.000000000
-0.258258258	0.000000000	0.000000000	0.002004722	0.000000000	0.000000000	0.000000000
-0.251251251	0.000000000	0.000000000	0.000000000	0.000000000	0.000000000	0.000000000
-0.244244244	0.000000000	0.000000000	0.000000000	0.000000000	0.000000000	0.000000000
-0.237237237	0.000000000	0.000000000	0.000000000	0.000000000	0.000000000	0.000000000
-0.230230230	0.000000000	0.000000000	0.000000000	0.000000000	0.000000000	0.000000000
-0.223223223	0.000000000	0.000000000	0.000000000	0.000000000	0.000000000	0.000000000
-0.216216216	0.000000000	0.000000000	0.000000000	0.000000000	0.000000000	0.000000000
-0.209209209	0.000000000	0.000000000	0.000000000	0.000000000	0.000000000	0.000000000
-0.202202202	0.000000000	0.000000000	0.000000000	0.000000000	0.000000000	0.000000000
-0.195195195	0.000000000	0.000000000	0.000000000	0.000000000	0.000000000	0.000000000
-0.188188188	0.000000000	0.000000000	0.000000000	0.000000000	0.000000000	0.000000000
-0.181181181	0.000000000	0.000000000	0.000000000	0.000000000	0.000000000	0.000000000
-0.174174174	0.000000000	0.000000000	0.000000000	0.000000000	0.000000000	0.000000000
-0.167167167	0.000000000	0.000000000	0.000000000	0.000000000	0.000000000	0.000000000
-0.160160160	0.000000000	0.000000000	0.000000000	0.000000000	0.000000000	0.000000000
-0.153153153	0.000000000	0.000000000	0.000000000	0.000000000	0.000000000	0.000000000
-0.146146146	0.000000000	0.000000000	0.000000000	0.000000000	0.000000000	0.000000000
-0.139139139	0.000000000	0.000000000	0.000000000	0.000000000	0.000000000	0.000000000
-0.132132132	0.000000000	0.000000000	0.000000000	0.000000000	0.000000000	0.000000000
-0.125125125	0.000000000	0.000000000	0.000000000	0.000000000	0.000000000	0.000000000
-0.118118118	0.000000000	0.000000000	0.000000000	0.000000000	0.000000000	0.000000000
-0.111111111	0.000000000	0.000000000	0.000000000	0.000000000	0.000000000	0.000000000
-0.104104104	0.000000000	0.000000000	0.000000000	0.000000000	0.000000000	0.000000000
-0.097097097	0.000000000	0.000000000	0.000000000	0.000000000	0.000000000	0.000000000
-0.090090090	0.000000000	0.000000000	0.000000000	0.000000000	0.000000000	0.000000000
-0.083083083	0.000000000	0.000000000	0.000000000	0.000000000	0.000000000	0.000000000
-0.076076076	0.000000000	0.000000000	0.000000000	0.000000000	0.000000000	0.000000000
-0.069069069	0.000000000	0.000000000	0.000000000	0.000000000	0.000000000	0.000000000
-0.062062062	0.000000000	0.000000000	0.000000000	0.000000000	0.000000000	0.000000000
-0.055055055	0.000000000	0.000000000	0.000000000	0.000000000	0.000000000	0.000000000
-0.048048048	0.000000000	0.000000000	0.000000000	0.000000000	0.000000000	0.000000000
-0.041041041	0.000000000	0.000000000	0.000000000	0.000000000	0.000000000	0.000000000
-0.034034034	0.000000000	0.000000000	0.000000000	0.000000000	0.000000000	0.000000000
-0.027027027	0.000000000	0.000000000	0.000000000	0.000000000	0.000000000	0.000000000
-0.020020020	0.000000000	0.000000000	0.000000000	0.000000000	0.000000000	0.000000000
-0.013013013	0.000000000	0.000000000	0.000000000	0.000000000	0.000000000	0.000000000
-0.006006006	0.000000000	0.000000000	0.000000000	0.000000000	0.000000000	0.000000000
0.001001001	0.000000000	0.000000000	0.000000000	0.000000000	0.000000000	0.000000000
0.008008008	0.000000000	0.000000000	0.000000000	0.000000000	0.000000000	0.000000000
0.015015015	0.000000000	0.000000000	0.000000000	0.000000000	0.000000000	0.000000000
0.022022022	0.000000000	0.000000000	0.000000000	0.000000000	0.000000000	0.000000000
0.029029029	0.000000000	0.000000000	0.000000000	0.000000000	0.000000000	0.000000000
0.036036036	0.000000000	0.000000000	0.000000000	0.000000000	0.000000000	0.000000000
0.043043043	0.000000000	0.000000000	0.000000000	0.000000000	0.000000000	0.000000000
0.050050050	0.000000000	0.000000000	0.000000000	0.000000000	0.000000000	0.000000000
0.057057057	0.000000000	0.000000000	0.000000000	0.000000000	0.000000000	0.000000000
0.064064064	0.000000000	0.000000000	0.000000000	0.000000000	0.000000000	0.000000000
0.071071071	0.000000000	0.000000000	0.000000000	0.000000000	0.000000000	0.000000000
0.078078078	0.000000000	0.000000000	0.000000000	0.000000000	0.000000000	0.000000000
0.085085085	0.000000000	0.000000000	0.000000000	0.000000000	0.000000000	0.000000000
0.092092092	0.000000000	0.000000000	0.000000000	0.000000000	0.000000000	0.000000000
0.099099099	0.000000000	0.000000000	0.000000000	0.000000000	0.000000000	0.000000000
0.106106106	0.000000000	0.000000000	0.000000000	0.000000000	0.000000000	0.000000000
0.113113113	0.000000000	0.000000000	0.000000000	0.000000000	0.000000000	0.000000000
0.120120120	0.000000000	0.000000000	0.000000000	0.000000000	0.000000000	0.000000000
0.127127127	0.000000000	0.000000000	0.000000000	0.000000000	0.000000000	0.000000000
0.134134134	0.000000000	0.000000000	0.000000000	0.000000000	0.000000000	0.000000000
0.141141141	0.000000000	0.000000000	0.000000000	0.000000000	0.000000000	0.000000000
0.148148148	0.000000000	0.000000000	0.000000000	0.000000000	0.000000000	0.000000000
0.155155155	0.000000000	0.000000000	0.000000000	0.000000000	0.000000000	0.000000000
0.162162162	0.000000000	0.000000000	0.000000000	0.000000000	0.000000000	0.000000000
0.169169169	0.000000000	0.000000000	0.000000000	0.000000000	0.000000000	0.000000000
0.176176176	0.000000000	0.000000000	0.000000000	0.000000000	0.000000000	0.000000000
0.183183183	0.000000000	0.000000000	0.000000000	0.000000000	0.000000000	0.000000000
0.190190190	0.000000000	0.000000000	0.000000000	0.000000000	0.000000000	0.000000000
0.197197197	0.000000000	0.000000000	0.000000000	0.000000000	0.000000000	0.000000000
0.204204204	0.000000000	0.000000000	0.000000000	0.000000000	0.000000000	0.000000000
0.211211211	0.000000000	0.000000000	0.000000000	0.000000000	0.000000000	0.000000000
0.218218218	0.000000000	0.000000000	0.000000000	0.000000000	0.000000000	0.000000000
0.225225225	0.000000000	0.000000000	0.000000000	0.000000000	0.000000000	0.000000000
0.232232232	0.000000000	0.000000000	0.000000000	0.000000000	0.000000000	0.000000000
0.239239239	0.000000000	0.000000000	0.000000000	0.000000000	0.000000000	0.000000000
0.246246246	0.000000000	0.000000000	0.000000000	0.000000000	0.000000000	0.000000000
0.253253253	0.000000000	0.000000000	0.000000000	0.000000000	0.000000000	0.000000000
0.260260260	0.000000000	0.000000000	0.000000000	0.000000000	0.000000000	0.000000000
0.267267267	0.000000000	0.000000000	0.000000000	0.000000000	0.000000000	0.000000000
0.274274274	0.000000000	0.000000000	0.000000000	0.000000000	0.000000000	0.000000000
0.281281281	0.000000000	0.000000000	0.000000000	0.000000000	0.000000000	0.000000000
0.288288288	0.000000000	0.000000000	0.000000000	0.000000000	0.000000000	0.000000000
0.295295295	0.000000000	0.000000000	0.000000000	0.000000000	0.000000000	0.000000000
0.302302302	0.000000000	0.000000000	0.000000000	0.000000000	0.000000000	0.000000000
0.309309309	0.000000000	0.000000000	0.000000000	0.000000000	0.000000000	0.000000000
0.316316316	0.000000000	0.000000000	0.000000000	0.000000000	0.000000000	0.000000000
0.323323323	0.000000000	0.000000000	0.000000000	0.000000000	0.000000000	0.000000000
0.330330330	0.000000000	0.000000000	0.000000000	0.000000000	0.000000000	0.000000000
0.337337337	0.000000000	0.000000000	0.000000000	0.000000000	0.000000000	0.000000000
0.344344344	0.000000000	0.000000000	0.000000000	0.000000000	0.000000000	0.000000000
0.351351351	0.000000000	0.000000000	0.000000000	0.000000000	0.000000000	0.000000000
0.358358358	0.000000000	0.000000000	0.000000000	0.000000000	0.000000000	0.000000000
0.365365365	0.000000000	0.000000000	0.000000000	0.000000000	0.000000000	0.000000000
0.372372372	0.000000000	0.000000000	0.000000000	0.000000000	0.000000000	0.000000000
0.379379379	0.000000000	0.000000000	0.000000000	0.000000000	0.000000000	0.000000000
0.386386386	0.000000000	0.000000000	0.000000000	0.000000000	0.000000000	0.000000000
0.393393393	0.000000000	0.000000000	0.000000000	0.000000000	0.000000000	0.000000000
0.400400400	0.000000000	0.000000000	0.000000000	0.000000000	0.000000000	0.000000000
0.407407407	0.000000000	0.000000000	0.000000000	0.000000000	0.000000000	0.000000000
0.414414414	0.000000000	0.000000000	0.000000000	0.000000000	0.000000000	0.000000000
0.421421421	0.000000000	0.000000000	0.000000000	0.000000000	0.000000000	0.000000000
0.428428428	0.000000000	0.000000000	0.000000000	0.000000000	0.000000000	0.000000000
0.435435435	0.000000000	0.000000000	0.000000000	0.000000000	0.000000000	0.000000000
0.442442442	0.000000000	0.000000000	0.000000000	0.000000000	0.000000000	0.000000000
0.449449449	0.000000000	0.000000000	0.000000000	0.000000000	0.000000000	0.000000000
0.456456456	0.000000000	0.000000000	0.000000000	0.000000000	0.000000000	0.000000000
0.463463463	0.000000000	0.000000000	0.000000000	0.000000000	0.000000000	0.000000000
0.470470470	0.000000000	0.000000000	0.000000000	0.000000000	0.000000000	0.000000000
0.477477477	0.000000000	0.000000000	0.000000000	0.000000000	0.000000000	0.000000000
0.484484484	0.000000000	0.000000000	0.000000000	0.000000000	0.000000000	0.000000000
0.491491491	0.000000000	0.000000000	0.000000000	0.000000000	0.000000000	0.000000000
0.498498498	0.000000000	0.000000000	0.000000000	0.000000000	0.000000000	0.000000000
0.505505506	0.000000000	0.000000000	0.000000000	0.000000000	0.000000000	0.000000000
0.512512513	0.000000000	0.000000000	0.000000000	0.000000000	0.000000000	0.000000000
0.519519520	0.000000000	0.000000000	0.000000000	0.000000000	0.000000000	0.000000000
0.526526527	0.000000000	0.000000000	0.000000000	0.000000000	0.000000000	0.000000000
0.533533534	0.000000000	0.000000000	0.000000000	0.000000000	0.000000000	0.000000000
0.540540541	0.000000000	0.000000000	0.000000000	0.000000000	0.000000000	0.000000000
0.547547548	0.000000000	0.000000000	0.000000000	0.000000000	0.000000000	0.000000000
0.554554555	0.000000000	0.000000000	0.000000000	0.000000000	0.000000000	0.000000000
0.561561562	0.000000000	0.000000000	0.000000000	0.000000000	0.000000000	0.000000000
0.568568569	0.000000000	0.000000000	0.000000000	0.000000000	0.000000000	0.000000000
0.575575576	0.000000000	0.000000000	0.000000000	0.000000000	0.000000000	0.000000000
0.582582583	0.000000000	0.000000000	0.000000000	0.000000000	0.000000000	0.000000000
0.589589590	0.000000000	0.000000000	0.000000000	0.000000000	0.000000000	0.000000000
0.596596597	0.000000000	0.000000000	0.000000000	0.000000000	0.000000000	0.000000000
0.603603604	0.000000000	0.000000000	0.000000000	0.000000000	0.000000000	0.000000000
0.610610611	0.000000000	0.000000000	0.000000000	0.000000000	0.000000000	0.000000000
0.617617618	0.000000000	0.000000000	0.000000000	0.000000000	0.000000000	0.000000000
0.624624625	0.000000000	0.000000000	0.000000000	0.000000000	0.000000000	0.000000000
0.631631632	0.000000000	0.000000000	0.000000000	0.000000000	0.000000000	0.000000000
0.638638639	0.000000000	0.000000000	0.000000000	0.000000000	0.000000000	0.000000000
0.645645646	0.000000000	0.000000000	0.000000000	0.000000000	0.000000000	0.000000000
0.652652653	0.000000000	0.000000000	0.000000000	0.000000000	0.000000000	0.000000000
0.659659660	0.000000000	0.000000000	0.000000000	0.000000000	0.000000000	0.000000000
0.666666667	0.000000000	0.000000000	0.000000000	0.000000000	0.000000000	0.000000000
0.673673674	0.000000000	0.000000000	0.000000000	0.000000000	0.000000000	0.000000000
0.680680681	0.000000000	0.000000000	0.000000000	0.000000000	0.000000000	0.000000000
0.687687688	0.000000000	0.000000000	0.000000000	0.000000000	0.000000000	0.000000000
0.694694695	0.000000000	0.000000000	0.000000000	0.000000000	0.000000000	0.000000000
0.701701702	0.000000000	0.000000000	0.000000000	0.000000000	0.000000000	0.000000000
0.708708709	0.000000000	0.000000000	0.000000000	0.000000000	0.000000000	0.000000000
0.715715716	0.000000000	0.000000000	0.000000000	0.000000000	0.000000000	0.000000000
0.722722723	0.000000000	0.000000000	0.000000000	0.000000000	0.000000000	0.000000000
0.729729730	0.000000000	0.000000000	0.000000000	0.000000000	0.000000000	0.000000000
0.736736737	0.000000000	0.000000000	0.000000000	0.000000000	0.000000000	0.000000000
0.743743744	0.000000000	0.000000000	0.000000000	0.000000000	0.000000000	0.000000000
0.750750751	0.000000000	0.000000000	0.000000000	0.000000000	0.000000000	0.000000000
0.757757758	0.000000000	0.000000000	0.000000000	0.000000000	0.000000000	0.000000000
0.764764765	0.000000000	0.000000000	0.000000000	0.000000000	0.000000000	0.000000000
0.771771772	0.000000000	0.000000000	0.000000000	0.000000000	0.000000000	0.000000000
0.778778779	0.000000000	0.000000000	0.000000000	0.000000000	0.000000000	0.000000000
0.785785786	0.000000000	0.000000000	0.000000000	0.000000000	0.000000000	0.000000000
0.792792793	0.000000000	0.000000000	0.000000000	0.000000000	0.000000000	0.000000000
0.799799800	0.000000000	0.000000000	0.000000000	0.000000000	0.000000000	0.000000000
0.806806807	0.000000000	0.000000000	0.000000000	0.000000000	0.000000000	0.000000000
0.813813814	0.000000000	0.000000000	0.000000000	0.000000000	0.000000000	0.000000000
0.820820821	0.000000000	0.000000000	0.000000000	0.000000000	0.000000000	0.000000000
0.827827828	0.000000000	0.000000000	0.000000000	0.000000000	0.000000000	0.000000000
0.834834835	0.000000000	0.000000000	0.000000000	0.000000000	0.000000000	0.000000000
0.841841842	0.000000000	0.000000000	0.000000000	0.000000000	0.000000000	0.000000000
0.848848849	0.000000000	0.000000000	0.000000000	0.000000000	0.000000000	0.000000000
0.855855856	0.000000000	0.000000000	0.000000000	0.000000000	0.000000000	0.000000000
0.862862863	0.000000000	0.000000000	0.000000000	0.000000000	0.000000000	0.000000000
0.869869870	0.000000000	0.000000000	0.000000000	0.000000000	0.000000000	0.000000000
0.876876877	0.000000000	0.000000000	0.000000000	0.000000000	0.000000000	0.000000000
0.883883884	0.000000000	0.000000000	0.000000000	0.000000000	0.000000000	0.000000000
0.890890891	0.000000000	0.000000000	0.000000000	0.000000000	0.000000000	0.000000000
0.897897898	0.000000000	0.000000000	0.000000000	0.000000000	0.000000000	0.000000000
0.904904905	0.000000000	0.000000000	0.000000000	0.000000000	0.000000000	0.000000000
0.911911912	0.000000000	0.000000000	0.000000000	0.000000000	0.000000000	0.000000000
0.918918919	0.000000000	0.000000000	0.000000000	0.000000000	0.000000000	0.000000000
0.925925926	0.000000000	0.000000000	0.000000000	0.000000000	0.000000000	0.000000000
0.932932933	0.000000000	0.000000000	0.000000000	0.000000000	0.000000000	0.000000000
0.939939940	0.000000000	0.000000000	0.000000000	0.000000000	0.000000000	0.000000000
0.946946947	0.000000000	0.000000000	0.000000000	0.000000000	0.000000000	0.000000000
0.953953954	0.000000000	0.000000000	0.000000000	0.000000000	0.000000000	0.000000000
0.960960961	0.000000000	0.000000000	0.000000000	0.000000000	0.000000000	0.000000000
0.967967968	0.000000000	0.000000000	0.000000000	0.000000000	0.000000000	0.000000000
0.974974975	0.000000000	0.000000000	0.000000000	0.000000000	0.000000000	0.000000000
0.981981982	0.000000000	0.000000000	0.000000000	0.000000000	0.000000000	0.000000000
0.988988989	0.000000000	0.000000000	0.000000000	0.000000000	0.000000000	0.000000000
0.995995996	0.000000000	0.000000000	0.000000000	0.000000000	0.000000000	0.000000000
1.003003003	0.000000000	0.000000000	0.000000000	0.000000000	0.000000000	0.000000000
1.010010010	0.000000000	0.000000000	0.000000000	0.000000000	0.000000000	0.000000000
1.017017017	0.000000000	0.000000000	0.000000000	0.000000000	0.000000000	0.000000000
1.024024024	0.000000000	0.000000000	0.000000000	0.000000000	0.000000000	0.000000000
1.031031031	0.000000000	0.000000000	0.000000000	0.000000000	0.000000000	0.000000000
1.038038038	0.000000000	0.000000000	0.000000000	0.000000000	0.000000000	0.000000000
1.045045045	0.000000000	0.000000000	0.000000000	0.000000000	0.000000000	0.000000000
1.052052052	0.000000000	0.000000000	0.000000000	0.000000000	0.000000000	0.000000000
1.059059059	0.000000000	0.000000000	0.000000000	0.000000000	0.000000000	0.000000000
1.066066066	0.000000000	0.000000000	0.000000000	0.000000000	0.000000000	0.000000000
1.073073073	0.000000000	0.000000000	0.000000000	0.000000000	0.000000000	0.000000000
1.080080080	0.000000000	0.000000000	0.000000000	0.000000000	0.000000000	0.000000000
1.087087087	0.000000000	0.000000000	0.000000000	0.000000000	0.000000000	0.000000000
1.094094094	0.000000000	0.000000000	0.000000000	0.000000000	0.000000000	0.000000000
1.101101101	0.000000000	0.000000000	0.000000000	0.000000000	0.000000000	0.000000000
1.108108108	0.000000000	0.000000000	0.000000000	0.000000000	0.000000000	0.000000000
1.115115115	0.000000000	0.000000000	0.000000000	0.000000000	0.000000000	0.000000000
1.122122122	0.000000000	0.000000000	0.000000000	0.000000000	0.000000000	0.000000000
1.129129129	0.000000000	0.000000000	0.000000000	0.000000000	0.000000000	0.000000000
1.136136136	0.000000000	0.000000000	0.000000000	0.000000000	0.000000000	0.000000000
1.143143143	0.000000000	0.000000000	0.000000000	0.000000000	0.000000000	0.000000000
1.150150150	0.000000000	0.000000000	0.000000000	0.000000000	0.000000000	0.000000000
1.157157157	0.000000000	0.000000000	0.000000000	0.000000000	0.000000000	0.000000000
1.164164164	0.000000000	0.000000000	0.000000000	0.000000000	0.000000000	0.000000000
1.171171171	0.000000000	0.000000000	0.000000000	0.000000000	0.000000000	0.000000000
1.178178178	0.000000000	0.000000000	0.000000000	0.000000000	0.000000000	0.000000000
1.185185185	0.000000000	0.000000000	0.000000000	0.000000000	0.000000000	0.000000000
1.192192192	0.000000000	0.000000000	0.000000000	0.000000000	0.000000000	0.000000000
1.199199199	0.000000000	0.000000000	0.000000000	0.000000000	0.000000000	0.000000000
1.206206206	0.000000000	0.000000000	0.000000000	0.000000000	0.000000000	0.000000000
1.213213213	0.000000000	0.000000000	0.000000000	0.000000000	0.000000000	0.000000000
1.220220220	0.000000000	0.000000000	0.000000000	0.000000000	0.000000000	0.000000000
1.227227227	0.000000000	0.000000000	0.000000000	0.000000000	0.000000000	0.000000000
1.234234234	0.000000000	0.000000000	0.000000000	0.000000000	0.000000000	0.000000000
1.241241241	0.000000000	0.000000000	0.000000000	0.000000000	0.000000000	0.000000000
1.248248248	0.000000000	0.000000000	0.000000000	0.000000000	0.000000000	0.000000000
1.255255255	0.000000000	0.000000000	0.000000000	0.000000000	0.000000000	0.000000000
1.262262262	0.000000000	0.000000000	0.000000000	0.000000000	0.000000000	0.000000000
1.269269269	0.000000000	0.000000000	0.000000000	0.000000000	0.000000000	0.000000000
1.276276276	0.000000000	0.000000000	0.000000000	0.000000000	0.000000000	0.000000000
1.283283283	0.000000000	0.000000000	0.000000000	0.000000000	0.000000000	0.000000000
1.290290290	0.000000000	0.000000000	0.000000000	0.000000000	0.000000000	0.000000000
1.297297297	0.000000000	0.000000000	0.000000000	0.000000000	0.000000000	0.000000000
1.304304304	0.000000000	0.000000000	0.000000000	0.000000000	0.000000000	0.000000000
1.311311311	0.000000000	0.000000000	0.000000000	0.000000000	0.000000000	0.000000000
1.318318318	0.000000000	0.000000000	0.000000000	0.000000000	0.000000000	0.000000000
1.325325325	0.000000000	0.000000000	0.000000000	0.000000000	0.000000000	0.000000000
1.332332332	0.000000000	0.000000000	0.000000000	0.000000000	0.000000000	0.000000000
1.339339339	0.000000000	0.000000000	0.000000000	0.000000000	0.000000000	0.000000000
1.346346346	0.000000000	0.000000000	0.000000000	0.000000000	0.000000000	0.000000000
1.353353353	0.000000000	0.000000000	0.000000000	0.000000000	0.000000000	0.000000000
1.360360360	0.000000000	0.000000000	0.000000000	0.000000000	0.000000000	0.000000000
1.367367367	0.000000000	0.000000000	0.000000000	0.000000000	0.000000000	0.000000000
1.374374374	0.000000000	0.000000000	0.000000000	0.000000000	0.000000000	0.000000000
1.381381381	0.000000000	0.000000000	0.000000000	0.000000000	0.000000000	0.000000000
1.388388388	0.000000000	0.000000000	0.000000000	0.000000000	0.000000000	0.000000000
1.395395395	0.000000000	0.000000000	0.000000000	0.000000000	0.000000000	0.000000000
1.402402402	0.000000000	0.000000000	0.000000000	0.000000000	0.000000000	0.000000000
1.409409409	0.000000000	0.000000000	0.000000000	0.000000000	0.000000000	0.000000000
1.416416416	0.000000000	0.000000000	0.000000000	0.000000000	0.000000000	0.000000000
1.423423423	0.000000000	0.000000000	0.000000000	0.000000000	0.000000000	0.000000000
1.430430430	0.000000000	0.000000000	0.000000000	0.000000000	0.000000000	0.000000000
1.437437437	0.000000000	0.000000000	0.000000000	0.000000000	0.000000000	0.000000000
1.444444444	0.000000000	0.000000000	0.000000000	0.000000000	0.000000000	0.000000000
1.451451451	0.000000000	0.000000000	0.000000000	0.000000000	0.000000000	0.000000000
1.458458458	0.000000000	0.000000000	0.000000000	0.000000000	0.000000000	0.000000000
1.465465465	0.000000000	0.000000000	0.000000000	0.000000000	0.000000000	0.000000000
1.472472472	0.000000000	0.000000000	0.000000000	0.000000000	0.000000000	0.000000000
1.479479479	0.000000000	0.000000000	0.000000000	0.000000000	0.000000000	0.000000000
1.486486486	0.000000000	0.000000000	0.000000000	0.000000000	0.000000000	0.000000000
1.493493493	0.000000000	0.000000000	0.000000000	0.000000000	0.000000000	0.000000000
1.500500501	0.000000000	0.000000000	0.000000000	0.000000000	0.000000000	0.000000000
1.507507508	0.000000000	0.000000000	0.000000000	0.000000000	0.000000000	0.000000000
1.514514515	0.000000000	0.000000000	0.000000000	0.000000000	0.000000000	0.000000000
1.521521522	0.000000000	0.000000000	0.000000000	0.000000000	0.000000000	0.000000000
1.528528529	0.000000000	0.000000000	0.000000000	0.000000000	0.000000000	0.000000000
1.535535536	0.000000000	0.000000000	0.000000000	0.000000000	0.000000000	0.000000000
1.542542543	0.000000000	0.000000000	0.000000000	0.000000000	0.000000000	0.000000000
1.549549550	0.000000000	0.000000000	0.000000000	0.000000000	0.000000000	0.000000000
1.556556557	0.000000000	0.000000000	0.000000000	0.000000000	0.000000000	0.000000000
1.563563564	0.000000000	0.000000000	0.000000000	0.000000000	0.000000000	0.000000000
1.570570571	0.000000000	0.000000000	0.000000000	0.000000000	0.000000000	0.000000000
1.577577578	0.000000000	0.000000000	0.000000000	0.000000000	0.000000000	0.000000000
1.584584585	0.000000000	0.000000000	0.000000000	0.000000000	0.000000000	0.000000000
1.591591592	0.000000000	0.000000000	0.000000000	0.000000000	0.000000000	0.000000000
1.598598599	0.000000000	0.000000000	0.000000000	0.000000000	0.000000000	0.000000000
1.605605606	0.000000000	0.000000000	0.000000000	0.000000000	0.000000000	0.000000000
1.612612613	0.000000000	0.000000000	0.000000000	0.000000000	0.000000000	0.000000000
1.619619620	0.000000000	0.000000000	0.000000000	0.000000000	0.000000000	0.000000000
1.626626627	0.000000000	0.000000000	0.000000000	0.000000000	0.000000000	0.000000000
1.633633634	0.000000000	0.000000000	0.000000000	0.000000000	0.000000000	0.000000000
1.640640641	0.000000000	0.000000000	0.000000000	0.000000000	0.000000000	0.000000000
1.647647648	0.000000000	0.000000000	0.000000000	0.000000000	0.000000000	0.000000000
1.654654655	0.000000000	0.000000000	0.000000000	0.000000000	0.000000000	0.000000000
1.661661662	0.000000000	0.000000000	0.000000000	0.000000000	0.000000000	0.000000000
1.668668669	0.000000000	0.000000000	0.000000000	0.000000000	0.000000000	0.000000000
1.675675676	0.000000000	0.000000000	0.000000000	0.000000000	0.000000000	0.000000000
1.682682683	0.000000000	0.000000000	0.000000000	0.000000000	0.000000000	0.000000000
1.689689690	0.000000000	0.000000000	0.000000000	0.000000000	0.000000000	0.000000000
1.696696697	0.000000000	0.000000000	0.000000000	0.000000000	0.000000000	0.000000000
1.703703704	0.000000000	0.000000000	0.000000000	0.000000000	0.000000000	0.000000000
1.710710711	0.000000000	0.000000000	0.000000000	0.000000000	0.000000000	0.000000000
1.717717718	0.000000000	0.000000000	0.000000000	0.000000000	0.000000000	0.000000000
1.724724725	0.000000000	0.000000000	0.000000000	0.000000000	0.000000000	0.000000000
1.731731732	0.000000000	0.000000000	0.000000000	0.000000000	0.000000000	0.000000000
1.738738739	0.000000000	0.000000000	0.000000000	0.000000000	0.000000000	0.000000000
1.745745746	0.000000000	0.000000000	0.000000000	0.000000000	0.000000000	0.000000000
1.752752753	0.000000000	0.000000000	0.000000000	0.000000000	0.000000000	0.000000000
1.759759760	0.000000000	0.000000000	0.000000000	0.000000000	0.000000000	0.000000000
1.766766767	0.000000000	0.000000000	0.000000000	0.000000000	0.000000000	0.000000000
1.773773774	0.000000000	0.000000000	0.000000000	0.000000000	0.000000000	0.000000000
1.780780781	0.000000000	0.000000000	0.000000000	0.000000000	0.000000000	0.000000000
1.787787788	0.000000000	0.000000000	0.000000000	0.000000000	0.000000000	0.000000000
1.794794795	0.000000000	0.000000000	0.000000000	0.000000000	0.000000000	0.000000000
1.801801802	0.000000000	0.000000000	0.000000000	0.000000000	0.000000000	0.000000000
1.808808809	0.000000000	0.000000000	0.000000000	0.000000000	0.000000000	0.000000000
1.815815816	0.000000000	0.000000000	0.000000000	0.000000000	0.000000000	0.000000000
1.822822823	0.000000000	0.000000000	0.000000000	0.000000000	0.000000000	0.000000000
1.829829830	0.000000000	0.000000000	0.000000000	0.000000000	0.000000000	0.000000000
1.836836837	0.000000000	0.000000000	0.000000000	0.000000000	0.000000000	0.000000000
1.843843844	0.000000000	0.000000000	0.000000000	0.000000000	0.000000000	0.000000000
1.850850851	0.000000000	0.000000000	0.000000000	0.000000000	0.000000000	0.000000000
1.857857858	0.000000000	0.000000000	0.000000000	0.000000000	0.000000000	0.000000000
1.864864865	0.000000000	0.000000000	0.000000000	0.000000000	0.000000000	0.000000000
1.871871872	0.000000000	0.000000000	0.000000000	0.000000000	0.000000000	0.000000000
1.878878879	0.000000000	0.000000000	0.000000000	0.000000000	0.000000000	0.000000000
1.885885886	0.000000000	0.000000000	0.000000000	0.000000000	0.000000000	0.000000000
1.892892893	0.000000000	0.000000000	0.000000000	0.000000000	0.000000000	0.000000000
1.899899900	0.000000000	0.000000000	0.000000000	0.000000000	0.000000000	0.000000000
1.906906907	0.000000000	0.000000000	0.000000000	0.000000000	0.000000000	0.000000000
1.913913914	0.000000000	0.000000000	0.000000000	0.000000000	0.000000000	0.000000000
1.920920921	0.000000000	0.000000000	0.000000000	0.000000000	0.000000000	0.000000000
1.927927928	0.000000000	0.000000000	0.000000000	0.000000000	0.000000000	0.000000000
1.934934935	0.000000000	0.000000000	0.000000000	0.000000000	0.000000000	0.000000000
1.941941942	0.000000000	0.000000000	0.000000000	0.000000000	0.000000000	0.000000000
1.948948949	0.000000000	0.000000000	0.000000000	0.000000000	0.000000000	0.000000000
1.955955956	0.000000000	0.000000000	0.000000000	0.000000000	0.000000000	0.000000000
1.962962963	0.000000000	0.000000000	0.000000000	0.000000000	0.000000000	0.000000000
1.969969970	0.000000000	0.000000000	0.000000000	0.000000000	0.000000000	0.000000000
1.976976977	0.000000000	0.000000000	0.000000000	0.000000000	0.000000000	0.000000000
1.983983984	0.000000000	0.000000000	0.000000000	0.000000000	0.000000000	0.000000000
1.990990991	0.000000000	0.000000000	0.000000000	0.000000000	0.000000000	0.000000000
1.997997998	0.000000000	0.000000000	0.000000000	0.000000000	0.000000000	0.000000000
2.005005005	0.000000000	0.000000000	0.000000000	0.000000000	0.000000000	0.000000000
2.012012012	0.000000000	0.000000000	0.000000000	0.000000000	0.000000000	0.000000000
2.019019019	0.000000000	0.000000000	0.000000000	0.000000000	0.000000000	0.000000000
2.026026026	0.000000000	0.000000000	0.000000000	0.000000000	0.000000000	0.000000000
2.033033033	0.000000000	0.000000000	0.000000000	0.000000000	0.000000000	0.000000000
2.040040040	0.000000000	0.000000000	0.000000000	0.000000000	0.000000000	0.000000000
2.047047047	0.000000000	0.000000000	0.000000000	0.000000000	0.000000000	0.000000000
2.054054054	0.000000000	0.000000000	0.000000000	0.000000000	0.000000000	0.000000000
2.061061061	0.000000000	0.000000000	0.000000000	0.000000000	0.000000000	0.000000000
2.068068068	0.000000000	0.000000000	0.000000000	0.000000000	0.000000000	0.000000000
2.075075075	0.000000000	0.000000000	0.000000000	0.000000000	0.000000000	0.000000000
2.082082082	0.000000000	0.000000000	0.000000000	0.000000000	0.000000000	0.000000000
2.089089089	0.000000000	0.000000000	0.000000000	0.000000000	0.000000000	0.000000000
2.096096096	0.000000000	0.000000000	0.000000000	0.000000000	0.000000000	0.000000000
2.103103103	0.000000000	0.000000000	0.000000000	0.000000000	0.000000000	0.000000000
2.110110110	0.000000000	0.000000000	0.000000000	0.000000000	0.000000000	0.000000000
2.117117117	0.000000000	0.000000000	0.000000000	0.000000000	0.000000000	0.000000000
2.124124124	0.000000000	0.000000000	0.000000000	0.000000000	0.000000000	0.000000000
2.131131131	0.000000000	0.000000000	0.000000000	0.000000000	0.000000000	0.000000000
2.138138138	0.000000000	0.000000000	0.000000000	0.000000000	0.000000000	0.000000000
2.145145145	0.000000000	0.000000000	0.000000000	0.000000000	0.000000000	0.000000000
2.152152152	0.000000000	0.000000000	0.000000000	0.000000000	0.000000000	0.000000000
2.159159159	0.000000000	0.000000000	0.000000000	0.000000000	0.000000000	0.000000000
2.166166166	0.000000000	0.000000000	0.000000000	0.000000000	0.000000000	0.000000000
2.173173173	0.000000000	0.000000000	0.000000000	0.000000000	0.000000000	0.000000000
2.180180180	0.000000000	0.000000000	0.000000000	0.000000000	0.000000000	0.000000000
2.187187187	0.000000000	0.000000000	0.000000000	0.000000000	0.000000000	0.000000000
2.194194194	0.000000000	0.000000000	0.000000000	0.000000000	0.000000000	0.000000000
2.201201201	0.000000000	0.000000000	0.000000000	0.000000000	0.000000000	0.000000000
2.208208208	0.000000000	0.000000000	0.000000000	0.000000000	0.000000000	0.000000000
2.215215215	0.000000000	0.000000000	0.000000000	0.000000000	0.000000000	0.000000000
2.222222222	0.000000000	0.000000000	0.000000000	0.000000000	0.000000000	0.000000000
2.229229229	0.000000000	0.000000000	0.000000000	0.000000000	0.000000000	0.000000000
2.236236236	0.000000000	0.000000000	0.000000000	0.000000000	0.000000000	0.000000000
2.243243243	0.000000000	0.000000000	0.000000000	0.000000000	0.000000000	0.000000000
2.250250250	0.000000000	0.000000000	0.000000000	0.000000000	0.000000000	0.000000000
2.257257257	0.000000000	0.000000000	0.000000000	0.000000000	0.000000000	0.000000000
2.264264264	0.000000000	0.000000000	0.000000000	0.000000000	0.000000000	0.000000000
2.271271271	0.000000000	0.000000000	0.000000000	0.000000000	0.000000000	0.000000000
2.278278278	0.000000000	0.000000000	0.000000000	0.000000000	0.000000000	0.000000000
2.285285285	0.000000000	0.000000000	0.000000000	0.000000000	0.000000000	0.000000000
2.292292292	0.000000000	0.000000000	0.000000000	0.000000000	0.000000000	0.000000000
2.299299299	0.000000000	0.000000000	0.000000000	0.000000000	0.000000000	0.000000000
2.306306306	0.000000000	0.000000000	0.000000000	0.000000000	0.000000000	0.000000000
2.313313313	0.000000000	0.000000000	0.000000000	0.000000000	0.000000000	0.000000000
2.320320320	0.000000000	0.000000000	0.000000000	0.000000000	0.000000000	0.000000000
2.327327327	0.000000000	0.000000000	0.000000000	0.000000000	0.000000000	0.000000000
2.334334334	0.000000000	0.000000000	0.000000000	0.000000000	0.000000000	0.000000000
2.341341341	0.000000000	0.000000000	0.000000000	0.000000000	0.000000000	0.000000000
2.348348348	0.000000000	0.000000000	0.000000000	0.000000000	0.000000000	0.000000000
2.355355355	0.000000000	0.000000000	0.000000000	0.000000000	0.000000000	0.000000000
2.362362362	0.000000000	0.000000000	0.000000000	0.000000000	0.000000000	0.000000000
2.369369369	0.000000000	0.000000000	0.000000000	0.000000000	0.000000000	0.000000000
2.376376376	0.000000000	0.000000000	0.000000000	0.000000000	0.000000000	0.000000000
2.383383383	0.000000000	0.000000000	0.000000000	0.000000000	0.000000000	0.000000000
2.390390390	0.000000000	0.000000000	0.000000000	0.000000000	0.000000000	0.000000000
2.397397397	0.000000000	0.000000000	0.000000000	0.000000000	0.000000000	0.000000000
2.404404404	0.000000000	0.000000000	0.000000000	0.000000000	0.000000000	0.000000000
2.411411411	0.000000000	0.000000000	0.000000000	0.000000000	0.000000000	0.000000000
2.418418418	0.000000000	0.000000000	0.000000000	0.000000000	0.000000000	0.000000000
2.425425425	0.000000000	0.000000000	0.000000000	0.000000000	0.000000000	0.000000000
2.432432432	0.000000000	0.000000000	0.000000000	0.000000000	0.000000000	0.000000000
2.439439439	0.000000000	0.000000000	0.000000000	0.000000000	0.000000000	0.000000000
2.446446446	0.000000000	0.000000000	0.000000000	0.000000000	0.000000000	0.000000000
2.453453453	0.000000000	0.000000000	0.000000000	0.000000000	0.000000000	0.000000000
2.460460460	0.000000000	0.000000000	0.000000000	0.000000000	0.000000000	0.000000000
2.467467467	0.000000000	0.000000000	0.000000000	0.000000000	0.000000000	0.000000000
2.474474474	0.000000000	0.000000000	0.000000000	0.000000000	0.000000000	0.000000000
2.481481481	0.000000000	0.000000000	0.000000000	0.000000000	0.000000000	0.000000000
2.488488488	0.000000000	0.000000000	0.000000000	0.000000000	0.000000000	0.000000000
2.495495495	0.000000000	0.000000000	0.000000000	0.000000000	0.000000000	0.000000000
2.502502503	0.000000000	0.000000000	0.000000000	0.000000000	0.000000000	0.000000000
2.509509510	0.000000000	0.000000000	0.000000000	0.000000000	0.000000000	0.000000000
2.516516517	0.000000000	0.000000000	0.000000000	0.000000000	0.000000000	0.000000000
2.523523524	0.000000000	0.000000000	0.000000000	0.000000000	0.000000000	0.000000000
2.530530531	0.000000000	0.000000000	0.000000000	0.000000000	0.000000000	0.000000000
2.537537538	0.000000000	0.000000000	0.000000000	0.000000000	0.000000000	0.000000000
2.544544545	0.000000000	0.000000000	0.000000000	0.000000000	0.000000000	0.000000000
2.551551552	0.000000000	0.000000000	0.000000000	0.000000000	0.000000000	0.000000000
2.558558559	0.000000000	0.000000000	0.000000000	0.000000000	0.000000000	0.000000000
2.565565566	0.000000000	0.000000000	0.000000000	0.000000000	0.000000000	0.000000000
2.572572573	0.000000000	0.000000000	0.000000000	0.000000000	0.000000000	0.000000000
2.579579580	0.000000000	0.000000000	0.000000000	0.000000000	0.000000000	0.000000000
2.586586587	0.000000000	0.000000000	0.000000000	0.000000000	0.000000000	0.000000000
2.593593594	0.000000000	0.000000000	0.000000000	0.000000000	0.000000000	0.000000000
2.600600601	0.000000000	0.000000000	0.000000000	0.000000000	0.000000000	0.000000000
2.607607608	0.000000000	0.000000000	0.000000000	0.000000000	0.000000000	0.000000000
2.614614615	0.000000000	0.000000000	0.000000000	0.000000000	0.000000000	0.000000000
2.621621622	0.000000000	0.000000000	0.000000000	0.000000000	0.000000000	0.000000000
2.628628629	0.000000000	0.000000000	0.000000000	0.000000000	0.000000000	0.000000000
2.635635636	0.000000000	0.000000000	0.000000000	0.000000000	0.000000000	0.000000000
2.642642643	0.000000000	0.000000000	0.000000000	0.000000000	0.000000000	0.000000000
2.649649650	0.000000000	0.000000000	0.000000000	0.000000000	0.000000000	0.000000000
2.656656657	0.000000000	0.000000000	0.000000000	0.000000000	0.000000000	0.000000000
2.663663664	0.000000000	0.000000000	0.000000000	0.000000000	0.000000000	0.000000000
2.670670671	0.000000000	0.000000000	0.000000000	0.000000000	0.000000000	0.000000000
2.677677678	0.000000000	0.000000000	0.000000000	0.000000000	0.000000000	0.000000000
2.684684685	0.000000000	0.000000000	0.000000000	0.000000000	0.000000000	0.000000000
2.691691692	0.000000000	0.000000000	0.000000000	0.000000000	0.000000000	0.000000000
2.698698699	0.000000000	0.000000000	0.000000000	0.000000000	0.000000000	0.000000000
2.705705706	0.000000000	0.000000000	0.000000000	0.000000000	0.000000000	0.000000000
2.712712713	0.000000000	0.000000000	0.000000000	0.000000000	0.000000000	0.000000000
2.719719720	0.000000000	0.000000000	0.000000000	0.000000000	0.000000000	0.000000000
2.726726727	0.000000000	0.000000000	0.000000000	0.000000000	0.000000000	0.000000000
2.733733734	0.000000000	0.000000000	0.000000000	0.000000000	0.000000000	0.000000000
2.740740741	0.000000000	0.000000000	0.000000000	0.000000000	0.000000000	0.000000000
2.747747748	0.000000000	0.000000000	0.000000000	0.000000000	0.000000000	0.000000000
2.754754755	0.000000000	0.000000000	0.000000000	0.000000000	0.000000000	0.000000000
2.761761762	0.000000000	0.000000000	0.000000000	0.000000000	0.000000000	0.000000000
2.768768769	0.000000000	0.000000000	0.000000000	0.000000000	0.000000000	0.000000000
2.775775776	0.000000000	0.000000000	0.000000000	0.000000000	0.000000000	0.000000000
2.782782783	0.000000000	0.000000000	0.000000000	0.000000000	0.000000000	0.000000000
2.789789790	0.000000000	0.000000000	0.000000000	0.000000000	0.000000000	0.000000000
2.796796797	0.000000000	0.000000000	0.000000000	0.000000000	0.000000000	0.000000000
2.803803804	0.000000000	0.000000000	0.000000000	0.000000000	0.000000000	0.000000000
2.810810811	0.000000000	0.000000000	0.000000000	0.000000000	0.000000000	0.000000000
2.817817818	0.000000000	0.000000000	0.000000000	0.000000000	0.000000000	0.000000000
2.824824825	0.000000000	0.000000000	0.000000000	0.000000000	0.000000000	0.000000000
2.831831832	0.000000000	0.000000000	0.000000000	0.000000000	0.000000000	0.000000000
2.838838839	0.000000000	0.000000000	0.000000000	0.000000000	0.000000000	0.000000000
2.845845846	0.000000000	0.000000000	0.000000000	0.000000000	0.000000000	0.000000000
2.852852853	0.000000000	0.000000000	0.000000000	0.000000000	0.000000000	0.000000000
2.859859860	0.000000000	0.000000000	0.000000000	0.000000000	0.000000000	0.000000000
2.866866867	0.000000000	0.000000000	0.000000000	0.000000000	0.000000000	0.000000000
2.873873874	0.000000000	0.000000000	0.000000000	0.000000000	0.000000000	0.000000000
2.880880881	0.000000000	0.000000000	0.000000000	0.000000000	0.000000000	0.000000000
2.887887888	0.000000000	0.000000000	0.000000000	0.000000000	0.000000000	0.000000000
2.894894895	0.000000000	0.000000000	0.000000000	0.000000000	0.000000000	0.000000000
2.901901902	0.000000000	0.000000000	0.000000000	0.000000000	0.000000000	0.000000000
2.908908909	0.000000000	0.000000000	0.000000000	0.000000000	0.000000000	0.000000000
2.915915916	0.000000000	0.000000000	0.000000000	0.000000000	0.000000000	0.000000000
2.922922923	0.000000000	0.000000000	0.000000000	0.000000000	0.000000000	0.000000000
2.929929930	0.000000000	0.000000000	0.000000000	0.000000000	0.000000000	0.000000000
2.936936937	0.000000000	0.000000000	0.000000000	0.000000000	0.000000000	0.000000000
2.943943944	0.000000000	0.000000000	0.000000000	0.000000000	0.000000000	0.000000000
2.950950951	0.000000000	0.000000000	0.000000000	0.000000000	0.000000000	0.000000000
2.957957958	0.000000000	0.000000000	0.000000000	0.000000000	0.000000000	0.000000000
2.964964965	0.000000000	0.000000000	0.000000000	0.000000000	0.000000000	0.000000000
2.971971972	0.000000000	0.000000000	0.000000000	0.000000000	0.000000000	0.000000000
2.978978979	0.000000000	0.000000000	0.000000000	0.000000000	0.000000000	0.000000000
2.985985986	0.000000000	0.000000000	0.000000000	0.000000000	0.000000000	0.000000000
2.992992993	0.000000000	0.000000000	0.000000000	0.000000000	0.000000000	0.000000000
3.000000000	0.000000000	0.000000000	0.000000000	0.000000000	0.000000000	0.000000000