-4.000000000	0.005231565	0.002072704	0.004014784	0.001699075	0.004805173	0.003187429
-3.992992993	0.005325526	0.002117774	0.004107799	0.001732298	0.004876870	0.003248284
-3.985985986	0.005421075	0.002163769	0.004202798	0.001766150	0.004949610	0.003310246
-3.978978979	0.005518239	0.002210707	0.004299822	0.001800642	0.005023407	0.003373334
-3.971971972	0.005617042	0.002258605	0.004398908	0.001835785	0.005098275	0.003437568
-3.964964965	0.005717509	0.002307481	0.004500096	0.001871592	0.005174230	0.003502967
-3.957957958	0.005819667	0.002357355	0.004603426	0.001908074	0.005251286	0.003569551
-3.950950951	0.005923541	0.002408245	0.004708938	0.001945244	0.005329460	0.003637339
-3.943943944	0.006029159	0.002460170	0.004816674	0.001983114	0.005408767	0.003706354
-3.936936937	0.006136547	0.002513150	0.004926675	0.002021697	0.005489223	0.003776614
-3.929929930	0.006245733	0.002567205	0.005038985	0.002061005	0.005570844	0.003848143
-3.922922923	0.006356744	0.002622355	0.005153646	0.002101053	0.005653645	0.003920960
-3.915915916	0.006469609	0.002678621	0.005270703	0.002141852	0.005737645	0.003995089
-3.908908909	0.006584356	0.002736023	0.005390200	0.002183417	0.005822859	0.004070550
-3.901901902	0.006701014	0.002794582	0.005512183	0.002225761	0.005909305	0.004147367
-3.894894895	0.006819612	0.002854322	0.005636697	0.002268899	0.005996999	0.004225562
-3.887887888	0.006940180	0.002915262	0.005763790	0.002312844	0.006085959	0.004305159
-3.880880881	0.007062748	0.002977426	0.005893508	0.002357612	0.006176203	0.004386180
-3.873873874	0.007187346	0.003040837	0.006025901	0.002403216	0.006267749	0.004468651
-3.866866867	0.007314006	0.003105517	0.006161017	0.002449673	0.006360614	0.004552596
-3.859859860	0.007442759	0.003171490	0.006298906	0.002496996	0.006454817	0.004638038
-3.852852853	0.007573636	0.003238781	0.006439619	0.002545203	0.006550377	0.004725003
-3.845845846	0.007706669	0.003307412	0.006583206	0.002594308	0.006647312	0.004813517
-3.838838839	0.007841892	0.003377410	0.006729720	0.002644327	0.006745642	0.004903605
-3.831831832	0.007979337	0.003448798	0.006879214	0.002695277	0.006845386	0.004995294
-3.824824825	0.008119037	0.003521603	0.007031742	0.002747175	0.006946564	0.005088609
-3.817817818	0.008261027	0.003595851	0.007187357	0.002800036	0.007049195	0.005183579
-3.810810811	0.008405341	0.003671567	0.007346115	0.002853880	0.007153299	0.005280230
-3.803803804	0.008552014	0.003748779	0.007508072	0.002908722	0.007258898	0.005378591
-3.796796797	0.008701080	0.003827514	0.007673285	0.002964580	0.007366011	0.005478689
-3.789789790	0.008852576	0.003907799	0.007841812	0.003021474	0.007474659	0.005580553
-3.782782783	0.009006538	0.003989662	0.008013711	0.003079420	0.007584864	0.005684213
-3.775775776	0.009163002	0.004073133	0.008189042	0.003138437	0.007696648	0.005789697
-3.768768769	0.009322006	0.004158240	0.008367864	0.003198546	0.007810031	0.005897036
-3.761761762	0.009483586	0.004245013	0.008550240	0.003259764	0.007925036	0.006006261
-3.754754755	0.009647782	0.004333481	0.008736231	0.003322111	0.008041686	0.006117402
-3.747747748	0.009814632	0.004423675	0.008925899	0.003385608	0.008160002	0.006230490
-3.740740741	0.009984174	0.004515626	0.009119309	0.003450274	0.008280009	0.006345557
-3.733733734	0.010156449	0.004609366	0.009316526	0.003516131	0.008401728	0.006462636
-3.726726727	0.010331496	0.004704926	0.009517614	0.003583198	0.008525184	0.006581759
-3.719719720	0.010509357	0.004802338	0.009722641	0.003651498	0.008650401	0.006702960
-3.712712713	0.010690071	0.004901636	0.009931673	0.003721051	0.008777402	0.006826271
-3.705705706	0.010873680	0.005002853	0.010144780	0.003791881	0.008906212	0.006951729
-3.698698699	0.011060228	0.005106023	0.010362030	0.003864008	0.009036856	0.007079366
-3.691691692	0.011249756	0.005211181	0.010583493	0.003937457	0.009169359	0.007209218
-3.684684685	0.011442307	0.005318361	0.010809241	0.004012250	0.009303746	0.007341322
-3.677677678	0.011637926	0.005427599	0.011039346	0.004088410	0.009440043	0.007475713
-3.670670671	0.011836656	0.005538931	0.011273881	0.004165961	0.009578277	0.007612427
-3.663663664	0.012038542	0.005652395	0.011512919	0.004244927	0.009718472	0.007751504
-3.656656657	0.012243630	0.005768026	0.011756536	0.004325334	0.009860657	0.007892979
-3.649649650	0.012451965	0.005885864	0.012004808	0.004407206	0.010004858	0.008036891
-3.642642643	0.012663595	0.006005945	0.012257812	0.004490569	0.010151103	0.008183281
-3.635635636	0.012878565	0.006128311	0.012515626	0.004575448	0.010299420	0.008332186
-3.628628629	0.013096924	0.006252999	0.012778329	0.004661870	0.010449836	0.008483647
-3.621621622	0.013318719	0.006380050	0.013046000	0.004749861	0.010602380	0.008637704
-3.614614615	0.013544000	0.006509505	0.013318721	0.004839448	0.010757081	0.008794399
-3.607607608	0.013772815	0.006641405	0.013596574	0.004930660	0.010913969	0.008953774
-3.600600601	0.014005215	0.006775793	0.013879641	0.005023524	0.011073072	0.009115871
-3.593593594	0.014241250	0.006912710	0.014168008	0.005118068	0.011234421	0.009280732
-3.586586587	0.014480972	0.007052201	0.014461759	0.005214322	0.011398047	0.009448402
-3.579579580	0.014724431	0.007194309	0.014760980	0.005312314	0.011563979	0.009618924
-3.572572573	0.014971680	0.007339078	0.015065759	0.005412076	0.011732250	0.009792344
-3.565565566	0.015222773	0.007486555	0.015376183	0.005513636	0.011902890	0.009968706
-3.558558559	0.015477762	0.007636784	0.015692343	0.005617026	0.012075931	0.010148057
-3.551551552	0.015736702	0.007789813	0.016014329	0.005722278	0.012251407	0.010330444
-3.544544545	0.015999647	0.007945688	0.016342231	0.005829422	0.012429349	0.010515913
-3.537537538	0.016266654	0.008104458	0.016676144	0.005938492	0.012609791	0.010704513
-3.530530531	0.016537777	0.008266170	0.017016160	0.006049520	0.012792766	0.010896293
-3.523523524	0.016813074	0.008430876	0.017362374	0.006162539	0.012978308	0.011091301
-3.516516517	0.017092602	0.008598624	0.017714882	0.006277584	0.013166453	0.011289587
-3.509509510	0.017376419	0.008769465	0.018073781	0.006394688	0.013357233	0.011491203
-3.502502503	0.017664583	0.008943451	0.018439169	0.006513888	0.013550686	0.011696200
-3.495495495	0.017957154	0.009120634	0.018811145	0.006635217	0.013746846	0.011904629
-3.488488488	0.018254192	0.009301067	0.019189810	0.006758713	0.013945750	0.012116543
-3.481481481	0.018555758	0.009484803	0.019575265	0.006884412	0.014147434	0.012331996
-3.474474474	0.018861911	0.009671898	0.019967612	0.007012351	0.014351935	0.012551043
-3.467467467	0.019172716	0.009862406	0.020366954	0.007142568	0.014559292	0.012773737
-3.460460460	0.019488233	0.010056383	0.020773398	0.007275101	0.014769541	0.013000134
-3.453453453	0.019808527	0.010253887	0.021187047	0.007409990	0.014982722	0.013230291
-3.446446446	0.020133661	0.010454974	0.021608010	0.007547274	0.015198873	0.013464265
-3.439439439	0.020463700	0.010659703	0.022036395	0.007686993	0.015418034	0.013702114
-3.432432432	0.020798710	0.010868133	0.022472310	0.007829188	0.015640244	0.013943896
-3.425425425	0.021138756	0.011080325	0.022915866	0.007973901	0.015865544	0.014189671
-3.418418418	0.021483905	0.011296338	0.023367174	0.008121173	0.016093975	0.014439499
-3.411411411	0.021834225	0.011516235	0.023826347	0.008271047	0.016325579	0.014693440
-3.404404404	0.022189784	0.011740078	0.024293499	0.008423567	0.016560397	0.014951557
-3.397397397	0.022550650	0.011967931	0.024768745	0.008578777	0.016798471	0.015213912
-3.390390390	0.022916894	0.012199857	0.025252199	0.008736722	0.017039844	0.015480569
-3.383383383	0.023288585	0.012435921	0.025743980	0.008897447	0.017284561	0.015751591
-3.376376376	0.023665795	0.012676190	0.026244206	0.009060998	0.017532665	0.016027043
-3.369369369	0.024048595	0.012920730	0.026752996	0.009227422	0.017784199	0.016306992
-3.362362362	0.024437057	0.013169608	0.027270470	0.009396767	0.018039211	0.016591504
-3.355355355	0.024831256	0.013422894	0.027796750	0.009569080	0.018297744	0.016880646
-3.348348348	0.025231265	0.013680657	0.028331958	0.009744412	0.018559846	0.017174487
-3.341341341	0.025637158	0.013942966	0.028876219	0.009922811	0.018825562	0.017473095
-3.334334334	0.026049011	0.014209894	0.029429657	0.010104329	0.019094940	0.017776542
-3.327327327	0.026466900	0.014481511	0.029992398	0.010289016	0.019368029	0.018084897
-3.320320320	0.026890902	0.014757893	0.030564569	0.010476924	0.019644875	0.018398233
-3.313313313	0.027321094	0.015039111	0.031146298	0.010668107	0.019925529	0.018716623
-3.306306306	0.027757556	0.015325242	0.031737715	0.010862618	0.020210040	0.019040139
-3.299299299	0.028200366	0.015616362	0.032338949	0.011060511	0.020498458	0.019368857
-3.292292292	0.028649603	0.015912546	0.032950133	0.011261842	0.020790833	0.019702851
-3.285285285	0.029105349	0.016213873	0.033571399	0.011466667	0.021087217	0.020042199
-3.278278278	0.029567685	0.016520422	0.034202879	0.011675042	0.021387662	0.020386976
-3.271271271	0.030036693	0.016832272	0.034844710	0.011887025	0.021692221	0.020737263
-3.264264264	0.030512456	0.017149505	0.035497025	0.012102676	0.022000946	0.021093137
-3.257257257	0.030995057	0.017472201	0.036159962	0.012322053	0.022313892	0.021454678
-3.250250250	0.031484581	0.017800444	0.036833659	0.012545216	0.022631113	0.021821968
-3.243243243	0.031981113	0.018134318	0.037518254	0.012772228	0.022952663	0.022195089
-3.236236236	0.032484739	0.018473906	0.038213887	0.013003149	0.023278600	0.022574123
-3.229229229	0.032995546	0.018819296	0.038920698	0.013238044	0.023608978	0.022959154
-3.222222222	0.033513621	0.019170573	0.039638830	0.013476976	0.023943855	0.023350268
-3.215215215	0.034039052	0.019527825	0.040368424	0.013720009	0.024283289	0.023747549
-3.208208208	0.034571928	0.019891142	0.041109624	0.013967210	0.024627338	0.024151086
-3.201201201	0.035112338	0.020260614	0.041862575	0.014218646	0.024976061	0.024560965
-3.194194194	0.035660374	0.020636330	0.042627421	0.014474383	0.025329518	0.024977276
-3.187187187	0.036216127	0.021018384	0.043404310	0.014734492	0.025687769	0.025400109
-3.180180180	0.036779688	0.021406869	0.044193389	0.014999041	0.026050875	0.025829554
-3.173173173	0.037351150	0.021801878	0.044994805	0.015268102	0.026418898	0.026265703
-3.166166166	0.037930607	0.022203506	0.045808708	0.015541745	0.026791901	0.026708649
-3.159159159	0.038518152	0.022611851	0.046635247	0.015820045	0.027169946	0.027158487
-3.152152152	0.039113881	0.023027009	0.047474572	0.016103073	0.027553098	0.027615311
-3.145145145	0.039717890	0.023449079	0.048326836	0.016390906	0.027941420	0.028079216
-3.138138138	0.040330274	0.023878160	0.049192190	0.016683619	0.028334979	0.028550302
-3.131131131	0.040951132	0.024314354	0.050070788	0.016981290	0.028733841	0.029028664
-3.124124124	0.041580561	0.024757761	0.050962782	0.017283995	0.029138072	0.029514404
-3.117117117	0.042218659	0.025208485	0.051868327	0.017591815	0.029547740	0.030007620
-3.110110110	0.042865527	0.025666630	0.052787579	0.017904829	0.029962914	0.030508415
-3.103103103	0.043521264	0.026132301	0.053720693	0.018223119	0.030383661	0.031016890
-3.096096096	0.044185971	0.026605604	0.054667825	0.018546767	0.030810053	0.031533150
-3.089089089	0.044859749	0.027086647	0.055629133	0.018875857	0.031242160	0.032057299
-3.082082082	0.045542701	0.027575538	0.056604774	0.019210474	0.031680053	0.032589442
-3.075075075	0.046234930	0.028072386	0.057594906	0.019550703	0.032123805	0.033129686
-3.068068068	0.046936540	0.028577302	0.058599687	0.019896632	0.032573488	0.033678140
-3.061061061	0.047647635	0.029090399	0.059619277	0.020248350	0.033029177	0.034234912
-3.054054054	0.048368319	0.029611789	0.060653836	0.020605944	0.033490945	0.034800113
-3.047047047	0.049098700	0.030141587	0.061703524	0.020969508	0.033958868	0.035373853
-3.040040040	0.049838882	0.030679907	0.062768500	0.021339131	0.034433023	0.035956245
-3.033033033	0.050588974	0.031226866	0.063848927	0.021714908	0.034913487	0.036547402
-3.026026026	0.051349082	0.031782583	0.064944964	0.022096933	0.035400336	0.037147438
-3.019019019	0.052119316	0.032347174	0.066056774	0.022485302	0.035893651	0.037756470
-3.012012012	0.052899785	0.032920762	0.067184519	0.022880112	0.036393511	0.038374614
-3.005005005	0.053690597	0.033503466	0.068328360	0.023281461	0.036899996	0.039001989
-2.997997998	0.054491864	0.034095408	0.069488460	0.023689449	0.037413187	0.039638712
-2.990990991	0.055303697	0.034696713	0.070664980	0.024104176	0.037933166	0.040284904
-2.983983984	0.056126206	0.035307504	0.071858084	0.024525746	0.038460017	0.040940687
-2.976976977	0.056959504	0.035927908	0.073067933	0.024954261	0.038993823	0.041606182
-2.969969970	0.057803704	0.036558050	0.074294691	0.025389827	0.039534668	0.042281513
-2.962962963	0.058658919	0.037198060	0.075538520	0.025832550	0.040082640	0.042966806
-2.955955956	0.059525263	0.037848066	0.076799582	0.026282538	0.040637823	0.043662184
-2.948948949	0.060402850	0.038508198	0.078078039	0.026739899	0.041200306	0.044367777
-2.941941942	0.061291795	0.039178588	0.079374055	0.027204746	0.041770177	0.045083710
-2.934934935	0.062192214	0.039859368	0.080687790	0.027677188	0.042347524	0.045810114
-2.927927928	0.063104223	0.040550672	0.082019406	0.028157341	0.042932439	0.046547118
-2.920920921	0.064027938	0.041252634	0.083369065	0.028645318	0.043525011	0.047294855
-2.913913914	0.064963475	0.041965391	0.084736928	0.029141237	0.044125334	0.048053455
-2.906906907	0.065910953	0.042689080	0.086123156	0.029645214	0.044733499	0.048823053
-2.899899900	0.066870490	0.043423838	0.087527908	0.030157370	0.045349601	0.049603784
-2.892892893	0.067842203	0.044169806	0.088951344	0.030677824	0.045973735	0.050395783
-2.885885886	0.068826211	0.044927123	0.090393623	0.031206700	0.046605995	0.051199187
-2.878878879	0.069822634	0.045695930	0.091854903	0.031744121	0.047246479	0.052014133
-2.871871872	0.070831590	0.046476371	0.093335342	0.032290212	0.047895285	0.052840761
-2.864864865	0.071853200	0.047268589	0.094835097	0.032845100	0.048552510	0.053679211
-2.857857858	0.072887584	0.048072728	0.096354323	0.033408914	0.049218255	0.054529624
-2.850850851	0.073934862	0.048888935	0.097893176	0.033981784	0.049892619	0.055392142
-2.843843844	0.074995155	0.049717356	0.099451811	0.034563841	0.050575705	0.056266908
-2.836836837	0.076068585	0.050558140	0.101030379	0.035155218	0.051267614	0.057154066
-2.829829830	0.077155271	0.051411434	0.102629032	0.035756051	0.051968450	0.058053762
-2.822822823	0.078255337	0.052277389	0.104247923	0.036366475	0.052678317	0.058966142
-2.815815816	0.079368904	0.053156156	0.105887199	0.036986628	0.053397321	0.059891354
-2.808808809	0.080496093	0.054047887	0.107547010	0.037616651	0.054125568	0.060829545
-2.801801802	0.081637027	0.054952735	0.109227501	0.038256685	0.054863166	0.061780865
-2.794794795	0.082791828	0.055870854	0.110928818	0.038906871	0.055610222	0.062745464
-2.787787788	0.083960619	0.056802398	0.112651106	0.039567356	0.056366846	0.063723493
-2.780780781	0.085143521	0.057747524	0.114394504	0.040238285	0.057133149	0.064715106
-2.773773774	0.086340657	0.058706388	0.116159155	0.040919806	0.057909241	0.065720454
-2.766766767	0.087552150	0.059679148	0.117945196	0.041612068	0.058695235	0.066739691
-2.759759760	0.088778123	0.060665962	0.119752764	0.042315224	0.059491245	0.067772974
-2.752752753	0.090018697	0.061666990	0.121581994	0.043029426	0.060297384	0.068820457
-2.745745746	0.091273995	0.062682393	0.123433017	0.043754829	0.061113769	0.069882297
-2.738738739	0.092544140	0.063712330	0.125305964	0.044491590	0.061940515	0.070958652
-2.731731732	0.093829253	0.064756965	0.127200963	0.045239866	0.062777739	0.072049680
-2.724724725	0.095129457	0.065816461	0.129118139	0.045999818	0.063625562	0.073155540
-2.717717718	0.096444873	0.066890980	0.131057617	0.046771606	0.064484100	0.074276393
-2.710710711	0.097775623	0.067980687	0.133019515	0.047555396	0.065353476	0.075412399
-2.703703704	0.099121828	0.069085747	0.135003953	0.048351351	0.066233811	0.076563719
-2.696696697	0.100483609	0.070206325	0.137011044	0.049159640	0.067125227	0.077730516
-2.689689690	0.101861088	0.071342589	0.139040902	0.049980430	0.068027848	0.078912953
-2.682682683	0.103254383	0.072494706	0.141093635	0.050813892	0.068941797	0.080111193
-2.675675676	0.104663615	0.073662842	0.143169350	0.051660198	0.069867202	0.081325401
-2.668668669	0.106088903	0.074847167	0.145268150	0.052519523	0.070804188	0.082555740
-2.661661662	0.107530367	0.076047849	0.147390133	0.053392042	0.071752883	0.083802378
-2.654654655	0.108988124	0.077265058	0.149535397	0.054277934	0.072713415	0.085065479
-2.647647648	0.110462292	0.078498964	0.151704033	0.055177376	0.073685915	0.086345210
-2.640640641	0.111952988	0.079749737	0.153896131	0.056090552	0.074670512	0.087641738
-2.633633634	0.113460330	0.081017548	0.156111776	0.057017643	0.075667339	0.088955231
-2.626626627	0.114984431	0.082302568	0.158351048	0.057958834	0.076676528	0.090285857
-2.619619620	0.116525408	0.083604970	0.160614026	0.058914313	0.077698212	0.091633783
-2.612612613	0.118083374	0.084924924	0.162900782	0.059884267	0.078732527	0.092999178
-2.605605606	0.119658443	0.086262604	0.165211384	0.060868886	0.079779607	0.094382212
-2.598598599	0.121250727	0.087618181	0.167545897	0.061868364	0.080839591	0.095783054
-2.591591592	0.122860337	0.088991830	0.169904381	0.062882893	0.081912614	0.097201873
-2.584584585	0.124487383	0.090383722	0.172286890	0.063912669	0.082998816	0.098638838
-2.577577578	0.126131975	0.091794031	0.174693475	0.064957889	0.084098336	0.100094120
-2.570570571	0.127794221	0.093222930	0.177124181	0.066018753	0.085211315	0.101567888
-2.563563564	0.129474227	0.094670592	0.179579048	0.067095461	0.086337894	0.103060312
-2.556556557	0.131172100	0.096137191	0.182058110	0.068188216	0.087478216	0.104571563
-2.549549550	0.132887943	0.097622900	0.184561398	0.069297222	0.088632423	0.106101810
-2.542542543	0.134621860	0.099127891	0.187088934	0.070422686	0.089800661	0.107651223
-2.535535536	0.136373951	0.100652339	0.189640737	0.071564816	0.090983074	0.109219972
-2.528528529	0.138144318	0.102196415	0.192216820	0.072723820	0.092179808	0.110808226
-2.521521522	0.139933058	0.103760293	0.194817188	0.073899910	0.093391011	0.112416155
-2.514514515	0.141740269	0.105344144	0.197441842	0.075093300	0.094616830	0.114043927
-2.507507508	0.143566045	0.106948140	0.200090775	0.076304204	0.095857414	0.115691712
-2.500500501	0.145410480	0.108572454	0.202763975	0.077532839	0.097112912	0.117359676
-2.493493493	0.147273666	0.110217255	0.205461422	0.078779421	0.098383476	0.119047989
-2.486486486	0.149155692	0.111882714	0.208183091	0.080044172	0.099669257	0.120756818
-2.479479479	0.151056646	0.113569002	0.210928949	0.081327312	0.100970406	0.122486327
-2.472472472	0.152976614	0.115276287	0.213698954	0.082629065	0.102287076	0.124236685
-2.465465465	0.154915679	0.117004737	0.216493061	0.083949654	0.103619422	0.126008055
-2.458458458	0.156873923	0.118754521	0.219311213	0.085289305	0.104967598	0.127800602
-2.451451451	0.158851425	0.120525805	0.222153349	0.086648248	0.106331758	0.129614489
-2.444444444	0.160848263	0.122318755	0.225019397	0.088026709	0.107712060	0.131449880
-2.437437437	0.162864509	0.124133536	0.227909280	0.089424921	0.109108659	0.133306934
-2.430430430	0.164900237	0.125970311	0.230822912	0.090843114	0.110521714	0.135185813
-2.423423423	0.166955516	0.127829244	0.233760197	0.092281523	0.111951382	0.137086675
-2.416416416	0.169030412	0.129710495	0.236721033	0.093740382	0.113397822	0.139009678
-2.409409409	0.171124990	0.131614224	0.239705307	0.095219927	0.114861194	0.140954980
-2.402402402	0.173239311	0.133540591	0.242712898	0.096720396	0.116341657	0.142922733
-2.395395395	0.175373433	0.135489752	0.245743677	0.098242028	0.117839372	0.144913093
-2.388388388	0.177527411	0.137461863	0.248797506	0.099785063	0.119354500	0.146926211
-2.381381381	0.179701299	0.139457077	0.251874234	0.101349742	0.120887203	0.148962236
-2.374374374	0.181895145	0.141475547	0.254973705	0.102936307	0.122437643	0.151021318
-2.367367367	0.184108994	0.143517423	0.258095751	0.104545002	0.124005983	0.153103602
-2.360360360	0.186342890	0.145582854	0.261240194	0.106176072	0.125592385	0.155209232
-2.353353353	0.188596871	0.147671986	0.264406846	0.107829763	0.127197014	0.157338352
-2.346346346	0.190870973	0.149784963	0.267595510	0.109506320	0.128820033	0.159491100
-2.339339339	0.193165229	0.151921927	0.270805976	0.111205993	0.130461606	0.161667615
-2.332332332	0.195479665	0.154083018	0.274038026	0.112929028	0.132121899	0.163868031
-2.325325325	0.197814307	0.156268373	0.277291429	0.114675676	0.133801075	0.166092482
-2.318318318	0.200169175	0.158478127	0.280565945	0.116446186	0.135499300	0.168341096
-2.311311311	0.202544286	0.160712411	0.283861320	0.118240810	0.137216740	0.170614003
-2.304304304	0.204939651	0.162971355	0.287177291	0.120059799	0.138953559	0.172911325
-2.297297297	0.207355280	0.165255086	0.290513584	0.121903405	0.140709924	0.175233183
-2.290290290	0.209791175	0.167563727	0.293869910	0.123771879	0.142485999	0.177579697
-2.283283283	0.212247336	0.169897399	0.297245971	0.125665476	0.144281951	0.179950981
-2.276276276	0.214723758	0.172256217	0.300641455	0.127584449	0.146097945	0.182347147
-2.269269269	0.217220431	0.174640297	0.304056040	0.129529050	0.147934147	0.184768301
-2.262262262	0.219737341	0.177049748	0.307489389	0.131499535	0.149790723	0.187214550
-2.255255255	0.222274468	0.179484677	0.310941154	0.133496156	0.151667837	0.189685992
-2.248248248	0.224831787	0.181945187	0.314410973	0.135519168	0.153565655	0.192182725
-2.241241241	0.227409269	0.184431378	0.317898472	0.137568824	0.155484342	0.194704841
-2.234234234	0.230006879	0.186943344	0.321403264	0.139645379	0.157424063	0.197252428
-2.227227227	0.232624578	0.189481176	0.324924948	0.141749085	0.159384981	0.199825570
-2.220220220	0.235262320	0.192044961	0.328463109	0.143880197	0.161367261	0.202424347
-2.213213213	0.237920053	0.194634781	0.332017320	0.146038966	0.163371065	0.205048833
-2.206206206	0.240597721	0.197250715	0.335587140	0.148225646	0.165396556	0.207699098
-2.199199199	0.243295262	0.199892834	0.339172112	0.150440487	0.167443898	0.210375206
-2.192192192	0.246012608	0.202561208	0.342771767	0.152683740	0.169513250	0.213077218
-2.185185185	0.248749684	0.205255899	0.346385621	0.154955655	0.171604774	0.215805188
-2.178178178	0.251506409	0.207976965	0.350013177	0.157256481	0.173718630	0.218559164
-2.171171171	0.254282697	0.210724460	0.353653921	0.159586466	0.175854976	0.221339190
-2.164164164	0.257078454	0.213498430	0.357307326	0.161945856	0.178013971	0.224145304
-2.157157157	0.259893582	0.216298917	0.360972851	0.164334897	0.180195771	0.226977536
-2.150150150	0.262727974	0.219125957	0.364649939	0.166753832	0.182400533	0.229835912
-2.143143143	0.265581517	0.221979580	0.368338019	0.169202903	0.184628412	0.232720451
-2.136136136	0.268454091	0.224859809	0.372036502	0.171682350	0.186879559	0.235631166
-2.129129129	0.271345569	0.227766662	0.375744789	0.174192411	0.189154129	0.238568061
-2.122122122	0.274255818	0.230700150	0.379462262	0.176733324	0.191452270	0.241531136
-2.115115115	0.277184696	0.233660276	0.383188288	0.179305320	0.193774133	0.244520382
-2.108108108	0.280132055	0.236647039	0.386922221	0.181908633	0.196119865	0.247535784
-2.101101101	0.283097739	0.239660429	0.390663397	0.184543491	0.198489611	0.250577318
-2.094094094	0.286081585	0.242700428	0.394411138	0.187210119	0.200883515	0.253644954
-2.087087087	0.289083420	0.245767013	0.398164749	0.189908742	0.203301719	0.256738653
-2.080080080	0.292103067	0.248860153	0.401923522	0.192639579	0.205744364	0.259858368
-2.073073073	0.295140337	0.251979807	0.405686732	0.195402847	0.208211586	0.263004043
-2.066066066	0.298195035	0.255125927	0.409453638	0.198198760	0.210703522	0.266175616
-2.059059059	0.301266959	0.258298460	0.413223484	0.201027526	0.213220304	0.269373014
-2.052052052	0.304355897	0.261497339	0.416995497	0.203889352	0.215762064	0.272596156
-2.045045045	0.307461627	0.264722493	0.420768892	0.206784440	0.218328930	0.275844951
-2.038038038	0.310583922	0.267973841	0.424542866	0.209712986	0.220921026	0.279119299
-2.031031031	0.313722543	0.271251291	0.428316599	0.212675183	0.223538477	0.282419091
-2.024024024	0.316877245	0.274554746	0.432089260	0.215671221	0.226181401	0.285744209
-2.017017017	0.320047772	0.277884095	0.435859998	0.218701281	0.228849916	0.289094522
-2.010010010	0.323233859	0.281239221	0.439627950	0.221765541	0.231544134	0.292469891
-2.003003003	0.326435234	0.284619995	0.443392236	0.224864175	0.234264166	0.295870167
-1.995995996	0.329651613	0.288026279	0.447151963	0.227997348	0.237010119	0.299295188
-1.988988989	0.332882703	0.291457924	0.450906221	0.231165222	0.239782096	0.302744783
-1.981981982	0.336128204	0.294914772	0.454654087	0.234367951	0.242580196	0.306218770
-1.974974975	0.339387804	0.298396654	0.458394621	0.237605683	0.245404515	0.309716954
-1.967967968	0.342661181	0.301903388	0.462126871	0.240878559	0.248255143	0.313239129
-1.960960961	0.345948005	0.305434783	0.465849870	0.244186715	0.251132170	0.316785077
-1.953953954	0.349247934	0.308990637	0.469562636	0.247530276	0.254035676	0.320354570
-1.946946947	0.352560617	0.312570735	0.473264175	0.250909363	0.256965742	0.323947364
-1.939939940	0.355885694	0.316174851	0.476953479	0.254324086	0.259922439	0.327563205
-1.932932933	0.359222792	0.319802746	0.480629525	0.257774550	0.262905838	0.331201826
-1.925925926	0.362571530	0.323454172	0.484291278	0.261260848	0.265916003	0.334862945
-1.918918919	0.365931515	0.327128864	0.487937692	0.264783067	0.268952991	0.338546269
-1.911911912	0.369302345	0.330826547	0.491567705	0.268341284	0.272016857	0.342251491
-1.904904905	0.372683606	0.334546934	0.495180247	0.271935565	0.275107648	0.345978289
-1.897897898	0.376074874	0.338289722	0.498774233	0.275565969	0.278225406	0.349726327
-1.890890891	0.379475713	0.342054597	0.502348569	0.279232542	0.281370167	0.353495257
-1.883883884	0.382885679	0.345841231	0.505902148	0.282935322	0.284541962	0.357284714
-1.876876877	0.386304313	0.349649282	0.509433853	0.286674334	0.287740815	0.361094320
-1.869869870	0.389731149	0.353478393	0.512942559	0.290449593	0.290966742	0.364923681
-1.862862863	0.393165706	0.357328195	0.516427128	0.294261101	0.294219754	0.368772388
-1.855855856	0.396607496	0.361198303	0.519886415	0.298108851	0.297499855	0.372640017
-1.848848849	0.400056017	0.365088317	0.523319266	0.301992820	0.300807042	0.376526128
-1.841841842	0.403510755	0.368997823	0.526724517	0.305912974	0.304141303	0.380430264
-1.834834835	0.406971187	0.372926392	0.530101000	0.309869265	0.307502621	0.384351955
-1.827827828	0.410436779	0.376873579	0.533447536	0.313861634	0.310890969	0.388290711
-1.820820821	0.413906982	0.380838924	0.536762942	0.317890004	0.314306314	0.392246029
-1.813813814	0.417381240	0.384821951	0.540046027	0.321954287	0.317748612	0.396217386
-1.806806807	0.420858981	0.388822169	0.543295597	0.326054378	0.321217814	0.400204244
-1.799799800	0.424339626	0.392839070	0.546510452	0.330190157	0.324713859	0.404206047
-1.792792793	0.427822582	0.396872130	0.549689387	0.334361489	0.328236679	0.408222223
-1.785785786	0.431307245	0.400920807	0.552831195	0.338568224	0.331786197	0.412252181
-1.778778779	0.434792998	0.404984545	0.555934666	0.342810191	0.335362325	0.416295312
-1.771771772	0.438279216	0.409062769	0.558998588	0.347087207	0.338964967	0.420350990
-1.764764765	0.441765258	0.413154888	0.562021746	0.351399068	0.342594016	0.424418571
-1.757757758	0.445250476	0.417260293	0.565002928	0.355745554	0.346249355	0.428497392
-1.750750751	0.448734207	0.421378360	0.567940918	0.360126425	0.349930857	0.432586773
-1.743743744	0.452215779	0.425508443	0.570834505	0.364541422	0.353638383	0.436686012
-1.736736737	0.455694507	0.429649883	0.573682477	0.368990269	0.357371784	0.440794393
-1.729729730	0.459169695	0.433802000	0.576483625	0.373472666	0.361130899	0.444911177
-1.722722723	0.462640636	0.437964097	0.579236745	0.377988297	0.364915558	0.449035608
-1.715715716	0.466106612	0.442135459	0.581940636	0.382536821	0.368725575	0.453166911
-1.708708709	0.469566893	0.446315352	0.584594101	0.387117878	0.372560754	0.457304291
-1.701701702	0.473020738	0.450503026	0.587195952	0.391731084	0.376420888	0.461446933
-1.694694695	0.476467396	0.454697710	0.589745005	0.396376035	0.380305754	0.465594004
-1.687687688	0.479906105	0.458898614	0.592240084	0.401052302	0.384215119	0.469744651
-1.680680681	0.483336090	0.463104933	0.594680025	0.405759434	0.388148734	0.473898001
-1.673673674	0.486756568	0.467315839	0.597063668	0.410496954	0.392106339	0.478053161
-1.666666667	0.490166744	0.471530488	0.599389870	0.415264362	0.396087658	0.482209219
-1.659659660	0.493565813	0.475748016	0.601657493	0.420061132	0.400092402	0.486365244
-1.652652653	0.496952959	0.479967541	0.603865416	0.424886712	0.404120266	0.490520282
-1.645645646	0.500327357	0.484188160	0.606012530	0.429740526	0.408170933	0.494673364
-1.638638639	0.503688170	0.488408954	0.608097739	0.434621969	0.412244067	0.498823497
-1.631631632	0.507034554	0.492628983	0.610119964	0.439530409	0.416339320	0.502969671
-1.624624625	0.510365652	0.496847288	0.612078142	0.444465187	0.420456325	0.507110855
-1.617617618	0.513680602	0.501062892	0.613971225	0.449425616	0.424594702	0.511245998
-1.610610611	0.516978528	0.505274800	0.615798186	0.454410979	0.428754052	0.515374030
-1.603603604	0.520258547	0.509481995	0.617558015	0.459420530	0.432933960	0.519493861
-1.596596597	0.523519769	0.513683445	0.619249723	0.464453495	0.437133995	0.523604384
-1.589589590	0.526761291	0.517878096	0.620872343	0.469509066	0.441353707	0.527704469
-1.582582583	0.529982207	0.522064878	0.622424928	0.474586408	0.445592630	0.531792970
-1.575575576	0.533181598	0.526242702	0.623906554	0.479684651	0.449850277	0.535868720
-1.568568569	0.536358540	0.530410458	0.625316322	0.484802897	0.454126145	0.539930535
-1.561561562	0.539512102	0.534567022	0.626653358	0.489940212	0.458419713	0.543977210
-1.554554555	0.542641342	0.538711248	0.627916812	0.495095633	0.462730437	0.548007525
-1.547547548	0.545745316	0.542841976	0.629105862	0.500268159	0.467057759	0.552020239
-1.540540541	0.548823069	0.546958026	0.630219712	0.505456759	0.471401096	0.556014094
-1.533533534	0.551873643	0.551058200	0.631257597	0.510660366	0.475759848	0.559987815
-1.526526527	0.554896072	0.555141285	0.632218777	0.515877881	0.480133395	0.563940111
-1.519519520	0.557889385	0.559206049	0.633102547	0.521108165	0.484521094	0.567869671
-1.512512513	0.560852605	0.563251245	0.633908229	0.526350050	0.488922283	0.571775170
-1.505505506	0.563784752	0.567275608	0.634635178	0.531602326	0.493336278	0.575655266
-1.498498498	0.566684839	0.571277860	0.635282782	0.536863751	0.497762374	0.579508602
-1.491491491	0.569551877	0.575256704	0.635850461	0.542133044	0.502199842	0.583333805
-1.484484484	0.572384872	0.579210830	0.636337669	0.547408890	0.506647933	0.587129487
-1.477477477	0.575182827	0.583138912	0.636743896	0.552689934	0.511105875	0.590894247
-1.470470470	0.577944741	0.587039609	0.637068666	0.557974785	0.515572873	0.594626669
-1.463463463	0.580669613	0.590911568	0.637311540	0.563262014	0.520048108	0.598325324
-1.456456456	0.583356439	0.594753421	0.637472113	0.568550154	0.524530739	0.601988771
-1.449449449	0.586004211	0.598563786	0.637550021	0.573837701	0.529019900	0.605615557
-1.442442442	0.588611924	0.602341272	0.637544934	0.579123110	0.533514703	0.609204215
-1.435435435	0.591178569	0.606084472	0.637456562	0.584404801	0.538014234	0.612753271
-1.428428428	0.593703138	0.609791969	0.637284654	0.589681152	0.542517555	0.616261240
-1.421421421	0.596184625	0.613462336	0.637028996	0.594950506	0.547023704	0.619726624
-1.414414414	0.598622021	0.617094134	0.636689416	0.600211164	0.551531694	0.623147921
-1.407407407	0.601014323	0.620685916	0.636265781	0.605461391	0.556040512	0.626523620
-1.400400400	0.603360527	0.624236225	0.635757996	0.610699411	0.560549121	0.629852200
-1.393393393	0.605659631	0.627743596	0.635166009	0.615923412	0.565056458	0.633132137
-1.386386386	0.607910639	0.631206555	0.634489808	0.621131541	0.569561433	0.636361900
-1.379379379	0.610112554	0.634623624	0.633729422	0.626321909	0.574062933	0.639539954
-1.372372372	0.612264387	0.637993315	0.632884919	0.631492587	0.578559816	0.642664760
-1.365365365	0.614365153	0.641314138	0.631956411	0.636641609	0.583050915	0.645734777
-1.358358358	0.616413870	0.644584596	0.630944050	0.641766972	0.587535038	0.648748460
-1.351351351	0.618409564	0.647803189	0.629848028	0.646866635	0.592010965	0.651704266
-1.344344344	0.620351265	0.650968413	0.628668579	0.651938520	0.596477450	0.654600651
-1.337337337	0.622238013	0.654078764	0.627405978	0.656980515	0.600933221	0.657436072
-1.330330330	0.624068854	0.657132735	0.626060541	0.661990468	0.605376979	0.660208987
-1.323323323	0.625842840	0.660128817	0.624632625	0.666966195	0.609807398	0.662917860
-1.316316316	0.627559036	0.663065505	0.623122626	0.671905477	0.614223125	0.665561158
-1.309309309	0.629216512	0.665941293	0.621530983	0.676806059	0.618622782	0.668137353
-1.302302302	0.630814351	0.668754678	0.619858172	0.681665657	0.623004964	0.670644924
-1.295295295	0.632351644	0.671504159	0.618104710	0.686481949	0.627368238	0.673082359
-1.288288288	0.633827495	0.674188240	0.616271153	0.691252587	0.631711146	0.675448153
-1.281281281	0.635241019	0.676805432	0.614358095	0.695975188	0.636032202	0.677740813
-1.274274274	0.636591342	0.679354250	0.612366170	0.700647342	0.640329897	0.679958856
-1.267267267	0.637877605	0.681833215	0.610296047	0.705266610	0.644602691	0.682100813
-1.260260260	0.639098960	0.684240859	0.608148435	0.709830525	0.648849023	0.684165228
-1.253253253	0.640254576	0.686575723	0.605924077	0.714336594	0.653067304	0.686150659
-1.246246246	0.641343633	0.688836355	0.603623752	0.718782300	0.657255918	0.688055683
-1.239239239	0.642365329	0.691021319	0.601248277	0.723165102	0.661413226	0.689878892
-1.232232232	0.643318877	0.693129187	0.598798498	0.727482436	0.665537565	0.691618899
-1.225225225	0.644203504	0.695158546	0.596275300	0.731731719	0.669627244	0.693274335
-1.218218218	0.645018457	0.697107999	0.593679597	0.735910347	0.673680550	0.694843855
-1.211211211	0.645762999	0.698976163	0.591012337	0.740015702	0.677695745	0.696326135
-1.204204204	0.646436411	0.700761671	0.588274496	0.744045146	0.681671070	0.697719875
-1.197197197	0.647037992	0.702463173	0.585467083	0.747996029	0.685604740	0.699023801
-1.190190190	0.647567059	0.704079342	0.582591136	0.751865691	0.689494949	0.700236665
-1.183183183	0.648022951	0.705608864	0.579647717	0.755651460	0.693339868	0.701357248
-1.176176176	0.648405025	0.707050451	0.576637920	0.759350654	0.697137648	0.702384359
-1.169169169	0.648712659	0.708402835	0.573562862	0.762960589	0.700886417	0.703316838
-1.162162162	0.648945250	0.709664770	0.570423685	0.766478574	0.704584286	0.704153556
-1.155155155	0.649102219	0.710835034	0.567221555	0.769901918	0.708229343	0.704893418
-1.148148148	0.649183007	0.711912430	0.563957660	0.773227930	0.711819659	0.705535361
-1.141141141	0.649187077	0.712895787	0.560633212	0.776453922	0.715353286	0.706078360
-1.134134134	0.649113915	0.713783960	0.557249439	0.779577211	0.718828260	0.706521423
-1.127127127	0.648963029	0.714575832	0.553807590	0.782595123	0.722242597	0.706863600
-1.120120120	0.648733950	0.715270313	0.550308934	0.785504992	0.725594301	0.707103975
-1.113113113	0.648426233	0.715866344	0.546754752	0.788304167	0.728881360	0.707241675
-1.106106106	0.648039457	0.716362895	0.543146344	0.790990012	0.732101746	0.707275866
-1.099099099	0.647573223	0.716758968	0.539485021	0.793559908	0.735253420	0.707205756
-1.092092092	0.647027157	0.717053595	0.535772111	0.796011260	0.738334331	0.707030598
-1.085085085	0.646400911	0.717245842	0.532008949	0.798341492	0.741342414	0.706749684
-1.078078078	0.645694159	0.717334807	0.528196882	0.800548058	0.744275599	0.706362355
-1.071071071	0.644906601	0.717319622	0.524337267	0.802628439	0.747131801	0.705867996
-1.064064064	0.644037960	0.717199455	0.520431467	0.804580150	0.749908932	0.705266036
-1.057057057	0.643087986	0.716973505	0.516480853	0.806400740	0.752604894	0.704555954
-1.050050050	0.642056452	0.716641010	0.512486798	0.808087795	0.755217585	0.703737275
-1.043043043	0.640943156	0.716201244	0.508450682	0.809638941	0.757744898	0.702809571
-1.036036036	0.639747922	0.715653514	0.504373887	0.811051850	0.760184722	0.701772465
-1.029029029	0.638470596	0.714997167	0.500257794	0.812324239	0.762534945	0.700625628
-1.022022022	0.637111052	0.714231585	0.496103787	0.813453873	0.764793452	0.699368780
-1.015015015	0.635669185	0.713356188	0.491913246	0.814438569	0.766958131	0.698001692
-1.008008008	0.634144916	0.712370434	0.487687551	0.815276202	0.769026870	0.696524183
-1.001001001	0.632538190	0.711273817	0.483428076	0.815964700	0.770997559	0.694936125
-0.993993994	0.630848974	0.710065870	0.479136191	0.816502054	0.772868093	0.693237440
-0.986986987	0.629077259	0.708746162	0.474813260	0.816886316	0.774636374	0.691428097
-0.979979980	0.627223059	0.707314300	0.470460640	0.817115605	0.776300306	0.689508120
-0.972972973	0.625286410	0.705769928	0.466079678	0.817188106	0.777857805	0.687477581
-0.965965966	0.623267371	0.704112729	0.461671714	0.817102076	0.779306792	0.685336600
-0.958958959	0.621166021	0.702342419	0.457238074	0.816855842	0.780645203	0.683085351
-0.951951952	0.618982460	0.700458752	0.452780074	0.816447809	0.781870979	0.680724052
-0.944944945	0.616716808	0.698461520	0.448299017	0.815876455	0.782982078	0.678252974
-0.937937938	0.614369205	0.696350545	0.443796191	0.815140338	0.783976469	0.675672432
-0.930930931	0.611939808	0.694125687	0.439272871	0.814238098	0.784852136	0.672982792
-0.923923924	0.609428793	0.691786839	0.434730314	0.813168453	0.785607078	0.670184462
-0.916916917	0.606836352	0.689333927	0.430169761	0.811930208	0.786239308	0.667277899
-0.909909910	0.604162695	0.686766906	0.425592433	0.810522250	0.786746858	0.664263601
-0.902902903	0.601408043	0.684085765	0.420999535	0.808943553	0.787127777	0.661142111
-0.895895896	0.598572632	0.681290520	0.416392251	0.807193174	0.787380129	0.657914012
-0.888888889	0.595656713	0.678381218	0.411771743	0.805270261	0.787501999	0.654579926
-0.881881882	0.592660544	0.675357929	0.407139153	0.803174045	0.787491488	0.651140517
-0.874874875	0.589584396	0.672220750	0.402495601	0.800903845	0.787346716	0.647596480
-0.867867868	0.586428545	0.668969802	0.397842182	0.798459068	0.787065821	0.643948550
-0.860860861	0.583193277	0.665605226	0.393179968	0.795839204	0.786646957	0.640197490
-0.853853854	0.579878882	0.662127185	0.388510006	0.793043829	0.786088295	0.636344095
-0.846846847	0.576485652	0.658535857	0.383833319	0.790072602	0.785388023	0.632389188
-0.839839840	0.573013881	0.654831437	0.379150902	0.786925262	0.784544340	0.628333617
-0.832832833	0.569463864	0.651014133	0.374463724	0.783601628	0.783555461	0.624178250
-0.825825826	0.565835892	0.647084163	0.369772728	0.780101595	0.782419608	0.619923978
-0.818818819	0.562130250	0.643041753	0.365078825	0.776425130	0.781135012	0.615571706
-0.811811812	0.558347218	0.638887134	0.360382902	0.772572269	0.779699907	0.611122352
-0.804804805	0.554487064	0.634620539	0.355685815	0.768543112	0.778112530	0.606576843
-0.797797798	0.550550047	0.630242199	0.350988389	0.764337820	0.776371112	0.601936111
-0.790790791	0.546536407	0.625752342	0.346291420	0.759956605	0.774473875	0.597201091
-0.783783784	0.542446367	0.621151186	0.341595674	0.755399726	0.772419025	0.592372713
-0.776776777	0.538280129	0.616438936	0.336901885	0.750667482	0.770204747	0.587451900
-0.769769770	0.534037870	0.611615783	0.332210755	0.745760203	0.767829195	0.582439561
-0.762762763	0.529719736	0.606681895	0.327522954	0.740678238	0.765290481	0.577336588
-0.755755756	0.525325844	0.601637414	0.322839120	0.735421950	0.762586669	0.572143850
-0.748748749	0.520856272	0.596482454	0.318159858	0.729991697	0.759715757	0.566862182
-0.741741742	0.516311056	0.591217090	0.313485738	0.724387826	0.756675664	0.561492387
-0.734734735	0.511690186	0.585841356	0.308817300	0.718610652	0.753464216	0.556035222
-0.727727728	0.506993603	0.580355241	0.304155045	0.712660445	0.750079121	0.550491393
-0.720720721	0.502221186	0.574758674	0.299499444	0.706537412	0.746517954	0.544861546
-0.713713714	0.497372756	0.569051528	0.294850930	0.700241672	0.742778124	0.539146260
-0.706706707	0.492448059	0.563233603	0.290209902	0.693773237	0.738856846	0.533346035
-0.699699700	0.487446767	0.557304623	0.285576722	0.687131983	0.734751110	0.527461283
-0.692692693	0.482368466	0.551264227	0.280951719	0.680317621	0.730457632	0.521492315
-0.685685686	0.477212648	0.545111956	0.276335183	0.673329664	0.725972813	0.515439331
-0.678678679	0.471978703	0.538847246	0.271727367	0.666167387	0.721292682	0.509302403
-0.671671672	0.466665907	0.532469416	0.267128487	0.658829785	0.716412826	0.503081465
-0.664664665	0.461273411	0.525977654	0.262538724	0.651315521	0.711328312	0.496776290
-0.657657658	0.455800229	0.519371006	0.257958216	0.643622870	0.706033597	0.490386476
-0.650650651	0.450245226	0.512648358	0.253387066	0.635749652	0.700522413	0.483911423
-0.643643644	0.444607097	0.505808422	0.248825338	0.627693157	0.694787629	0.477350311
-0.636636637	0.438884358	0.498849719	0.244273052	0.619450047	0.688821095	0.470702075
-0.629629630	0.433075319	0.491770554	0.239730193	0.611016262	0.682613430	0.463965375
-0.622622623	0.427178069	0.484569001	0.235196700	0.602386883	0.676153784	0.457138560
-0.615615616	0.421190446	0.477242870	0.230672475	0.593555990	0.669429525	0.450219637
-0.608608609	0.415110015	0.469789685	0.226157373	0.584516481	0.662425855	0.443206221
-0.601601602	0.408934034	0.462206650	0.221651208	0.575259854	0.655125316	0.436095490
-0.594594595	0.402659419	0.454490615	0.217153748	0.565775947	0.647507163	0.428884126
-0.587587588	0.396282703	0.446638031	0.212664717	0.556052610	0.639546538	0.421568251
-0.580580581	0.389799993	0.438644911	0.208183792	0.546075301	0.631213388	0.414143343
-0.573573574	0.383206910	0.430506768	0.203710599	0.535826583	0.622470999	0.406604152
-0.566566567	0.376498531	0.422218563	0.199244718	0.525285477	0.613274001	0.398944589
-0.559559560	0.369669314	0.413774623	0.194785675	0.514426630	0.603565560	0.391157593
-0.552552553	0.362713012	0.405168570	0.190332944	0.503219233	0.593273356	0.383234979
-0.545545546	0.355622572	0.396393211	0.185885944	0.491625577	0.582303630	0.375167253
-0.538538539	0.348390008	0.387440432	0.181444034	0.479599098	0.570532083	0.366943371
-0.531531532	0.341006263	0.378301054	0.177006515	0.467081684	0.557789348	0.358550467
-0.524524525	0.333461023	0.368964671	0.172572623	0.453999851	0.543836627	0.349973487
-0.517517518	0.325742508	0.359419447	0.168141527	0.440259189	0.528322136	0.341194747
-0.510510511	0.317837198	0.349651872	0.163712326	0.425736009	0.510696576	0.332193360
-0.503503504	0.309729506	0.339646460	0.159284043	0.410264280	0.490029769	0.322944492
-0.496496496	0.301401355	0.329385373	0.154855621	0.393614231	0.464543543	0.313418384
-0.489489489	0.292831645	0.318847942	0.150425917	0.375455133	0.430069287	0.303579047
-0.482482482	0.283995558	0.308010060	0.145993694	0.355285478	0.371347428	0.293382471
-0.475475475	0.274863648	0.296843391	0.141557616	0.332287961	0.000000000	0.282774122
-0.468468468	0.265400624	0.285314328	0.137116235	0.304981359	0.000000000	0.271685353
-0.461461461	0.255563679	0.273382584	0.132667987	0.270172172	0.000000000	0.260028075
-0.454454454	0.245300169	0.260999270	0.128211174	0.218082701	0.000000000	0.247686575
-0.447447447	0.234544268	0.248104172	0.123743951	0.000000000	0.000000000	0.234504333
-0.440440440	0.223212007	0.234621809	0.119264312	0.000000000	0.000000000	0.220261583
-0.433433433	0.211193645	0.220455513	0.114770067	0.000000000	0.000000000	0.204634248
-0.426426426	0.198341345	0.205478161	0.110258822	0.000000000	0.000000000	0.187111196
-0.419419419	0.184448102	0.189516885	0.105727944	0.000000000	0.000000000	0.166803329
-0.412412412	0.169208899	0.172326160	0.101174532	0.000000000	0.000000000	0.141900415
-0.405405405	0.152141534	0.153536136	0.096595371	0.000000000	0.000000000	0.107394616
-0.398398398	0.132400241	0.132540797	0.091986881	0.000000000	0.000000000	0.000000000
-0.391391391	0.108225008	0.108208109	0.087345047	0.000000000	0.000000000	0.000000000
-0.384384384	0.074403682	0.077852250	0.082665337	0.000000000	0.000000000	0.000000000
-0.377377377	0.000000000	0.028633270	0.077942589	0.000000000	0.000000000	0.000000000
-0.370370370	0.000000000	0.000000000	0.073170872	0.000000000	0.000000000	0.000000000
-0.363363363	0.000000000	0.000000000	0.068343290	0.000000000	0.000000000	0.000000000
-0.356356356	0.000000000	0.000000000	0.063451719	0.000000000	0.000000000	0.000000000
-0.349349349	0.000000000	0.000000000	0.058486442	0.000000000	0.000000000	0.000000000
-0.342342342	0.000000000	0.000000000	0.053435615	0.000000000	0.000000000	0.000000000
-0.335335335	0.000000000	0.000000000	0.048284468	0.000000000	0.000000000	0.000000000
-0.328328328	0.000000000	0.000000000	0.043014059	0.000000000	0.000000000	0.000000000
-0.321321321	0.000000000	0.000000000	0.037599202	0.000000000	0.000000000	0.000000000
-0.314314314	0.000000000	0.000000000	0.032004779	0.000000000	0.000000000	0.000000000
-0.307307307	0.000000000	0.000000000	0.026178492	0.000000000	0.000000000	0.000000000
-0.300300300	0.000000000	0.000000000	0.020034443	0.000000000	0.000000000	0.000000000
-0.293293293	0.000000000	0.000000000	0.013406338	0.000000000	0.000000000	0.000000000
-0.286286286	0.000000000	0.000000000	0.005833217	0.000000000	0.000000000	0.000000000
-0.279279279	0.000000000	0.000000000	0.000000000	0.000000000	0.000000000	0.000000000
-0.272272272	0.000000000	0.000000000	0.000000000	0.000000000	0.000000000	0.000000000
-0.265265265	0.000000000	0.000000000	0.000000000	0.000000000	0.000000000	0.000000000
-0.258258258	0.000000000	0.000000000	0.000000000	0.000000000	0.000000000	0.000000000
-0.251251251	0.000000000	0.000000000	0.000000000	0.000000000	0.000000000	0.000000000
-0.244244244	0.000000000	0.000000000	0.000000000	0.000000000	0.000000000	0.000000000
-0.237237237	0.000000000	0.000000000	0.000000000	0.000000000	0.000000000	0.000000000
-0.230230230	0.000000000	0.000000000	0.000000000	0.000000000	0.000000000	0.000000000
-0.223223223	0.000000000	0.000000000	0.000000000	0.000000000	0.000000000	0.000000000
-0.216216216	0.000000000	0.000000000	0.000000000	0.000000000	0.000000000	0.000000000
-0.209209209	0.000000000	0.000000000	0.000000000	0.000000000	0.000000000	0.000000000
-0.202202202	0.000000000	0.000000000	0.000000000	0.000000000	0.000000000	0.000000000
-0.195195195	0.000000000	0.000000000	0.000000000	0.000000000	0.000000000	0.000000000
-0.188188188	0.000000000	0.000000000	0.000000000	0.000000000	0.000000000	0.000000000
-0.181181181	0.000000000	0.000000000	0.000000000	0.000000000	0.000000000	0.000000000
-0.174174174	0.000000000	0.000000000	0.000000000	0.000000000	0.000000000	0.000000000
-0.167167167	0.000000000	0.000000000	0.000000000	0.000000000	0.000000000	0.000000000
-0.160160160	0.000000000	0.000000000	0.000000000	0.000000000	0.000000000	0.000000000
-0.153153153	0.000000000	0.000000000	0.000000000	0.000000000	0.000000000	0.000000000
-0.146146146	0.000000000	0.000000000	0.000000000	0.000000000	0.000000000	0.000000000
-0.139139139	0.000000000	0.000000000	0.000000000	0.000000000	0.000000000	0.000000000
-0.132132132	0.000000000	0.000000000	0.000000000	0.000000000	0.000000000	0.000000000
-0.125125125	0.000000000	0.000000000	0.000000000	0.000000000	0.000000000	0.000000000
-0.118118118	0.000000000	0.000000000	0.000000000	0.000000000	0.000000000	0.000000000
-0.111111111	0.000000000	0.000000000	0.000000000	0.000000000	0.000000000	0.000000000
-0.104104104	0.000000000	0.000000000	0.000000000	0.000000000	0.000000000	0.000000000
-0.097097097	0.000000000	0.000000000	0.000000000	0.000000000	0.000000000	0.000000000
-0.090090090	0.000000000	0.000000000	0.000000000	0.000000000	0.000000000	0.000000000
-0.083083083	0.000000000	0.000000000	0.000000000	0.000000000	0.000000000	0.000000000
-0.076076076	0.000000000	0.000000000	0.000000000	0.000000000	0.000000000	0.000000000
-0.069069069	0.000000000	0.000000000	0.000000000	0.000000000	0.000000000	0.000000000
-0.062062062	0.000000000	0.000000000	0.000000000	0.000000000	0.000000000	0.000000000
-0.055055055	0.000000000	0.000000000	0.000000000	0.000000000	0.000000000	0.000000000
-0.048048048	0.000000000	0.000000000	0.000000000	0.000000000	0.000000000	0.000000000
-0.041041041	0.000000000	0.000000000	0.000000000	0.000000000	0.000000000	0.000000000
-0.034034034	0.000000000	0.000000000	0.000000000	0.000000000	0.000000000	0.000000000
-0.027027027	0.000000000	0.000000000	0.000000000	0.000000000	0.000000000	0.000000000
-0.020020020	0.000000000	0.000000000	0.000000000	0.000000000	0.000000000	0.000000000
-0.013013013	0.000000000	0.000000000	0.000000000	0.000000000	0.000000000	0.000000000
-0.006006006	0.000000000	0.000000000	0.000000000	0.000000000	0.000000000	0.000000000
0.001001001	0.000000000	0.000000000	0.000000000	0.000000000	0.000000000	0.000000000
0.008008008	0.000000000	0.000000000	0.000000000	0.000000000	0.000000000	0.000000000
0.015015015	0.000000000	0.000000000	0.000000000	0.000000000	0.000000000	0.000000000
0.022022022	0.000000000	0.000000000	0.000000000	0.000000000	0.000000000	0.000000000
0.029029029	0.000000000	0.000000000	0.000000000	0.000000000	0.000000000	0.000000000
0.036036036	0.000000000	0.000000000	0.000000000	0.000000000	0.000000000	0.000000000
0.043043043	0.000000000	0.000000000	0.000000000	0.000000000	0.000000000	0.000000000
0.050050050	0.000000000	0.000000000	0.000000000	0.000000000	0.000000000	0.000000000
0.057057057	0.000000000	0.000000000	0.000000000	0.000000000	0.000000000	0.000000000
0.064064064	0.000000000	0.000000000	0.000000000	0.000000000	0.000000000	0.000000000
0.071071071	0.000000000	0.000000000	0.000000000	0.000000000	0.000000000	0.000000000
0.078078078	0.000000000	0.000000000	0.000000000	0.000000000	0.000000000	0.000000000
0.085085085	0.000000000	0.000000000	0.000000000	0.000000000	0.000000000	0.000000000
0.092092092	0.000000000	0.000000000	0.000000000	0.000000000	0.000000000	0.000000000
0.099099099	0.000000000	0.000000000	0.000000000	0.000000000	0.000000000	0.000000000
0.106106106	0.000000000	0.000000000	0.000000000	0.000000000	0.000000000	0.000000000
0.113113113	0.000000000	0.000000000	0.000000000	0.000000000	0.000000000	0.000000000
0.120120120	0.000000000	0.000000000	0.000000000	0.000000000	0.000000000	0.000000000
0.127127127	0.000000000	0.000000000	0.000000000	0.000000000	0.000000000	0.000000000
0.134134134	0.000000000	0.000000000	0.000000000	0.000000000	0.000000000	0.000000000
0.141141141	0.000000000	0.000000000	0.000000000	0.000000000	0.000000000	0.000000000
0.148148148	0.000000000	0.000000000	0.000000000	0.000000000	0.000000000	0.000000000
0.155155155	0.000000000	0.000000000	0.000000000	0.000000000	0.000000000	0.000000000
0.162162162	0.000000000	0.000000000	0.000000000	0.000000000	0.000000000	0.000000000
0.169169169	0.000000000	0.000000000	0.000000000	0.000000000	0.000000000	0.000000000
0.176176176	0.000000000	0.000000000	0.000000000	0.000000000	0.000000000	0.000000000
0.183183183	0.000000000	0.000000000	0.000000000	0.000000000	0.000000000	0.000000000
0.190190190	0.000000000	0.000000000	0.000000000	0.000000000	0.000000000	0.000000000
0.197197197	0.000000000	0.000000000	0.000000000	0.000000000	0.000000000	0.000000000
0.204204204	0.000000000	0.000000000	0.000000000	0.000000000	0.000000000	0.000000000
0.211211211	0.000000000	0.000000000	0.000000000	0.000000000	0.000000000	0.000000000
0.218218218	0.000000000	0.000000000	0.000000000	0.000000000	0.000000000	0.000000000
0.225225225	0.000000000	0.000000000	0.000000000	0.000000000	0.000000000	0.000000000
0.232232232	0.000000000	0.000000000	0.000000000	0.000000000	0.000000000	0.000000000
0.239239239	0.000000000	0.000000000	0.000000000	0.000000000	0.000000000	0.000000000
0.246246246	0.000000000	0.000000000	0.000000000	0.000000000	0.000000000	0.000000000
0.253253253	0.000000000	0.000000000	0.000000000	0.000000000	0.000000000	0.000000000
0.260260260	0.000000000	0.000000000	0.000000000	0.000000000	0.000000000	0.000000000
0.267267267	0.000000000	0.000000000	0.000000000	0.000000000	0.000000000	0.000000000
0.274274274	0.000000000	0.000000000	0.000000000	0.000000000	0.000000000	0.000000000
0.281281281	0.000000000	0.000000000	0.000000000	0.000000000	0.000000000	0.000000000
0.288288288	0.000000000	0.000000000	0.000000000	0.000000000	0.000000000	0.000000000
0.295295295	0.000000000	0.000000000	0.000000000	0.000000000	0.000000000	0.000000000
0.302302302	0.000000000	0.000000000	0.000000000	0.000000000	0.000000000	0.000000000
0.309309309	0.000000000	0.000000000	0.000000000	0.000000000	0.000000000	0.000000000
0.316316316	0.000000000	0.000000000	0.000000000	0.000000000	0.000000000	0.000000000
0.323323323	0.000000000	0.000000000	0.000000000	0.000000000	0.000000000	0.000000000
0.330330330	0.000000000	0.000000000	0.000000000	0.000000000	0.000000000	0.000000000
0.337337337	0.000000000	0.000000000	0.000000000	0.000000000	0.000000000	0.000000000
0.344344344	0.000000000	0.000000000	0.000000000	0.000000000	0.000000000	0.000000000
0.351351351	0.000000000	0.000000000	0.000000000	0.000000000	0.000000000	0.000000000
0.358358358	0.000000000	0.000000000	0.000000000	0.000000000	0.000000000	0.000000000
0.365365365	0.000000000	0.000000000	0.000000000	0.000000000	0.000000000	0.000000000
0.372372372	0.000000000	0.000000000	0.000000000	0.000000000	0.000000000	0.000000000
0.379379379	0.000000000	0.000000000	0.000000000	0.000000000	0.000000000	0.000000000
0.386386386	0.000000000	0.000000000	0.000000000	0.000000000	0.000000000	0.000000000
0.393393393	0.000000000	0.000000000	0.000000000	0.000000000	0.000000000	0.000000000
0.400400400	0.000000000	0.000000000	0.000000000	0.000000000	0.000000000	0.000000000
0.407407407	0.000000000	0.000000000	0.000000000	0.000000000	0.000000000	0.000000000
0.414414414	0.000000000	0.000000000	0.000000000	0.000000000	0.000000000	0.000000000
0.421421421	0.000000000	0.000000000	0.000000000	0.000000000	0.000000000	0.000000000
0.428428428	0.000000000	0.000000000	0.000000000	0.000000000	0.000000000	0.000000000
0.435435435	0.000000000	0.000000000	0.000000000	0.000000000	0.000000000	0.000000000
0.442442442	0.000000000	0.000000000	0.000000000	0.000000000	0.000000000	0.000000000
0.449449449	0.000000000	0.000000000	0.000000000	0.000000000	0.000000000	0.000000000
0.456456456	0.000000000	0.000000000	0.000000000	0.000000000	0.000000000	0.000000000
0.463463463	0.000000000	0.000000000	0.000000000	0.000000000	0.000000000	0.000000000
0.470470470	0.000000000	0.000000000	0.000000000	0.000000000	0.000000000	0.000000000
0.477477477	0.000000000	0.000000000	0.000000000	0.000000000	0.000000000	0.000000000
0.484484484	0.000000000	0.000000000	0.000000000	0.000000000	0.000000000	0.000000000
0.491491491	0.000000000	0.000000000	0.000000000	0.000000000	0.000000000	0.000000000
0.498498498	0.000000000	0.000000000	0.000000000	0.000000000	0.000000000	0.000000000
0.505505506	0.000000000	0.000000000	0.000000000	0.000000000	0.000000000	0.000000000
0.512512513	0.000000000	0.000000000	0.000000000	0.000000000	0.000000000	0.000000000
0.519519520	0.000000000	0.000000000	0.000000000	0.000000000	0.000000000	0.000000000
0.526526527	0.000000000	0.000000000	0.000000000	0.000000000	0.000000000	0.000000000
0.533533534	0.000000000	0.000000000	0.000000000	0.000000000	0.000000000	0.000000000
0.540540541	0.000000000	0.000000000	0.000000000	0.000000000	0.000000000	0.000000000
0.547547548	0.000000000	0.000000000	0.000000000	0.000000000	0.000000000	0.000000000
0.554554555	0.000000000	0.000000000	0.000000000	0.000000000	0.000000000	0.000000000
0.561561562	0.000000000	0.000000000	0.000000000	0.000000000	0.000000000	0.000000000
0.568568569	0.000000000	0.000000000	0.000000000	0.000000000	0.000000000	0.000000000
0.575575576	0.000000000	0.000000000	0.000000000	0.000000000	0.000000000	0.000000000
0.582582583	0.000000000	0.000000000	0.000000000	0.000000000	0.000000000	0.000000000
0.589589590	0.000000000	0.000000000	0.000000000	0.000000000	0.000000000	0.000000000
0.596596597	0.000000000	0.000000000	0.000000000	0.000000000	0.000000000	0.000000000
0.603603604	0.000000000	0.000000000	0.000000000	0.000000000	0.000000000	0.000000000
0.610610611	0.000000000	0.000000000	0.000000000	0.000000000	0.000000000	0.000000000
0.617617618	0.000000000	0.000000000	0.000000000	0.000000000	0.000000000	0.000000000
0.624624625	0.000000000	0.000000000	0.000000000	0.000000000	0.000000000	0.000000000
0.631631632	0.000000000	0.000000000	0.000000000	0.000000000	0.000000000	0.000000000
0.638638639	0.000000000	0.000000000	0.000000000	0.000000000	0.000000000	0.000000000
0.645645646	0.000000000	0.000000000	0.000000000	0.000000000	0.000000000	0.000000000
0.652652653	0.000000000	0.000000000	0.000000000	0.000000000	0.000000000	0.000000000
0.659659660	0.000000000	0.000000000	0.000000000	0.000000000	0.000000000	0.000000000
0.666666667	0.000000000	0.000000000	0.000000000	0.000000000	0.000000000	0.000000000
0.673673674	0.000000000	0.000000000	0.000000000	0.000000000	0.000000000	0.000000000
0.680680681	0.000000000	0.000000000	0.000000000	0.000000000	0.000000000	0.000000000
0.687687688	0.000000000	0.000000000	0.000000000	0.000000000	0.000000000	0.000000000
0.694694695	0.000000000	0.000000000	0.000000000	0.000000000	0.000000000	0.000000000
0.701701702	0.000000000	0.000000000	0.000000000	0.000000000	0.000000000	0.000000000
0.708708709	0.000000000	0.000000000	0.000000000	0.000000000	0.000000000	0.000000000
0.715715716	0.000000000	0.000000000	0.000000000	0.000000000	0.000000000	0.000000000
0.722722723	0.000000000	0.000000000	0.000000000	0.000000000	0.000000000	0.000000000
0.729729730	0.000000000	0.000000000	0.000000000	0.000000000	0.000000000	0.000000000
0.736736737	0.000000000	0.000000000	0.000000000	0.000000000	0.000000000	0.000000000
0.743743744	0.000000000	0.000000000	0.000000000	0.000000000	0.000000000	0.000000000
0.750750751	0.000000000	0.000000000	0.000000000	0.000000000	0.000000000	0.000000000
0.757757758	0.000000000	0.000000000	0.000000000	0.000000000	0.000000000	0.000000000
0.764764765	0.000000000	0.000000000	0.000000000	0.000000000	0.000000000	0.000000000
0.771771772	0.000000000	0.000000000	0.000000000	0.000000000	0.000000000	0.000000000
0.778778779	0.000000000	0.000000000	0.000000000	0.000000000	0.000000000	0.000000000
0.785785786	0.000000000	0.000000000	0.000000000	0.000000000	0.000000000	0.000000000
0.792792793	0.000000000	0.000000000	0.000000000	0.000000000	0.000000000	0.000000000
0.799799800	0.000000000	0.000000000	0.000000000	0.000000000	0.000000000	0.000000000
0.806806807	0.000000000	0.000000000	0.000000000	0.000000000	0.000000000	0.000000000
0.813813814	0.000000000	0.000000000	0.000000000	0.000000000	0.000000000	0.000000000
0.820820821	0.000000000	0.000000000	0.000000000	0.000000000	0.000000000	0.000000000
0.827827828	0.000000000	0.000000000	0.000000000	0.000000000	0.000000000	0.000000000
0.834834835	0.000000000	0.000000000	0.000000000	0.000000000	0.000000000	0.000000000
0.841841842	0.000000000	0.000000000	0.000000000	0.000000000	0.000000000	0.000000000
0.848848849	0.000000000	0.000000000	0.000000000	0.000000000	0.000000000	0.000000000
0.855855856	0.000000000	0.000000000	0.000000000	0.000000000	0.000000000	0.000000000
0.862862863	0.000000000	0.000000000	0.000000000	0.000000000	0.000000000	0.000000000
0.869869870	0.000000000	0.000000000	0.000000000	0.000000000	0.000000000	0.000000000
0.876876877	0.000000000	0.000000000	0.000000000	0.000000000	0.000000000	0.000000000
0.883883884	0.000000000	0.000000000	0.000000000	0.000000000	0.000000000	0.000000000
0.890890891	0.000000000	0.000000000	0.000000000	0.000000000	0.000000000	0.000000000
0.897897898	0.000000000	0.000000000	0.000000000	0.000000000	0.000000000	0.000000000
0.904904905	0.000000000	0.000000000	0.000000000	0.000000000	0.000000000	0.000000000
0.911911912	0.000000000	0.000000000	0.000000000	0.000000000	0.000000000	0.000000000
0.918918919	0.000000000	0.000000000	0.000000000	0.000000000	0.000000000	0.000000000
0.925925926	0.000000000	0.000000000	0.000000000	0.000000000	0.000000000	0.000000000
0.932932933	0.000000000	0.000000000	0.000000000	0.000000000	0.000000000	0.000000000
0.939939940	0.000000000	0.000000000	0.000000000	0.000000000	0.000000000	0.000000000
0.946946947	0.000000000	0.000000000	0.000000000	0.000000000	0.000000000	0.000000000
0.953953954	0.000000000	0.000000000	0.000000000	0.000000000	0.000000000	0.000000000
0.960960961	0.000000000	0.000000000	0.000000000	0.000000000	0.000000000	0.000000000
0.967967968	0.000000000	0.000000000	0.000000000	0.000000000	0.000000000	0.000000000
0.974974975	0.000000000	0.000000000	0.000000000	0.000000000	0.000000000	0.000000000
0.981981982	0.000000000	0.000000000	0.000000000	0.000000000	0.000000000	0.000000000
0.988988989	0.000000000	0.000000000	0.000000000	0.000000000	0.000000000	0.000000000
0.995995996	0.000000000	0.000000000	0.000000000	0.000000000	0.000000000	0.000000000
1.003003003	0.000000000	0.000000000	0.000000000	0.000000000	0.000000000	0.000000000
1.010010010	0.000000000	0.000000000	0.000000000	0.000000000	0.000000000	0.000000000
1.017017017	0.000000000	0.000000000	0.000000000	0.000000000	0.000000000	0.000000000
1.024024024	0.000000000	0.000000000	0.000000000	0.000000000	0.000000000	0.000000000
1.031031031	0.000000000	0.000000000	0.000000000	0.000000000	0.000000000	0.000000000
1.038038038	0.000000000	0.000000000	0.000000000	0.000000000	0.000000000	0.000000000
1.045045045	0.000000000	0.000000000	0.000000000	0.000000000	0.000000000	0.000000000
1.052052052	0.000000000	0.000000000	0.000000000	0.000000000	0.000000000	0.000000000
1.059059059	0.000000000	0.000000000	0.000000000	0.000000000	0.000000000	0.000000000
1.066066066	0.000000000	0.000000000	0.000000000	0.000000000	0.000000000	0.000000000
1.073073073	0.000000000	0.000000000	0.000000000	0.000000000	0.000000000	0.000000000
1.080080080	0.000000000	0.000000000	0.000000000	0.000000000	0.000000000	0.000000000
1.087087087	0.000000000	0.000000000	0.000000000	0.000000000	0.000000000	0.000000000
1.094094094	0.000000000	0.000000000	0.000000000	0.000000000	0.000000000	0.000000000
1.101101101	0.000000000	0.000000000	0.000000000	0.000000000	0.000000000	0.000000000
1.108108108	0.000000000	0.000000000	0.000000000	0.000000000	0.000000000	0.000000000
1.115115115	0.000000000	0.000000000	0.000000000	0.000000000	0.000000000	0.000000000
1.122122122	0.000000000	0.000000000	0.000000000	0.000000000	0.000000000	0.000000000
1.129129129	0.000000000	0.000000000	0.000000000	0.000000000	0.000000000	0.000000000
1.136136136	0.000000000	0.000000000	0.000000000	0.000000000	0.000000000	0.000000000
1.143143143	0.000000000	0.000000000	0.000000000	0.000000000	0.000000000	0.000000000
1.150150150	0.000000000	0.000000000	0.000000000	0.000000000	0.000000000	0.000000000
1.157157157	0.000000000	0.000000000	0.000000000	0.000000000	0.000000000	0.000000000
1.164164164	0.000000000	0.000000000	0.000000000	0.000000000	0.000000000	0.000000000
1.171171171	0.000000000	0.000000000	0.000000000	0.000000000	0.000000000	0.000000000
1.178178178	0.000000000	0.000000000	0.000000000	0.000000000	0.000000000	0.000000000
1.185185185	0.000000000	0.000000000	0.000000000	0.000000000	0.000000000	0.000000000
1.192192192	0.000000000	0.000000000	0.000000000	0.000000000	0.000000000	0.000000000
1.199199199	0.000000000	0.000000000	0.000000000	0.000000000	0.000000000	0.000000000
1.206206206	0.000000000	0.000000000	0.000000000	0.000000000	0.000000000	0.000000000
1.213213213	0.000000000	0.000000000	0.000000000	0.000000000	0.000000000	0.000000000
1.220220220	0.000000000	0.000000000	0.000000000	0.000000000	0.000000000	0.000000000
1.227227227	0.000000000	0.000000000	0.000000000	0.000000000	0.000000000	0.000000000
1.234234234	0.000000000	0.000000000	0.000000000	0.000000000	0.000000000	0.000000000
1.241241241	0.000000000	0.000000000	0.000000000	0.000000000	0.000000000	0.000000000
1.248248248	0.000000000	0.000000000	0.000000000	0.000000000	0.000000000	0.000000000
1.255255255	0.000000000	0.000000000	0.000000000	0.000000000	0.000000000	0.000000000
1.262262262	0.000000000	0.000000000	0.000000000	0.000000000	0.000000000	0.000000000
1.269269269	0.000000000	0.000000000	0.000000000	0.000000000	0.000000000	0.000000000
1.276276276	0.000000000	0.000000000	0.000000000	0.000000000	0.000000000	0.000000000
1.283283283	0.000000000	0.000000000	0.000000000	0.000000000	0.000000000	0.000000000
1.290290290	0.000000000	0.000000000	0.000000000	0.000000000	0.000000000	0.000000000
1.297297297	0.000000000	0.000000000	0.000000000	0.000000000	0.000000000	0.000000000
1.304304304	0.000000000	0.000000000	0.000000000	0.000000000	0.000000000	0.000000000
1.311311311	0.000000000	0.000000000	0.000000000	0.000000000	0.000000000	0.000000000
1.318318318	0.000000000	0.000000000	0.000000000	0.000000000	0.000000000	0.000000000
1.325325325	0.000000000	0.000000000	0.000000000	0.000000000	0.000000000	0.000000000
1.332332332	0.000000000	0.000000000	0.000000000	0.000000000	0.000000000	0.000000000
1.339339339	0.000000000	0.000000000	0.000000000	0.000000000	0.000000000	0.000000000
1.346346346	0.000000000	0.000000000	0.000000000	0.000000000	0.000000000	0.000000000
1.353353353	0.000000000	0.000000000	0.000000000	0.000000000	0.000000000	0.000000000
1.360360360	0.000000000	0.000000000	0.000000000	0.000000000	0.000000000	0.000000000
1.367367367	0.000000000	0.000000000	0.000000000	0.000000000	0.000000000	0.000000000
1.374374374	0.000000000	0.000000000	0.000000000	0.000000000	0.000000000	0.000000000
1.381381381	0.000000000	0.000000000	0.000000000	0.000000000	0.000000000	0.000000000
1.388388388	0.000000000	0.000000000	0.000000000	0.000000000	0.000000000	0.000000000
1.395395395	0.000000000	0.000000000	0.000000000	0.000000000	0.000000000	0.000000000
1.402402402	0.000000000	0.000000000	0.000000000	0.000000000	0.000000000	0.000000000
1.409409409	0.000000000	0.000000000	0.000000000	0.000000000	0.000000000	0.000000000
1.416416416	0.000000000	0.000000000	0.000000000	0.000000000	0.000000000	0.000000000
1.423423423	0.000000000	0.000000000	0.000000000	0.000000000	0.000000000	0.000000000
1.430430430	0.000000000	0.000000000	0.000000000	0.000000000	0.000000000	0.000000000
1.437437437	0.000000000	0.000000000	0.000000000	0.000000000	0.000000000	0.000000000
1.444444444	0.000000000	0.000000000	0.000000000	0.000000000	0.000000000	0.000000000
1.451451451	0.000000000	0.000000000	0.000000000	0.000000000	0.000000000	0.000000000
1.458458458	0.000000000	0.000000000	0.000000000	0.000000000	0.000000000	0.000000000
1.465465465	0.000000000	0.000000000	0.000000000	0.000000000	0.000000000	0.000000000
1.472472472	0.000000000	0.000000000	0.000000000	0.000000000	0.000000000	0.000000000
1.479479479	0.000000000	0.000000000	0.000000000	0.000000000	0.000000000	0.000000000
1.486486486	0.000000000	0.000000000	0.000000000	0.000000000	0.000000000	0.000000000
1.493493493	0.000000000	0.000000000	0.000000000	0.000000000	0.000000000	0.000000000
1.500500501	0.000000000	0.000000000	0.000000000	0.000000000	0.000000000	0.000000000
1.507507508	0.000000000	0.000000000	0.000000000	0.000000000	0.000000000	0.000000000
1.514514515	0.000000000	0.000000000	0.000000000	0.000000000	0.000000000	0.000000000
1.521521522	0.000000000	0.000000000	0.000000000	0.000000000	0.000000000	0.000000000
1.528528529	0.000000000	0.000000000	0.000000000	0.000000000	0.000000000	0.000000000
1.535535536	0.000000000	0.000000000	0.000000000	0.000000000	0.000000000	0.000000000
1.542542543	0.000000000	0.000000000	0.000000000	0.000000000	0.000000000	0.000000000
1.549549550	0.000000000	0.000000000	0.000000000	0.000000000	0.000000000	0.000000000
1.556556557	0.000000000	0.000000000	0.000000000	0.000000000	0.000000000	0.000000000
1.563563564	0.000000000	0.000000000	0.000000000	0.000000000	0.000000000	0.000000000
1.570570571	0.000000000	0.000000000	0.000000000	0.000000000	0.000000000	0.000000000
1.577577578	0.000000000	0.000000000	0.000000000	0.000000000	0.000000000	0.000000000
1.584584585	0.000000000	0.000000000	0.000000000	0.000000000	0.000000000	0.000000000
1.591591592	0.000000000	0.000000000	0.000000000	0.000000000	0.000000000	0.000000000
1.598598599	0.000000000	0.000000000	0.000000000	0.000000000	0.000000000	0.000000000
1.605605606	0.000000000	0.000000000	0.000000000	0.000000000	0.000000000	0.000000000
1.612612613	0.000000000	0.000000000	0.000000000	0.000000000	0.000000000	0.000000000
1.619619620	0.000000000	0.000000000	0.000000000	0.000000000	0.000000000	0.000000000
1.626626627	0.000000000	0.000000000	0.000000000	0.000000000	0.000000000	0.000000000
1.633633634	0.000000000	0.000000000	0.000000000	0.000000000	0.000000000	0.000000000
1.640640641	0.000000000	0.000000000	0.000000000	0.000000000	0.000000000	0.000000000
1.647647648	0.000000000	0.000000000	0.000000000	0.000000000	0.000000000	0.000000000
1.654654655	0.000000000	0.000000000	0.000000000	0.000000000	0.000000000	0.000000000
1.661661662	0.000000000	0.000000000	0.000000000	0.000000000	0.000000000	0.000000000
1.668668669	0.000000000	0.000000000	0.000000000	0.000000000	0.000000000	0.000000000
1.675675676	0.000000000	0.000000000	0.000000000	0.000000000	0.000000000	0.000000000
1.682682683	0.000000000	0.000000000	0.000000000	0.000000000	0.000000000	0.000000000
1.689689690	0.000000000	0.000000000	0.000000000	0.000000000	0.000000000	0.000000000
1.696696697	0.000000000	0.000000000	0.000000000	0.000000000	0.000000000	0.000000000
1.703703704	0.000000000	0.000000000	0.000000000	0.000000000	0.000000000	0.000000000
1.710710711	0.000000000	0.000000000	0.000000000	0.000000000	0.000000000	0.000000000
1.717717718	0.000000000	0.000000000	0.000000000	0.000000000	0.000000000	0.000000000
1.724724725	0.000000000	0.000000000	0.000000000	0.000000000	0.000000000	0.000000000
1.731731732	0.000000000	0.000000000	0.000000000	0.000000000	0.000000000	0.000000000
1.738738739	0.000000000	0.000000000	0.000000000	0.000000000	0.000000000	0.000000000
1.745745746	0.000000000	0.000000000	0.000000000	0.000000000	0.000000000	0.000000000
1.752752753	0.000000000	0.000000000	0.000000000	0.000000000	0.000000000	0.000000000
1.759759760	0.000000000	0.000000000	0.000000000	0.000000000	0.000000000	0.000000000
1.766766767	0.000000000	0.000000000	0.000000000	0.000000000	0.000000000	0.000000000
1.773773774	0.000000000	0.000000000	0.000000000	0.000000000	0.000000000	0.000000000
1.780780781	0.000000000	0.000000000	0.000000000	0.000000000	0.000000000	0.000000000
1.787787788	0.000000000	0.000000000	0.000000000	0.000000000	0.000000000	0.000000000
1.794794795	0.000000000	0.000000000	0.000000000	0.000000000	0.000000000	0.000000000
1.801801802	0.000000000	0.000000000	0.000000000	0.000000000	0.000000000	0.000000000
1.808808809	0.000000000	0.000000000	0.000000000	0.000000000	0.000000000	0.000000000
1.815815816	0.000000000	0.000000000	0.000000000	0.000000000	0.000000000	0.000000000
1.822822823	0.000000000	0.000000000	0.000000000	0.000000000	0.000000000	0.000000000
1.829829830	0.000000000	0.000000000	0.000000000	0.000000000	0.000000000	0.000000000
1.836836837	0.000000000	0.000000000	0.000000000	0.000000000	0.000000000	0.000000000
1.843843844	0.000000000	0.000000000	0.000000000	0.000000000	0.000000000	0.000000000
1.850850851	0.000000000	0.000000000	0.000000000	0.000000000	0.000000000	0.000000000
1.857857858	0.000000000	0.000000000	0.000000000	0.000000000	0.000000000	0.000000000
1.864864865	0.000000000	0.000000000	0.000000000	0.000000000	0.000000000	0.000000000
1.871871872	0.000000000	0.000000000	0.000000000	0.000000000	0.000000000	0.000000000
1.878878879	0.000000000	0.000000000	0.000000000	0.000000000	0.000000000	0.000000000
1.885885886	0.000000000	0.000000000	0.000000000	0.000000000	0.000000000	0.000000000
1.892892893	0.000000000	0.000000000	0.000000000	0.000000000	0.000000000	0.000000000
1.899899900	0.000000000	0.000000000	0.000000000	0.000000000	0.000000000	0.000000000
1.906906907	0.000000000	0.000000000	0.000000000	0.000000000	0.000000000	0.000000000
1.913913914	0.000000000	0.000000000	0.000000000	0.000000000	0.000000000	0.000000000
1.920920921	0.000000000	0.000000000	0.000000000	0.000000000	0.000000000	0.000000000
1.927927928	0.000000000	0.000000000	0.000000000	0.000000000	0.000000000	0.000000000
1.934934935	0.000000000	0.000000000	0.000000000	0.000000000	0.000000000	0.000000000
1.941941942	0.000000000	0.000000000	0.000000000	0.000000000	0.000000000	0.000000000
1.948948949	0.000000000	0.000000000	0.000000000	0.000000000	0.000000000	0.000000000
1.955955956	0.000000000	0.000000000	0.000000000	0.000000000	0.000000000	0.000000000
1.962962963	0.000000000	0.000000000	0.000000000	0.000000000	0.000000000	0.000000000
1.969969970	0.000000000	0.000000000	0.000000000	0.000000000	0.000000000	0.000000000
1.976976977	0.000000000	0.000000000	0.000000000	0.000000000	0.000000000	0.000000000
1.983983984	0.000000000	0.000000000	0.000000000	0.000000000	0.000000000	0.000000000
1.990990991	0.000000000	0.000000000	0.000000000	0.000000000	0.000000000	0.000000000
1.997997998	0.000000000	0.000000000	0.000000000	0.000000000	0.000000000	0.000000000
2.005005005	0.000000000	0.000000000	0.000000000	0.000000000	0.000000000	0.000000000
2.012012012	0.000000000	0.000000000	0.000000000	0.000000000	0.000000000	0.000000000
2.019019019	0.000000000	0.000000000	0.000000000	0.000000000	0.000000000	0.000000000
2.026026026	0.000000000	0.000000000	0.000000000	0.000000000	0.000000000	0.000000000
2.033033033	0.000000000	0.000000000	0.000000000	0.000000000	0.000000000	0.000000000
2.040040040	0.000000000	0.000000000	0.000000000	0.000000000	0.000000000	0.000000000
2.047047047	0.000000000	0.000000000	0.000000000	0.000000000	0.000000000	0.000000000
2.054054054	0.000000000	0.000000000	0.000000000	0.000000000	0.000000000	0.000000000
2.061061061	0.000000000	0.000000000	0.000000000	0.000000000	0.000000000	0.000000000
2.068068068	0.000000000	0.000000000	0.000000000	0.000000000	0.000000000	0.000000000
2.075075075	0.000000000	0.000000000	0.000000000	0.000000000	0.000000000	0.000000000
2.082082082	0.000000000	0.000000000	0.000000000	0.000000000	0.000000000	0.000000000
2.089089089	0.000000000	0.000000000	0.000000000	0.000000000	0.000000000	0.000000000
2.096096096	0.000000000	0.000000000	0.000000000	0.000000000	0.000000000	0.000000000
2.103103103	0.000000000	0.000000000	0.000000000	0.000000000	0.000000000	0.000000000
2.110110110	0.000000000	0.000000000	0.000000000	0.000000000	0.000000000	0.000000000
2.117117117	0.000000000	0.000000000	0.000000000	0.000000000	0.000000000	0.000000000
2.124124124	0.000000000	0.000000000	0.000000000	0.000000000	0.000000000	0.000000000
2.131131131	0.000000000	0.000000000	0.000000000	0.000000000	0.000000000	0.000000000
2.138138138	0.000000000	0.000000000	0.000000000	0.000000000	0.000000000	0.000000000
2.145145145	0.000000000	0.000000000	0.000000000	0.000000000	0.000000000	0.000000000
2.152152152	0.000000000	0.000000000	0.000000000	0.000000000	0.000000000	0.000000000
2.159159159	0.000000000	0.000000000	0.000000000	0.000000000	0.000000000	0.000000000
2.166166166	0.000000000	0.000000000	0.000000000	0.000000000	0.000000000	0.000000000
2.173173173	0.000000000	0.000000000	0.000000000	0.000000000	0.000000000	0.000000000
2.180180180	0.000000000	0.000000000	0.000000000	0.000000000	0.000000000	0.000000000
2.187187187	0.000000000	0.000000000	0.000000000	0.000000000	0.000000000	0.000000000
2.194194194	0.000000000	0.000000000	0.000000000	0.000000000	0.000000000	0.000000000
2.201201201	0.000000000	0.000000000	0.000000000	0.000000000	0.000000000	0.000000000
2.208208208	0.000000000	0.000000000	0.000000000	0.000000000	0.000000000	0.000000000
2.215215215	0.000000000	0.000000000	0.000000000	0.000000000	0.000000000	0.000000000
2.222222222	0.000000000	0.000000000	0.000000000	0.000000000	0.000000000	0.000000000
2.229229229	0.000000000	0.000000000	0.000000000	0.000000000	0.000000000	0.000000000
2.236236236	0.000000000	0.000000000	0.000000000	0.000000000	0.000000000	0.000000000
2.243243243	0.000000000	0.000000000	0.000000000	0.000000000	0.000000000	0.000000000
2.250250250	0.000000000	0.000000000	0.000000000	0.000000000	0.000000000	0.000000000
2.257257257	0.000000000	0.000000000	0.000000000	0.000000000	0.000000000	0.000000000
2.264264264	0.000000000	0.000000000	0.000000000	0.000000000	0.000000000	0.000000000
2.271271271	0.000000000	0.000000000	0.000000000	0.000000000	0.000000000	0.000000000
2.278278278	0.000000000	0.000000000	0.000000000	0.000000000	0.000000000	0.000000000
2.285285285	0.000000000	0.000000000	0.000000000	0.000000000	0.000000000	0.000000000
2.292292292	0.000000000	0.000000000	0.000000000	0.000000000	0.000000000	0.000000000
2.299299299	0.000000000	0.000000000	0.000000000	0.000000000	0.000000000	0.000000000
2.306306306	0.000000000	0.000000000	0.000000000	0.000000000	0.000000000	0.000000000
2.313313313	0.000000000	0.000000000	0.000000000	0.000000000	0.000000000	0.000000000
2.320320320	0.000000000	0.000000000	0.000000000	0.000000000	0.000000000	0.000000000
2.327327327	0.000000000	0.000000000	0.000000000	0.000000000	0.000000000	0.000000000
2.334334334	0.000000000	0.000000000	0.000000000	0.000000000	0.000000000	0.000000000
2.341341341	0.000000000	0.000000000	0.000000000	0.000000000	0.000000000	0.000000000
2.348348348	0.000000000	0.000000000	0.000000000	0.000000000	0.000000000	0.000000000
2.355355355	0.000000000	0.000000000	0.000000000	0.000000000	0.000000000	0.000000000
2.362362362	0.000000000	0.000000000	0.000000000	0.000000000	0.000000000	0.000000000
2.369369369	0.000000000	0.000000000	0.000000000	0.000000000	0.000000000	0.000000000
2.376376376	0.000000000	0.000000000	0.000000000	0.000000000	0.000000000	0.000000000
2.383383383	0.000000000	0.000000000	0.000000000	0.000000000	0.000000000	0.000000000
2.390390390	0.000000000	0.000000000	0.000000000	0.000000000	0.000000000	0.000000000
2.397397397	0.000000000	0.000000000	0.000000000	0.000000000	0.000000000	0.000000000
2.404404404	0.000000000	0.000000000	0.000000000	0.000000000	0.000000000	0.000000000
2.411411411	0.000000000	0.000000000	0.000000000	0.000000000	0.000000000	0.000000000
2.418418418	0.000000000	0.000000000	0.000000000	0.000000000	0.000000000	0.000000000
2.425425425	0.000000000	0.000000000	0.000000000	0.000000000	0.000000000	0.000000000
2.432432432	0.000000000	0.000000000	0.000000000	0.000000000	0.000000000	0.000000000
2.439439439	0.000000000	0.000000000	0.000000000	0.000000000	0.000000000	0.000000000
2.446446446	0.000000000	0.000000000	0.000000000	0.000000000	0.000000000	0.000000000
2.453453453	0.000000000	0.000000000	0.000000000	0.000000000	0.000000000	0.000000000
2.460460460	0.000000000	0.000000000	0.000000000	0.000000000	0.000000000	0.000000000
2.467467467	0.000000000	0.000000000	0.000000000	0.000000000	0.000000000	0.000000000
2.474474474	0.000000000	0.000000000	0.000000000	0.000000000	0.000000000	0.000000000
2.481481481	0.000000000	0.000000000	0.000000000	0.000000000	0.000000000	0.000000000
2.488488488	0.000000000	0.000000000	0.000000000	0.000000000	0.000000000	0.000000000
2.495495495	0.000000000	0.000000000	0.000000000	0.000000000	0.000000000	0.000000000
2.502502503	0.000000000	0.000000000	0.000000000	0.000000000	0.000000000	0.000000000
2.509509510	0.000000000	0.000000000	0.000000000	0.000000000	0.000000000	0.000000000
2.516516517	0.000000000	0.000000000	0.000000000	0.000000000	0.000000000	0.000000000
2.523523524	0.000000000	0.000000000	0.000000000	0.000000000	0.000000000	0.000000000
2.530530531	0.000000000	0.000000000	0.000000000	0.000000000	0.000000000	0.000000000
2.537537538	0.000000000	0.000000000	0.000000000	0.000000000	0.000000000	0.000000000
2.544544545	0.000000000	0.000000000	0.000000000	0.000000000	0.000000000	0.000000000
2.551551552	0.000000000	0.000000000	0.000000000	0.000000000	0.000000000	0.000000000
2.558558559	0.000000000	0.000000000	0.000000000	0.000000000	0.000000000	0.000000000
2.565565566	0.000000000	0.000000000	0.000000000	0.000000000	0.000000000	0.000000000
2.572572573	0.000000000	0.000000000	0.000000000	0.000000000	0.000000000	0.000000000
2.579579580	0.000000000	0.000000000	0.000000000	0.000000000	0.000000000	0.000000000
2.586586587	0.000000000	0.000000000	0.000000000	0.000000000	0.000000000	0.000000000
2.593593594	0.000000000	0.000000000	0.000000000	0.000000000	0.000000000	0.000000000
2.600600601	0.000000000	0.000000000	0.000000000	0.000000000	0.000000000	0.000000000
2.607607608	0.000000000	0.000000000	0.000000000	0.000000000	0.000000000	0.000000000
2.614614615	0.000000000	0.000000000	0.000000000	0.000000000	0.000000000	0.000000000
2.621621622	0.000000000	0.000000000	0.000000000	0.000000000	0.000000000	0.000000000
2.628628629	0.000000000	0.000000000	0.000000000	0.000000000	0.000000000	0.000000000
2.635635636	0.000000000	0.000000000	0.000000000	0.000000000	0.000000000	0.000000000
2.642642643	0.000000000	0.000000000	0.000000000	0.000000000	0.000000000	0.000000000
2.649649650	0.000000000	0.000000000	0.000000000	0.000000000	0.000000000	0.000000000
2.656656657	0.000000000	0.000000000	0.000000000	0.000000000	0.000000000	0.000000000
2.663663664	0.000000000	0.000000000	0.000000000	0.000000000	0.000000000	0.000000000
2.670670671	0.000000000	0.000000000	0.000000000	0.000000000	0.000000000	0.000000000
2.677677678	0.000000000	0.000000000	0.000000000	0.000000000	0.000000000	0.000000000
2.684684685	0.000000000	0.000000000	0.000000000	0.000000000	0.000000000	0.000000000
2.691691692	0.000000000	0.000000000	0.000000000	0.000000000	0.000000000	0.000000000
2.698698699	0.000000000	0.000000000	0.000000000	0.000000000	0.000000000	0.000000000
2.705705706	0.000000000	0.000000000	0.000000000	0.000000000	0.000000000	0.000000000
2.712712713	0.000000000	0.000000000	0.000000000	0.000000000	0.000000000	0.000000000
2.719719720	0.000000000	0.000000000	0.000000000	0.000000000	0.000000000	0.000000000
2.726726727	0.000000000	0.000000000	0.000000000	0.000000000	0.000000000	0.000000000
2.733733734	0.000000000	0.000000000	0.000000000	0.000000000	0.000000000	0.000000000
2.740740741	0.000000000	0.000000000	0.000000000	0.000000000	0.000000000	0.000000000
2.747747748	0.000000000	0.000000000	0.000000000	0.000000000	0.000000000	0.000000000
2.754754755	0.000000000	0.000000000	0.000000000	0.000000000	0.000000000	0.000000000
2.761761762	0.000000000	0.000000000	0.000000000	0.000000000	0.000000000	0.000000000
2.768768769	0.000000000	0.000000000	0.000000000	0.000000000	0.000000000	0.000000000
2.775775776	0.000000000	0.000000000	0.000000000	0.000000000	0.000000000	0.000000000
2.782782783	0.000000000	0.000000000	0.000000000	0.000000000	0.000000000	0.000000000
2.789789790	0.000000000	0.000000000	0.000000000	0.000000000	0.000000000	0.000000000
2.796796797	0.000000000	0.000000000	0.000000000	0.000000000	0.000000000	0.000000000
2.803803804	0.000000000	0.000000000	0.000000000	0.000000000	0.000000000	0.000000000
2.810810811	0.000000000	0.000000000	0.000000000	0.000000000	0.000000000	0.000000000
2.817817818	0.000000000	0.000000000	0.000000000	0.000000000	0.000000000	0.000000000
2.824824825	0.000000000	0.000000000	0.000000000	0.000000000	0.000000000	0.000000000
2.831831832	0.000000000	0.000000000	0.000000000	0.000000000	0.000000000	0.000000000
2.838838839	0.000000000	0.000000000	0.000000000	0.000000000	0.000000000	0.000000000
2.845845846	0.000000000	0.000000000	0.000000000	0.000000000	0.000000000	0.000000000
2.852852853	0.000000000	0.000000000	0.000000000	0.000000000	0.000000000	0.000000000
2.859859860	0.000000000	0.000000000	0.000000000	0.000000000	0.000000000	0.000000000
2.866866867	0.000000000	0.000000000	0.000000000	0.000000000	0.000000000	0.000000000
2.873873874	0.000000000	0.000000000	0.000000000	0.000000000	0.000000000	0.000000000
2.880880881	0.000000000	0.000000000	0.000000000	0.000000000	0.000000000	0.000000000
2.887887888	0.000000000	0.000000000	0.000000000	0.000000000	0.000000000	0.000000000
2.894894895	0.000000000	0.000000000	0.000000000	0.000000000	0.000000000	0.000000000
2.901901902	0.000000000	0.000000000	0.000000000	0.000000000	0.000000000	0.000000000
2.908908909	0.000000000	0.000000000	0.000000000	0.000000000	0.000000000	0.000000000
2.915915916	0.000000000	0.000000000	0.000000000	0.000000000	0.000000000	0.000000000
2.922922923	0.000000000	0.000000000	0.000000000	0.000000000	0.000000000	0.000000000
2.929929930	0.000000000	0.000000000	0.000000000	0.000000000	0.000000000	0.000000000
2.936936937	0.000000000	0.000000000	0.000000000	0.000000000	0.000000000	0.000000000
2.943943944	0.000000000	0.000000000	0.000000000	0.000000000	0.000000000	0.000000000
2.950950951	0.000000000	0.000000000	0.000000000	0.000000000	0.000000000	0.000000000
2.957957958	0.000000000	0.000000000	0.000000000	0.000000000	0.000000000	0.000000000
2.964964965	0.000000000	0.000000000	0.000000000	0.000000000	0.000000000	0.000000000
2.971971972	0.000000000	0.000000000	0.000000000	0.000000000	0.000000000	0.000000000
2.978978979	0.000000000	0.000000000	0.000000000	0.000000000	0.000000000	0.000000000
2.985985986	0.000000000	0.000000000	0.000000000	0.000000000	0.000000000	0.000000000
2.992992993	0.000000000	0.000000000	0.000000000	0.000000000	0.000000000	0.000000000
3.000000000	0.000000000	0.000000000	0.000000000	0.000000000	0.000000000	0.000000000