-4.00000000	0.003267880	0.005353660	0.005989215	0.025779277	0.008429565	0.010617311
-3.99299299	0.003312829	0.005418072	0.006067330	0.026090320	0.008520026	0.010731957
-3.98598599	0.003358426	0.005483299	0.006146504	0.026404949	0.008611533	0.010847923
-3.97897898	0.003404679	0.005549353	0.006226750	0.026723203	0.008704100	0.010965226
-3.97197197	0.003451600	0.005616244	0.006308085	0.027045121	0.008797739	0.011083881
-3.96496496	0.003499198	0.005683983	0.006390523	0.027370741	0.008892464	0.011203905
-3.95795796	0.003547483	0.005752581	0.006474080	0.027700101	0.008988289	0.011325315
-3.95095095	0.003596466	0.005822051	0.006558772	0.028033242	0.009085226	0.011448127
-3.94394394	0.003646158	0.005892402	0.006644614	0.028370203	0.009183290	0.011572360
-3.93693694	0.003696567	0.005963648	0.006731623	0.028711025	0.009282495	0.011698030
-3.92992993	0.003747707	0.006035800	0.006819814	0.029055746	0.009382854	0.011825155
-3.92292292	0.003799587	0.006108870	0.006909205	0.029404408	0.009484384	0.011953752
-3.91591592	0.003852219	0.006182870	0.006999813	0.029757053	0.009587097	0.012083840
-3.90890891	0.003905614	0.006257813	0.007091654	0.030113721	0.009691009	0.012215438
-3.90190190	0.003959784	0.006333712	0.007184746	0.030474454	0.009796134	0.012348563
-3.89489489	0.004014741	0.006410578	0.007279106	0.030839294	0.009902489	0.012483234
-3.88788789	0.004070495	0.006488425	0.007374753	0.031208285	0.010010088	0.012619471
-3.88088088	0.004127060	0.006567266	0.007471704	0.031581467	0.010118947	0.012757293
-3.87387387	0.004184447	0.006647114	0.007569978	0.031958886	0.010229081	0.012896718
-3.86686687	0.004242670	0.006727982	0.007669592	0.032340583	0.010340508	0.013037768
-3.85985986	0.004301740	0.006809886	0.007770567	0.032726603	0.010453242	0.013180461
-3.85285285	0.004361671	0.006892837	0.007872922	0.033116991	0.010567301	0.013324819
-3.84584585	0.004422475	0.006976850	0.007976675	0.033511790	0.010682700	0.013470861
-3.83883884	0.004484167	0.007061940	0.008081847	0.033911046	0.010799458	0.013618609
-3.83183183	0.004546758	0.007148120	0.008188457	0.034314803	0.010917590	0.013768083
-3.82482482	0.004610264	0.007235406	0.008296526	0.034723108	0.011037115	0.013919306
-3.81781782	0.004674697	0.007323812	0.008406074	0.035136007	0.011158050	0.014072298
-3.81081081	0.004740072	0.007413353	0.008517122	0.035553545	0.011280412	0.014227081
-3.80380380	0.004806404	0.007504044	0.008629692	0.035975770	0.011404220	0.014383678
-3.79679680	0.004873707	0.007595901	0.008743805	0.036402728	0.011529493	0.014542111
-3.78978979	0.004941995	0.007688940	0.008859482	0.036834468	0.011656247	0.014702403
-3.78278278	0.005011284	0.007783176	0.008976746	0.037271036	0.011784504	0.014864576
-3.77577578	0.005081588	0.007878626	0.009095619	0.037712481	0.011914280	0.015028655
-3.76876877	0.005152924	0.007975305	0.009216125	0.038158852	0.012045596	0.015194663
-3.76176176	0.005225307	0.008073231	0.009338285	0.038610196	0.012178471	0.015362623
-3.75475475	0.005298753	0.008172420	0.009462123	0.039066564	0.012312926	0.015532561
-3.74774775	0.005373279	0.008272889	0.009587664	0.039528006	0.012448979	0.015704500
-3.74074074	0.005448900	0.008374655	0.009714931	0.039994570	0.012586652	0.015878466
-3.73373373	0.005525634	0.008477736	0.009843949	0.040466308	0.012725965	0.016054484
-3.72672673	0.005603497	0.008582149	0.009974742	0.040943269	0.012866938	0.016232579
-3.71971972	0.005682507	0.008687913	0.010107336	0.041425506	0.013009594	0.016412777
-3.71271271	0.005762682	0.008795046	0.010241756	0.041913069	0.013153954	0.016595105
-3.70570571	0.005844039	0.008903566	0.010378029	0.042406010	0.013300039	0.016779589
-3.69869870	0.005926595	0.009013492	0.010516179	0.042904382	0.013447871	0.016966256
-3.69169169	0.006010371	0.009124842	0.010656234	0.043408236	0.013597473	0.017155134
-3.68468468	0.006095384	0.009237637	0.010798222	0.043917626	0.013748867	0.017346249
-3.67767768	0.006181653	0.009351896	0.010942169	0.044432605	0.013902077	0.017539630
-3.67067067	0.006269198	0.009467639	0.011088103	0.044953226	0.014057126	0.017735305
-3.66366366	0.006358039	0.009584885	0.011236052	0.045479543	0.014214036	0.017933303
-3.65665666	0.006448194	0.009703654	0.011386046	0.046011611	0.014372833	0.018133654
-3.64964965	0.006539685	0.009823969	0.011538112	0.046549484	0.014533541	0.018336386
-3.64264264	0.006632531	0.009945849	0.011692281	0.047093216	0.014696183	0.018541529
-3.63563564	0.006726754	0.010069317	0.011848583	0.047642864	0.014860785	0.018749114
-3.62862863	0.006822375	0.010194392	0.012007047	0.048198483	0.015027373	0.018959171
-3.62162162	0.006919416	0.010321098	0.012167705	0.048760129	0.015195971	0.019171732
-3.61461461	0.007017897	0.010449456	0.012330587	0.049327858	0.015366606	0.019386828
-3.60760761	0.007117842	0.010579489	0.012495726	0.049901727	0.015539304	0.019604490
-3.60060060	0.007219273	0.010711219	0.012663153	0.050481793	0.015714091	0.019824751
-3.59359359	0.007322213	0.010844670	0.012832901	0.051068114	0.015890995	0.020047644
-3.58658659	0.007426686	0.010979865	0.013005004	0.051660746	0.016070043	0.020273201
-3.57957958	0.007532714	0.011116828	0.013179494	0.052259749	0.016251264	0.020501457
-3.57257257	0.007640322	0.011255583	0.013356405	0.052865179	0.016434683	0.020732446
-3.56556557	0.007749534	0.011396154	0.013535773	0.053477097	0.016620332	0.020966201
-3.55855856	0.007860375	0.011538566	0.013717632	0.054095561	0.016808238	0.021202759
-3.55155155	0.007972870	0.011682845	0.013902018	0.054720631	0.016998431	0.021442153
-3.54454454	0.008087046	0.011829015	0.014088966	0.055352366	0.017190940	0.021684420
-3.53753754	0.008202927	0.011977102	0.014278513	0.055990825	0.017385796	0.021929597
-3.53053053	0.008320540	0.012127133	0.014470697	0.056636070	0.017583029	0.022177720
-3.52352352	0.008439912	0.012279134	0.014665555	0.057288161	0.017782670	0.022428826
-3.51651652	0.008561071	0.012433132	0.014863124	0.057947158	0.017984750	0.022682953
-3.50950951	0.008684043	0.012589155	0.015063445	0.058613124	0.018189303	0.022940140
-3.50250250	0.008808858	0.012747230	0.015266556	0.059286119	0.018396358	0.023200425
-3.49549550	0.008935543	0.012907385	0.015472496	0.059966205	0.018605950	0.023463847
-3.48848849	0.009064128	0.013069648	0.015681307	0.060653445	0.018818112	0.023730447
-3.48148148	0.009194642	0.013234049	0.015893029	0.061347900	0.019032877	0.024000264
-3.47447447	0.009327115	0.013400616	0.016107704	0.062049633	0.019250279	0.024273339
-3.46746747	0.009461578	0.013569380	0.016325374	0.062758708	0.019470353	0.024549714
-3.46046046	0.009598061	0.013740371	0.016546082	0.063475187	0.019693134	0.024829431
-3.45345345	0.009736596	0.013913619	0.016769872	0.064199133	0.019918657	0.025112531
-3.44644645	0.009877215	0.014089155	0.016996787	0.064930611	0.020146959	0.025399059
-3.43943944	0.010019949	0.014267010	0.017226872	0.065669684	0.020378076	0.025689058
-3.43243243	0.010164833	0.014447216	0.017460172	0.066416417	0.020612045	0.025982571
-3.42542543	0.010311900	0.014629806	0.017696734	0.067170873	0.020848903	0.026279644
-3.41841842	0.010461182	0.014814813	0.017936604	0.067933118	0.021088689	0.026580323
-3.41141141	0.010612716	0.015002269	0.018179830	0.068703217	0.021331441	0.026884652
-3.40440440	0.010766536	0.015192208	0.018426459	0.069481233	0.021577199	0.027192678
-3.39739740	0.010922678	0.015384665	0.018676540	0.070267234	0.021826002	0.027504450
-3.39039039	0.011081178	0.015579674	0.018930123	0.071061283	0.022077890	0.027820013
-3.38338338	0.011242072	0.015777270	0.019187258	0.071863448	0.022332904	0.028139418
-3.37637638	0.011405398	0.015977488	0.019447995	0.072673793	0.022591085	0.028462712
-3.36936937	0.011571195	0.016180366	0.019712387	0.073492385	0.022852476	0.028789947
-3.36236236	0.011739500	0.016385939	0.019980485	0.074319289	0.023117119	0.029121171
-3.35535536	0.011910352	0.016594246	0.020252343	0.075154574	0.023385057	0.029456436
-3.34834835	0.012083792	0.016805322	0.020528015	0.075998303	0.023656333	0.029795793
-3.34134134	0.012259861	0.017019207	0.020807555	0.076850546	0.023930993	0.030139296
-3.33433433	0.012438598	0.017235940	0.021091018	0.077711367	0.024209081	0.030486997
-3.32732733	0.012620046	0.017455559	0.021378462	0.078580835	0.024490642	0.030838949
-3.32032032	0.012804247	0.017678105	0.021669942	0.079459016	0.024775724	0.031195208
-3.31331331	0.012991244	0.017903618	0.021965517	0.080345977	0.025064372	0.031555829
-3.30630631	0.013181082	0.018132139	0.022265246	0.081241786	0.025356634	0.031920867
-3.29929930	0.013373804	0.018363710	0.022569188	0.082146510	0.025652559	0.032290379
-3.29229229	0.013569455	0.018598372	0.022877403	0.083060215	0.025952195	0.032664422
-3.28528529	0.013768082	0.018836169	0.023189953	0.083982971	0.026255592	0.033043055
-3.27827828	0.013969731	0.019077144	0.023506901	0.084914843	0.026562801	0.033426337
-3.27127127	0.014174450	0.019321341	0.023828308	0.085855900	0.026873871	0.033814327
-3.26426426	0.014382286	0.019568804	0.024154239	0.086806209	0.027188855	0.034207086
-3.25725726	0.014593288	0.019819579	0.024484759	0.087765837	0.027507806	0.034604674
-3.25025025	0.014807507	0.020073712	0.024819934	0.088734852	0.027830776	0.035007155
-3.24324324	0.015024992	0.020331249	0.025159830	0.089713322	0.028157819	0.035414591
-3.23623624	0.015245795	0.020592237	0.025504516	0.090701314	0.028488990	0.035827045
-3.22922923	0.015469967	0.020856725	0.025854060	0.091698895	0.028824344	0.036244583
-3.22222222	0.015697562	0.021124760	0.026208531	0.092706133	0.029163938	0.036667269
-3.21521522	0.015928634	0.021396392	0.026568001	0.093723094	0.029507828	0.037095171
-3.20820821	0.016163237	0.021671672	0.026932540	0.094749847	0.029856073	0.037528355
-3.20120120	0.016401426	0.021950648	0.027302223	0.095786458	0.030208731	0.037966889
-3.19419419	0.016643258	0.022233374	0.027677122	0.096832994	0.030565861	0.038410842
-3.18718719	0.016888790	0.022519901	0.028057313	0.097889521	0.030927523	0.038860284
-3.18018018	0.017138080	0.022810281	0.028442871	0.098956107	0.031293780	0.039315286
-3.17317317	0.017391187	0.023104569	0.028833873	0.100032818	0.031664692	0.039775919
-3.16616617	0.017648171	0.023402818	0.029230398	0.101119719	0.032040323	0.040242256
-3.15915916	0.017909094	0.023705084	0.029632525	0.102216878	0.032420736	0.040714371
-3.15215215	0.018174016	0.024011422	0.030040334	0.103324359	0.032805996	0.041192338
-3.14514515	0.018443002	0.024321890	0.030453906	0.104442229	0.033196169	0.041676232
-3.13813814	0.018716114	0.024636544	0.030873325	0.105570551	0.033591321	0.042166131
-3.13113113	0.018993418	0.024955444	0.031298674	0.106709393	0.033991520	0.042662112
-3.12412412	0.019274980	0.025278647	0.031730038	0.107858817	0.034396834	0.043164252
-3.11711712	0.019560866	0.025606214	0.032167503	0.109018889	0.034807332	0.043672633
-3.11011011	0.019851145	0.025938206	0.032611158	0.110189671	0.035223085	0.044187334
-3.10310310	0.020145886	0.026274684	0.033061090	0.111371229	0.035644164	0.044708436
-3.09609610	0.020445159	0.026615711	0.033517389	0.112563624	0.036070641	0.045236024
-3.08908909	0.020749035	0.026961351	0.033980148	0.113766920	0.036502590	0.045770180
-3.08208208	0.021057587	0.027311666	0.034449459	0.114981178	0.036940085	0.046310989
-3.07507508	0.021370889	0.027666724	0.034925414	0.116206461	0.037383202	0.046858538
-3.06806807	0.021689014	0.028026589	0.035408111	0.117442830	0.037832018	0.047412913
-3.06106106	0.022012040	0.028391329	0.035897644	0.118690345	0.038286609	0.047974203
-3.05405405	0.022340043	0.028761012	0.036394113	0.119949067	0.038747055	0.048542496
-3.04704705	0.022673101	0.029135707	0.036897617	0.121219055	0.039213435	0.049117885
-3.04004004	0.023011295	0.029515483	0.037408255	0.122500368	0.039685831	0.049700460
-3.03303303	0.023354705	0.029900412	0.037926131	0.123793065	0.040164324	0.050290314
-3.02602603	0.023703413	0.030290565	0.038451348	0.125097204	0.040648998	0.050887541
-3.01901902	0.024057502	0.030686015	0.038984012	0.126412840	0.041139938	0.051492237
-3.01201201	0.024417058	0.031086837	0.039524227	0.127740031	0.041637229	0.052104498
-3.00500501	0.024782165	0.031493106	0.040072104	0.129078833	0.042140957	0.052724423
-2.99799800	0.025152913	0.031904896	0.040627750	0.130429299	0.042651212	0.053352109
-2.99099099	0.025529389	0.032322286	0.041191278	0.131791484	0.043168082	0.053987658
-2.98398398	0.025911684	0.032745354	0.041762800	0.133165441	0.043691659	0.054631171
-2.97697698	0.026299889	0.033174178	0.042342431	0.134551222	0.044222033	0.055282751
-2.96996997	0.026694098	0.033608840	0.042930285	0.135948879	0.044759299	0.055942503
-2.96296296	0.027094404	0.034049420	0.043526480	0.137358461	0.045303550	0.056610531
-2.95595596	0.027500904	0.034496003	0.044131137	0.138780018	0.045854883	0.057286943
-2.94894895	0.027913695	0.034948670	0.044744374	0.140213600	0.046413395	0.057971848
-2.94194194	0.028332876	0.035407508	0.045366316	0.141659252	0.046979185	0.058665354
-2.93493493	0.028758548	0.035872602	0.045997085	0.143117021	0.047552353	0.059367574
-2.92792793	0.029190813	0.036344040	0.046636808	0.144586953	0.048132999	0.060078619
-2.92092092	0.029629774	0.036821911	0.047285612	0.146069091	0.048721228	0.060798604
-2.91391391	0.030075537	0.037306305	0.047943627	0.147563478	0.049317143	0.061527643
-2.90690691	0.030528209	0.037797311	0.048610984	0.149070155	0.049920850	0.062265855
-2.89989990	0.030987897	0.038295024	0.049287816	0.150589164	0.050532457	0.063013356
-2.89289289	0.031454714	0.038799537	0.049974258	0.152120543	0.051152072	0.063770268
-2.88588589	0.031928769	0.039310944	0.050670446	0.153664329	0.051779806	0.064536711
-2.87887888	0.032410178	0.039829342	0.051376518	0.155220559	0.052415770	0.065312808
-2.87187187	0.032899056	0.040354829	0.052092616	0.156789268	0.053060079	0.066098683
-2.86486486	0.033395519	0.040887503	0.052818882	0.158370488	0.053712847	0.066894464
-2.85785786	0.033899688	0.041427466	0.053555459	0.159964252	0.054374191	0.067700276
-2.85085085	0.034411682	0.041974818	0.054302495	0.161570591	0.055044229	0.068516250
-2.84384384	0.034931626	0.042529663	0.055060137	0.163189531	0.055723082	0.069342516
-2.83683684	0.035459642	0.043092106	0.055828536	0.164821102	0.056410871	0.070179206
-2.82982983	0.035995858	0.043662253	0.056607843	0.166465327	0.057107720	0.071026455
-2.82282282	0.036540403	0.044240211	0.057398214	0.168122230	0.057813754	0.071884398
-2.81581582	0.037093406	0.044826089	0.058199805	0.169791834	0.058529100	0.072753172
-2.80880881	0.037655001	0.045419998	0.059012774	0.171474157	0.059253887	0.073632917
-2.80180180	0.038225322	0.046022050	0.059837283	0.173169219	0.059988245	0.074523774
-2.79479479	0.038804505	0.046632359	0.060673493	0.174877034	0.060732306	0.075425884
-2.78778779	0.039392688	0.047251039	0.061521570	0.176597618	0.061486206	0.076339392
-2.78078078	0.039990014	0.047878208	0.062381681	0.178330981	0.062250080	0.077264444
-2.77377377	0.040596624	0.048513984	0.063253996	0.180077134	0.063024065	0.078201188
-2.76676677	0.041212663	0.049158486	0.064138685	0.181836085	0.063808303	0.079149773
-2.75975976	0.041838279	0.049811838	0.065035924	0.183607840	0.064602935	0.080110351
-2.75275275	0.042473622	0.050474160	0.065945889	0.185392401	0.065408105	0.081083075
-2.74574575	0.043118842	0.051145580	0.066868757	0.187189769	0.066223958	0.082068099
-2.73873874	0.043774094	0.051826223	0.067804710	0.188999944	0.067050644	0.083065581
-2.73173173	0.044439534	0.052516219	0.068753931	0.190822921	0.067888311	0.084075679
-2.72472472	0.045115321	0.053215696	0.069716606	0.192658695	0.068737112	0.085098554
-2.71771772	0.045801615	0.053924787	0.070692923	0.194507256	0.069597201	0.086134368
-2.71071071	0.046498581	0.054643626	0.071683072	0.196368593	0.070468735	0.087183286
-2.70370370	0.047206383	0.055372348	0.072687246	0.198242692	0.071351871	0.088245474
-2.69669670	0.047925191	0.056111091	0.073705641	0.200129536	0.072246771	0.089321101
-2.68968969	0.048655174	0.056859994	0.074738455	0.202029105	0.073153598	0.090410335
-2.68268268	0.049396507	0.057619198	0.075785888	0.203941379	0.074072516	0.091513351
-2.67567568	0.050149365	0.058388845	0.076848142	0.205866330	0.075003693	0.092630321
-2.66866867	0.050913926	0.059169082	0.077925425	0.207803931	0.075947299	0.093761423
-2.66166166	0.051690372	0.059960055	0.079017943	0.209754151	0.076903506	0.094906833
-2.65465465	0.052478887	0.060761912	0.080125907	0.211716956	0.077872488	0.096066732
-2.64764765	0.053279656	0.061574804	0.081249531	0.213692307	0.078854422	0.097241304
-2.64064064	0.054092869	0.062398885	0.082389032	0.215680165	0.079849487	0.098430730
-2.63363363	0.054918717	0.063234310	0.083544627	0.217680486	0.080857865	0.099635199
-2.62662663	0.055757397	0.064081234	0.084716538	0.219693222	0.081879739	0.100854898
-2.61961962	0.056609103	0.064939817	0.085904989	0.221718322	0.082915297	0.102090018
-2.61261261	0.057474039	0.065810221	0.087110207	0.223755733	0.083964727	0.103340751
-2.60560561	0.058352405	0.066692608	0.088332421	0.225805397	0.085028221	0.104607292
-2.59859860	0.059244409	0.067587144	0.089571864	0.227867253	0.086105974	0.105889838
-2.59159159	0.060150259	0.068493996	0.090828771	0.229941235	0.087198181	0.107188587
-2.58458458	0.061070167	0.069413334	0.092103380	0.232027276	0.088305043	0.108503740
-2.57757758	0.062004349	0.070345330	0.093395932	0.234125302	0.089426762	0.109835501
-2.57057057	0.062953022	0.071290159	0.094706669	0.236235238	0.090563541	0.111184073
-2.56356356	0.063916408	0.072247996	0.096035839	0.238357003	0.091715590	0.112549666
-2.55655656	0.064894731	0.073219021	0.097383691	0.240490513	0.092883117	0.113932488
-2.54954955	0.065888218	0.074203414	0.098750476	0.242635679	0.094066336	0.115332751
-2.54254254	0.066897099	0.075201359	0.100136450	0.244792410	0.095265463	0.116750668
-2.53553554	0.067921608	0.076213042	0.101541871	0.246960608	0.096480716	0.118186455
-2.52852853	0.068961983	0.077238650	0.102966998	0.249140172	0.097712317	0.119640330
-2.52152152	0.070018462	0.078278375	0.104412097	0.251330997	0.098960490	0.121112514
-2.51451451	0.071091291	0.079332408	0.105877433	0.253532974	0.100225462	0.122603229
-2.50750751	0.072180715	0.080400946	0.107363275	0.255745987	0.101507463	0.124112698
-2.50050050	0.073286984	0.081484186	0.108869897	0.257969919	0.102806727	0.125641149
-2.49349349	0.074410353	0.082582328	0.110397573	0.260204645	0.104123489	0.127188809
-2.48648649	0.075551077	0.083695576	0.111946581	0.262450037	0.105457988	0.128755911
-2.47947948	0.076709418	0.084824135	0.113517203	0.264705963	0.106810467	0.130342686
-2.47247247	0.077885638	0.085968212	0.115109723	0.266972285	0.108181170	0.131949369
-2.46546547	0.079080005	0.087128018	0.116724427	0.269248859	0.109570346	0.133576198
-2.45845846	0.080292791	0.088303765	0.118361605	0.271535539	0.110978246	0.135223412
-2.45145145	0.081524268	0.089495671	0.120021550	0.273832170	0.112405124	0.136891251
-2.44444444	0.082774715	0.090703952	0.121704558	0.276138596	0.113851238	0.138579959
-2.43743744	0.084044414	0.091928830	0.123410926	0.278454654	0.115316848	0.140289781
-2.43043043	0.085333649	0.093170528	0.125140957	0.280780174	0.116802218	0.142020964
-2.42342342	0.086642709	0.094429272	0.126894954	0.283114983	0.118307615	0.143773757
-2.41641642	0.087971886	0.095705292	0.128673224	0.285458903	0.119833309	0.145548412
-2.40940941	0.089321476	0.096998820	0.130476076	0.287811747	0.121379574	0.147345181
-2.40240240	0.090691779	0.098310088	0.132303824	0.290173327	0.122946685	0.149164318
-2.39539540	0.092083098	0.099639335	0.134156783	0.292543447	0.124534924	0.151006082
-2.38838839	0.093495740	0.100986801	0.136035270	0.294921904	0.126144573	0.152870730
-2.38138138	0.094930017	0.102352728	0.137939606	0.297308493	0.127775918	0.154758522
-2.37437437	0.096386241	0.103737362	0.139870114	0.299703000	0.129429250	0.156669721
-2.36736737	0.097864732	0.105140950	0.141827120	0.302105206	0.131104860	0.158604591
-2.36036036	0.099365812	0.106563745	0.143810952	0.304514888	0.132803046	0.160563396
-2.35335335	0.100889806	0.108005999	0.145821942	0.306931813	0.134524106	0.162546404
-2.34634635	0.102437045	0.109467971	0.147860422	0.309355746	0.136268343	0.164553883
-2.33933934	0.104007861	0.110949918	0.149926728	0.311786444	0.138036064	0.166586103
-2.33233233	0.105602592	0.112452104	0.152021199	0.314223659	0.139827578	0.168643336
-2.32532533	0.107221578	0.113974794	0.154144173	0.316667134	0.141643197	0.170725854
-2.31831832	0.108865166	0.115518256	0.156295995	0.319116609	0.143483238	0.172833931
-2.31131131	0.110533702	0.117082762	0.158477008	0.321571816	0.145348019	0.174967844
-2.30430430	0.112227539	0.118668584	0.160687559	0.324032481	0.147237864	0.177127867
-2.29729730	0.113947035	0.120276000	0.162927996	0.326498325	0.149153097	0.179314280
-2.29029029	0.115692548	0.121905290	0.165198671	0.328969060	0.151094048	0.181527359
-2.28328328	0.117464442	0.123556736	0.167499935	0.331444393	0.153061049	0.183767386
-2.27627628	0.119263084	0.125230623	0.169832141	0.333924025	0.155054436	0.186034639
-2.26926927	0.121088846	0.126927240	0.172195647	0.336407650	0.157074546	0.188329400
-2.26226226	0.122942103	0.128646878	0.174590807	0.338894953	0.159121722	0.190651951
-2.25525526	0.124823233	0.130389831	0.177017981	0.341385617	0.161196308	0.193002573
-2.24824825	0.126732618	0.132156395	0.179477527	0.343879315	0.163298653	0.195381549
-2.24124124	0.128670643	0.133946870	0.181969807	0.346375714	0.165429106	0.197789161
-2.23423423	0.130637699	0.135761559	0.184495181	0.348874475	0.167588023	0.200225693
-2.22722723	0.132634178	0.137600766	0.187054011	0.351375252	0.169775759	0.202691427
-2.22022022	0.134660476	0.139464800	0.189646661	0.353877691	0.171992675	0.205186645
-2.21321321	0.136716993	0.141353972	0.192273493	0.356381434	0.174239132	0.207711631
-2.20620621	0.138804133	0.143268595	0.194934871	0.358886113	0.176515497	0.210266666
-2.19919920	0.140922301	0.145208985	0.197631157	0.361391356	0.178822137	0.212852031
-2.19219219	0.143071907	0.147175462	0.200362716	0.363896782	0.181159422	0.215468008
-2.18518519	0.145253365	0.149168345	0.203129910	0.366402004	0.183527727	0.218114875
-2.17817818	0.147467090	0.151187960	0.205933102	0.368906630	0.185927426	0.220792912
-2.17117117	0.149713502	0.153234634	0.208772654	0.371410258	0.188358898	0.223502395
-2.16416416	0.151993022	0.155308695	0.211648925	0.373912482	0.190822523	0.226243601
-2.15715716	0.154306076	0.157410474	0.214562277	0.376412887	0.193318683	0.229016804
-2.15015015	0.156653091	0.159540307	0.217513065	0.378911053	0.195847763	0.231822275
-2.14314314	0.159034497	0.161698529	0.220501648	0.381406552	0.198410148	0.234660286
-2.13613614	0.161450728	0.163885479	0.223528378	0.383898951	0.201006229	0.237531102
-2.12912913	0.163902219	0.166101499	0.226593608	0.386387808	0.203636393	0.240434991
-2.12212212	0.166389408	0.168346930	0.229697687	0.388872676	0.206301034	0.243372213
-2.11511512	0.168912734	0.170622119	0.232840961	0.391353101	0.209000543	0.246343029
-2.10810811	0.171472639	0.172927412	0.236023773	0.393828622	0.211735315	0.249347693
-2.10110110	0.174069567	0.175263160	0.239246461	0.396298772	0.214505745	0.252386457
-2.09409409	0.176703964	0.177629712	0.242509363	0.398763078	0.217312230	0.255459571
-2.08708709	0.179376278	0.180027422	0.245812807	0.401221059	0.220155165	0.258567277
-2.08008008	0.182086955	0.182456645	0.249157121	0.403672229	0.223034948	0.261709815
-2.07307307	0.184836447	0.184917736	0.252542624	0.406116095	0.225951976	0.264887419
-2.06606607	0.187625204	0.187411053	0.255969634	0.408552159	0.228906648	0.268100318
-2.05905906	0.190453677	0.189936955	0.259438457	0.410979915	0.231899360	0.271348735
-2.05205205	0.193322320	0.192495802	0.262949398	0.413398853	0.234930510	0.274632888
-2.04504505	0.196231584	0.195087956	0.266502752	0.415808455	0.238000494	0.277952988
-2.03803804	0.199181922	0.197713778	0.270098808	0.418208199	0.241109708	0.281309240
-2.03103103	0.202173787	0.200373631	0.273737844	0.420597555	0.244258545	0.284701839
-2.02402402	0.205207632	0.203067880	0.277420133	0.422975990	0.247447398	0.288130976
-2.01701702	0.208283907	0.205796889	0.281145939	0.425342963	0.250676659	0.291596833
-2.01001001	0.211403065	0.208561022	0.284915512	0.427697930	0.253946715	0.295099581
-2.00300300	0.214565553	0.211360643	0.288729097	0.430040340	0.257257953	0.298639386
-1.99599600	0.217771821	0.214196119	0.292586924	0.432369637	0.260610757	0.302216401
-1.98898899	0.221022315	0.217067813	0.296489214	0.434685260	0.264005505	0.305830772
-1.98198198	0.224317478	0.219976089	0.300436176	0.436986643	0.267442576	0.309482633
-1.97497497	0.227657752	0.222921311	0.304428003	0.439273217	0.270922340	0.313172106
-1.96796797	0.231043575	0.225903842	0.308464879	0.441544406	0.274445165	0.316899304
-1.96096096	0.234475383	0.228924044	0.312546970	0.443799630	0.278011416	0.320664325
-1.95395395	0.237953607	0.231982276	0.316674428	0.446038306	0.281621448	0.324467258
-1.94694695	0.241478675	0.235078898	0.320847390	0.448259846	0.285275613	0.328308175
-1.93993994	0.245051008	0.238214267	0.325065976	0.450463659	0.288974257	0.332187135
-1.93293293	0.248671026	0.241388738	0.329330288	0.452649149	0.292717718	0.336104185
-1.92592593	0.252339140	0.244602664	0.333640410	0.454815717	0.296506325	0.340059353
-1.91891892	0.256055756	0.247856394	0.337996407	0.456962760	0.300340402	0.344052655
-1.91191191	0.259821274	0.251150275	0.342398324	0.459089674	0.304220263	0.348084085
-1.90490490	0.263636087	0.254484651	0.346846184	0.461195850	0.308146211	0.352153626
-1.89789790	0.267500580	0.257859862	0.351339990	0.463280677	0.312118541	0.356261239
-1.89089089	0.271415129	0.261276244	0.355879719	0.465343542	0.316137536	0.360406866
-1.88388388	0.275380103	0.264734129	0.360465328	0.467383830	0.320203469	0.364590432
-1.87687688	0.279395859	0.268233843	0.365096745	0.469400921	0.324316599	0.368811839
-1.86986987	0.283462747	0.271775709	0.369773874	0.471394198	0.328477174	0.373070969
-1.86286286	0.287581104	0.275360042	0.374496593	0.473363039	0.332685427	0.377367682
-1.85585586	0.291751257	0.278987153	0.379264749	0.475306822	0.336941577	0.381701814
-1.84884885	0.295973520	0.282657346	0.384078161	0.477224924	0.341245827	0.386073179
-1.84184184	0.300248193	0.286370917	0.388936618	0.479116722	0.345598364	0.390481565
-1.83483483	0.304575565	0.290128155	0.393839875	0.480981591	0.349999358	0.394926735
-1.82782783	0.308955909	0.293929344	0.398787657	0.482818907	0.354448961	0.399408425
-1.82082082	0.313389482	0.297774755	0.403779653	0.484628046	0.358947304	0.403926343
-1.81381381	0.317876526	0.301664653	0.408815516	0.486408384	0.363494499	0.408480169
-1.80680681	0.322417266	0.305599292	0.413894862	0.488159299	0.368090639	0.413069554
-1.79979980	0.327011908	0.309578918	0.419017272	0.489880167	0.372735790	0.417694117
-1.79279279	0.331660641	0.313603765	0.424182283	0.491570370	0.377429999	0.422353448
-1.78578579	0.336363631	0.317674054	0.429389395	0.493229287	0.382173284	0.427047102
-1.77877878	0.341121027	0.321789997	0.434638062	0.494856302	0.386965640	0.431774600
-1.77177177	0.345932953	0.325951793	0.439927698	0.496450801	0.391807035	0.436535431
-1.76476476	0.350799511	0.330159625	0.445257669	0.498012171	0.396697407	0.441329044
-1.75775776	0.355720780	0.334413665	0.450627296	0.499539803	0.401636664	0.446154855
-1.75075075	0.360696812	0.338714069	0.456035853	0.501033092	0.406624685	0.451012240
-1.74374374	0.365727635	0.343060978	0.461482561	0.502491436	0.411661314	0.455900535
-1.73673674	0.370813247	0.347454515	0.466966593	0.503914236	0.416746362	0.460819036
-1.72972973	0.375953619	0.351894789	0.472487070	0.505300899	0.421879606	0.465766998
-1.72272272	0.381148691	0.356381888	0.478043056	0.506650836	0.427060783	0.470743632
-1.71571572	0.386398373	0.360915884	0.483633562	0.507963463	0.432289593	0.475748107
-1.70870871	0.391702540	0.365496827	0.489257542	0.509238201	0.437565696	0.480779543
-1.70170170	0.397061036	0.370124747	0.494913889	0.510474477	0.442888709	0.485837017
-1.69469469	0.402473667	0.374799654	0.500601439	0.511671724	0.448258208	0.490919558
-1.68768769	0.407940203	0.379521534	0.506318965	0.512829382	0.453673721	0.496026143
-1.68068068	0.413460378	0.384290349	0.512065176	0.513946898	0.459134729	0.501155703
-1.67367367	0.419033883	0.389106039	0.517838720	0.515023725	0.464640666	0.506307114
-1.66666667	0.424660370	0.393968516	0.523638174	0.516059323	0.470190913	0.511479203
-1.65965966	0.430339446	0.398877667	0.529462051	0.517053164	0.475784801	0.516670740
-1.65265265	0.436070676	0.403833350	0.535308795	0.518004722	0.481421604	0.521880442
-1.64564565	0.441853578	0.408835395	0.541176779	0.518913486	0.487100542	0.527106969
-1.63863864	0.447687622	0.413883601	0.547064302	0.519778948	0.492820773	0.532348924
-1.63163163	0.453572230	0.418977738	0.552969595	0.520600615	0.498581398	0.537604852
-1.62462462	0.459506770	0.424117541	0.558890811	0.521377999	0.504381454	0.542873238
-1.61761762	0.465490561	0.429302714	0.564826027	0.522110625	0.510219914	0.548152506
-1.61061061	0.471522866	0.434532922	0.570773247	0.522798027	0.516095682	0.553441019
-1.60360360	0.477602890	0.439807799	0.576730393	0.523439751	0.522007596	0.558737078
-1.59659660	0.483729782	0.445126936	0.582695312	0.524035352	0.527954422	0.564038918
-1.58958959	0.489902631	0.450489890	0.588665767	0.524584399	0.533934853	0.569344711
-1.58258258	0.496120464	0.455896175	0.594639442	0.525086471	0.539947506	0.574652563
-1.57557558	0.502382243	0.461345262	0.600613942	0.525541160	0.545990921	0.579960513
-1.56856857	0.508686867	0.466836583	0.606586784	0.525948069	0.552063560	0.585266534
-1.56156156	0.515033166	0.472369521	0.612555407	0.526306817	0.558163800	0.590568530
-1.55455455	0.521419902	0.477943415	0.618517164	0.526617033	0.564289936	0.595864337
-1.54754755	0.527845763	0.483557556	0.624469324	0.526878360	0.570440177	0.601151721
-1.54054054	0.534309369	0.489211187	0.630409072	0.527090456	0.576612644	0.606428378
-1.53353353	0.540809259	0.494903499	0.636333509	0.527252991	0.582805365	0.611691935
-1.52652653	0.547343901	0.500633629	0.642239650	0.527365653	0.589016280	0.616939947
-1.51951952	0.553911680	0.506400664	0.648124427	0.527428140	0.595243230	0.622169899
-1.51251251	0.560510903	0.512203632	0.653984686	0.527440168	0.601483963	0.627379205
-1.50550551	0.567139793	0.518041506	0.659817191	0.527401468	0.607736126	0.632565206
-1.49849850	0.573796490	0.523913200	0.665618622	0.527311785	0.613997266	0.637725176
-1.49149149	0.580479046	0.529817566	0.671385575	0.527170880	0.620264829	0.642856313
-1.48448448	0.587185428	0.535753396	0.677114567	0.526978531	0.626536158	0.647955749
-1.47747748	0.593913510	0.541719417	0.682802033	0.526734532	0.632808486	0.653020542
-1.47047047	0.600661078	0.547714290	0.688444327	0.526438692	0.639078943	0.658047682
-1.46346346	0.607425822	0.553736611	0.694037730	0.526090838	0.645344549	0.663034092
-1.45645646	0.614205340	0.559784905	0.699578441	0.525690814	0.651602214	0.667976623
-1.44944945	0.620997133	0.565857629	0.705062589	0.525238479	0.657848736	0.672872062
-1.44244244	0.627798603	0.571953165	0.710486231	0.524733713	0.664080802	0.677717128
-1.43543544	0.634607056	0.578069824	0.715845352	0.524176409	0.670294984	0.682508478
-1.42842843	0.641419694	0.584205840	0.721135873	0.523566480	0.676487743	0.687242703
-1.42142142	0.648233622	0.590359371	0.726353648	0.522903857	0.682655422	0.691916335
-1.41441441	0.655045838	0.596528496	0.731494471	0.522188488	0.688794251	0.696525845
-1.40740741	0.661853239	0.602711214	0.736554081	0.521420338	0.694900345	0.701067647
-1.40040040	0.668652616	0.608905443	0.741528161	0.520599392	0.700969703	0.705538101
-1.39339339	0.675440658	0.615109016	0.746412342	0.519725653	0.706998210	0.709933514
-1.38638639	0.682213944	0.621319684	0.751202212	0.518799140	0.712981635	0.714250141
-1.37937938	0.688968948	0.627535111	0.755893317	0.517819893	0.718915637	0.718484192
-1.37237237	0.695702039	0.633752873	0.760481166	0.516787969	0.724795758	0.722631835
-1.36536537	0.702409476	0.639970460	0.764961235	0.515703444	0.730617432	0.726689192
-1.35835836	0.709087415	0.646185268	0.769328975	0.514566412	0.736375982	0.730652355
-1.35135135	0.715731902	0.652394607	0.773579814	0.513376985	0.742066626	0.734517376
-1.34434434	0.722338879	0.658595692	0.777709166	0.512135295	0.747684473	0.738280283
-1.33733734	0.728904179	0.664785645	0.781712435	0.510841492	0.753224532	0.741937077
-1.33033033	0.735423534	0.670961496	0.785585022	0.509495743	0.758681713	0.745483739
-1.32332332	0.741892570	0.677120179	0.789322329	0.508098236	0.764050828	0.748916234
-1.31631632	0.748306811	0.683258533	0.792919772	0.506649175	0.769326597	0.752230516
-1.30930931	0.754661679	0.689373303	0.796372779	0.505148784	0.774503654	0.755422535
-1.30230230	0.760952497	0.695461134	0.799676805	0.503597304	0.779576547	0.758488240
-1.29529530	0.767174491	0.701518578	0.802827335	0.501994995	0.784539748	0.761423584
-1.28828829	0.773322791	0.707542089	0.805819893	0.500342135	0.789387652	0.764224534
-1.28128128	0.779392436	0.713528023	0.808650050	0.498639020	0.794114592	0.766887072
-1.27427427	0.785378375	0.719472641	0.811313430	0.496885964	0.798714837	0.769407204
-1.26726727	0.791275468	0.725372108	0.813805721	0.495083297	0.803182603	0.771780966
-1.26026026	0.797078494	0.731222490	0.816122679	0.493231369	0.807512060	0.774004432
-1.25325325	0.802782154	0.737019761	0.818260140	0.491330547	0.811697338	0.776073717
-1.24624625	0.808381072	0.742759800	0.820214027	0.489381212	0.815732538	0.777984988
-1.23923924	0.813869800	0.748438390	0.821980359	0.487383767	0.819611737	0.779734467
-1.23223223	0.819242828	0.754051225	0.823555258	0.485338629	0.823329002	0.781318444
-1.22522523	0.824494581	0.759593906	0.824934956	0.483246230	0.826878394	0.782733277
-1.21821822	0.829619432	0.765061946	0.826115810	0.481107023	0.830253984	0.783975405
-1.21121121	0.834611700	0.770450770	0.827094302	0.478921472	0.833449857	0.785041355
-1.20420420	0.839465666	0.775755718	0.827867054	0.476690061	0.836460129	0.785927746
-1.19719720	0.844175569	0.780972046	0.828430831	0.474413287	0.839278954	0.786631299
-1.19019019	0.848735621	0.786094932	0.828782553	0.472091664	0.841900540	0.787148847
-1.18318318	0.853140008	0.791119473	0.828919303	0.469725721	0.844319156	0.787477337
-1.17617618	0.857382903	0.796040696	0.828838330	0.467316000	0.846529147	0.787613842
-1.16916917	0.861458470	0.800853554	0.828537062	0.464863059	0.848524949	0.787555568
-1.16216216	0.865360873	0.805552933	0.828013112	0.462367470	0.850301099	0.787299859
-1.15515516	0.869084284	0.810133655	0.827264282	0.459829820	0.851852247	0.786844209
-1.14814815	0.872622895	0.814590485	0.826288574	0.457250708	0.853173177	0.786186262
-1.14114114	0.875970922	0.818918131	0.825084193	0.454630746	0.854258809	0.785323828
-1.13413413	0.879122618	0.823111251	0.823649556	0.451970561	0.855104226	0.784254881
-1.12712713	0.882072280	0.827164458	0.821983295	0.449270790	0.855704677	0.782977574
-1.12012012	0.884814262	0.831072327	0.820084265	0.446532085	0.856055598	0.781490239
-1.11311311	0.887342982	0.834829397	0.817951546	0.443755108	0.856152622	0.779791395
-1.10610611	0.889652935	0.838430179	0.815584449	0.440940532	0.855991597	0.777879757
-1.09909910	0.891738700	0.841869163	0.812982522	0.438089044	0.855568595	0.775754238
-1.09209209	0.893594954	0.845140823	0.810145548	0.435201339	0.854879931	0.773413954
-1.08508509	0.895216479	0.848239623	0.807073554	0.432278124	0.853922171	0.770858231
-1.07807808	0.896598179	0.851160026	0.803766809	0.429320115	0.852692150	0.768086611
-1.07107107	0.897735084	0.853896503	0.800225827	0.426328039	0.851186982	0.765098849
-1.06406406	0.898622365	0.856443534	0.796451370	0.423302631	0.849404076	0.761894924
-1.05705706	0.899255343	0.858795622	0.792444446	0.420244637	0.847341140	0.758475038
-1.05005005	0.899629503	0.860947300	0.788206310	0.417154810	0.844996204	0.754839622
-1.04304304	0.899740501	0.862893137	0.783738466	0.414033910	0.842367620	0.750989332
-1.03603604	0.899584178	0.864627748	0.779042661	0.410882708	0.839454078	0.746925058
-1.02902903	0.899156569	0.866145802	0.774120889	0.407701979	0.836254615	0.742647917
-1.02202202	0.898453913	0.867442035	0.768975384	0.404492509	0.832768622	0.738159262
-1.01501502	0.897472666	0.868511251	0.763608618	0.401255088	0.828995853	0.733460674
-1.00800801	0.896209508	0.869348340	0.758023301	0.397990512	0.824936429	0.728553966
-1.00100100	0.894661355	0.869948282	0.752222373	0.394699584	0.820590848	0.723441180
-0.99399399	0.892825368	0.870306159	0.746209002	0.391383113	0.815959987	0.718124584
-0.98698699	0.890698961	0.870417162	0.739986577	0.388041912	0.811045107	0.712606673
-0.97997998	0.888279812	0.870276606	0.733558703	0.384676800	0.805847852	0.706890161
-0.97297297	0.885565870	0.869879936	0.726929198	0.381288600	0.800370256	0.700977980
-0.96596597	0.882555362	0.869222737	0.720102080	0.377878138	0.794614740	0.694873275
-0.95895896	0.879246804	0.868300747	0.713081566	0.374446246	0.788584110	0.688579400
-0.95195195	0.875639003	0.867109862	0.705872064	0.370993758	0.782281556	0.682099911
-0.94494494	0.871731068	0.865646154	0.698478162	0.367521510	0.775710648	0.675438559
-0.93793794	0.867522413	0.863905873	0.690904621	0.364030343	0.768875332	0.668599288
-0.93093093	0.863012762	0.861885462	0.683156369	0.360521100	0.761779923	0.661586220
-0.92392392	0.858202157	0.859581567	0.675238490	0.356994624	0.754429096	0.654403657
-0.91691692	0.853090959	0.856991044	0.667156218	0.353451761	0.746827879	0.647056064
-0.90990991	0.847679850	0.854110971	0.658914923	0.349893359	0.738981645	0.639548067
-0.90290290	0.841969843	0.850938659	0.650520109	0.346320266	0.730896095	0.631884439
-0.89589590	0.835962273	0.847471660	0.641977397	0.342733331	0.722577250	0.624070095
-0.88888889	0.829658808	0.843707776	0.633292521	0.339133404	0.714031438	0.616110080
-0.88188188	0.823061446	0.839645070	0.624471319	0.335521335	0.705265276	0.608009562
-0.87487487	0.816172515	0.835281875	0.615519719	0.331897973	0.696285656	0.599773815
-0.86786787	0.808994672	0.830616802	0.606443737	0.328264167	0.687099729	0.591408220
-0.86086086	0.801530903	0.825648750	0.597249462	0.324620765	0.677714885	0.582918243
-0.85385385	0.793784522	0.820376915	0.587943048	0.320968616	0.668138740	0.574309432
-0.84684685	0.785759167	0.814800797	0.578530710	0.317308564	0.658379109	0.565587406
-0.83983984	0.777458796	0.808920208	0.569018711	0.313641455	0.648443994	0.556757840
-0.83283283	0.768887689	0.802735283	0.559413355	0.309968131	0.638341560	0.547826462
-0.82582583	0.760050437	0.796246486	0.549720982	0.306289432	0.628080113	0.538799036
-0.81881882	0.750951945	0.789454617	0.539947955	0.302606197	0.617668085	0.529681355
-0.81181181	0.741597420	0.782360818	0.530100660	0.298919262	0.607114006	0.520479233
-0.80480480	0.731992373	0.774966585	0.520185495	0.295229460	0.596426488	0.511198493
-0.79779780	0.722142609	0.767273771	0.510208865	0.291537620	0.585614203	0.501844961
-0.79079079	0.712054224	0.759284592	0.500177177	0.287844569	0.574685860	0.492424453
-0.78378378	0.701733597	0.751001638	0.490096835	0.284151131	0.563650189	0.482942772
-0.77677678	0.691187387	0.742427873	0.479974234	0.280458125	0.552515918	0.473405698
-0.76976977	0.680422527	0.733566648	0.469815758	0.276766367	0.541291755	0.463818983
-0.76276276	0.669446217	0.724421699	0.459627774	0.273076669	0.529986369	0.454188342
-0.75575576	0.658265917	0.714997163	0.449416633	0.269389837	0.518608376	0.444519451
-0.74874875	0.646889348	0.705297571	0.439188664	0.265706675	0.507166316	0.434817941
-0.74174174	0.635324478	0.695327866	0.428950171	0.262027981	0.495668647	0.425089395
-0.73473473	0.623579525	0.685093397	0.418707438	0.258354548	0.484123724	0.415339343
-0.72772773	0.611662947	0.674599934	0.408466720	0.254687165	0.472539791	0.405573265
-0.72072072	0.599583441	0.663853664	0.398234249	0.251026616	0.460924968	0.395796583
-0.71371371	0.587349940	0.652861204	0.388016231	0.247373677	0.449287246	0.386014670
-0.70670671	0.574971605	0.641629598	0.377818844	0.243729121	0.437634477	0.376232843
-0.69969970	0.562457828	0.630166327	0.367648245	0.240093714	0.425974370	0.366456371
-0.69269269	0.549818228	0.618479313	0.357510567	0.236468218	0.414314494	0.356690476
-0.68568569	0.537062648	0.606576918	0.347411918	0.232853387	0.402662268	0.346940338
-0.67867868	0.524201157	0.594467954	0.337358390	0.229249969	0.391024973	0.337211100
-0.67167167	0.511244045	0.582161683	0.327356051	0.225658707	0.379409753	0.327507877
-0.66466466	0.498201831	0.569667823	0.317410956	0.222080335	0.367823622	0.317835761
-0.65765766	0.485085255	0.556996548	0.307529142	0.218515582	0.356273478	0.308199833
-0.65065065	0.471905284	0.544158492	0.297716633	0.214965171	0.344766112	0.298605170
-0.64364364	0.458673113	0.531164750	0.287979440	0.211429817	0.333308228	0.289056858
-0.63663664	0.445400167	0.518026883	0.278323564	0.207910226	0.321906460	0.279560005
-0.62962963	0.432098099	0.504756915	0.268754994	0.204407099	0.310567396	0.270119753
-0.62262262	0.418778800	0.491367332	0.259279711	0.200921129	0.299297600	0.260741289
-0.61561562	0.405454390	0.477871086	0.249903682	0.197453001	0.288103645	0.251429864
-0.60860861	0.392137227	0.464281588	0.240632867	0.194003392	0.276992137	0.242190806
-0.60160160	0.378839907	0.450612705	0.231473210	0.190572972	0.265969755	0.233029534
-0.59459459	0.365575258	0.436878757	0.222430641	0.187162400	0.255043284	0.223951575
-0.58758759	0.352356346	0.423094510	0.213511069	0.183772331	0.244219649	0.214962578
-0.58058058	0.339196464	0.409275164	0.204720380	0.180403407	0.233505962	0.206068330
-0.57357357	0.326109135	0.395436346	0.196064430	0.177056265	0.222909557	0.197274772
-0.56656657	0.313108099	0.381594092	0.187549036	0.173731529	0.212438036	0.188588007
-0.55955956	0.300207306	0.367764837	0.179179969	0.170429819	0.202099307	0.180014316
-0.55255255	0.287420903	0.353965388	0.170962944	0.167151741	0.191901627	0.171560170
-0.54554555	0.274763217	0.340212908	0.162903606	0.163897894	0.181853640	0.163232232
-0.53853854	0.262248736	0.326524883	0.155007517	0.160668866	0.171964417	0.155037366
-0.53153153	0.249892082	0.312919098	0.147280141	0.157465237	0.162243483	0.146982641
-0.52452452	0.237707986	0.299413596	0.139726826	0.154287574	0.152700848	0.139075322
-0.51751752	0.225711251	0.286026642	0.132352785	0.151136437	0.143347023	0.131322871
-0.51051051	0.213916712	0.272776677	0.125163078	0.148012373	0.134193032	0.123732931
-0.50350350	0.202339188	0.259682266	0.118162583	0.144915919	0.125250410	0.116313311
-0.49649650	0.190993434	0.246762048	0.111355978	0.141847601	0.116531185	0.109071960
-0.48948949	0.179894078	0.234034666	0.104747710	0.138807934	0.108047851	0.102016937
-0.48248248	0.169055557	0.221518706	0.098341973	0.135797420	0.099813317	0.095156375
-0.47547548	0.158492042	0.209232620	0.092142675	0.132816553	0.091840831	0.088498430
-0.46846847	0.148217360	0.197194645	0.086153407	0.129865811	0.084143891	0.082051227
-0.46146146	0.138244904	0.185422721	0.080377419	0.126945662	0.076736116	0.075822799
-0.45445445	0.128587544	0.173934392	0.074817581	0.124056560	0.069631102	0.069821004
-0.44744745	0.119257522	0.162746712	0.069476355	0.121198950	0.062842238	0.064053451
-0.44044044	0.110266351	0.151876139	0.064355765	0.118373259	0.056382490	0.058527400
-0.43343343	0.101624703	0.141338427	0.059457364	0.115579904	0.050264164	0.053249660
-0.42642643	0.093342295	0.131148510	0.054782203	0.112819289	0.044498620	0.048226483
-0.41941942	0.085427776	0.121320385	0.050330804	0.110091802	0.039095976	0.043463440
-0.41241241	0.077888606	0.111866992	0.046103136	0.107397819	0.034064772	0.038965299
-0.40540541	0.070730946	0.102800093	0.042098584	0.104737701	0.029411627	0.034735898
-0.39839840	0.063959541	0.094130149	0.038315936	0.102111794	0.025140875	0.030778012
-0.39139139	0.057577618	0.085866199	0.034753361	0.099520430	0.021254208	0.027093226
-0.38438438	0.051586781	0.078015744	0.031408395	0.096963927	0.017750339	0.023681810
-0.37737738	0.045986932	0.070584634	0.028277936	0.094442586	0.014624685	0.020542604
-0.37037037	0.040776189	0.063576963	0.025358240	0.091956693	0.011869113	0.017672912
-0.36336336	0.035950831	0.056994974	0.022644922	0.089506519	0.009471754	0.015068420
-0.35635636	0.031505262	0.050838977	0.020132967	0.087092318	0.007416923	0.012723128
-0.34934935	0.027431991	0.045107283	0.017816742	0.084714328	0.005685154	0.010629322
-0.34234234	0.023721646	0.039796151	0.015690025	0.082372773	0.004253392	0.008777570
-0.33533534	0.020363008	0.034899759	0.013746030	0.080067855	0.003095346	0.007156756
-0.32832833	0.017343079	0.030410201	0.011977445	0.077799765	0.002182026	0.005754168
-0.32132132	0.014647181	0.026317502	0.010376474	0.075568674	0.001482470	0.004555621
-0.31431431	0.012259083	0.022609669	0.008934896	0.073374734	0.000964639	0.003545636
-0.30730731	0.010161168	0.019272764	0.007644112	0.071218083	0.000596460	0.002707667
-0.30030030	0.008334622	0.016291017	0.006495219	0.069098840	0.000346961	0.002024377
-0.29329329	0.006759662	0.013646961	0.005479074	0.067017104	0.000187412	0.001477956
-0.28628629	0.005415780	0.011321613	0.004586369	0.064972960	0.000092385	0.001050474
-0.27927928	0.004282015	0.009294672	0.003807711	0.062966471	0.000040589	0.000724261
-0.27227227	0.003337244	0.007544758	0.003133701	0.060997685	0.000015370	0.000482294
-0.26526527	0.002560474	0.006049670	0.002555016	0.059066628	0.000004777	0.000308575
-0.25825826	0.001931139	0.004786679	0.002062491	0.057173311	0.000001129	0.000188475
-0.25125125	0.001429395	0.003732825	0.001647196	0.055317724	0.000000179	0.000109026
-0.24424424	0.001036386	0.002865236	0.001300514	0.053499839	0.000000015	0.000059133
-0.23723724	0.000734497	0.002161444	0.001014210	0.051719609	0.000000000	0.000029687
-0.23023023	0.000507557	0.001599701	0.000780498	0.049976970	0.000000000	0.000013565
-0.22322322	0.000341008	0.001159278	0.000592089	0.048271836	0.000000000	0.000005516
-0.21621622	0.000222016	0.000820737	0.000442247	0.046604105	0.000000000	0.000001935
-0.20920921	0.000139523	0.000566169	0.000324813	0.044973655	0.000000000	0.000000560
-0.20220220	0.000084244	0.000379389	0.000234236	0.043380345	0.000000000	0.000000125
-0.19519520	0.000048603	0.000246071	0.000165579	0.041824016	0.000000000	0.000000019
-0.18818819	0.000026615	0.000153824	0.000114518	0.040304491	0.000000000	0.000000002
-0.18118118	0.000013722	0.000092210	0.000077327	0.038821573	0.000000000	0.000000000
-0.17417417	0.000006595	0.000052682	0.000050853	0.037375048	0.000000000	0.000000000
-0.16716717	0.000002917	0.000028475	0.000032480	0.035964683	0.000000000	0.000000000
-0.16016016	0.000001169	0.000014427	0.000020083	0.034590227	0.000000000	0.000000000
-0.15315315	0.000000416	0.000006773	0.000011976	0.033251413	0.000000000	0.000000000
-0.14614615	0.000000128	0.000002904	0.000006858	0.031947953	0.000000000	0.000000000
-0.13913914	0.000000033	0.000001116	0.000003751	0.030679546	0.000000000	0.000000000
-0.13213213	0.000000007	0.000000375	0.000001948	0.029445871	0.000000000	0.000000000
-0.12512513	0.000000001	0.000000106	0.000000953	0.028246592	0.000000000	0.000000000
-0.11811812	0.000000000	0.000000024	0.000000436	0.027081355	0.000000000	0.000000000
-0.11111111	0.000000000	0.000000004	0.000000184	0.025949792	0.000000000	0.000000000
-0.10410410	0.000000000	0.000000000	0.000000071	0.024851518	0.000000000	0.000000000
-0.09709710	0.000000000	0.000000000	0.000000024	0.023786133	0.000000000	0.000000000
-0.09009009	0.000000000	0.000000000	0.000000007	0.022753223	0.000000000	0.000000000
-0.08308308	0.000000000	0.000000000	0.000000002	0.021752360	0.000000000	0.000000000
-0.07607608	0.000000000	0.000000000	0.000000000	0.020783101	0.000000000	0.000000000
-0.06906907	0.000000000	0.000000000	0.000000000	0.019844991	0.000000000	0.000000000
-0.06206206	0.000000000	0.000000000	0.000000000	0.018937561	0.000000000	0.000000000
-0.05505506	0.000000000	0.000000000	0.000000000	0.018060330	0.000000000	0.000000000
-0.04804805	0.000000000	0.000000000	0.000000000	0.017212808	0.000000000	0.000000000
-0.04104104	0.000000000	0.000000000	0.000000000	0.016394490	0.000000000	0.000000000
-0.03403403	0.000000000	0.000000000	0.000000000	0.015604862	0.000000000	0.000000000
-0.02702703	0.000000000	0.000000000	0.000000000	0.014843403	0.000000000	0.000000000
-0.02002002	0.000000000	0.000000000	0.000000000	0.014109578	0.000000000	0.000000000
-0.01301301	0.000000000	0.000000000	0.000000000	0.013402847	0.000000000	0.000000000
-0.00600601	0.000000000	0.000000000	0.000000000	0.012722662	0.000000000	0.000000000
0.00100100	0.000000000	0.000000000	0.000000000	0.012068465	0.000000000	0.000000000
0.00800801	0.000000000	0.000000000	0.000000000	0.011439696	0.000000000	0.000000000
0.01501502	0.000000000	0.000000000	0.000000000	0.010835785	0.000000000	0.000000000
0.02202202	0.000000000	0.000000000	0.000000000	0.010256158	0.000000000	0.000000000
0.02902903	0.000000000	0.000000000	0.000000000	0.009700240	0.000000000	0.000000000
0.03603604	0.000000000	0.000000000	0.000000000	0.009167448	0.000000000	0.000000000
0.04304304	0.000000000	0.000000000	0.000000000	0.008657197	0.000000000	0.000000000
0.05005005	0.000000000	0.000000000	0.000000000	0.008168903	0.000000000	0.000000000
0.05705706	0.000000000	0.000000000	0.000000000	0.007701976	0.000000000	0.000000000
0.06406406	0.000000000	0.000000000	0.000000000	0.007255829	0.000000000	0.000000000
0.07107107	0.000000000	0.000000000	0.000000000	0.006829873	0.000000000	0.000000000
0.07807808	0.000000000	0.000000000	0.000000000	0.006423520	0.000000000	0.000000000
0.08508509	0.000000000	0.000000000	0.000000000	0.006036184	0.000000000	0.000000000
0.09209209	0.000000000	0.000000000	0.000000000	0.005667279	0.000000000	0.000000000
0.09909910	0.000000000	0.000000000	0.000000000	0.005316226	0.000000000	0.000000000
0.10610611	0.000000000	0.000000000	0.000000000	0.004982445	0.000000000	0.000000000
0.11311311	0.000000000	0.000000000	0.000000000	0.004665362	0.000000000	0.000000000
0.12012012	0.000000000	0.000000000	0.000000000	0.004364409	0.000000000	0.000000000
0.12712713	0.000000000	0.000000000	0.000000000	0.004079021	0.000000000	0.000000000
0.13413413	0.000000000	0.000000000	0.000000000	0.003808640	0.000000000	0.000000000
0.14114114	0.000000000	0.000000000	0.000000000	0.003552715	0.000000000	0.000000000
0.14814815	0.000000000	0.000000000	0.000000000	0.003310703	0.000000000	0.000000000
0.15515516	0.000000000	0.000000000	0.000000000	0.003082065	0.000000000	0.000000000
0.16216216	0.000000000	0.000000000	0.000000000	0.002866275	0.000000000	0.000000000
0.16916917	0.000000000	0.000000000	0.000000000	0.002662813	0.000000000	0.000000000
0.17617618	0.000000000	0.000000000	0.000000000	0.002471167	0.000000000	0.000000000
0.18318318	0.000000000	0.000000000	0.000000000	0.002290838	0.000000000	0.000000000
0.19019019	0.000000000	0.000000000	0.000000000	0.002121334	0.000000000	0.000000000
0.19719720	0.000000000	0.000000000	0.000000000	0.001962176	0.000000000	0.000000000
0.20420420	0.000000000	0.000000000	0.000000000	0.001812893	0.000000000	0.000000000
0.21121121	0.000000000	0.000000000	0.000000000	0.001673027	0.000000000	0.000000000
0.21821822	0.000000000	0.000000000	0.000000000	0.001542131	0.000000000	0.000000000
0.22522523	0.000000000	0.000000000	0.000000000	0.001419770	0.000000000	0.000000000
0.23223223	0.000000000	0.000000000	0.000000000	0.001305520	0.000000000	0.000000000
0.23923924	0.000000000	0.000000000	0.000000000	0.001198969	0.000000000	0.000000000
0.24624625	0.000000000	0.000000000	0.000000000	0.001099719	0.000000000	0.000000000
0.25325325	0.000000000	0.000000000	0.000000000	0.001007383	0.000000000	0.000000000
0.26026026	0.000000000	0.000000000	0.000000000	0.000921585	0.000000000	0.000000000
0.26726727	0.000000000	0.000000000	0.000000000	0.000841966	0.000000000	0.000000000
0.27427427	0.000000000	0.000000000	0.000000000	0.000768175	0.000000000	0.000000000
0.28128128	0.000000000	0.000000000	0.000000000	0.000699876	0.000000000	0.000000000
0.28828829	0.000000000	0.000000000	0.000000000	0.000636746	0.000000000	0.000000000
0.29529530	0.000000000	0.000000000	0.000000000	0.000578474	0.000000000	0.000000000
0.30230230	0.000000000	0.000000000	0.000000000	0.000524760	0.000000000	0.000000000
0.30930931	0.000000000	0.000000000	0.000000000	0.000475319	0.000000000	0.000000000
0.31631632	0.000000000	0.000000000	0.000000000	0.000429877	0.000000000	0.000000000
0.32332332	0.000000000	0.000000000	0.000000000	0.000388173	0.000000000	0.000000000
0.33033033	0.000000000	0.000000000	0.000000000	0.000349956	0.000000000	0.000000000
0.33733734	0.000000000	0.000000000	0.000000000	0.000314990	0.000000000	0.000000000
0.34434434	0.000000000	0.000000000	0.000000000	0.000283047	0.000000000	0.000000000
0.35135135	0.000000000	0.000000000	0.000000000	0.000253914	0.000000000	0.000000000
0.35835836	0.000000000	0.000000000	0.000000000	0.000227387	0.000000000	0.000000000
0.36536537	0.000000000	0.000000000	0.000000000	0.000203272	0.000000000	0.000000000
0.37237237	0.000000000	0.000000000	0.000000000	0.000181388	0.000000000	0.000000000
0.37937938	0.000000000	0.000000000	0.000000000	0.000161563	0.000000000	0.000000000
0.38638639	0.000000000	0.000000000	0.000000000	0.000143635	0.000000000	0.000000000
0.39339339	0.000000000	0.000000000	0.000000000	0.000127452	0.000000000	0.000000000
0.40040040	0.000000000	0.000000000	0.000000000	0.000112871	0.000000000	0.000000000
0.40740741	0.000000000	0.000000000	0.000000000	0.000099759	0.000000000	0.000000000
0.41441441	0.000000000	0.000000000	0.000000000	0.000087990	0.000000000	0.000000000
0.42142142	0.000000000	0.000000000	0.000000000	0.000077448	0.000000000	0.000000000
0.42842843	0.000000000	0.000000000	0.000000000	0.000068023	0.000000000	0.000000000
0.43543544	0.000000000	0.000000000	0.000000000	0.000059616	0.000000000	0.000000000
0.44244244	0.000000000	0.000000000	0.000000000	0.000052131	0.000000000	0.000000000
0.44944945	0.000000000	0.000000000	0.000000000	0.000045481	0.000000000	0.000000000
0.45645646	0.000000000	0.000000000	0.000000000	0.000039588	0.000000000	0.000000000
0.46346346	0.000000000	0.000000000	0.000000000	0.000034376	0.000000000	0.000000000
0.47047047	0.000000000	0.000000000	0.000000000	0.000029777	0.000000000	0.000000000
0.47747748	0.000000000	0.000000000	0.000000000	0.000025729	0.000000000	0.000000000
0.48448448	0.000000000	0.000000000	0.000000000	0.000022175	0.000000000	0.000000000
0.49149149	0.000000000	0.000000000	0.000000000	0.000019062	0.000000000	0.000000000
0.49849850	0.000000000	0.000000000	0.000000000	0.000016341	0.000000000	0.000000000
0.50550551	0.000000000	0.000000000	0.000000000	0.000013971	0.000000000	0.000000000
0.51251251	0.000000000	0.000000000	0.000000000	0.000011911	0.000000000	0.000000000
0.51951952	0.000000000	0.000000000	0.000000000	0.000010125	0.000000000	0.000000000
0.52652653	0.000000000	0.000000000	0.000000000	0.000008582	0.000000000	0.000000000
0.53353353	0.000000000	0.000000000	0.000000000	0.000007251	0.000000000	0.000000000
0.54054054	0.000000000	0.000000000	0.000000000	0.000006108	0.000000000	0.000000000
0.54754755	0.000000000	0.000000000	0.000000000	0.000005129	0.000000000	0.000000000
0.55455455	0.000000000	0.000000000	0.000000000	0.000004293	0.000000000	0.000000000
0.56156156	0.000000000	0.000000000	0.000000000	0.000003581	0.000000000	0.000000000
0.56856857	0.000000000	0.000000000	0.000000000	0.000002976	0.000000000	0.000000000
0.57557558	0.000000000	0.000000000	0.000000000	0.000002465	0.000000000	0.000000000
0.58258258	0.000000000	0.000000000	0.000000000	0.000002035	0.000000000	0.000000000
0.58958959	0.000000000	0.000000000	0.000000000	0.000001673	0.000000000	0.000000000
0.59659660	0.000000000	0.000000000	0.000000000	0.000001370	0.000000000	0.000000000
0.60360360	0.000000000	0.000000000	0.000000000	0.000001118	0.000000000	0.000000000
0.61061061	0.000000000	0.000000000	0.000000000	0.000000908	0.000000000	0.000000000
0.61761762	0.000000000	0.000000000	0.000000000	0.000000735	0.000000000	0.000000000
0.62462462	0.000000000	0.000000000	0.000000000	0.000000592	0.000000000	0.000000000
0.63163163	0.000000000	0.000000000	0.000000000	0.000000475	0.000000000	0.000000000
0.63863864	0.000000000	0.000000000	0.000000000	0.000000379	0.000000000	0.000000000
0.64564565	0.000000000	0.000000000	0.000000000	0.000000301	0.000000000	0.000000000
0.65265265	0.000000000	0.000000000	0.000000000	0.000000238	0.000000000	0.000000000
0.65965966	0.000000000	0.000000000	0.000000000	0.000000188	0.000000000	0.000000000
0.66666667	0.000000000	0.000000000	0.000000000	0.000000147	0.000000000	0.000000000
0.67367367	0.000000000	0.000000000	0.000000000	0.000000114	0.000000000	0.000000000
0.68068068	0.000000000	0.000000000	0.000000000	0.000000089	0.000000000	0.000000000
0.68768769	0.000000000	0.000000000	0.000000000	0.000000068	0.000000000	0.000000000
0.69469469	0.000000000	0.000000000	0.000000000	0.000000052	0.000000000	0.000000000
0.70170170	0.000000000	0.000000000	0.000000000	0.000000040	0.000000000	0.000000000
0.70870871	0.000000000	0.000000000	0.000000000	0.000000030	0.000000000	0.000000000
0.71571572	0.000000000	0.000000000	0.000000000	0.000000023	0.000000000	0.000000000
0.72272272	0.000000000	0.000000000	0.000000000	0.000000017	0.000000000	0.000000000
0.72972973	0.000000000	0.000000000	0.000000000	0.000000013	0.000000000	0.000000000
0.73673674	0.000000000	0.000000000	0.000000000	0.000000009	0.000000000	0.000000000
0.74374374	0.000000000	0.000000000	0.000000000	0.000000007	0.000000000	0.000000000
0.75075075	0.000000000	0.000000000	0.000000000	0.000000005	0.000000000	0.000000000
0.75775776	0.000000000	0.000000000	0.000000000	0.000000004	0.000000000	0.000000000
0.76476476	0.000000000	0.000000000	0.000000000	0.000000003	0.000000000	0.000000000
0.77177177	0.000000000	0.000000000	0.000000000	0.000000002	0.000000000	0.000000000
0.77877878	0.000000000	0.000000000	0.000000000	0.000000001	0.000000000	0.000000000
0.78578579	0.000000000	0.000000000	0.000000000	0.000000001	0.000000000	0.000000000
0.79279279	0.000000000	0.000000000	0.000000000	0.000000001	0.000000000	0.000000000
0.79979980	0.000000000	0.000000000	0.000000000	0.000000000	0.000000000	0.000000000
0.80680681	0.000000000	0.000000000	0.000000000	0.000000000	0.000000000	0.000000000
0.81381381	0.000000000	0.000000000	0.000000000	0.000000000	0.000000000	0.000000000
0.82082082	0.000000000	0.000000000	0.000000000	0.000000000	0.000000000	0.000000000
0.82782783	0.000000000	0.000000000	0.000000000	0.000000000	0.000000000	0.000000000
0.83483483	0.000000000	0.000000000	0.000000000	0.000000000	0.000000000	0.000000000
0.84184184	0.000000000	0.000000000	0.000000000	0.000000000	0.000000000	0.000000000
0.84884885	0.000000000	0.000000000	0.000000000	0.000000000	0.000000000	0.000000000
0.85585586	0.000000000	0.000000000	0.000000000	0.000000000	0.000000000	0.000000000
0.86286286	0.000000000	0.000000000	0.000000000	0.000000000	0.000000000	0.000000000
0.86986987	0.000000000	0.000000000	0.000000000	0.000000000	0.000000000	0.000000000
0.87687688	0.000000000	0.000000000	0.000000000	0.000000000	0.000000000	0.000000000
0.88388388	0.000000000	0.000000000	0.000000000	0.000000000	0.000000000	0.000000000
0.89089089	0.000000000	0.000000000	0.000000000	0.000000000	0.000000000	0.000000000
0.89789790	0.000000000	0.000000000	0.000000000	0.000000000	0.000000000	0.000000000
0.90490490	0.000000000	0.000000000	0.000000000	0.000000000	0.000000000	0.000000000
0.91191191	0.000000000	0.000000000	0.000000000	0.000000000	0.000000000	0.000000000
0.91891892	0.000000000	0.000000000	0.000000000	0.000000000	0.000000000	0.000000000
0.92592593	0.000000000	0.000000000	0.000000000	0.000000000	0.000000000	0.000000000
0.93293293	0.000000000	0.000000000	0.000000000	0.000000000	0.000000000	0.000000000
0.93993994	0.000000000	0.000000000	0.000000000	0.000000000	0.000000000	0.000000000
0.94694695	0.000000000	0.000000000	0.000000000	0.000000000	0.000000000	0.000000000
0.95395395	0.000000000	0.000000000	0.000000000	0.000000000	0.000000000	0.000000000
0.96096096	0.000000000	0.000000000	0.000000000	0.000000000	0.000000000	0.000000000
0.96796797	0.000000000	0.000000000	0.000000000	0.000000000	0.000000000	0.000000000
0.97497497	0.000000000	0.000000000	0.000000000	0.000000000	0.000000000	0.000000000
0.98198198	0.000000000	0.000000000	0.000000000	0.000000000	0.000000000	0.000000000
0.98898899	0.000000000	0.000000000	0.000000000	0.000000000	0.000000000	0.000000000
0.99599600	0.000000000	0.000000000	0.000000000	0.000000000	0.000000000	0.000000000
1.00300300	0.000000000	0.000000000	0.000000000	0.000000000	0.000000000	0.000000000
1.01001001	0.000000000	0.000000000	0.000000000	0.000000000	0.000000000	0.000000000
1.01701702	0.000000000	0.000000000	0.000000000	0.000000000	0.000000000	0.000000000
1.02402402	0.000000000	0.000000000	0.000000000	0.000000000	0.000000000	0.000000000
1.03103103	0.000000000	0.000000000	0.000000000	0.000000000	0.000000000	0.000000000
1.03803804	0.000000000	0.000000000	0.000000000	0.000000000	0.000000000	0.000000000
1.04504505	0.000000000	0.000000000	0.000000000	0.000000000	0.000000000	0.000000000
1.05205205	0.000000000	0.000000000	0.000000000	0.000000000	0.000000000	0.000000000
1.05905906	0.000000000	0.000000000	0.000000000	0.000000000	0.000000000	0.000000000
1.06606607	0.000000000	0.000000000	0.000000000	0.000000000	0.000000000	0.000000000
1.07307307	0.000000000	0.000000000	0.000000000	0.000000000	0.000000000	0.000000000
1.08008008	0.000000000	0.000000000	0.000000000	0.000000000	0.000000000	0.000000000
1.08708709	0.000000000	0.000000000	0.000000000	0.000000000	0.000000000	0.000000000
1.09409409	0.000000000	0.000000000	0.000000000	0.000000000	0.000000000	0.000000000
1.10110110	0.000000000	0.000000000	0.000000000	0.000000000	0.000000000	0.000000000
1.10810811	0.000000000	0.000000000	0.000000000	0.000000000	0.000000000	0.000000000
1.11511512	0.000000000	0.000000000	0.000000000	0.000000000	0.000000000	0.000000000
1.12212212	0.000000000	0.000000000	0.000000000	0.000000000	0.000000000	0.000000000
1.12912913	0.000000000	0.000000000	0.000000000	0.000000000	0.000000000	0.000000000
1.13613614	0.000000000	0.000000000	0.000000000	0.000000000	0.000000000	0.000000000
1.14314314	0.000000000	0.000000000	0.000000000	0.000000000	0.000000000	0.000000000
1.15015015	0.000000000	0.000000000	0.000000000	0.000000000	0.000000000	0.000000000
1.15715716	0.000000000	0.000000000	0.000000000	0.000000000	0.000000000	0.000000000
1.16416416	0.000000000	0.000000000	0.000000000	0.000000000	0.000000000	0.000000000
1.17117117	0.000000000	0.000000000	0.000000000	0.000000000	0.000000000	0.000000000
1.17817818	0.000000000	0.000000000	0.000000000	0.000000000	0.000000000	0.000000000
1.18518519	0.000000000	0.000000000	0.000000000	0.000000000	0.000000000	0.000000000
1.19219219	0.000000000	0.000000000	0.000000000	0.000000000	0.000000000	0.000000000
1.19919920	0.000000000	0.000000000	0.000000000	0.000000000	0.000000000	0.000000000
1.20620621	0.000000000	0.000000000	0.000000000	0.000000000	0.000000000	0.000000000
1.21321321	0.000000000	0.000000000	0.000000000	0.000000000	0.000000000	0.000000000
1.22022022	0.000000000	0.000000000	0.000000000	0.000000000	0.000000000	0.000000000
1.22722723	0.000000000	0.000000000	0.000000000	0.000000000	0.000000000	0.000000000
1.23423423	0.000000000	0.000000000	0.000000000	0.000000000	0.000000000	0.000000000
1.24124124	0.000000000	0.000000000	0.000000000	0.000000000	0.000000000	0.000000000
1.24824825	0.000000000	0.000000000	0.000000000	0.000000000	0.000000000	0.000000000
1.25525526	0.000000000	0.000000000	0.000000000	0.000000000	0.000000000	0.000000000
1.26226226	0.000000000	0.000000000	0.000000000	0.000000000	0.000000000	0.000000000
1.26926927	0.000000000	0.000000000	0.000000000	0.000000000	0.000000000	0.000000000
1.27627628	0.000000000	0.000000000	0.000000000	0.000000000	0.000000000	0.000000000
1.28328328	0.000000000	0.000000000	0.000000000	0.000000000	0.000000000	0.000000000
1.29029029	0.000000000	0.000000000	0.000000000	0.000000000	0.000000000	0.000000000
1.29729730	0.000000000	0.000000000	0.000000000	0.000000000	0.000000000	0.000000000
1.30430430	0.000000000	0.000000000	0.000000000	0.000000000	0.000000000	0.000000000
1.31131131	0.000000000	0.000000000	0.000000000	0.000000000	0.000000000	0.000000000
1.31831832	0.000000000	0.000000000	0.000000000	0.000000000	0.000000000	0.000000000
1.32532533	0.000000000	0.000000000	0.000000000	0.000000000	0.000000000	0.000000000
1.33233233	0.000000000	0.000000000	0.000000000	0.000000000	0.000000000	0.000000000
1.33933934	0.000000000	0.000000000	0.000000000	0.000000000	0.000000000	0.000000000
1.34634635	0.000000000	0.000000000	0.000000000	0.000000000	0.000000000	0.000000000
1.35335335	0.000000000	0.000000000	0.000000000	0.000000000	0.000000000	0.000000000
1.36036036	0.000000000	0.000000000	0.000000000	0.000000000	0.000000000	0.000000000
1.36736737	0.000000000	0.000000000	0.000000000	0.000000000	0.000000000	0.000000000
1.37437437	0.000000000	0.000000000	0.000000000	0.000000000	0.000000000	0.000000000
1.38138138	0.000000000	0.000000000	0.000000000	0.000000000	0.000000000	0.000000000
1.38838839	0.000000000	0.000000000	0.000000000	0.000000000	0.000000000	0.000000000
1.39539540	0.000000000	0.000000000	0.000000000	0.000000000	0.000000000	0.000000000
1.40240240	0.000000000	0.000000000	0.000000000	0.000000000	0.000000000	0.000000000
1.40940941	0.000000000	0.000000000	0.000000000	0.000000000	0.000000000	0.000000000
1.41641642	0.000000000	0.000000000	0.000000000	0.000000000	0.000000000	0.000000000
1.42342342	0.000000000	0.000000000	0.000000000	0.000000000	0.000000000	0.000000000
1.43043043	0.000000000	0.000000000	0.000000000	0.000000000	0.000000000	0.000000000
1.43743744	0.000000000	0.000000000	0.000000000	0.000000000	0.000000000	0.000000000
1.44444444	0.000000000	0.000000000	0.000000000	0.000000000	0.000000000	0.000000000
1.45145145	0.000000000	0.000000000	0.000000000	0.000000000	0.000000000	0.000000000
1.45845846	0.000000000	0.000000000	0.000000000	0.000000000	0.000000000	0.000000000
1.46546547	0.000000000	0.000000000	0.000000000	0.000000000	0.000000000	0.000000000
1.47247247	0.000000000	0.000000000	0.000000000	0.000000000	0.000000000	0.000000000
1.47947948	0.000000000	0.000000000	0.000000000	0.000000000	0.000000000	0.000000000
1.48648649	0.000000000	0.000000000	0.000000000	0.000000000	0.000000000	0.000000000
1.49349349	0.000000000	0.000000000	0.000000000	0.000000000	0.000000000	0.000000000
1.50050050	0.000000000	0.000000000	0.000000000	0.000000000	0.000000000	0.000000000
1.50750751	0.000000000	0.000000000	0.000000000	0.000000000	0.000000000	0.000000000
1.51451451	0.000000000	0.000000000	0.000000000	0.000000000	0.000000000	0.000000000
1.52152152	0.000000000	0.000000000	0.000000000	0.000000000	0.000000000	0.000000000
1.52852853	0.000000000	0.000000000	0.000000000	0.000000000	0.000000000	0.000000000
1.53553554	0.000000000	0.000000000	0.000000000	0.000000000	0.000000000	0.000000000
1.54254254	0.000000000	0.000000000	0.000000000	0.000000000	0.000000000	0.000000000
1.54954955	0.000000000	0.000000000	0.000000000	0.000000000	0.000000000	0.000000000
1.55655656	0.000000000	0.000000000	0.000000000	0.000000000	0.000000000	0.000000000
1.56356356	0.000000000	0.000000000	0.000000000	0.000000000	0.000000000	0.000000000
1.57057057	0.000000000	0.000000000	0.000000000	0.000000000	0.000000000	0.000000000
1.57757758	0.000000000	0.000000000	0.000000000	0.000000000	0.000000000	0.000000000
1.58458458	0.000000000	0.000000000	0.000000000	0.000000000	0.000000000	0.000000000
1.59159159	0.000000000	0.000000000	0.000000000	0.000000000	0.000000000	0.000000000
1.59859860	0.000000000	0.000000000	0.000000000	0.000000000	0.000000000	0.000000000
1.60560561	0.000000000	0.000000000	0.000000000	0.000000000	0.000000000	0.000000000
1.61261261	0.000000000	0.000000000	0.000000000	0.000000000	0.000000000	0.000000000
1.61961962	0.000000000	0.000000000	0.000000000	0.000000000	0.000000000	0.000000000
1.62662663	0.000000000	0.000000000	0.000000000	0.000000000	0.000000000	0.000000000
1.63363363	0.000000000	0.000000000	0.000000000	0.000000000	0.000000000	0.000000000
1.64064064	0.000000000	0.000000000	0.000000000	0.000000000	0.000000000	0.000000000
1.64764765	0.000000000	0.000000000	0.000000000	0.000000000	0.000000000	0.000000000
1.65465465	0.000000000	0.000000000	0.000000000	0.000000000	0.000000000	0.000000000
1.66166166	0.000000000	0.000000000	0.000000000	0.000000000	0.000000000	0.000000000
1.66866867	0.000000000	0.000000000	0.000000000	0.000000000	0.000000000	0.000000000
1.67567568	0.000000000	0.000000000	0.000000000	0.000000000	0.000000000	0.000000000
1.68268268	0.000000000	0.000000000	0.000000000	0.000000000	0.000000000	0.000000000
1.68968969	0.000000000	0.000000000	0.000000000	0.000000000	0.000000000	0.000000000
1.69669670	0.000000000	0.000000000	0.000000000	0.000000000	0.000000000	0.000000000
1.70370370	0.000000000	0.000000000	0.000000000	0.000000000	0.000000000	0.000000000
1.71071071	0.000000000	0.000000000	0.000000000	0.000000000	0.000000000	0.000000000
1.71771772	0.000000000	0.000000000	0.000000000	0.000000000	0.000000000	0.000000000
1.72472472	0.000000000	0.000000000	0.000000000	0.000000000	0.000000000	0.000000000
1.73173173	0.000000000	0.000000000	0.000000000	0.000000000	0.000000000	0.000000000
1.73873874	0.000000000	0.000000000	0.000000000	0.000000000	0.000000000	0.000000000
1.74574575	0.000000000	0.000000000	0.000000000	0.000000000	0.000000000	0.000000000
1.75275275	0.000000000	0.000000000	0.000000000	0.000000000	0.000000000	0.000000000
1.75975976	0.000000000	0.000000000	0.000000000	0.000000000	0.000000000	0.000000000
1.76676677	0.000000000	0.000000000	0.000000000	0.000000000	0.000000000	0.000000000
1.77377377	0.000000000	0.000000000	0.000000000	0.000000000	0.000000000	0.000000000
1.78078078	0.000000000	0.000000000	0.000000000	0.000000000	0.000000000	0.000000000
1.78778779	0.000000000	0.000000000	0.000000000	0.000000000	0.000000000	0.000000000
1.79479479	0.000000000	0.000000000	0.000000000	0.000000000	0.000000000	0.000000000
1.80180180	0.000000000	0.000000000	0.000000000	0.000000000	0.000000000	0.000000000
1.80880881	0.000000000	0.000000000	0.000000000	0.000000000	0.000000000	0.000000000
1.81581582	0.000000000	0.000000000	0.000000000	0.000000000	0.000000000	0.000000000
1.82282282	0.000000000	0.000000000	0.000000000	0.000000000	0.000000000	0.000000000
1.82982983	0.000000000	0.000000000	0.000000000	0.000000000	0.000000000	0.000000000
1.83683684	0.000000000	0.000000000	0.000000000	0.000000000	0.000000000	0.000000000
1.84384384	0.000000000	0.000000000	0.000000000	0.000000000	0.000000000	0.000000000
1.85085085	0.000000000	0.000000000	0.000000000	0.000000000	0.000000000	0.000000000
1.85785786	0.000000000	0.000000000	0.000000000	0.000000000	0.000000000	0.000000000
1.86486486	0.000000000	0.000000000	0.000000000	0.000000000	0.000000000	0.000000000
1.87187187	0.000000000	0.000000000	0.000000000	0.000000000	0.000000000	0.000000000
1.87887888	0.000000000	0.000000000	0.000000000	0.000000000	0.000000000	0.000000000
1.88588589	0.000000000	0.000000000	0.000000000	0.000000000	0.000000000	0.000000000
1.89289289	0.000000000	0.000000000	0.000000000	0.000000000	0.000000000	0.000000000
1.89989990	0.000000000	0.000000000	0.000000000	0.000000000	0.000000000	0.000000000
1.90690691	0.000000000	0.000000000	0.000000000	0.000000000	0.000000000	0.000000000
1.91391391	0.000000000	0.000000000	0.000000000	0.000000000	0.000000000	0.000000000
1.92092092	0.000000000	0.000000000	0.000000000	0.000000000	0.000000000	0.000000000
1.92792793	0.000000000	0.000000000	0.000000000	0.000000000	0.000000000	0.000000000
1.93493493	0.000000000	0.000000000	0.000000000	0.000000000	0.000000000	0.000000000
1.94194194	0.000000000	0.000000000	0.000000000	0.000000000	0.000000000	0.000000000
1.94894895	0.000000000	0.000000000	0.000000000	0.000000000	0.000000000	0.000000000
1.95595596	0.000000000	0.000000000	0.000000000	0.000000000	0.000000000	0.000000000
1.96296296	0.000000000	0.000000000	0.000000000	0.000000000	0.000000000	0.000000000
1.96996997	0.000000000	0.000000000	0.000000000	0.000000000	0.000000000	0.000000000
1.97697698	0.000000000	0.000000000	0.000000000	0.000000000	0.000000000	0.000000000
1.98398398	0.000000000	0.000000000	0.000000000	0.000000000	0.000000000	0.000000000
1.99099099	0.000000000	0.000000000	0.000000000	0.000000000	0.000000000	0.000000000
1.99799800	0.000000000	0.000000000	0.000000000	0.000000000	0.000000000	0.000000000
2.00500501	0.000000000	0.000000000	0.000000000	0.000000000	0.000000000	0.000000000
2.01201201	0.000000000	0.000000000	0.000000000	0.000000000	0.000000000	0.000000000
2.01901902	0.000000000	0.000000000	0.000000000	0.000000000	0.000000000	0.000000000
2.02602603	0.000000000	0.000000000	0.000000000	0.000000000	0.000000000	0.000000000
2.03303303	0.000000000	0.000000000	0.000000000	0.000000000	0.000000000	0.000000000
2.04004004	0.000000000	0.000000000	0.000000000	0.000000000	0.000000000	0.000000000
2.04704705	0.000000000	0.000000000	0.000000000	0.000000000	0.000000000	0.000000000
2.05405405	0.000000000	0.000000000	0.000000000	0.000000000	0.000000000	0.000000000
2.06106106	0.000000000	0.000000000	0.000000000	0.000000000	0.000000000	0.000000000
2.06806807	0.000000000	0.000000000	0.000000000	0.000000000	0.000000000	0.000000000
2.07507508	0.000000000	0.000000000	0.000000000	0.000000000	0.000000000	0.000000000
2.08208208	0.000000000	0.000000000	0.000000000	0.000000000	0.000000000	0.000000000
2.08908909	0.000000000	0.000000000	0.000000000	0.000000000	0.000000000	0.000000000
2.09609610	0.000000000	0.000000000	0.000000000	0.000000000	0.000000000	0.000000000
2.10310310	0.000000000	0.000000000	0.000000000	0.000000000	0.000000000	0.000000000
2.11011011	0.000000000	0.000000000	0.000000000	0.000000000	0.000000000	0.000000000
2.11711712	0.000000000	0.000000000	0.000000000	0.000000000	0.000000000	0.000000000
2.12412412	0.000000000	0.000000000	0.000000000	0.000000000	0.000000000	0.000000000
2.13113113	0.000000000	0.000000000	0.000000000	0.000000000	0.000000000	0.000000000
2.13813814	0.000000000	0.000000000	0.000000000	0.000000000	0.000000000	0.000000000
2.14514515	0.000000000	0.000000000	0.000000000	0.000000000	0.000000000	0.000000000
2.15215215	0.000000000	0.000000000	0.000000000	0.000000000	0.000000000	0.000000000
2.15915916	0.000000000	0.000000000	0.000000000	0.000000000	0.000000000	0.000000000
2.16616617	0.000000000	0.000000000	0.000000000	0.000000000	0.000000000	0.000000000
2.17317317	0.000000000	0.000000000	0.000000000	0.000000000	0.000000000	0.000000000
2.18018018	0.000000000	0.000000000	0.000000000	0.000000000	0.000000000	0.000000000
2.18718719	0.000000000	0.000000000	0.000000000	0.000000000	0.000000000	0.000000000
2.19419419	0.000000000	0.000000000	0.000000000	0.000000000	0.000000000	0.000000000
2.20120120	0.000000000	0.000000000	0.000000000	0.000000000	0.000000000	0.000000000
2.20820821	0.000000000	0.000000000	0.000000000	0.000000000	0.000000000	0.000000000
2.21521522	0.000000000	0.000000000	0.000000000	0.000000000	0.000000000	0.000000000
2.22222222	0.000000000	0.000000000	0.000000000	0.000000000	0.000000000	0.000000000
2.22922923	0.000000000	0.000000000	0.000000000	0.000000000	0.000000000	0.000000000
2.23623624	0.000000000	0.000000000	0.000000000	0.000000000	0.000000000	0.000000000
2.24324324	0.000000000	0.000000000	0.000000000	0.000000000	0.000000000	0.000000000
2.25025025	0.000000000	0.000000000	0.000000000	0.000000000	0.000000000	0.000000000
2.25725726	0.000000000	0.000000000	0.000000000	0.000000000	0.000000000	0.000000000
2.26426426	0.000000000	0.000000000	0.000000000	0.000000000	0.000000000	0.000000000
2.27127127	0.000000000	0.000000000	0.000000000	0.000000000	0.000000000	0.000000000
2.27827828	0.000000000	0.000000000	0.000000000	0.000000000	0.000000000	0.000000000
2.28528529	0.000000000	0.000000000	0.000000000	0.000000000	0.000000000	0.000000000
2.29229229	0.000000000	0.000000000	0.000000000	0.000000000	0.000000000	0.000000000
2.29929930	0.000000000	0.000000000	0.000000000	0.000000000	0.000000000	0.000000000
2.30630631	0.000000000	0.000000000	0.000000000	0.000000000	0.000000000	0.000000000
2.31331331	0.000000000	0.000000000	0.000000000	0.000000000	0.000000000	0.000000000
2.32032032	0.000000000	0.000000000	0.000000000	0.000000000	0.000000000	0.000000000
2.32732733	0.000000000	0.000000000	0.000000000	0.000000000	0.000000000	0.000000000
2.33433433	0.000000000	0.000000000	0.000000000	0.000000000	0.000000000	0.000000000
2.34134134	0.000000000	0.000000000	0.000000000	0.000000000	0.000000000	0.000000000
2.34834835	0.000000000	0.000000000	0.000000000	0.000000000	0.000000000	0.000000000
2.35535536	0.000000000	0.000000000	0.000000000	0.000000000	0.000000000	0.000000000
2.36236236	0.000000000	0.000000000	0.000000000	0.000000000	0.000000000	0.000000000
2.36936937	0.000000000	0.000000000	0.000000000	0.000000000	0.000000000	0.000000000
2.37637638	0.000000000	0.000000000	0.000000000	0.000000000	0.000000000	0.000000000
2.38338338	0.000000000	0.000000000	0.000000000	0.000000000	0.000000000	0.000000000
2.39039039	0.000000000	0.000000000	0.000000000	0.000000000	0.000000000	0.000000000
2.39739740	0.000000000	0.000000000	0.000000000	0.000000000	0.000000000	0.000000000
2.40440440	0.000000000	0.000000000	0.000000000	0.000000000	0.000000000	0.000000000
2.41141141	0.000000000	0.000000000	0.000000000	0.000000000	0.000000000	0.000000000
2.41841842	0.000000000	0.000000000	0.000000000	0.000000000	0.000000000	0.000000000
2.42542543	0.000000000	0.000000000	0.000000000	0.000000000	0.000000000	0.000000000
2.43243243	0.000000000	0.000000000	0.000000000	0.000000000	0.000000000	0.000000000
2.43943944	0.000000000	0.000000000	0.000000000	0.000000000	0.000000000	0.000000000
2.44644645	0.000000000	0.000000000	0.000000000	0.000000000	0.000000000	0.000000000
2.45345345	0.000000000	0.000000000	0.000000000	0.000000000	0.000000000	0.000000000
2.46046046	0.000000000	0.000000000	0.000000000	0.000000000	0.000000000	0.000000000
2.46746747	0.000000000	0.000000000	0.000000000	0.000000000	0.000000000	0.000000000
2.47447447	0.000000000	0.000000000	0.000000000	0.000000000	0.000000000	0.000000000
2.48148148	0.000000000	0.000000000	0.000000000	0.000000000	0.000000000	0.000000000
2.48848849	0.000000000	0.000000000	0.000000000	0.000000000	0.000000000	0.000000000
2.49549550	0.000000000	0.000000000	0.000000000	0.000000000	0.000000000	0.000000000
2.50250250	0.000000000	0.000000000	0.000000000	0.000000000	0.000000000	0.000000000
2.50950951	0.000000000	0.000000000	0.000000000	0.000000000	0.000000000	0.000000000
2.51651652	0.000000000	0.000000000	0.000000000	0.000000000	0.000000000	0.000000000
2.52352352	0.000000000	0.000000000	0.000000000	0.000000000	0.000000000	0.000000000
2.53053053	0.000000000	0.000000000	0.000000000	0.000000000	0.000000000	0.000000000
2.53753754	0.000000000	0.000000000	0.000000000	0.000000000	0.000000000	0.000000000
2.54454454	0.000000000	0.000000000	0.000000000	0.000000000	0.000000000	0.000000000
2.55155155	0.000000000	0.000000000	0.000000000	0.000000000	0.000000000	0.000000000
2.55855856	0.000000000	0.000000000	0.000000000	0.000000000	0.000000000	0.000000000
2.56556557	0.000000000	0.000000000	0.000000000	0.000000000	0.000000000	0.000000000
2.57257257	0.000000000	0.000000000	0.000000000	0.000000000	0.000000000	0.000000000
2.57957958	0.000000000	0.000000000	0.000000000	0.000000000	0.000000000	0.000000000
2.58658659	0.000000000	0.000000000	0.000000000	0.000000000	0.000000000	0.000000000
2.59359359	0.000000000	0.000000000	0.000000000	0.000000000	0.000000000	0.000000000
2.60060060	0.000000000	0.000000000	0.000000000	0.000000000	0.000000000	0.000000000
2.60760761	0.000000000	0.000000000	0.000000000	0.000000000	0.000000000	0.000000000
2.61461461	0.000000000	0.000000000	0.000000000	0.000000000	0.000000000	0.000000000
2.62162162	0.000000000	0.000000000	0.000000000	0.000000000	0.000000000	0.000000000
2.62862863	0.000000000	0.000000000	0.000000000	0.000000000	0.000000000	0.000000000
2.63563564	0.000000000	0.000000000	0.000000000	0.000000000	0.000000000	0.000000000
2.64264264	0.000000000	0.000000000	0.000000000	0.000000000	0.000000000	0.000000000
2.64964965	0.000000000	0.000000000	0.000000000	0.000000000	0.000000000	0.000000000
2.65665666	0.000000000	0.000000000	0.000000000	0.000000000	0.000000000	0.000000000
2.66366366	0.000000000	0.000000000	0.000000000	0.000000000	0.000000000	0.000000000
2.67067067	0.000000000	0.000000000	0.000000000	0.000000000	0.000000000	0.000000000
2.67767768	0.000000000	0.000000000	0.000000000	0.000000000	0.000000000	0.000000000
2.68468468	0.000000000	0.000000000	0.000000000	0.000000000	0.000000000	0.000000000
2.69169169	0.000000000	0.000000000	0.000000000	0.000000000	0.000000000	0.000000000
2.69869870	0.000000000	0.000000000	0.000000000	0.000000000	0.000000000	0.000000000
2.70570571	0.000000000	0.000000000	0.000000000	0.000000000	0.000000000	0.000000000
2.71271271	0.000000000	0.000000000	0.000000000	0.000000000	0.000000000	0.000000000
2.71971972	0.000000000	0.000000000	0.000000000	0.000000000	0.000000000	0.000000000
2.72672673	0.000000000	0.000000000	0.000000000	0.000000000	0.000000000	0.000000000
2.73373373	0.000000000	0.000000000	0.000000000	0.000000000	0.000000000	0.000000000
2.74074074	0.000000000	0.000000000	0.000000000	0.000000000	0.000000000	0.000000000
2.74774775	0.000000000	0.000000000	0.000000000	0.000000000	0.000000000	0.000000000
2.75475475	0.000000000	0.000000000	0.000000000	0.000000000	0.000000000	0.000000000
2.76176176	0.000000000	0.000000000	0.000000000	0.000000000	0.000000000	0.000000000
2.76876877	0.000000000	0.000000000	0.000000000	0.000000000	0.000000000	0.000000000
2.77577578	0.000000000	0.000000000	0.000000000	0.000000000	0.000000000	0.000000000
2.78278278	0.000000000	0.000000000	0.000000000	0.000000000	0.000000000	0.000000000
2.78978979	0.000000000	0.000000000	0.000000000	0.000000000	0.000000000	0.000000000
2.79679680	0.000000000	0.000000000	0.000000000	0.000000000	0.000000000	0.000000000
2.80380380	0.000000000	0.000000000	0.000000000	0.000000000	0.000000000	0.000000000
2.81081081	0.000000000	0.000000000	0.000000000	0.000000000	0.000000000	0.000000000
2.81781782	0.000000000	0.000000000	0.000000000	0.000000000	0.000000000	0.000000000
2.82482482	0.000000000	0.000000000	0.000000000	0.000000000	0.000000000	0.000000000
2.83183183	0.000000000	0.000000000	0.000000000	0.000000000	0.000000000	0.000000000
2.83883884	0.000000000	0.000000000	0.000000000	0.000000000	0.000000000	0.000000000
2.84584585	0.000000000	0.000000000	0.000000000	0.000000000	0.000000000	0.000000000
2.85285285	0.000000000	0.000000000	0.000000000	0.000000000	0.000000000	0.000000000
2.85985986	0.000000000	0.000000000	0.000000000	0.000000000	0.000000000	0.000000000
2.86686687	0.000000000	0.000000000	0.000000000	0.000000000	0.000000000	0.000000000
2.87387387	0.000000000	0.000000000	0.000000000	0.000000000	0.000000000	0.000000000
2.88088088	0.000000000	0.000000000	0.000000000	0.000000000	0.000000000	0.000000000
2.88788789	0.000000000	0.000000000	0.000000000	0.000000000	0.000000000	0.000000000
2.89489489	0.000000000	0.000000000	0.000000000	0.000000000	0.000000000	0.000000000
2.90190190	0.000000000	0.000000000	0.000000000	0.000000000	0.000000000	0.000000000
2.90890891	0.000000000	0.000000000	0.000000000	0.000000000	0.000000000	0.000000000
2.91591592	0.000000000	0.000000000	0.000000000	0.000000000	0.000000000	0.000000000
2.92292292	0.000000000	0.000000000	0.000000000	0.000000000	0.000000000	0.000000000
2.92992993	0.000000000	0.000000000	0.000000000	0.000000000	0.000000000	0.000000000
2.93693694	0.000000000	0.000000000	0.000000000	0.000000000	0.000000000	0.000000000
2.94394394	0.000000000	0.000000000	0.000000000	0.000000000	0.000000000	0.000000000
2.95095095	0.000000000	0.000000000	0.000000000	0.000000000	0.000000000	0.000000000
2.95795796	0.000000000	0.000000000	0.000000000	0.000000000	0.000000000	0.000000000
2.96496496	0.000000000	0.000000000	0.000000000	0.000000000	0.000000000	0.000000000
2.97197197	0.000000000	0.000000000	0.000000000	0.000000000	0.000000000	0.000000000
2.97897898	0.000000000	0.000000000	0.000000000	0.000000000	0.000000000	0.000000000
2.98598599	0.000000000	0.000000000	0.000000000	0.000000000	0.000000000	0.000000000
2.99299299	0.000000000	0.000000000	0.000000000	0.000000000	0.000000000	0.000000000
3.00000000	0.000000000	0.000000000	0.000000000	0.000000000	0.000000000	0.000000000