-4.000000000	0.003405030	0.001740615	0.003079868	0.001233702	0.002776638	0.002050535
-3.992992993	0.003465383	0.001775690	0.003139021	0.001257665	0.002820133	0.002087255
-3.985985986	0.003526761	0.001811445	0.003199262	0.001282082	0.002864300	0.002124616
-3.978978979	0.003589181	0.001847894	0.003260608	0.001306961	0.002909150	0.002162627
-3.971971972	0.003652659	0.001885048	0.003323079	0.001332312	0.002954692	0.002201301
-3.964964965	0.003717212	0.001922921	0.003386694	0.001358142	0.003000937	0.002240647
-3.957957958	0.003782858	0.001961525	0.003451473	0.001384460	0.003047896	0.002280678
-3.950950951	0.003849614	0.002000875	0.003517437	0.001411276	0.003095579	0.002321406
-3.943943944	0.003917498	0.002040985	0.003584606	0.001438598	0.003143998	0.002362841
-3.936936937	0.003986527	0.002081867	0.003653000	0.001466436	0.003193163	0.002404995
-3.929929930	0.004056721	0.002123537	0.003722640	0.001494799	0.003243087	0.002447882
-3.922922923	0.004128098	0.002166009	0.003793549	0.001523697	0.003293780	0.002491512
-3.915915916	0.004200676	0.002209297	0.003865748	0.001553139	0.003345255	0.002535899
-3.908908909	0.004274475	0.002253417	0.003939259	0.001583136	0.003397522	0.002581055
-3.901901902	0.004349513	0.002298383	0.004014105	0.001613698	0.003450594	0.002626993
-3.894894895	0.004425812	0.002344211	0.004090308	0.001644834	0.003504484	0.002673726
-3.887887888	0.004503391	0.002390918	0.004167891	0.001676556	0.003559203	0.002721268
-3.880880881	0.004582269	0.002438518	0.004246879	0.001708874	0.003614764	0.002769632
-3.873873874	0.004662468	0.002487029	0.004327295	0.001741800	0.003671180	0.002818831
-3.866866867	0.004744009	0.002536466	0.004409164	0.001775343	0.003728464	0.002868880
-3.859859860	0.004826913	0.002586847	0.004492510	0.001809515	0.003786629	0.002919793
-3.852852853	0.004911200	0.002638188	0.004577358	0.001844328	0.003845687	0.002971585
-3.845845846	0.004996894	0.002690508	0.004663734	0.001879794	0.003905654	0.003024269
-3.838838839	0.005084015	0.002743823	0.004751664	0.001915924	0.003966541	0.003077861
-3.831831832	0.005172588	0.002798153	0.004841174	0.001952730	0.004028364	0.003132375
-3.824824825	0.005262633	0.002853514	0.004932290	0.001990224	0.004091136	0.003187828
-3.817817818	0.005354175	0.002909926	0.005025041	0.002028420	0.004154872	0.003244235
-3.810810811	0.005447237	0.002967409	0.005119453	0.002067329	0.004219586	0.003301611
-3.803803804	0.005541842	0.003025980	0.005215554	0.002106965	0.004285293	0.003359973
-3.796796797	0.005638015	0.003085660	0.005313374	0.002147340	0.004352007	0.003419337
-3.789789790	0.005735780	0.003146468	0.005412939	0.002188469	0.004419745	0.003479719
-3.782782783	0.005835162	0.003208425	0.005514281	0.002230364	0.004488521	0.003541138
-3.775775776	0.005936187	0.003271552	0.005617429	0.002273040	0.004558351	0.003603608
-3.768768769	0.006038878	0.003335869	0.005722412	0.002316510	0.004629250	0.003667149
-3.761761762	0.006143264	0.003401397	0.005829262	0.002360789	0.004701236	0.003731777
-3.754754755	0.006249369	0.003468159	0.005938009	0.002405892	0.004774324	0.003797511
-3.747747748	0.006357220	0.003536176	0.006048686	0.002451833	0.004848530	0.003864368
-3.740740741	0.006466845	0.003605471	0.006161324	0.002498628	0.004923872	0.003932368
-3.733733734	0.006578270	0.003676066	0.006275956	0.002546291	0.005000367	0.004001530
-3.726726727	0.006691524	0.003747985	0.006392615	0.002594838	0.005078031	0.004071871
-3.719719720	0.006806635	0.003821250	0.006511334	0.002644285	0.005156883	0.004143412
-3.712712713	0.006923631	0.003895887	0.006632148	0.002694649	0.005236940	0.004216172
-3.705705706	0.007042541	0.003971919	0.006755091	0.002745945	0.005318220	0.004290172
-3.698698699	0.007163394	0.004049370	0.006880198	0.002798191	0.005400742	0.004365431
-3.691691692	0.007286221	0.004128267	0.007007505	0.002851403	0.005484523	0.004441971
-3.684684685	0.007411052	0.004208633	0.007137049	0.002905598	0.005569584	0.004519812
-3.677677678	0.007537916	0.004290496	0.007268864	0.002960795	0.005655943	0.004598975
-3.670670671	0.007666845	0.004373882	0.007402990	0.003017010	0.005743619	0.004679483
-3.663663664	0.007797871	0.004458818	0.007539464	0.003074263	0.005832633	0.004761356
-3.656656657	0.007931026	0.004545329	0.007678323	0.003132572	0.005923003	0.004844618
-3.649649650	0.008066341	0.004633446	0.007819608	0.003191955	0.006014751	0.004929291
-3.642642643	0.008203850	0.004723194	0.007963357	0.003252431	0.006107897	0.005015398
-3.635635636	0.008343585	0.004814604	0.008109611	0.003314020	0.006202462	0.005102963
-3.628628629	0.008485581	0.004907703	0.008258410	0.003376743	0.006298467	0.005192008
-3.621621622	0.008629872	0.005002522	0.008409795	0.003440618	0.006395933	0.005282559
-3.614614615	0.008776492	0.005099090	0.008563809	0.003505666	0.006494882	0.005374639
-3.607607608	0.008925476	0.005197438	0.008720494	0.003571908	0.006595337	0.005468273
-3.600600601	0.009076860	0.005297596	0.008879893	0.003639366	0.006697319	0.005563487
-3.593593594	0.009230680	0.005399597	0.009042049	0.003708060	0.006800851	0.005660306
-3.586586587	0.009386973	0.005503472	0.009207008	0.003778012	0.006905957	0.005758757
-3.579579580	0.009545775	0.005609253	0.009374813	0.003849246	0.007012660	0.005858864
-3.572572573	0.009707124	0.005716974	0.009545511	0.003921782	0.007120984	0.005960656
-3.565565566	0.009871058	0.005826668	0.009719148	0.003995646	0.007230951	0.006064159
-3.558558559	0.010037616	0.005938368	0.009895772	0.004070858	0.007342588	0.006169401
-3.551551552	0.010206836	0.006052110	0.010075428	0.004147444	0.007455919	0.006276411
-3.544544545	0.010378758	0.006167929	0.010258167	0.004225428	0.007570969	0.006385215
-3.537537538	0.010553423	0.006285860	0.010444036	0.004304834	0.007687762	0.006495844
-3.530530531	0.010730871	0.006405939	0.010633087	0.004385687	0.007806327	0.006608327
-3.523523524	0.010911143	0.006528203	0.010825368	0.004468013	0.007926687	0.006722693
-3.516516517	0.011094281	0.006652690	0.011020931	0.004551836	0.008048870	0.006838972
-3.509509510	0.011280326	0.006779437	0.011219828	0.004637185	0.008172904	0.006957196
-3.502502503	0.011469323	0.006908483	0.011422112	0.004724084	0.008298814	0.007077395
-3.495495495	0.011661314	0.007039867	0.011627836	0.004812562	0.008426630	0.007199601
-3.488488488	0.011856343	0.007173629	0.011837053	0.004902645	0.008556379	0.007323845
-3.481481481	0.012054455	0.007309809	0.012049819	0.004994363	0.008688089	0.007450162
-3.474474474	0.012255695	0.007448448	0.012266189	0.005087743	0.008821791	0.007578583
-3.467467467	0.012460109	0.007589588	0.012486220	0.005182814	0.008957512	0.007709142
-3.460460460	0.012667742	0.007733270	0.012709968	0.005279606	0.009095283	0.007841873
-3.453453453	0.012878643	0.007879539	0.012937492	0.005378148	0.009235133	0.007976810
-3.446446446	0.013092857	0.008028437	0.013168851	0.005478472	0.009377095	0.008113989
-3.439439439	0.013310434	0.008180009	0.013404102	0.005580608	0.009521198	0.008253446
-3.432432432	0.013531422	0.008334299	0.013643308	0.005684587	0.009667474	0.008395216
-3.425425425	0.013755870	0.008491353	0.013886529	0.005790441	0.009815956	0.008539336
-3.418418418	0.013983828	0.008651218	0.014133827	0.005898203	0.009966675	0.008685842
-3.411411411	0.014215347	0.008813940	0.014385264	0.006007906	0.010119664	0.008834774
-3.404404404	0.014450479	0.008979568	0.014640906	0.006119583	0.010274957	0.008986169
-3.397397397	0.014689274	0.009148148	0.014900815	0.006233269	0.010432587	0.009140066
-3.390390390	0.014931786	0.009319732	0.015165057	0.006348998	0.010592589	0.009296504
-3.383383383	0.015178068	0.009494367	0.015433699	0.006466804	0.010754998	0.009455524
-3.376376376	0.015428173	0.009672106	0.015706807	0.006586725	0.010919848	0.009617166
-3.369369369	0.015682157	0.009853000	0.015984450	0.006708796	0.011087176	0.009781471
-3.362362362	0.015940074	0.010037100	0.016266696	0.006833054	0.011257017	0.009948481
-3.355355355	0.016201980	0.010224460	0.016553616	0.006959537	0.011429409	0.010118238
-3.348348348	0.016467931	0.010415133	0.016845279	0.007088283	0.011604389	0.010290785
-3.341341341	0.016737986	0.010609173	0.017141758	0.007219331	0.011781994	0.010466167
-3.334334334	0.017012202	0.010806637	0.017443125	0.007352720	0.011962263	0.010644427
-3.327327327	0.017290637	0.011007581	0.017749453	0.007488489	0.012145234	0.010825610
-3.320320320	0.017573352	0.011212060	0.018060818	0.007626681	0.012330948	0.011009762
-3.313313313	0.017860405	0.011420133	0.018377294	0.007767335	0.012519443	0.011196929
-3.306306306	0.018151859	0.011631860	0.018698958	0.007910495	0.012710761	0.011387158
-3.299299299	0.018447774	0.011847298	0.019025887	0.008056202	0.012904942	0.011580496
-3.292292292	0.018748214	0.012066508	0.019358160	0.008204500	0.013102029	0.011776992
-3.285285285	0.019053240	0.012289553	0.019695855	0.008355432	0.013302063	0.011976695
-3.278278278	0.019362917	0.012516493	0.020039053	0.008509045	0.013505087	0.012179654
-3.271271271	0.019677309	0.012747392	0.020387837	0.008665383	0.013711145	0.012385919
-3.264264264	0.019996483	0.012982314	0.020742286	0.008824492	0.013920280	0.012595543
-3.257257257	0.020320503	0.013221324	0.021102486	0.008986419	0.014132538	0.012808575
-3.250250250	0.020649436	0.013464487	0.021468521	0.009151211	0.014347962	0.013025070
-3.243243243	0.020983351	0.013711870	0.021840476	0.009318918	0.014566600	0.013245081
-3.236236236	0.021322316	0.013963541	0.022218438	0.009489588	0.014788498	0.013468661
-3.229229229	0.021666400	0.014219568	0.022602493	0.009663271	0.015013702	0.013695865
-3.222222222	0.022015673	0.014480021	0.022992732	0.009840019	0.015242261	0.013926749
-3.215215215	0.022370206	0.014744970	0.023389243	0.010019881	0.015474223	0.014161369
-3.208208208	0.022730071	0.015014488	0.023792117	0.010202911	0.015709637	0.014399782
-3.201201201	0.023095339	0.015288646	0.024201447	0.010389162	0.015948553	0.014642047
-3.194194194	0.023466085	0.015567518	0.024617325	0.010578687	0.016191021	0.014888222
-3.187187187	0.023842383	0.015851179	0.025039846	0.010771542	0.016437093	0.015138366
-3.180180180	0.024224307	0.016139704	0.025469104	0.010967782	0.016686819	0.015392541
-3.173173173	0.024611934	0.016433170	0.025905196	0.011167464	0.016940253	0.015650807
-3.166166166	0.025005339	0.016731655	0.026348220	0.011370644	0.017197449	0.015913226
-3.159159159	0.025404601	0.017035238	0.026798273	0.011577382	0.017458459	0.016179862
-3.152152152	0.025809798	0.017343998	0.027255457	0.011787736	0.017723339	0.016450778
-3.145145145	0.026221009	0.017658016	0.027719871	0.012001767	0.017992144	0.016726039
-3.138138138	0.026638314	0.017977375	0.028191618	0.012219535	0.018264930	0.017005711
-3.131131131	0.027061794	0.018302157	0.028670801	0.012441103	0.018541754	0.017289860
-3.124124124	0.027491531	0.018632447	0.029157525	0.012666533	0.018822675	0.017578554
-3.117117117	0.027927608	0.018968331	0.029651895	0.012895889	0.019107750	0.017871860
-3.110110110	0.028370108	0.019309894	0.030154018	0.013129236	0.019397038	0.018169849
-3.103103103	0.028819116	0.019657225	0.030664002	0.013366640	0.019690601	0.018472590
-3.096096096	0.029274717	0.020010412	0.031181956	0.013608167	0.019988498	0.018780154
-3.089089089	0.029736998	0.020369546	0.031707990	0.013853886	0.020290792	0.019092615
-3.082082082	0.030206046	0.020734718	0.032242217	0.014103865	0.020597544	0.019410044
-3.075075075	0.030681948	0.021106020	0.032784748	0.014358175	0.020908819	0.019732516
-3.068068068	0.031164795	0.021483545	0.033335699	0.014616886	0.021224681	0.020060106
-3.061061061	0.031654675	0.021867390	0.033895184	0.014880069	0.021545194	0.020392891
-3.054054054	0.032151680	0.022257649	0.034463319	0.015147799	0.021870426	0.020730946
-3.047047047	0.032655902	0.022654421	0.035040223	0.015420150	0.022200441	0.021074351
-3.040040040	0.033167433	0.023057803	0.035626015	0.015697196	0.022535309	0.021423184
-3.033033033	0.033686367	0.023467896	0.036220815	0.015979015	0.022875097	0.021777526
-3.026026026	0.034212798	0.023884802	0.036824743	0.016265683	0.023219876	0.022137459
-3.019019019	0.034746823	0.024308621	0.037437924	0.016557280	0.023569715	0.022503063
-3.012012012	0.035288537	0.024739458	0.038060480	0.016853886	0.023924687	0.022874423
-3.005005005	0.035838039	0.025177419	0.038692538	0.017155580	0.024284863	0.023251624
-2.997997998	0.036395426	0.025622609	0.039334224	0.017462447	0.024650316	0.023634751
-2.990990991	0.036960798	0.026075136	0.039985665	0.017774569	0.025021122	0.024023890
-2.983983984	0.037534255	0.026535109	0.040646990	0.018092031	0.025397354	0.024419130
-2.976976977	0.038115898	0.027002638	0.041318331	0.018414918	0.025779090	0.024820559
-2.969969970	0.038705830	0.027477836	0.041999818	0.018743319	0.026166406	0.025228269
-2.962962963	0.039304154	0.027960815	0.042691585	0.019077321	0.026559380	0.025642349
-2.955955956	0.039910974	0.028451690	0.043393765	0.019417015	0.026958092	0.026062893
-2.948948949	0.040526394	0.028950577	0.044106494	0.019762491	0.027362622	0.026489994
-2.941941942	0.041150522	0.029457592	0.044829908	0.020113842	0.027773051	0.026923747
-2.934934935	0.041783464	0.029972855	0.045564146	0.020471161	0.028189461	0.027364248
-2.927927928	0.042425328	0.030496485	0.046309347	0.020834544	0.028611936	0.027811594
-2.920920921	0.043076223	0.031028605	0.047065651	0.021204087	0.029040560	0.028265884
-2.913913914	0.043736259	0.031569336	0.047833201	0.021579887	0.029475419	0.028727218
-2.906906907	0.044405547	0.032118804	0.048612138	0.021962045	0.029916599	0.029195697
-2.899899900	0.045084199	0.032677133	0.049402608	0.022350660	0.030364188	0.029671422
-2.892892893	0.045772327	0.033244453	0.050204756	0.022745834	0.030818274	0.030154497
-2.885885886	0.046470046	0.033820890	0.051018729	0.023147672	0.031278948	0.030645028
-2.878878879	0.047177469	0.034406576	0.051844674	0.023556277	0.031746301	0.031143120
-2.871871872	0.047894714	0.035001642	0.052682742	0.023971757	0.032220425	0.031648880
-2.864864865	0.048621896	0.035606221	0.053533083	0.024394220	0.032701413	0.032162418
-2.857857858	0.049359133	0.036220447	0.054395848	0.024823774	0.033189360	0.032683842
-2.850850851	0.050106544	0.036844458	0.055271191	0.025260531	0.033684361	0.033213266
-2.843843844	0.050864247	0.037478391	0.056159266	0.025704603	0.034186515	0.033750800
-2.836836837	0.051632365	0.038122384	0.057060228	0.026156104	0.034695918	0.034296560
-2.829829830	0.052411018	0.038776580	0.057974234	0.026615150	0.035212670	0.034850661
-2.822822823	0.053200328	0.039441119	0.058901442	0.027081857	0.035736872	0.035413219
-2.815815816	0.054000418	0.040116145	0.059842011	0.027556346	0.036268626	0.035984353
-2.808808809	0.054811414	0.040801805	0.060796102	0.028038736	0.036808034	0.036564182
-2.801801802	0.055633440	0.041498244	0.061763875	0.028529149	0.037355202	0.037152827
-2.794794795	0.056466622	0.042205612	0.062745493	0.029027709	0.037910235	0.037750411
-2.787787788	0.057311086	0.042924058	0.063741121	0.029534541	0.038473239	0.038357057
-2.780780781	0.058166962	0.043653733	0.064750922	0.030049773	0.039044324	0.038972890
-2.773773774	0.059034378	0.044394791	0.065775062	0.030573533	0.039623599	0.039598039
-2.766766767	0.059913463	0.045147386	0.066813710	0.031105952	0.040211174	0.040232629
-2.759759760	0.060804347	0.045911675	0.067867033	0.031647161	0.040807162	0.040876792
-2.752752753	0.061707163	0.046687815	0.068935199	0.032197296	0.041411677	0.041530657
-2.745745746	0.062622043	0.047475966	0.070018381	0.032756491	0.042024834	0.042194359
-2.738738739	0.063549119	0.048276287	0.071116747	0.033324884	0.042646749	0.042868030
-2.731731732	0.064488526	0.049088943	0.072230472	0.033902615	0.043277540	0.043551806
-2.724724725	0.065440398	0.049914096	0.073359728	0.034489825	0.043917325	0.044245825
-2.717717718	0.066404872	0.050751913	0.074504690	0.035086657	0.044566227	0.044950224
-2.710710711	0.067382083	0.051602560	0.075665532	0.035693255	0.045224366	0.045665145
-2.703703704	0.068372168	0.052466206	0.076842431	0.036309766	0.045891866	0.046390728
-2.696696697	0.069375267	0.053343021	0.078035564	0.036936339	0.046568853	0.047127116
-2.689689690	0.070391517	0.054233178	0.079245109	0.037573125	0.047255452	0.047874455
-2.682682683	0.071421058	0.055136848	0.080471244	0.038220275	0.047951791	0.048632890
-2.675675676	0.072464030	0.056054208	0.081714150	0.038877944	0.048658000	0.049402569
-2.668668669	0.073520575	0.056985434	0.082974005	0.039546289	0.049374209	0.050183642
-2.661661662	0.074590833	0.057930704	0.084250993	0.040225467	0.050100552	0.050976260
-2.654654655	0.075674949	0.058890196	0.085545293	0.040915638	0.050837161	0.051780574
-2.647647648	0.076773063	0.059864093	0.086857090	0.041616966	0.051584172	0.052596740
-2.640640641	0.077885321	0.060852576	0.088186565	0.042329614	0.052341722	0.053424912
-2.633633634	0.079011867	0.061855830	0.089533903	0.043053748	0.053109950	0.054265248
-2.626626627	0.080152845	0.062874040	0.090899288	0.043789536	0.053888996	0.055117906
-2.619619620	0.081308401	0.063907394	0.092282906	0.044537149	0.054679001	0.055983047
-2.612612613	0.082478681	0.064956079	0.093684941	0.045296758	0.055480108	0.056860833
-2.605605606	0.083663833	0.066020285	0.095105579	0.046068540	0.056292462	0.057751428
-2.598598599	0.084864003	0.067100204	0.096545008	0.046852668	0.057116211	0.058654996
-2.591591592	0.086079338	0.068196029	0.098003412	0.047649323	0.057951501	0.059571704
-2.584584585	0.087309988	0.069307954	0.099480981	0.048458685	0.058798482	0.060501721
-2.577577578	0.088556101	0.070436174	0.100977900	0.049280937	0.059657306	0.061445217
-2.570570571	0.089817825	0.071580887	0.102494358	0.050116263	0.060528125	0.062402363
-2.563563564	0.091095311	0.072742291	0.104030542	0.050964850	0.061411095	0.063373332
-2.556556557	0.092388708	0.073920585	0.105586640	0.051826888	0.062306371	0.064358300
-2.549549550	0.093698166	0.075115971	0.107162840	0.052702568	0.063214112	0.065357442
-2.542542543	0.095023837	0.076328650	0.108759330	0.053592083	0.064134476	0.066370936
-2.535535536	0.096365870	0.077558828	0.110376299	0.054495628	0.065067625	0.067398962
-2.528528529	0.097724416	0.078806707	0.112013934	0.055413403	0.066013723	0.068441701
-2.521521522	0.099099628	0.080072495	0.113672422	0.056345606	0.066972933	0.069499335
-2.514514515	0.100491656	0.081356399	0.115351951	0.057292440	0.067945422	0.070572050
-2.507507508	0.101900652	0.082658627	0.117052710	0.058254109	0.068931358	0.071660030
-2.500500501	0.103326768	0.083979389	0.118774883	0.059230820	0.069930912	0.072763463
-2.493493493	0.104770155	0.085318896	0.120518659	0.060222782	0.070944253	0.073882538
-2.486486486	0.106230965	0.086677359	0.122284222	0.061230205	0.071971557	0.075017446
-2.479479479	0.107709350	0.088054992	0.124071759	0.062253303	0.073012997	0.076168378
-2.472472472	0.109205462	0.089452008	0.125881454	0.063292291	0.074068751	0.077335529
-2.465465465	0.110719452	0.090868622	0.127713492	0.064347387	0.075138996	0.078519093
-2.458458458	0.112251471	0.092305050	0.129568055	0.065418811	0.076223914	0.079719266
-2.451451451	0.113801672	0.093761509	0.131445326	0.066506784	0.077323685	0.080936247
-2.444444444	0.115370205	0.095238216	0.133345487	0.067611532	0.078438494	0.082170236
-2.437437437	0.116957220	0.096735390	0.135268718	0.068733280	0.079568527	0.083421433
-2.430430430	0.118562869	0.098253250	0.137215199	0.069872259	0.080713970	0.084690040
-2.423423423	0.120187301	0.099792015	0.139185107	0.071028697	0.081875012	0.085976263
-2.416416416	0.121830667	0.101351908	0.141178620	0.072202830	0.083051845	0.087280305
-2.409409409	0.123493115	0.102933147	0.143195912	0.073394891	0.084244660	0.088602374
-2.402402402	0.125174794	0.104535957	0.145237158	0.074605120	0.085453652	0.089942677
-2.395395395	0.126875852	0.106160558	0.147302530	0.075833755	0.086679016	0.091301425
-2.388388388	0.128596437	0.107807174	0.149392199	0.077081039	0.087920952	0.092678828
-2.381381381	0.130336696	0.109476027	0.151506333	0.078347216	0.089179658	0.094075097
-2.374374374	0.132096773	0.111167343	0.153645099	0.079632532	0.090455335	0.095490446
-2.367367367	0.133876816	0.112881343	0.155808663	0.080937236	0.091748186	0.096925091
-2.360360360	0.135676967	0.114618253	0.157997186	0.082261579	0.093058416	0.098379245
-2.353353353	0.137497370	0.116378297	0.160210829	0.083605813	0.094386233	0.099853128
-2.346346346	0.139338169	0.118161699	0.162449751	0.084970193	0.095731842	0.101346956
-2.339339339	0.141199503	0.119968684	0.164714106	0.086354976	0.097095456	0.102860948
-2.332332332	0.143081513	0.121799475	0.167004048	0.087760422	0.098477285	0.104395326
-2.325325325	0.144984339	0.123654298	0.169319727	0.089186791	0.099877542	0.105950311
-2.318318318	0.146908117	0.125533375	0.171661290	0.090634347	0.101296443	0.107526125
-2.311311311	0.148852984	0.127436932	0.174028881	0.092103354	0.102734204	0.109122991
-2.304304304	0.150819075	0.129365191	0.176422641	0.093594081	0.104191044	0.110741135
-2.297297297	0.152806523	0.131318375	0.178842709	0.095106796	0.105667182	0.112380781
-2.290290290	0.154815461	0.133296707	0.181289218	0.096641770	0.107162840	0.114042155
-2.283283283	0.156846018	0.135300409	0.183762300	0.098199276	0.108678241	0.115725484
-2.276276276	0.158898322	0.137329701	0.186262080	0.099779589	0.110213611	0.117430997
-2.269269269	0.160972500	0.139384804	0.188788684	0.101382987	0.111769175	0.119158922
-2.262262262	0.163068677	0.141465938	0.191342228	0.103009746	0.113345161	0.120909487
-2.255255255	0.165186976	0.143573320	0.193922829	0.104660148	0.114941800	0.122682922
-2.248248248	0.167327516	0.145707168	0.196530598	0.106334474	0.116559321	0.124479458
-2.241241241	0.169490417	0.147867699	0.199165639	0.108033008	0.118197958	0.126299326
-2.234234234	0.171675794	0.150055126	0.201828054	0.109756035	0.119857944	0.128142756
-2.227227227	0.173883762	0.152269663	0.204517940	0.111503842	0.121539515	0.130009981
-2.220220220	0.176114431	0.154511521	0.207235388	0.113276718	0.123242908	0.131901231
-2.213213213	0.178367911	0.156780912	0.209980485	0.115074952	0.124968360	0.133816741
-2.206206206	0.180644306	0.159078043	0.212753311	0.116898835	0.126716112	0.135756740
-2.199199199	0.182943722	0.161403120	0.215553941	0.118748661	0.128486404	0.137721463
-2.192192192	0.185266258	0.163756348	0.218382445	0.120624723	0.130279478	0.139711142
-2.185185185	0.187612011	0.166137929	0.221238886	0.122527316	0.132095578	0.141726008
-2.178178178	0.189981077	0.168548063	0.224123322	0.124456736	0.133934948	0.143766295
-2.171171171	0.192373547	0.170986947	0.227035803	0.126413282	0.135797834	0.145832234
-2.164164164	0.194789508	0.173454775	0.229976374	0.128397251	0.137684483	0.147924058
-2.157157157	0.197229045	0.175951741	0.232945072	0.130408943	0.139595143	0.150041997
-2.150150150	0.199692240	0.178478033	0.235941929	0.132448658	0.141530063	0.152186283
-2.143143143	0.202179170	0.181033836	0.238966967	0.134516698	0.143489492	0.154357146
-2.136136136	0.204689908	0.183619335	0.242020204	0.136613365	0.145473682	0.156554815
-2.129129129	0.207224525	0.186234709	0.245101646	0.138738960	0.147482885	0.158779520
-2.122122122	0.209783086	0.188880134	0.248211295	0.140893787	0.149517352	0.161031490
-2.115115115	0.212365654	0.191555781	0.251349144	0.143078150	0.151577337	0.163310950
-2.108108108	0.214972286	0.194261820	0.254515176	0.145292352	0.153663095	0.165618128
-2.101101101	0.217603035	0.196998415	0.257709368	0.147536697	0.155774879	0.167953248
-2.094094094	0.220257950	0.199765727	0.260931686	0.149811490	0.157912946	0.170316534
-2.087087087	0.222937076	0.202563910	0.264182089	0.152117034	0.160077551	0.172708207
-2.080080080	0.225640450	0.205393117	0.267460525	0.154453635	0.162268950	0.175128490
-2.073073073	0.228368109	0.208253495	0.270766933	0.156821595	0.164487399	0.177577601
-2.066066066	0.231120082	0.211145183	0.274101244	0.159221219	0.166733156	0.180055757
-2.059059059	0.233896393	0.214068320	0.277463377	0.161652810	0.169006477	0.182563173
-2.052052052	0.236697061	0.217023036	0.280853241	0.164116670	0.171307620	0.185100064
-2.045045045	0.239522099	0.220009457	0.284270734	0.166613102	0.173636842	0.187666639
-2.038038038	0.242371516	0.223027702	0.287715747	0.169142406	0.175994399	0.190263109
-2.031031031	0.245245315	0.226077884	0.291188154	0.171704882	0.178380550	0.192889678
-2.024024024	0.248143491	0.229160113	0.294687823	0.174300829	0.180795550	0.195546552
-2.017017017	0.251066036	0.232274487	0.298214608	0.176930545	0.183239656	0.198233930
-2.010010010	0.254012932	0.235421103	0.301768352	0.179594326	0.185713124	0.200952011
-2.003003003	0.256984160	0.238600047	0.305348885	0.182292466	0.188216209	0.203700990
-1.995995996	0.259979689	0.241811400	0.308956025	0.185025258	0.190749166	0.206481058
-1.988988989	0.262999485	0.245055235	0.312589578	0.187792993	0.193312249	0.209292404
-1.981981982	0.266043505	0.248331616	0.316249336	0.190595960	0.195905711	0.212135211
-1.974974975	0.269111702	0.251640603	0.319935081	0.193434444	0.198529805	0.215009662
-1.967967968	0.272204019	0.254982243	0.323646577	0.196308729	0.201184780	0.217915932
-1.960960961	0.275320393	0.258356579	0.327383577	0.199219096	0.203870887	0.220854194
-1.953953954	0.278460753	0.261763642	0.331145820	0.202165824	0.206588374	0.223824617
-1.946946947	0.281625021	0.265203456	0.334933029	0.205149187	0.209337488	0.226827365
-1.939939940	0.284813111	0.268676035	0.338744916	0.208169456	0.212118473	0.229862595
-1.932932933	0.288024929	0.272181385	0.342581173	0.211226900	0.214931573	0.232930463
-1.925925926	0.291260374	0.275719500	0.346441483	0.214321783	0.217777029	0.236031117
-1.918918919	0.294519334	0.279290365	0.350325507	0.217454364	0.220655080	0.239164700
-1.911911912	0.297801692	0.282893955	0.354232896	0.220624901	0.223565963	0.242331350
-1.904904905	0.301107320	0.286530235	0.358163282	0.223833644	0.226509912	0.245531200
-1.897897898	0.304436082	0.290199159	0.362116282	0.227080839	0.229487159	0.248764375
-1.890890891	0.307787833	0.293900667	0.366091495	0.230366728	0.232497932	0.252030995
-1.883883884	0.311162419	0.297634692	0.370088505	0.233691548	0.235542459	0.255331173
-1.876876877	0.314559677	0.301401151	0.374106877	0.237055529	0.238620960	0.258665015
-1.869869870	0.317979433	0.305199953	0.378146161	0.240458896	0.241733656	0.262032621
-1.862862863	0.321421506	0.309030991	0.382205887	0.243901867	0.244880762	0.265434082
-1.855855856	0.324885704	0.312894148	0.386285570	0.247384654	0.248062490	0.268869483
-1.848848849	0.328371823	0.316789291	0.390384703	0.250907464	0.251279048	0.272338901
-1.841841842	0.331879652	0.320716278	0.394502764	0.254470494	0.254530640	0.275842404
-1.834834835	0.335408967	0.324674948	0.398639210	0.258073936	0.257817465	0.279380052
-1.827827828	0.338959537	0.328665131	0.402793480	0.261717972	0.261139719	0.282951897
-1.820820821	0.342531116	0.332686640	0.406964995	0.265402778	0.264497589	0.286557982
-1.813813814	0.346123450	0.336739273	0.411153154	0.269128521	0.267891262	0.290198339
-1.806806807	0.349736273	0.340822814	0.415357338	0.272895360	0.271320916	0.293872993
-1.799799800	0.353369308	0.344937031	0.419576908	0.276703442	0.274786726	0.297581957
-1.792792793	0.357022267	0.349081678	0.423811204	0.280552908	0.278288858	0.301325237
-1.785785786	0.360694849	0.353256491	0.428059547	0.284443888	0.281827474	0.305102824
-1.778778779	0.364386744	0.357461191	0.432321236	0.288376502	0.285402731	0.308914703
-1.771771772	0.368097627	0.361695480	0.436595550	0.292350857	0.289014775	0.312760844
-1.764764765	0.371827163	0.365959046	0.440881745	0.296367054	0.292663748	0.316641209
-1.757757758	0.375575003	0.370251558	0.445179060	0.300425177	0.296349786	0.320555744
-1.750750751	0.379340788	0.374572668	0.449486709	0.304525302	0.300073013	0.324504388
-1.743743744	0.383124145	0.378922008	0.453803885	0.308667491	0.303833549	0.328487064
-1.736736737	0.386924688	0.383299193	0.458129760	0.312851795	0.307631504	0.332503684
-1.729729730	0.390742018	0.387703820	0.462463484	0.317078251	0.311466980	0.336554145
-1.722722723	0.394575724	0.392135466	0.466804185	0.321346881	0.315340069	0.340638333
-1.715715716	0.398425381	0.396593687	0.471150968	0.325657696	0.319250857	0.344756119
-1.708708709	0.402290551	0.401078022	0.475502916	0.330010689	0.323199416	0.348907359
-1.701701702	0.406170782	0.405587988	0.479859091	0.334405841	0.327185811	0.353091896
-1.694694695	0.410065609	0.410123081	0.484218531	0.338843116	0.331210095	0.357309556
-1.687687688	0.413974553	0.414682777	0.488580251	0.343322463	0.335272313	0.361560153
-1.680680681	0.417897120	0.419266532	0.492943245	0.347843815	0.339372496	0.365843482
-1.673673674	0.421832804	0.423873778	0.497306484	0.352407085	0.343510665	0.370159324
-1.666666667	0.425781082	0.428503927	0.501668913	0.357012173	0.347686829	0.374507442
-1.659659660	0.429741418	0.433156367	0.506029460	0.361658958	0.351900984	0.378887584
-1.652652653	0.433713264	0.437830465	0.510387026	0.366347302	0.356153115	0.383299479
-1.645645646	0.437696052	0.442525565	0.514740490	0.371077046	0.360443192	0.387742839
-1.638638639	0.441689205	0.447240986	0.519088709	0.375848015	0.364771173	0.392217359
-1.631631632	0.445692126	0.451976026	0.523430517	0.380660010	0.369137001	0.396722714
-1.624624625	0.449704207	0.456729957	0.527764727	0.385512814	0.373540605	0.401258561
-1.617617618	0.453724823	0.461502029	0.532090126	0.390406187	0.377981900	0.405824537
-1.610610611	0.457753333	0.466291465	0.536405482	0.395339869	0.382460784	0.410420261
-1.603603604	0.461789084	0.471097466	0.540709539	0.400313577	0.386977140	0.415045329
-1.596596597	0.465831404	0.475919206	0.545001020	0.405327004	0.391530835	0.419699319
-1.589589590	0.469879608	0.480755834	0.549278626	0.410379820	0.396121720	0.424381788
-1.582582583	0.473932994	0.485606475	0.553541035	0.415471671	0.400749626	0.429092270
-1.575575576	0.477990846	0.490470226	0.557786905	0.420602179	0.405414368	0.433830279
-1.568568569	0.482052430	0.495346161	0.562014873	0.425770939	0.410115744	0.438595306
-1.561561562	0.486116998	0.500233324	0.566223554	0.430977522	0.414853531	0.443386819
-1.554554555	0.490183787	0.505130735	0.570411543	0.436221471	0.419627487	0.448204263
-1.547547548	0.494252016	0.510037386	0.574577417	0.441502301	0.424437352	0.453047061
-1.540540541	0.498320891	0.514952245	0.578719728	0.446819502	0.429282842	0.457914612
-1.533533534	0.502389599	0.519874249	0.582837014	0.452172533	0.434163656	0.462806288
-1.526526527	0.506457313	0.524802310	0.586927792	0.457560825	0.439079469	0.467721439
-1.519519520	0.510523191	0.529735313	0.590990558	0.462983778	0.444029935	0.472659389
-1.512512513	0.514586373	0.534672113	0.595023795	0.468440764	0.449014683	0.477619438
-1.505505506	0.518645984	0.539611542	0.599025964	0.473931122	0.454033322	0.482600858
-1.498498498	0.522701134	0.544552399	0.602995510	0.479454159	0.459085434	0.487602895
-1.491491491	0.526750917	0.549493459	0.606930865	0.485009153	0.464170580	0.492624770
-1.484484484	0.530794409	0.554433467	0.610830440	0.490595346	0.469288293	0.497665676
-1.477477477	0.534830675	0.559371142	0.614692636	0.496211946	0.474438081	0.502724778
-1.470470470	0.538858759	0.564305174	0.618515835	0.501858129	0.479619426	0.507801213
-1.463463463	0.542877694	0.569234224	0.622298409	0.507533036	0.484831783	0.512894091
-1.456456456	0.546886494	0.574156926	0.626038715	0.513235772	0.490074580	0.518002494
-1.449449449	0.550884161	0.579071888	0.629735098	0.518965404	0.495347216	0.523125473
-1.442442442	0.554869678	0.583977688	0.633385892	0.524720967	0.500649061	0.528262051
-1.435435435	0.558842017	0.588872876	0.636989421	0.530501454	0.505979457	0.533411221
-1.428428428	0.562800131	0.593755977	0.640543999	0.536305822	0.511337713	0.538571947
-1.421421421	0.566742961	0.598625485	0.644047931	0.542132991	0.516723111	0.543743162
-1.414414414	0.570669432	0.603479869	0.647499514	0.547981840	0.522134899	0.548923769
-1.407407407	0.574578455	0.608317572	0.650897040	0.553851210	0.527572293	0.554112640
-1.400400400	0.578468925	0.613137007	0.654238792	0.559739899	0.533034477	0.559308616
-1.393393393	0.582339727	0.617936563	0.657523052	0.565646668	0.538520603	0.564510506
-1.386386386	0.586189727	0.622714601	0.660748097	0.571570233	0.544029786	0.569717088
-1.379379379	0.590017781	0.627469457	0.663912200	0.577509272	0.549561110	0.574927109
-1.372372372	0.593822729	0.632199442	0.667013635	0.583462419	0.555113619	0.580139283
-1.365365365	0.597603399	0.636902840	0.670050674	0.589428263	0.560686326	0.585352292
-1.358358358	0.601358607	0.641577911	0.673021592	0.595405355	0.566278205	0.590564786
-1.351351351	0.605087154	0.646222891	0.675924665	0.601392196	0.571888192	0.595775382
-1.344344344	0.608787830	0.650835990	0.678758173	0.607387248	0.577515187	0.600982665
-1.337337337	0.612459413	0.655415398	0.681520400	0.613388927	0.583158052	0.606185187
-1.330330330	0.616100668	0.659959280	0.684209639	0.619395603	0.588815606	0.611381467
-1.323323323	0.619710351	0.664465778	0.686824187	0.625405601	0.594486634	0.616569991
-1.316316316	0.623287203	0.668933013	0.689362353	0.631417202	0.600169876	0.621749213
-1.309309309	0.626829958	0.673359086	0.691822454	0.637428639	0.605864035	0.626917552
-1.302302302	0.630337338	0.677742076	0.694202821	0.643438101	0.611567768	0.632073396
-1.295295295	0.633808054	0.682080043	0.696501798	0.649443729	0.617279696	0.637215099
-1.288288288	0.637240810	0.686371028	0.698717741	0.655443618	0.622998392	0.642340983
-1.281281281	0.640634297	0.690613055	0.700849026	0.661435816	0.628722389	0.647449336
-1.274274274	0.643987202	0.694804129	0.702894045	0.667418324	0.634450175	0.652538416
-1.267267267	0.647298199	0.698942239	0.704851210	0.673389098	0.640180197	0.657606445
-1.260260260	0.650565957	0.703025358	0.706718951	0.679346044	0.645910852	0.662651614
-1.253253253	0.653789136	0.707051447	0.708495726	0.685287022	0.651640498	0.667672084
-1.246246246	0.656966392	0.711018451	0.710180011	0.691209846	0.657367444	0.672665982
-1.239239239	0.660096370	0.714924302	0.711770311	0.697112281	0.663089955	0.677631403
-1.232232232	0.663177712	0.718766922	0.713265157	0.702992048	0.668806247	0.682566412
-1.225225225	0.666209054	0.722544221	0.714663110	0.708846819	0.674514494	0.687469044
-1.218218218	0.669189027	0.726254103	0.715962758	0.714674221	0.680212819	0.692337301
-1.211211211	0.672116258	0.729894459	0.717162725	0.720471832	0.685899300	0.697169157
-1.204204204	0.674989369	0.733463177	0.718261665	0.726237188	0.691571968	0.701962556
-1.197197197	0.677806980	0.736958136	0.719258268	0.731967777	0.697228806	0.706715413
-1.190190190	0.680567707	0.740377213	0.720151260	0.737661043	0.702867749	0.711425613
-1.183183183	0.683270165	0.743718280	0.720939407	0.743314385	0.708486683	0.716091016
-1.176176176	0.685912966	0.746979209	0.721621511	0.748925157	0.714083449	0.720709452
-1.169169169	0.688494722	0.750157869	0.722196417	0.754490670	0.719655837	0.725278725
-1.162162162	0.691014045	0.753252131	0.722663013	0.760008194	0.725201591	0.729796615
-1.155155155	0.693469545	0.756259867	0.723020230	0.765474955	0.730718406	0.734260874
-1.148148148	0.695859835	0.759178955	0.723267043	0.770888138	0.736203929	0.738669233
-1.141141141	0.698183529	0.762007275	0.723402475	0.776244887	0.741655759	0.743019395
-1.134134134	0.700439241	0.764742715	0.723425598	0.781542308	0.747071450	0.747309045
-1.127127127	0.702625590	0.767383169	0.723335530	0.786777467	0.752448505	0.751535842
-1.120120120	0.704741196	0.769926543	0.723131441	0.791947392	0.757784381	0.755697429
-1.113113113	0.706784684	0.772370752	0.722812555	0.797049076	0.763076490	0.759791425
-1.106106106	0.708754683	0.774713724	0.722378145	0.802079476	0.768322196	0.763815431
-1.099099099	0.710649827	0.776953398	0.721827540	0.807035514	0.773518817	0.767767034
-1.092092092	0.712468755	0.779087732	0.721160124	0.811914081	0.778663627	0.771643800
-1.085085085	0.714210112	0.781114698	0.720375335	0.816712034	0.783753855	0.775443281
-1.078078078	0.715872550	0.783032287	0.719472671	0.821426203	0.788786686	0.779163016
-1.071071071	0.717454727	0.784838510	0.718451684	0.826053387	0.793759260	0.782800531
-1.064064064	0.718955311	0.786531399	0.717311986	0.830590359	0.798668676	0.786353338
-1.057057057	0.720372976	0.788109006	0.716053249	0.835033865	0.803511992	0.789818942
-1.050050050	0.721706405	0.789569410	0.714675204	0.839380629	0.808286224	0.793194835
-1.043043043	0.722954290	0.790910715	0.713177640	0.843627353	0.812988350	0.796478506
-1.036036036	0.724115334	0.792131049	0.711560411	0.847770716	0.817615307	0.799667433
-1.029029029	0.725188249	0.793228569	0.709823427	0.851807380	0.822163996	0.802759093
-1.022022022	0.726171757	0.794201463	0.707966663	0.855733991	0.826631283	0.805750956
-1.015015015	0.727064592	0.795047947	0.705990152	0.859547179	0.831013996	0.808640493
-1.008008008	0.727865496	0.795766269	0.703893992	0.863243560	0.835308933	0.811425172
-1.001001001	0.728573227	0.796354710	0.701678339	0.866819742	0.839512857	0.814102463
-0.993993994	0.729186551	0.796811584	0.699343412	0.870272319	0.843622503	0.816669839
-0.986986987	0.729704248	0.797135240	0.696889489	0.873597881	0.847634574	0.819124774
-0.979979980	0.730125108	0.797324062	0.694316910	0.876793013	0.851545749	0.821464751
-0.972972973	0.730447935	0.797376469	0.691626074	0.879854295	0.855352679	0.823687255
-0.965965966	0.730671545	0.797290919	0.688817439	0.882778306	0.859051993	0.825789784
-0.958958959	0.730794764	0.797065906	0.685891521	0.885561625	0.862640295	0.827769841
-0.951951952	0.730816433	0.796699960	0.682848894	0.888200835	0.866114172	0.829624942
-0.944944945	0.730735402	0.796191651	0.679690187	0.890692520	0.869470192	0.831352614
-0.937937938	0.730550535	0.795539587	0.676416087	0.893033273	0.872704906	0.832950398
-0.930930931	0.730260706	0.794742413	0.673027331	0.895219694	0.875814850	0.834415849
-0.923923924	0.729864801	0.793798812	0.669524710	0.897248390	0.878796550	0.835746538
-0.916916917	0.729361716	0.792707504	0.665909065	0.899115980	0.881646521	0.836940051
-0.909909910	0.728750355	0.791467246	0.662181286	0.900819095	0.884361268	0.837993993
-0.902902903	0.728029633	0.790076832	0.658342310	0.902354379	0.886937292	0.838905986
-0.895895896	0.727198473	0.788535089	0.654393117	0.903718490	0.889371090	0.839673672
-0.888888889	0.726255806	0.786840879	0.650334730	0.904908100	0.891659154	0.840294711
-0.881881882	0.725200566	0.784993097	0.646168211	0.905919897	0.893797980	0.840766784
-0.874874875	0.724031694	0.782990665	0.641894660	0.906750584	0.895784061	0.841087591
-0.867867868	0.722748134	0.780832536	0.637515208	0.907396879	0.897613898	0.841254852
-0.860860861	0.721348831	0.778517687	0.633031020	0.907855516	0.899283992	0.841266306
-0.853853854	0.719832732	0.776045119	0.628443286	0.908123241	0.900790854	0.841119712
-0.846846847	0.718198777	0.773413850	0.623753220	0.908196816	0.902131000	0.840812845
-0.839839840	0.716445905	0.770622915	0.618962056	0.908073009	0.903300958	0.840343498
-0.832832833	0.714573048	0.767671362	0.614071044	0.907748600	0.904297261	0.839709480
-0.825825826	0.712579124	0.764558243	0.609081443	0.907220373	0.905116454	0.838908612
-0.818818819	0.710463043	0.761282612	0.603994521	0.906485111	0.905755092	0.837938726
-0.811811812	0.708223693	0.757843518	0.598811547	0.905539598	0.906209738	0.836797661
-0.804804805	0.705859945	0.754240001	0.593533785	0.904380603	0.906476964	0.835483261
-0.797797798	0.703370644	0.750471080	0.588162488	0.903004884	0.906553348	0.833993370
-0.790790791	0.700754604	0.746535747	0.582698897	0.901409170	0.906435472	0.832325826
-0.783783784	0.698010605	0.742432958	0.577144228	0.899590160	0.906119922	0.830478456
-0.776776777	0.695137387	0.738161625	0.571499666	0.897544505	0.905603276	0.828449071
-0.769769770	0.692133641	0.733720600	0.565766362	0.895268801	0.904882106	0.826235454
-0.762762763	0.688998007	0.729108664	0.559945419	0.892759569	0.903952970	0.823835357
-0.755755756	0.685729059	0.724324516	0.554037888	0.890013241	0.902812401	0.821246484
-0.748748749	0.682325305	0.719366753	0.548044754	0.887026136	0.901456896	0.818466485
-0.741741742	0.678785169	0.714233855	0.541966930	0.883794444	0.899882911	0.815492938
-0.734734735	0.675106986	0.708924163	0.535805242	0.880314189	0.898086836	0.812323336
-0.727727728	0.671288989	0.703435861	0.529560418	0.876581206	0.896064983	0.808955070
-0.720720721	0.667329296	0.697766948	0.523233077	0.872591101	0.893813565	0.805385405
-0.713713714	0.663225893	0.691915209	0.516823709	0.868339211	0.891328665	0.801611460
-0.706706707	0.658976623	0.685878187	0.510332663	0.863820550	0.888606209	0.797630180
-0.699699700	0.654579162	0.679653147	0.503760129	0.859029761	0.885641926	0.793438303
-0.692692693	0.650031003	0.673237031	0.497106115	0.853961039	0.882431303	0.789032329
-0.685685686	0.645329430	0.666626419	0.490370425	0.848608061	0.878969531	0.784408472
-0.678678679	0.640471495	0.659817470	0.483552637	0.842963891	0.875251436	0.779562618
-0.671671672	0.635453989	0.652805865	0.476652074	0.837020871	0.871271404	0.774490266
-0.664664665	0.630273404	0.645586736	0.469667767	0.830770490	0.867023275	0.769186463
-0.657657658	0.624925904	0.638154586	0.462598427	0.824203234	0.862500227	0.763645729
-0.650650651	0.619407273	0.630503192	0.455442396	0.817308398	0.857694626	0.757861964
-0.643643644	0.613712875	0.622625500	0.448197606	0.810073863	0.852597838	0.751828347
-0.636636637	0.607837589	0.614513490	0.440861516	0.802485822	0.847200000	0.745537202
-0.629629630	0.601775753	0.606158024	0.433431059	0.794528447	0.841489720	0.738979852
-0.622622623	0.595521080	0.597548665	0.425902555	0.786183476	0.835453700	0.732146436
-0.615615616	0.589066575	0.588673454	0.418271635	0.777429694	0.829076251	0.725025684
-0.608608609	0.582404434	0.579518642	0.410533128	0.768242283	0.822338650	0.717604650
-0.601601602	0.575525916	0.570068371	0.402680942	0.758591989	0.815218287	0.709868378
-0.594594595	0.568421205	0.560304264	0.394707913	0.748444046	0.807687512	0.701799486
-0.587587588	0.561079237	0.550204936	0.386605624	0.737756763	0.799712048	0.693377649
-0.580580581	0.553487493	0.539745360	0.378364187	0.726479641	0.791248749	0.684578933
-0.573573574	0.545631748	0.528896072	0.369971966	0.714550821	0.782242367	0.675374949
-0.566566567	0.537495770	0.517622140	0.361415238	0.701893540	0.772620735	0.665731743
-0.559559560	0.529060944	0.505881817	0.352677768	0.688411104	0.762287361	0.655608327
-0.552552553	0.520305801	0.493624742	0.343740252	0.673979559	0.751109516	0.644954706
-0.545545546	0.511205438	0.480789510	0.334579615	0.658436629	0.738898136	0.633709161
-0.538538539	0.501730765	0.467300288	0.325168072	0.641564395	0.725371601	0.621794432
-0.531531532	0.491847548	0.453062016	0.315471880	0.623060828	0.710084910	0.609112225
-0.524524525	0.481515148	0.437953385	0.305449629	0.602490188	0.692274776	0.595535034
-0.517517518	0.470684845	0.421816195	0.295049862	0.579189818	0.670461621	0.580893550
-0.510510511	0.459297573	0.404438562	0.284207663	0.552076450	0.641124776	0.564956404
-0.503503504	0.447280778	0.385527053	0.272839614	0.519182124	0.591220123	0.547395771
-0.496496496	0.434543965	0.364657349	0.260836080	0.476267247	0.000000000	0.527724919
-0.489489489	0.420972193	0.341179403	0.248048859	0.410554761	0.000000000	0.505174268
-0.482482482	0.406416258	0.314013153	0.234270319	0.000000000	0.000000000	0.478413583
-0.475475475	0.390677253	0.281129168	0.219195639	0.000000000	0.000000000	0.444805956
-0.468468468	0.373481045	0.237812271	0.202347934	0.000000000	0.000000000	0.397687207
-0.461461461	0.354433373	0.166018645	0.182909672	0.000000000	0.000000000	0.305567693
-0.454454454	0.332934173	0.000000000	0.159262753	0.000000000	0.000000000	0.000000000
-0.447447447	0.307995089	0.000000000	0.127227760	0.000000000	0.000000000	0.000000000
-0.440440440	0.277783387	0.000000000	0.061786755	0.000000000	0.000000000	0.000000000
-0.433433433	0.238143900	0.000000000	0.000000000	0.000000000	0.000000000	0.000000000
-0.426426426	0.174303414	0.000000000	0.000000000	0.000000000	0.000000000	0.000000000
-0.419419419	0.000000000	0.000000000	0.000000000	0.000000000	0.000000000	0.000000000
-0.412412412	0.000000000	0.000000000	0.000000000	0.000000000	0.000000000	0.000000000
-0.405405405	0.000000000	0.000000000	0.000000000	0.000000000	0.000000000	0.000000000
-0.398398398	0.000000000	0.000000000	0.000000000	0.000000000	0.000000000	0.000000000
-0.391391391	0.000000000	0.000000000	0.000000000	0.000000000	0.000000000	0.000000000
-0.384384384	0.000000000	0.000000000	0.000000000	0.000000000	0.000000000	0.000000000
-0.377377377	0.000000000	0.000000000	0.000000000	0.000000000	0.000000000	0.000000000
-0.370370370	0.000000000	0.000000000	0.000000000	0.000000000	0.000000000	0.000000000
-0.363363363	0.000000000	0.000000000	0.000000000	0.000000000	0.000000000	0.000000000
-0.356356356	0.000000000	0.000000000	0.000000000	0.000000000	0.000000000	0.000000000
-0.349349349	0.000000000	0.000000000	0.000000000	0.000000000	0.000000000	0.000000000
-0.342342342	0.000000000	0.000000000	0.000000000	0.000000000	0.000000000	0.000000000
-0.335335335	0.000000000	0.000000000	0.000000000	0.000000000	0.000000000	0.000000000
-0.328328328	0.000000000	0.000000000	0.000000000	0.000000000	0.000000000	0.000000000
-0.321321321	0.000000000	0.000000000	0.000000000	0.000000000	0.000000000	0.000000000
-0.314314314	0.000000000	0.000000000	0.000000000	0.000000000	0.000000000	0.000000000
-0.307307307	0.000000000	0.000000000	0.000000000	0.000000000	0.000000000	0.000000000
-0.300300300	0.000000000	0.000000000	0.000000000	0.000000000	0.000000000	0.000000000
-0.293293293	0.000000000	0.000000000	0.000000000	0.000000000	0.000000000	0.000000000
-0.286286286	0.000000000	0.000000000	0.000000000	0.000000000	0.000000000	0.000000000
-0.279279279	0.000000000	0.000000000	0.000000000	0.000000000	0.000000000	0.000000000
-0.272272272	0.000000000	0.000000000	0.000000000	0.000000000	0.000000000	0.000000000
-0.265265265	0.000000000	0.000000000	0.000000000	0.000000000	0.000000000	0.000000000
-0.258258258	0.000000000	0.000000000	0.000000000	0.000000000	0.000000000	0.000000000
-0.251251251	0.000000000	0.000000000	0.000000000	0.000000000	0.000000000	0.000000000
-0.244244244	0.000000000	0.000000000	0.000000000	0.000000000	0.000000000	0.000000000
-0.237237237	0.000000000	0.000000000	0.000000000	0.000000000	0.000000000	0.000000000
-0.230230230	0.000000000	0.000000000	0.000000000	0.000000000	0.000000000	0.000000000
-0.223223223	0.000000000	0.000000000	0.000000000	0.000000000	0.000000000	0.000000000
-0.216216216	0.000000000	0.000000000	0.000000000	0.000000000	0.000000000	0.000000000
-0.209209209	0.000000000	0.000000000	0.000000000	0.000000000	0.000000000	0.000000000
-0.202202202	0.000000000	0.000000000	0.000000000	0.000000000	0.000000000	0.000000000
-0.195195195	0.000000000	0.000000000	0.000000000	0.000000000	0.000000000	0.000000000
-0.188188188	0.000000000	0.000000000	0.000000000	0.000000000	0.000000000	0.000000000
-0.181181181	0.000000000	0.000000000	0.000000000	0.000000000	0.000000000	0.000000000
-0.174174174	0.000000000	0.000000000	0.000000000	0.000000000	0.000000000	0.000000000
-0.167167167	0.000000000	0.000000000	0.000000000	0.000000000	0.000000000	0.000000000
-0.160160160	0.000000000	0.000000000	0.000000000	0.000000000	0.000000000	0.000000000
-0.153153153	0.000000000	0.000000000	0.000000000	0.000000000	0.000000000	0.000000000
-0.146146146	0.000000000	0.000000000	0.000000000	0.000000000	0.000000000	0.000000000
-0.139139139	0.000000000	0.000000000	0.000000000	0.000000000	0.000000000	0.000000000
-0.132132132	0.000000000	0.000000000	0.000000000	0.000000000	0.000000000	0.000000000
-0.125125125	0.000000000	0.000000000	0.000000000	0.000000000	0.000000000	0.000000000
-0.118118118	0.000000000	0.000000000	0.000000000	0.000000000	0.000000000	0.000000000
-0.111111111	0.000000000	0.000000000	0.000000000	0.000000000	0.000000000	0.000000000
-0.104104104	0.000000000	0.000000000	0.000000000	0.000000000	0.000000000	0.000000000
-0.097097097	0.000000000	0.000000000	0.000000000	0.000000000	0.000000000	0.000000000
-0.090090090	0.000000000	0.000000000	0.000000000	0.000000000	0.000000000	0.000000000
-0.083083083	0.000000000	0.000000000	0.000000000	0.000000000	0.000000000	0.000000000
-0.076076076	0.000000000	0.000000000	0.000000000	0.000000000	0.000000000	0.000000000
-0.069069069	0.000000000	0.000000000	0.000000000	0.000000000	0.000000000	0.000000000
-0.062062062	0.000000000	0.000000000	0.000000000	0.000000000	0.000000000	0.000000000
-0.055055055	0.000000000	0.000000000	0.000000000	0.000000000	0.000000000	0.000000000
-0.048048048	0.000000000	0.000000000	0.000000000	0.000000000	0.000000000	0.000000000
-0.041041041	0.000000000	0.000000000	0.000000000	0.000000000	0.000000000	0.000000000
-0.034034034	0.000000000	0.000000000	0.000000000	0.000000000	0.000000000	0.000000000
-0.027027027	0.000000000	0.000000000	0.000000000	0.000000000	0.000000000	0.000000000
-0.020020020	0.000000000	0.000000000	0.000000000	0.000000000	0.000000000	0.000000000
-0.013013013	0.000000000	0.000000000	0.000000000	0.000000000	0.000000000	0.000000000
-0.006006006	0.000000000	0.000000000	0.000000000	0.000000000	0.000000000	0.000000000
0.001001001	0.000000000	0.000000000	0.000000000	0.000000000	0.000000000	0.000000000
0.008008008	0.000000000	0.000000000	0.000000000	0.000000000	0.000000000	0.000000000
0.015015015	0.000000000	0.000000000	0.000000000	0.000000000	0.000000000	0.000000000
0.022022022	0.000000000	0.000000000	0.000000000	0.000000000	0.000000000	0.000000000
0.029029029	0.000000000	0.000000000	0.000000000	0.000000000	0.000000000	0.000000000
0.036036036	0.000000000	0.000000000	0.000000000	0.000000000	0.000000000	0.000000000
0.043043043	0.000000000	0.000000000	0.000000000	0.000000000	0.000000000	0.000000000
0.050050050	0.000000000	0.000000000	0.000000000	0.000000000	0.000000000	0.000000000
0.057057057	0.000000000	0.000000000	0.000000000	0.000000000	0.000000000	0.000000000
0.064064064	0.000000000	0.000000000	0.000000000	0.000000000	0.000000000	0.000000000
0.071071071	0.000000000	0.000000000	0.000000000	0.000000000	0.000000000	0.000000000
0.078078078	0.000000000	0.000000000	0.000000000	0.000000000	0.000000000	0.000000000
0.085085085	0.000000000	0.000000000	0.000000000	0.000000000	0.000000000	0.000000000
0.092092092	0.000000000	0.000000000	0.000000000	0.000000000	0.000000000	0.000000000
0.099099099	0.000000000	0.000000000	0.000000000	0.000000000	0.000000000	0.000000000
0.106106106	0.000000000	0.000000000	0.000000000	0.000000000	0.000000000	0.000000000
0.113113113	0.000000000	0.000000000	0.000000000	0.000000000	0.000000000	0.000000000
0.120120120	0.000000000	0.000000000	0.000000000	0.000000000	0.000000000	0.000000000
0.127127127	0.000000000	0.000000000	0.000000000	0.000000000	0.000000000	0.000000000
0.134134134	0.000000000	0.000000000	0.000000000	0.000000000	0.000000000	0.000000000
0.141141141	0.000000000	0.000000000	0.000000000	0.000000000	0.000000000	0.000000000
0.148148148	0.000000000	0.000000000	0.000000000	0.000000000	0.000000000	0.000000000
0.155155155	0.000000000	0.000000000	0.000000000	0.000000000	0.000000000	0.000000000
0.162162162	0.000000000	0.000000000	0.000000000	0.000000000	0.000000000	0.000000000
0.169169169	0.000000000	0.000000000	0.000000000	0.000000000	0.000000000	0.000000000
0.176176176	0.000000000	0.000000000	0.000000000	0.000000000	0.000000000	0.000000000
0.183183183	0.000000000	0.000000000	0.000000000	0.000000000	0.000000000	0.000000000
0.190190190	0.000000000	0.000000000	0.000000000	0.000000000	0.000000000	0.000000000
0.197197197	0.000000000	0.000000000	0.000000000	0.000000000	0.000000000	0.000000000
0.204204204	0.000000000	0.000000000	0.000000000	0.000000000	0.000000000	0.000000000
0.211211211	0.000000000	0.000000000	0.000000000	0.000000000	0.000000000	0.000000000
0.218218218	0.000000000	0.000000000	0.000000000	0.000000000	0.000000000	0.000000000
0.225225225	0.000000000	0.000000000	0.000000000	0.000000000	0.000000000	0.000000000
0.232232232	0.000000000	0.000000000	0.000000000	0.000000000	0.000000000	0.000000000
0.239239239	0.000000000	0.000000000	0.000000000	0.000000000	0.000000000	0.000000000
0.246246246	0.000000000	0.000000000	0.000000000	0.000000000	0.000000000	0.000000000
0.253253253	0.000000000	0.000000000	0.000000000	0.000000000	0.000000000	0.000000000
0.260260260	0.000000000	0.000000000	0.000000000	0.000000000	0.000000000	0.000000000
0.267267267	0.000000000	0.000000000	0.000000000	0.000000000	0.000000000	0.000000000
0.274274274	0.000000000	0.000000000	0.000000000	0.000000000	0.000000000	0.000000000
0.281281281	0.000000000	0.000000000	0.000000000	0.000000000	0.000000000	0.000000000
0.288288288	0.000000000	0.000000000	0.000000000	0.000000000	0.000000000	0.000000000
0.295295295	0.000000000	0.000000000	0.000000000	0.000000000	0.000000000	0.000000000
0.302302302	0.000000000	0.000000000	0.000000000	0.000000000	0.000000000	0.000000000
0.309309309	0.000000000	0.000000000	0.000000000	0.000000000	0.000000000	0.000000000
0.316316316	0.000000000	0.000000000	0.000000000	0.000000000	0.000000000	0.000000000
0.323323323	0.000000000	0.000000000	0.000000000	0.000000000	0.000000000	0.000000000
0.330330330	0.000000000	0.000000000	0.000000000	0.000000000	0.000000000	0.000000000
0.337337337	0.000000000	0.000000000	0.000000000	0.000000000	0.000000000	0.000000000
0.344344344	0.000000000	0.000000000	0.000000000	0.000000000	0.000000000	0.000000000
0.351351351	0.000000000	0.000000000	0.000000000	0.000000000	0.000000000	0.000000000
0.358358358	0.000000000	0.000000000	0.000000000	0.000000000	0.000000000	0.000000000
0.365365365	0.000000000	0.000000000	0.000000000	0.000000000	0.000000000	0.000000000
0.372372372	0.000000000	0.000000000	0.000000000	0.000000000	0.000000000	0.000000000
0.379379379	0.000000000	0.000000000	0.000000000	0.000000000	0.000000000	0.000000000
0.386386386	0.000000000	0.000000000	0.000000000	0.000000000	0.000000000	0.000000000
0.393393393	0.000000000	0.000000000	0.000000000	0.000000000	0.000000000	0.000000000
0.400400400	0.000000000	0.000000000	0.000000000	0.000000000	0.000000000	0.000000000
0.407407407	0.000000000	0.000000000	0.000000000	0.000000000	0.000000000	0.000000000
0.414414414	0.000000000	0.000000000	0.000000000	0.000000000	0.000000000	0.000000000
0.421421421	0.000000000	0.000000000	0.000000000	0.000000000	0.000000000	0.000000000
0.428428428	0.000000000	0.000000000	0.000000000	0.000000000	0.000000000	0.000000000
0.435435435	0.000000000	0.000000000	0.000000000	0.000000000	0.000000000	0.000000000
0.442442442	0.000000000	0.000000000	0.000000000	0.000000000	0.000000000	0.000000000
0.449449449	0.000000000	0.000000000	0.000000000	0.000000000	0.000000000	0.000000000
0.456456456	0.000000000	0.000000000	0.000000000	0.000000000	0.000000000	0.000000000
0.463463463	0.000000000	0.000000000	0.000000000	0.000000000	0.000000000	0.000000000
0.470470470	0.000000000	0.000000000	0.000000000	0.000000000	0.000000000	0.000000000
0.477477477	0.000000000	0.000000000	0.000000000	0.000000000	0.000000000	0.000000000
0.484484484	0.000000000	0.000000000	0.000000000	0.000000000	0.000000000	0.000000000
0.491491491	0.000000000	0.000000000	0.000000000	0.000000000	0.000000000	0.000000000
0.498498498	0.000000000	0.000000000	0.000000000	0.000000000	0.000000000	0.000000000
0.505505506	0.000000000	0.000000000	0.000000000	0.000000000	0.000000000	0.000000000
0.512512513	0.000000000	0.000000000	0.000000000	0.000000000	0.000000000	0.000000000
0.519519520	0.000000000	0.000000000	0.000000000	0.000000000	0.000000000	0.000000000
0.526526527	0.000000000	0.000000000	0.000000000	0.000000000	0.000000000	0.000000000
0.533533534	0.000000000	0.000000000	0.000000000	0.000000000	0.000000000	0.000000000
0.540540541	0.000000000	0.000000000	0.000000000	0.000000000	0.000000000	0.000000000
0.547547548	0.000000000	0.000000000	0.000000000	0.000000000	0.000000000	0.000000000
0.554554555	0.000000000	0.000000000	0.000000000	0.000000000	0.000000000	0.000000000
0.561561562	0.000000000	0.000000000	0.000000000	0.000000000	0.000000000	0.000000000
0.568568569	0.000000000	0.000000000	0.000000000	0.000000000	0.000000000	0.000000000
0.575575576	0.000000000	0.000000000	0.000000000	0.000000000	0.000000000	0.000000000
0.582582583	0.000000000	0.000000000	0.000000000	0.000000000	0.000000000	0.000000000
0.589589590	0.000000000	0.000000000	0.000000000	0.000000000	0.000000000	0.000000000
0.596596597	0.000000000	0.000000000	0.000000000	0.000000000	0.000000000	0.000000000
0.603603604	0.000000000	0.000000000	0.000000000	0.000000000	0.000000000	0.000000000
0.610610611	0.000000000	0.000000000	0.000000000	0.000000000	0.000000000	0.000000000
0.617617618	0.000000000	0.000000000	0.000000000	0.000000000	0.000000000	0.000000000
0.624624625	0.000000000	0.000000000	0.000000000	0.000000000	0.000000000	0.000000000
0.631631632	0.000000000	0.000000000	0.000000000	0.000000000	0.000000000	0.000000000
0.638638639	0.000000000	0.000000000	0.000000000	0.000000000	0.000000000	0.000000000
0.645645646	0.000000000	0.000000000	0.000000000	0.000000000	0.000000000	0.000000000
0.652652653	0.000000000	0.000000000	0.000000000	0.000000000	0.000000000	0.000000000
0.659659660	0.000000000	0.000000000	0.000000000	0.000000000	0.000000000	0.000000000
0.666666667	0.000000000	0.000000000	0.000000000	0.000000000	0.000000000	0.000000000
0.673673674	0.000000000	0.000000000	0.000000000	0.000000000	0.000000000	0.000000000
0.680680681	0.000000000	0.000000000	0.000000000	0.000000000	0.000000000	0.000000000
0.687687688	0.000000000	0.000000000	0.000000000	0.000000000	0.000000000	0.000000000
0.694694695	0.000000000	0.000000000	0.000000000	0.000000000	0.000000000	0.000000000
0.701701702	0.000000000	0.000000000	0.000000000	0.000000000	0.000000000	0.000000000
0.708708709	0.000000000	0.000000000	0.000000000	0.000000000	0.000000000	0.000000000
0.715715716	0.000000000	0.000000000	0.000000000	0.000000000	0.000000000	0.000000000
0.722722723	0.000000000	0.000000000	0.000000000	0.000000000	0.000000000	0.000000000
0.729729730	0.000000000	0.000000000	0.000000000	0.000000000	0.000000000	0.000000000
0.736736737	0.000000000	0.000000000	0.000000000	0.000000000	0.000000000	0.000000000
0.743743744	0.000000000	0.000000000	0.000000000	0.000000000	0.000000000	0.000000000
0.750750751	0.000000000	0.000000000	0.000000000	0.000000000	0.000000000	0.000000000
0.757757758	0.000000000	0.000000000	0.000000000	0.000000000	0.000000000	0.000000000
0.764764765	0.000000000	0.000000000	0.000000000	0.000000000	0.000000000	0.000000000
0.771771772	0.000000000	0.000000000	0.000000000	0.000000000	0.000000000	0.000000000
0.778778779	0.000000000	0.000000000	0.000000000	0.000000000	0.000000000	0.000000000
0.785785786	0.000000000	0.000000000	0.000000000	0.000000000	0.000000000	0.000000000
0.792792793	0.000000000	0.000000000	0.000000000	0.000000000	0.000000000	0.000000000
0.799799800	0.000000000	0.000000000	0.000000000	0.000000000	0.000000000	0.000000000
0.806806807	0.000000000	0.000000000	0.000000000	0.000000000	0.000000000	0.000000000
0.813813814	0.000000000	0.000000000	0.000000000	0.000000000	0.000000000	0.000000000
0.820820821	0.000000000	0.000000000	0.000000000	0.000000000	0.000000000	0.000000000
0.827827828	0.000000000	0.000000000	0.000000000	0.000000000	0.000000000	0.000000000
0.834834835	0.000000000	0.000000000	0.000000000	0.000000000	0.000000000	0.000000000
0.841841842	0.000000000	0.000000000	0.000000000	0.000000000	0.000000000	0.000000000
0.848848849	0.000000000	0.000000000	0.000000000	0.000000000	0.000000000	0.000000000
0.855855856	0.000000000	0.000000000	0.000000000	0.000000000	0.000000000	0.000000000
0.862862863	0.000000000	0.000000000	0.000000000	0.000000000	0.000000000	0.000000000
0.869869870	0.000000000	0.000000000	0.000000000	0.000000000	0.000000000	0.000000000
0.876876877	0.000000000	0.000000000	0.000000000	0.000000000	0.000000000	0.000000000
0.883883884	0.000000000	0.000000000	0.000000000	0.000000000	0.000000000	0.000000000
0.890890891	0.000000000	0.000000000	0.000000000	0.000000000	0.000000000	0.000000000
0.897897898	0.000000000	0.000000000	0.000000000	0.000000000	0.000000000	0.000000000
0.904904905	0.000000000	0.000000000	0.000000000	0.000000000	0.000000000	0.000000000
0.911911912	0.000000000	0.000000000	0.000000000	0.000000000	0.000000000	0.000000000
0.918918919	0.000000000	0.000000000	0.000000000	0.000000000	0.000000000	0.000000000
0.925925926	0.000000000	0.000000000	0.000000000	0.000000000	0.000000000	0.000000000
0.932932933	0.000000000	0.000000000	0.000000000	0.000000000	0.000000000	0.000000000
0.939939940	0.000000000	0.000000000	0.000000000	0.000000000	0.000000000	0.000000000
0.946946947	0.000000000	0.000000000	0.000000000	0.000000000	0.000000000	0.000000000
0.953953954	0.000000000	0.000000000	0.000000000	0.000000000	0.000000000	0.000000000
0.960960961	0.000000000	0.000000000	0.000000000	0.000000000	0.000000000	0.000000000
0.967967968	0.000000000	0.000000000	0.000000000	0.000000000	0.000000000	0.000000000
0.974974975	0.000000000	0.000000000	0.000000000	0.000000000	0.000000000	0.000000000
0.981981982	0.000000000	0.000000000	0.000000000	0.000000000	0.000000000	0.000000000
0.988988989	0.000000000	0.000000000	0.000000000	0.000000000	0.000000000	0.000000000
0.995995996	0.000000000	0.000000000	0.000000000	0.000000000	0.000000000	0.000000000
1.003003003	0.000000000	0.000000000	0.000000000	0.000000000	0.000000000	0.000000000
1.010010010	0.000000000	0.000000000	0.000000000	0.000000000	0.000000000	0.000000000
1.017017017	0.000000000	0.000000000	0.000000000	0.000000000	0.000000000	0.000000000
1.024024024	0.000000000	0.000000000	0.000000000	0.000000000	0.000000000	0.000000000
1.031031031	0.000000000	0.000000000	0.000000000	0.000000000	0.000000000	0.000000000
1.038038038	0.000000000	0.000000000	0.000000000	0.000000000	0.000000000	0.000000000
1.045045045	0.000000000	0.000000000	0.000000000	0.000000000	0.000000000	0.000000000
1.052052052	0.000000000	0.000000000	0.000000000	0.000000000	0.000000000	0.000000000
1.059059059	0.000000000	0.000000000	0.000000000	0.000000000	0.000000000	0.000000000
1.066066066	0.000000000	0.000000000	0.000000000	0.000000000	0.000000000	0.000000000
1.073073073	0.000000000	0.000000000	0.000000000	0.000000000	0.000000000	0.000000000
1.080080080	0.000000000	0.000000000	0.000000000	0.000000000	0.000000000	0.000000000
1.087087087	0.000000000	0.000000000	0.000000000	0.000000000	0.000000000	0.000000000
1.094094094	0.000000000	0.000000000	0.000000000	0.000000000	0.000000000	0.000000000
1.101101101	0.000000000	0.000000000	0.000000000	0.000000000	0.000000000	0.000000000
1.108108108	0.000000000	0.000000000	0.000000000	0.000000000	0.000000000	0.000000000
1.115115115	0.000000000	0.000000000	0.000000000	0.000000000	0.000000000	0.000000000
1.122122122	0.000000000	0.000000000	0.000000000	0.000000000	0.000000000	0.000000000
1.129129129	0.000000000	0.000000000	0.000000000	0.000000000	0.000000000	0.000000000
1.136136136	0.000000000	0.000000000	0.000000000	0.000000000	0.000000000	0.000000000
1.143143143	0.000000000	0.000000000	0.000000000	0.000000000	0.000000000	0.000000000
1.150150150	0.000000000	0.000000000	0.000000000	0.000000000	0.000000000	0.000000000
1.157157157	0.000000000	0.000000000	0.000000000	0.000000000	0.000000000	0.000000000
1.164164164	0.000000000	0.000000000	0.000000000	0.000000000	0.000000000	0.000000000
1.171171171	0.000000000	0.000000000	0.000000000	0.000000000	0.000000000	0.000000000
1.178178178	0.000000000	0.000000000	0.000000000	0.000000000	0.000000000	0.000000000
1.185185185	0.000000000	0.000000000	0.000000000	0.000000000	0.000000000	0.000000000
1.192192192	0.000000000	0.000000000	0.000000000	0.000000000	0.000000000	0.000000000
1.199199199	0.000000000	0.000000000	0.000000000	0.000000000	0.000000000	0.000000000
1.206206206	0.000000000	0.000000000	0.000000000	0.000000000	0.000000000	0.000000000
1.213213213	0.000000000	0.000000000	0.000000000	0.000000000	0.000000000	0.000000000
1.220220220	0.000000000	0.000000000	0.000000000	0.000000000	0.000000000	0.000000000
1.227227227	0.000000000	0.000000000	0.000000000	0.000000000	0.000000000	0.000000000
1.234234234	0.000000000	0.000000000	0.000000000	0.000000000	0.000000000	0.000000000
1.241241241	0.000000000	0.000000000	0.000000000	0.000000000	0.000000000	0.000000000
1.248248248	0.000000000	0.000000000	0.000000000	0.000000000	0.000000000	0.000000000
1.255255255	0.000000000	0.000000000	0.000000000	0.000000000	0.000000000	0.000000000
1.262262262	0.000000000	0.000000000	0.000000000	0.000000000	0.000000000	0.000000000
1.269269269	0.000000000	0.000000000	0.000000000	0.000000000	0.000000000	0.000000000
1.276276276	0.000000000	0.000000000	0.000000000	0.000000000	0.000000000	0.000000000
1.283283283	0.000000000	0.000000000	0.000000000	0.000000000	0.000000000	0.000000000
1.290290290	0.000000000	0.000000000	0.000000000	0.000000000	0.000000000	0.000000000
1.297297297	0.000000000	0.000000000	0.000000000	0.000000000	0.000000000	0.000000000
1.304304304	0.000000000	0.000000000	0.000000000	0.000000000	0.000000000	0.000000000
1.311311311	0.000000000	0.000000000	0.000000000	0.000000000	0.000000000	0.000000000
1.318318318	0.000000000	0.000000000	0.000000000	0.000000000	0.000000000	0.000000000
1.325325325	0.000000000	0.000000000	0.000000000	0.000000000	0.000000000	0.000000000
1.332332332	0.000000000	0.000000000	0.000000000	0.000000000	0.000000000	0.000000000
1.339339339	0.000000000	0.000000000	0.000000000	0.000000000	0.000000000	0.000000000
1.346346346	0.000000000	0.000000000	0.000000000	0.000000000	0.000000000	0.000000000
1.353353353	0.000000000	0.000000000	0.000000000	0.000000000	0.000000000	0.000000000
1.360360360	0.000000000	0.000000000	0.000000000	0.000000000	0.000000000	0.000000000
1.367367367	0.000000000	0.000000000	0.000000000	0.000000000	0.000000000	0.000000000
1.374374374	0.000000000	0.000000000	0.000000000	0.000000000	0.000000000	0.000000000
1.381381381	0.000000000	0.000000000	0.000000000	0.000000000	0.000000000	0.000000000
1.388388388	0.000000000	0.000000000	0.000000000	0.000000000	0.000000000	0.000000000
1.395395395	0.000000000	0.000000000	0.000000000	0.000000000	0.000000000	0.000000000
1.402402402	0.000000000	0.000000000	0.000000000	0.000000000	0.000000000	0.000000000
1.409409409	0.000000000	0.000000000	0.000000000	0.000000000	0.000000000	0.000000000
1.416416416	0.000000000	0.000000000	0.000000000	0.000000000	0.000000000	0.000000000
1.423423423	0.000000000	0.000000000	0.000000000	0.000000000	0.000000000	0.000000000
1.430430430	0.000000000	0.000000000	0.000000000	0.000000000	0.000000000	0.000000000
1.437437437	0.000000000	0.000000000	0.000000000	0.000000000	0.000000000	0.000000000
1.444444444	0.000000000	0.000000000	0.000000000	0.000000000	0.000000000	0.000000000
1.451451451	0.000000000	0.000000000	0.000000000	0.000000000	0.000000000	0.000000000
1.458458458	0.000000000	0.000000000	0.000000000	0.000000000	0.000000000	0.000000000
1.465465465	0.000000000	0.000000000	0.000000000	0.000000000	0.000000000	0.000000000
1.472472472	0.000000000	0.000000000	0.000000000	0.000000000	0.000000000	0.000000000
1.479479479	0.000000000	0.000000000	0.000000000	0.000000000	0.000000000	0.000000000
1.486486486	0.000000000	0.000000000	0.000000000	0.000000000	0.000000000	0.000000000
1.493493493	0.000000000	0.000000000	0.000000000	0.000000000	0.000000000	0.000000000
1.500500501	0.000000000	0.000000000	0.000000000	0.000000000	0.000000000	0.000000000
1.507507508	0.000000000	0.000000000	0.000000000	0.000000000	0.000000000	0.000000000
1.514514515	0.000000000	0.000000000	0.000000000	0.000000000	0.000000000	0.000000000
1.521521522	0.000000000	0.000000000	0.000000000	0.000000000	0.000000000	0.000000000
1.528528529	0.000000000	0.000000000	0.000000000	0.000000000	0.000000000	0.000000000
1.535535536	0.000000000	0.000000000	0.000000000	0.000000000	0.000000000	0.000000000
1.542542543	0.000000000	0.000000000	0.000000000	0.000000000	0.000000000	0.000000000
1.549549550	0.000000000	0.000000000	0.000000000	0.000000000	0.000000000	0.000000000
1.556556557	0.000000000	0.000000000	0.000000000	0.000000000	0.000000000	0.000000000
1.563563564	0.000000000	0.000000000	0.000000000	0.000000000	0.000000000	0.000000000
1.570570571	0.000000000	0.000000000	0.000000000	0.000000000	0.000000000	0.000000000
1.577577578	0.000000000	0.000000000	0.000000000	0.000000000	0.000000000	0.000000000
1.584584585	0.000000000	0.000000000	0.000000000	0.000000000	0.000000000	0.000000000
1.591591592	0.000000000	0.000000000	0.000000000	0.000000000	0.000000000	0.000000000
1.598598599	0.000000000	0.000000000	0.000000000	0.000000000	0.000000000	0.000000000
1.605605606	0.000000000	0.000000000	0.000000000	0.000000000	0.000000000	0.000000000
1.612612613	0.000000000	0.000000000	0.000000000	0.000000000	0.000000000	0.000000000
1.619619620	0.000000000	0.000000000	0.000000000	0.000000000	0.000000000	0.000000000
1.626626627	0.000000000	0.000000000	0.000000000	0.000000000	0.000000000	0.000000000
1.633633634	0.000000000	0.000000000	0.000000000	0.000000000	0.000000000	0.000000000
1.640640641	0.000000000	0.000000000	0.000000000	0.000000000	0.000000000	0.000000000
1.647647648	0.000000000	0.000000000	0.000000000	0.000000000	0.000000000	0.000000000
1.654654655	0.000000000	0.000000000	0.000000000	0.000000000	0.000000000	0.000000000
1.661661662	0.000000000	0.000000000	0.000000000	0.000000000	0.000000000	0.000000000
1.668668669	0.000000000	0.000000000	0.000000000	0.000000000	0.000000000	0.000000000
1.675675676	0.000000000	0.000000000	0.000000000	0.000000000	0.000000000	0.000000000
1.682682683	0.000000000	0.000000000	0.000000000	0.000000000	0.000000000	0.000000000
1.689689690	0.000000000	0.000000000	0.000000000	0.000000000	0.000000000	0.000000000
1.696696697	0.000000000	0.000000000	0.000000000	0.000000000	0.000000000	0.000000000
1.703703704	0.000000000	0.000000000	0.000000000	0.000000000	0.000000000	0.000000000
1.710710711	0.000000000	0.000000000	0.000000000	0.000000000	0.000000000	0.000000000
1.717717718	0.000000000	0.000000000	0.000000000	0.000000000	0.000000000	0.000000000
1.724724725	0.000000000	0.000000000	0.000000000	0.000000000	0.000000000	0.000000000
1.731731732	0.000000000	0.000000000	0.000000000	0.000000000	0.000000000	0.000000000
1.738738739	0.000000000	0.000000000	0.000000000	0.000000000	0.000000000	0.000000000
1.745745746	0.000000000	0.000000000	0.000000000	0.000000000	0.000000000	0.000000000
1.752752753	0.000000000	0.000000000	0.000000000	0.000000000	0.000000000	0.000000000
1.759759760	0.000000000	0.000000000	0.000000000	0.000000000	0.000000000	0.000000000
1.766766767	0.000000000	0.000000000	0.000000000	0.000000000	0.000000000	0.000000000
1.773773774	0.000000000	0.000000000	0.000000000	0.000000000	0.000000000	0.000000000
1.780780781	0.000000000	0.000000000	0.000000000	0.000000000	0.000000000	0.000000000
1.787787788	0.000000000	0.000000000	0.000000000	0.000000000	0.000000000	0.000000000
1.794794795	0.000000000	0.000000000	0.000000000	0.000000000	0.000000000	0.000000000
1.801801802	0.000000000	0.000000000	0.000000000	0.000000000	0.000000000	0.000000000
1.808808809	0.000000000	0.000000000	0.000000000	0.000000000	0.000000000	0.000000000
1.815815816	0.000000000	0.000000000	0.000000000	0.000000000	0.000000000	0.000000000
1.822822823	0.000000000	0.000000000	0.000000000	0.000000000	0.000000000	0.000000000
1.829829830	0.000000000	0.000000000	0.000000000	0.000000000	0.000000000	0.000000000
1.836836837	0.000000000	0.000000000	0.000000000	0.000000000	0.000000000	0.000000000
1.843843844	0.000000000	0.000000000	0.000000000	0.000000000	0.000000000	0.000000000
1.850850851	0.000000000	0.000000000	0.000000000	0.000000000	0.000000000	0.000000000
1.857857858	0.000000000	0.000000000	0.000000000	0.000000000	0.000000000	0.000000000
1.864864865	0.000000000	0.000000000	0.000000000	0.000000000	0.000000000	0.000000000
1.871871872	0.000000000	0.000000000	0.000000000	0.000000000	0.000000000	0.000000000
1.878878879	0.000000000	0.000000000	0.000000000	0.000000000	0.000000000	0.000000000
1.885885886	0.000000000	0.000000000	0.000000000	0.000000000	0.000000000	0.000000000
1.892892893	0.000000000	0.000000000	0.000000000	0.000000000	0.000000000	0.000000000
1.899899900	0.000000000	0.000000000	0.000000000	0.000000000	0.000000000	0.000000000
1.906906907	0.000000000	0.000000000	0.000000000	0.000000000	0.000000000	0.000000000
1.913913914	0.000000000	0.000000000	0.000000000	0.000000000	0.000000000	0.000000000
1.920920921	0.000000000	0.000000000	0.000000000	0.000000000	0.000000000	0.000000000
1.927927928	0.000000000	0.000000000	0.000000000	0.000000000	0.000000000	0.000000000
1.934934935	0.000000000	0.000000000	0.000000000	0.000000000	0.000000000	0.000000000
1.941941942	0.000000000	0.000000000	0.000000000	0.000000000	0.000000000	0.000000000
1.948948949	0.000000000	0.000000000	0.000000000	0.000000000	0.000000000	0.000000000
1.955955956	0.000000000	0.000000000	0.000000000	0.000000000	0.000000000	0.000000000
1.962962963	0.000000000	0.000000000	0.000000000	0.000000000	0.000000000	0.000000000
1.969969970	0.000000000	0.000000000	0.000000000	0.000000000	0.000000000	0.000000000
1.976976977	0.000000000	0.000000000	0.000000000	0.000000000	0.000000000	0.000000000
1.983983984	0.000000000	0.000000000	0.000000000	0.000000000	0.000000000	0.000000000
1.990990991	0.000000000	0.000000000	0.000000000	0.000000000	0.000000000	0.000000000
1.997997998	0.000000000	0.000000000	0.000000000	0.000000000	0.000000000	0.000000000
2.005005005	0.000000000	0.000000000	0.000000000	0.000000000	0.000000000	0.000000000
2.012012012	0.000000000	0.000000000	0.000000000	0.000000000	0.000000000	0.000000000
2.019019019	0.000000000	0.000000000	0.000000000	0.000000000	0.000000000	0.000000000
2.026026026	0.000000000	0.000000000	0.000000000	0.000000000	0.000000000	0.000000000
2.033033033	0.000000000	0.000000000	0.000000000	0.000000000	0.000000000	0.000000000
2.040040040	0.000000000	0.000000000	0.000000000	0.000000000	0.000000000	0.000000000
2.047047047	0.000000000	0.000000000	0.000000000	0.000000000	0.000000000	0.000000000
2.054054054	0.000000000	0.000000000	0.000000000	0.000000000	0.000000000	0.000000000
2.061061061	0.000000000	0.000000000	0.000000000	0.000000000	0.000000000	0.000000000
2.068068068	0.000000000	0.000000000	0.000000000	0.000000000	0.000000000	0.000000000
2.075075075	0.000000000	0.000000000	0.000000000	0.000000000	0.000000000	0.000000000
2.082082082	0.000000000	0.000000000	0.000000000	0.000000000	0.000000000	0.000000000
2.089089089	0.000000000	0.000000000	0.000000000	0.000000000	0.000000000	0.000000000
2.096096096	0.000000000	0.000000000	0.000000000	0.000000000	0.000000000	0.000000000
2.103103103	0.000000000	0.000000000	0.000000000	0.000000000	0.000000000	0.000000000
2.110110110	0.000000000	0.000000000	0.000000000	0.000000000	0.000000000	0.000000000
2.117117117	0.000000000	0.000000000	0.000000000	0.000000000	0.000000000	0.000000000
2.124124124	0.000000000	0.000000000	0.000000000	0.000000000	0.000000000	0.000000000
2.131131131	0.000000000	0.000000000	0.000000000	0.000000000	0.000000000	0.000000000
2.138138138	0.000000000	0.000000000	0.000000000	0.000000000	0.000000000	0.000000000
2.145145145	0.000000000	0.000000000	0.000000000	0.000000000	0.000000000	0.000000000
2.152152152	0.000000000	0.000000000	0.000000000	0.000000000	0.000000000	0.000000000
2.159159159	0.000000000	0.000000000	0.000000000	0.000000000	0.000000000	0.000000000
2.166166166	0.000000000	0.000000000	0.000000000	0.000000000	0.000000000	0.000000000
2.173173173	0.000000000	0.000000000	0.000000000	0.000000000	0.000000000	0.000000000
2.180180180	0.000000000	0.000000000	0.000000000	0.000000000	0.000000000	0.000000000
2.187187187	0.000000000	0.000000000	0.000000000	0.000000000	0.000000000	0.000000000
2.194194194	0.000000000	0.000000000	0.000000000	0.000000000	0.000000000	0.000000000
2.201201201	0.000000000	0.000000000	0.000000000	0.000000000	0.000000000	0.000000000
2.208208208	0.000000000	0.000000000	0.000000000	0.000000000	0.000000000	0.000000000
2.215215215	0.000000000	0.000000000	0.000000000	0.000000000	0.000000000	0.000000000
2.222222222	0.000000000	0.000000000	0.000000000	0.000000000	0.000000000	0.000000000
2.229229229	0.000000000	0.000000000	0.000000000	0.000000000	0.000000000	0.000000000
2.236236236	0.000000000	0.000000000	0.000000000	0.000000000	0.000000000	0.000000000
2.243243243	0.000000000	0.000000000	0.000000000	0.000000000	0.000000000	0.000000000
2.250250250	0.000000000	0.000000000	0.000000000	0.000000000	0.000000000	0.000000000
2.257257257	0.000000000	0.000000000	0.000000000	0.000000000	0.000000000	0.000000000
2.264264264	0.000000000	0.000000000	0.000000000	0.000000000	0.000000000	0.000000000
2.271271271	0.000000000	0.000000000	0.000000000	0.000000000	0.000000000	0.000000000
2.278278278	0.000000000	0.000000000	0.000000000	0.000000000	0.000000000	0.000000000
2.285285285	0.000000000	0.000000000	0.000000000	0.000000000	0.000000000	0.000000000
2.292292292	0.000000000	0.000000000	0.000000000	0.000000000	0.000000000	0.000000000
2.299299299	0.000000000	0.000000000	0.000000000	0.000000000	0.000000000	0.000000000
2.306306306	0.000000000	0.000000000	0.000000000	0.000000000	0.000000000	0.000000000
2.313313313	0.000000000	0.000000000	0.000000000	0.000000000	0.000000000	0.000000000
2.320320320	0.000000000	0.000000000	0.000000000	0.000000000	0.000000000	0.000000000
2.327327327	0.000000000	0.000000000	0.000000000	0.000000000	0.000000000	0.000000000
2.334334334	0.000000000	0.000000000	0.000000000	0.000000000	0.000000000	0.000000000
2.341341341	0.000000000	0.000000000	0.000000000	0.000000000	0.000000000	0.000000000
2.348348348	0.000000000	0.000000000	0.000000000	0.000000000	0.000000000	0.000000000
2.355355355	0.000000000	0.000000000	0.000000000	0.000000000	0.000000000	0.000000000
2.362362362	0.000000000	0.000000000	0.000000000	0.000000000	0.000000000	0.000000000
2.369369369	0.000000000	0.000000000	0.000000000	0.000000000	0.000000000	0.000000000
2.376376376	0.000000000	0.000000000	0.000000000	0.000000000	0.000000000	0.000000000
2.383383383	0.000000000	0.000000000	0.000000000	0.000000000	0.000000000	0.000000000
2.390390390	0.000000000	0.000000000	0.000000000	0.000000000	0.000000000	0.000000000
2.397397397	0.000000000	0.000000000	0.000000000	0.000000000	0.000000000	0.000000000
2.404404404	0.000000000	0.000000000	0.000000000	0.000000000	0.000000000	0.000000000
2.411411411	0.000000000	0.000000000	0.000000000	0.000000000	0.000000000	0.000000000
2.418418418	0.000000000	0.000000000	0.000000000	0.000000000	0.000000000	0.000000000
2.425425425	0.000000000	0.000000000	0.000000000	0.000000000	0.000000000	0.000000000
2.432432432	0.000000000	0.000000000	0.000000000	0.000000000	0.000000000	0.000000000
2.439439439	0.000000000	0.000000000	0.000000000	0.000000000	0.000000000	0.000000000
2.446446446	0.000000000	0.000000000	0.000000000	0.000000000	0.000000000	0.000000000
2.453453453	0.000000000	0.000000000	0.000000000	0.000000000	0.000000000	0.000000000
2.460460460	0.000000000	0.000000000	0.000000000	0.000000000	0.000000000	0.000000000
2.467467467	0.000000000	0.000000000	0.000000000	0.000000000	0.000000000	0.000000000
2.474474474	0.000000000	0.000000000	0.000000000	0.000000000	0.000000000	0.000000000
2.481481481	0.000000000	0.000000000	0.000000000	0.000000000	0.000000000	0.000000000
2.488488488	0.000000000	0.000000000	0.000000000	0.000000000	0.000000000	0.000000000
2.495495495	0.000000000	0.000000000	0.000000000	0.000000000	0.000000000	0.000000000
2.502502503	0.000000000	0.000000000	0.000000000	0.000000000	0.000000000	0.000000000
2.509509510	0.000000000	0.000000000	0.000000000	0.000000000	0.000000000	0.000000000
2.516516517	0.000000000	0.000000000	0.000000000	0.000000000	0.000000000	0.000000000
2.523523524	0.000000000	0.000000000	0.000000000	0.000000000	0.000000000	0.000000000
2.530530531	0.000000000	0.000000000	0.000000000	0.000000000	0.000000000	0.000000000
2.537537538	0.000000000	0.000000000	0.000000000	0.000000000	0.000000000	0.000000000
2.544544545	0.000000000	0.000000000	0.000000000	0.000000000	0.000000000	0.000000000
2.551551552	0.000000000	0.000000000	0.000000000	0.000000000	0.000000000	0.000000000
2.558558559	0.000000000	0.000000000	0.000000000	0.000000000	0.000000000	0.000000000
2.565565566	0.000000000	0.000000000	0.000000000	0.000000000	0.000000000	0.000000000
2.572572573	0.000000000	0.000000000	0.000000000	0.000000000	0.000000000	0.000000000
2.579579580	0.000000000	0.000000000	0.000000000	0.000000000	0.000000000	0.000000000
2.586586587	0.000000000	0.000000000	0.000000000	0.000000000	0.000000000	0.000000000
2.593593594	0.000000000	0.000000000	0.000000000	0.000000000	0.000000000	0.000000000
2.600600601	0.000000000	0.000000000	0.000000000	0.000000000	0.000000000	0.000000000
2.607607608	0.000000000	0.000000000	0.000000000	0.000000000	0.000000000	0.000000000
2.614614615	0.000000000	0.000000000	0.000000000	0.000000000	0.000000000	0.000000000
2.621621622	0.000000000	0.000000000	0.000000000	0.000000000	0.000000000	0.000000000
2.628628629	0.000000000	0.000000000	0.000000000	0.000000000	0.000000000	0.000000000
2.635635636	0.000000000	0.000000000	0.000000000	0.000000000	0.000000000	0.000000000
2.642642643	0.000000000	0.000000000	0.000000000	0.000000000	0.000000000	0.000000000
2.649649650	0.000000000	0.000000000	0.000000000	0.000000000	0.000000000	0.000000000
2.656656657	0.000000000	0.000000000	0.000000000	0.000000000	0.000000000	0.000000000
2.663663664	0.000000000	0.000000000	0.000000000	0.000000000	0.000000000	0.000000000
2.670670671	0.000000000	0.000000000	0.000000000	0.000000000	0.000000000	0.000000000
2.677677678	0.000000000	0.000000000	0.000000000	0.000000000	0.000000000	0.000000000
2.684684685	0.000000000	0.000000000	0.000000000	0.000000000	0.000000000	0.000000000
2.691691692	0.000000000	0.000000000	0.000000000	0.000000000	0.000000000	0.000000000
2.698698699	0.000000000	0.000000000	0.000000000	0.000000000	0.000000000	0.000000000
2.705705706	0.000000000	0.000000000	0.000000000	0.000000000	0.000000000	0.000000000
2.712712713	0.000000000	0.000000000	0.000000000	0.000000000	0.000000000	0.000000000
2.719719720	0.000000000	0.000000000	0.000000000	0.000000000	0.000000000	0.000000000
2.726726727	0.000000000	0.000000000	0.000000000	0.000000000	0.000000000	0.000000000
2.733733734	0.000000000	0.000000000	0.000000000	0.000000000	0.000000000	0.000000000
2.740740741	0.000000000	0.000000000	0.000000000	0.000000000	0.000000000	0.000000000
2.747747748	0.000000000	0.000000000	0.000000000	0.000000000	0.000000000	0.000000000
2.754754755	0.000000000	0.000000000	0.000000000	0.000000000	0.000000000	0.000000000
2.761761762	0.000000000	0.000000000	0.000000000	0.000000000	0.000000000	0.000000000
2.768768769	0.000000000	0.000000000	0.000000000	0.000000000	0.000000000	0.000000000
2.775775776	0.000000000	0.000000000	0.000000000	0.000000000	0.000000000	0.000000000
2.782782783	0.000000000	0.000000000	0.000000000	0.000000000	0.000000000	0.000000000
2.789789790	0.000000000	0.000000000	0.000000000	0.000000000	0.000000000	0.000000000
2.796796797	0.000000000	0.000000000	0.000000000	0.000000000	0.000000000	0.000000000
2.803803804	0.000000000	0.000000000	0.000000000	0.000000000	0.000000000	0.000000000
2.810810811	0.000000000	0.000000000	0.000000000	0.000000000	0.000000000	0.000000000
2.817817818	0.000000000	0.000000000	0.000000000	0.000000000	0.000000000	0.000000000
2.824824825	0.000000000	0.000000000	0.000000000	0.000000000	0.000000000	0.000000000
2.831831832	0.000000000	0.000000000	0.000000000	0.000000000	0.000000000	0.000000000
2.838838839	0.000000000	0.000000000	0.000000000	0.000000000	0.000000000	0.000000000
2.845845846	0.000000000	0.000000000	0.000000000	0.000000000	0.000000000	0.000000000
2.852852853	0.000000000	0.000000000	0.000000000	0.000000000	0.000000000	0.000000000
2.859859860	0.000000000	0.000000000	0.000000000	0.000000000	0.000000000	0.000000000
2.866866867	0.000000000	0.000000000	0.000000000	0.000000000	0.000000000	0.000000000
2.873873874	0.000000000	0.000000000	0.000000000	0.000000000	0.000000000	0.000000000
2.880880881	0.000000000	0.000000000	0.000000000	0.000000000	0.000000000	0.000000000
2.887887888	0.000000000	0.000000000	0.000000000	0.000000000	0.000000000	0.000000000
2.894894895	0.000000000	0.000000000	0.000000000	0.000000000	0.000000000	0.000000000
2.901901902	0.000000000	0.000000000	0.000000000	0.000000000	0.000000000	0.000000000
2.908908909	0.000000000	0.000000000	0.000000000	0.000000000	0.000000000	0.000000000
2.915915916	0.000000000	0.000000000	0.000000000	0.000000000	0.000000000	0.000000000
2.922922923	0.000000000	0.000000000	0.000000000	0.000000000	0.000000000	0.000000000
2.929929930	0.000000000	0.000000000	0.000000000	0.000000000	0.000000000	0.000000000
2.936936937	0.000000000	0.000000000	0.000000000	0.000000000	0.000000000	0.000000000
2.943943944	0.000000000	0.000000000	0.000000000	0.000000000	0.000000000	0.000000000
2.950950951	0.000000000	0.000000000	0.000000000	0.000000000	0.000000000	0.000000000
2.957957958	0.000000000	0.000000000	0.000000000	0.000000000	0.000000000	0.000000000
2.964964965	0.000000000	0.000000000	0.000000000	0.000000000	0.000000000	0.000000000
2.971971972	0.000000000	0.000000000	0.000000000	0.000000000	0.000000000	0.000000000
2.978978979	0.000000000	0.000000000	0.000000000	0.000000000	0.000000000	0.000000000
2.985985986	0.000000000	0.000000000	0.000000000	0.000000000	0.000000000	0.000000000
2.992992993	0.000000000	0.000000000	0.000000000	0.000000000	0.000000000	0.000000000
3.000000000	0.000000000	0.000000000	0.000000000	0.000000000	0.000000000	0.000000000
