-4.000000000	0.005344582	0.017741040	0.016771700	0.044394012	0.013745490	0.023425535
-3.992992993	0.005410197	0.017902778	0.016924647	0.044801326	0.013878283	0.023618360
-3.985985986	0.005476675	0.018066121	0.017079125	0.045212327	0.014012481	0.023812947
-3.978978979	0.005544027	0.018231087	0.017235149	0.045627047	0.014148099	0.024009315
-3.971971972	0.005612265	0.018397694	0.017392737	0.046045516	0.014285154	0.024207481
-3.964964965	0.005681403	0.018565957	0.017551904	0.046467767	0.014423663	0.024407462
-3.957957958	0.005751452	0.018735897	0.017712669	0.046893831	0.014563642	0.024609278
-3.950950951	0.005822425	0.018907529	0.017875049	0.047323740	0.014705108	0.024812947
-3.943943944	0.005894336	0.019080873	0.018039060	0.047757526	0.014848078	0.025018487
-3.936936937	0.005967197	0.019255946	0.018204722	0.048195222	0.014992570	0.025225916
-3.929929930	0.006041022	0.019432768	0.018372051	0.048636859	0.015138600	0.025435254
-3.922922923	0.006115824	0.019611356	0.018541067	0.049082471	0.015286187	0.025646521
-3.915915916	0.006191617	0.019791730	0.018711786	0.049532090	0.015435349	0.025859734
-3.908908909	0.006268416	0.019973909	0.018884229	0.049985749	0.015586103	0.026074914
-3.901901902	0.006346234	0.020157912	0.019058413	0.050443482	0.015738469	0.026292080
-3.894894895	0.006425085	0.020343759	0.019234358	0.050905323	0.015892464	0.026511253
-3.887887888	0.006504984	0.020531470	0.019412083	0.051371305	0.016048108	0.026732453
-3.880880881	0.006585947	0.020721064	0.019591607	0.051841462	0.016205419	0.026955700
-3.873873874	0.006667987	0.020912562	0.019772950	0.052315827	0.016364417	0.027181014
-3.866866867	0.006751121	0.021105984	0.019956132	0.052794436	0.016525122	0.027408417
-3.859859860	0.006835364	0.021301352	0.020141173	0.053277323	0.016687553	0.027637929
-3.852852853	0.006920731	0.021498685	0.020328093	0.053764523	0.016851730	0.027869572
-3.845845846	0.007007238	0.021698006	0.020516913	0.054256070	0.017017673	0.028103368
-3.838838839	0.007094902	0.021899335	0.020707654	0.054751999	0.017185404	0.028339337
-3.831831832	0.007183739	0.022102694	0.020900337	0.055252347	0.017354942	0.028577503
-3.824824825	0.007273766	0.022308105	0.021094984	0.055757148	0.017526309	0.028817887
-3.817817818	0.007364999	0.022515591	0.021291614	0.056266438	0.017699526	0.029060511
-3.810810811	0.007457456	0.022725173	0.021490252	0.056780253	0.017874615	0.029305399
-3.803803804	0.007551154	0.022936875	0.021690918	0.057298629	0.018051597	0.029552573
-3.796796797	0.007646110	0.023150718	0.021893635	0.057821602	0.018230495	0.029802057
-3.789789790	0.007742344	0.023366727	0.022098426	0.058349209	0.018411331	0.030053873
-3.782782783	0.007839873	0.023584925	0.022305313	0.058881486	0.018594127	0.030308046
-3.775775776	0.007938715	0.023805335	0.022514319	0.059418471	0.018778906	0.030564600
-3.768768769	0.008038889	0.024027982	0.022725469	0.059960200	0.018965693	0.030823558
-3.761761762	0.008140415	0.024252889	0.022938785	0.060506711	0.019154509	0.031084945
-3.754754755	0.008243311	0.024480081	0.023154291	0.061058040	0.019345379	0.031348786
-3.747747748	0.008347597	0.024709583	0.023372012	0.061614226	0.019538327	0.031615106
-3.740740741	0.008453294	0.024941420	0.023591973	0.062175306	0.019733378	0.031883930
-3.733733734	0.008560421	0.025175618	0.023814197	0.062741318	0.019930555	0.032155283
-3.726726727	0.008668999	0.025412201	0.024038710	0.063312300	0.020129884	0.032429192
-3.719719720	0.008779049	0.025651196	0.024265538	0.063888291	0.020331391	0.032705682
-3.712712713	0.008890592	0.025892629	0.024494706	0.064469329	0.020535100	0.032984780
-3.705705706	0.009003649	0.026136526	0.024726239	0.065055452	0.020741039	0.033266512
-3.698698699	0.009118242	0.026382915	0.024960165	0.065646700	0.020949232	0.033550906
-3.691691692	0.009234394	0.026631822	0.025196510	0.066243110	0.021159707	0.033837988
-3.684684685	0.009352126	0.026883275	0.025435301	0.066844724	0.021372490	0.034127785
-3.677677678	0.009471462	0.027137302	0.025676564	0.067451579	0.021587609	0.034420327
-3.670670671	0.009592425	0.027393930	0.025920328	0.068063714	0.021805091	0.034715640
-3.663663664	0.009715038	0.027653188	0.026166619	0.068681171	0.022024965	0.035013754
-3.656656657	0.009839325	0.027915104	0.026415468	0.069303988	0.022247258	0.035314696
-3.649649650	0.009965310	0.028179708	0.026666901	0.069932205	0.022471999	0.035618497
-3.642642643	0.010093018	0.028447029	0.026920947	0.070565863	0.022699217	0.035925184
-3.635635636	0.010222473	0.028717097	0.027177636	0.071205001	0.022928942	0.036234789
-3.628628629	0.010353702	0.028989941	0.027436998	0.071849660	0.023161203	0.036547340
-3.621621622	0.010486730	0.029265591	0.027699062	0.072499880	0.023396029	0.036862868
-3.614614615	0.010621582	0.029544080	0.027963858	0.073155702	0.023633453	0.037181403
-3.607607608	0.010758286	0.029825437	0.028231416	0.073817166	0.023873504	0.037502978
-3.600600601	0.010896868	0.030109693	0.028501768	0.074484314	0.024116213	0.037827622
-3.593593594	0.011037356	0.030396881	0.028774946	0.075157186	0.024361613	0.038155367
-3.586586587	0.011179777	0.030687033	0.029050979	0.075835824	0.024609735	0.038486245
-3.579579580	0.011324159	0.030980181	0.029329902	0.076520268	0.024860612	0.038820290
-3.572572573	0.011470532	0.031276358	0.029611745	0.077210560	0.025114276	0.039157532
-3.565565566	0.011618924	0.031575597	0.029896541	0.077906741	0.025370761	0.039498005
-3.558558559	0.011769364	0.031877931	0.030184325	0.078608853	0.025630100	0.039841743
-3.551551552	0.011921882	0.032183395	0.030475128	0.079316937	0.025892327	0.040188779
-3.544544545	0.012076509	0.032492023	0.030768986	0.080031035	0.026157477	0.040539147
-3.537537538	0.012233276	0.032803849	0.031065932	0.080751190	0.026425585	0.040892882
-3.530530531	0.012392214	0.033118909	0.031366001	0.081477442	0.026696686	0.041250018
-3.523523524	0.012553354	0.033437238	0.031669228	0.082209833	0.026970816	0.041610590
-3.516516517	0.012716729	0.033758872	0.031975649	0.082948407	0.027248010	0.041974634
-3.509509510	0.012882372	0.034083846	0.032285300	0.083693204	0.027528307	0.042342186
-3.502502503	0.013050315	0.034412199	0.032598216	0.084444267	0.027811742	0.042713282
-3.495495495	0.013220593	0.034743967	0.032914435	0.085201638	0.028098354	0.043087959
-3.488488488	0.013393240	0.035079187	0.033233994	0.085965359	0.028388180	0.043466254
-3.481481481	0.013568291	0.035417897	0.033556931	0.086735473	0.028681260	0.043848204
-3.474474474	0.013745780	0.035760136	0.033883283	0.087512022	0.028977631	0.044233847
-3.467467467	0.013925745	0.036105943	0.034213089	0.088295049	0.029277334	0.044623222
-3.460460460	0.014108220	0.036455356	0.034546388	0.089084595	0.029580409	0.045016366
-3.453453453	0.014293244	0.036808415	0.034883220	0.089880703	0.029886896	0.045413320
-3.446446446	0.014480853	0.037165161	0.035223624	0.090683416	0.030196837	0.045814123
-3.439439439	0.014671087	0.037525634	0.035567640	0.091492775	0.030510272	0.046218814
-3.432432432	0.014863983	0.037889875	0.035915310	0.092308824	0.030827244	0.046627433
-3.425425425	0.015059580	0.038257926	0.036266675	0.093131605	0.031147795	0.047040023
-3.418418418	0.015257920	0.038629827	0.036621776	0.093961160	0.031471969	0.047456623
-3.411411411	0.015459042	0.039005623	0.036980656	0.094797531	0.031799809	0.047877276
-3.404404404	0.015662987	0.039385355	0.037343358	0.095640762	0.032131359	0.048302023
-3.397397397	0.015869797	0.039769067	0.037709924	0.096490893	0.032466665	0.048730908
-3.390390390	0.016079514	0.040156802	0.038080398	0.097347968	0.032805771	0.049163972
-3.383383383	0.016292183	0.040548606	0.038454825	0.098212028	0.033148723	0.049601261
-3.376376376	0.016507845	0.040944523	0.038833250	0.099083116	0.033495569	0.050042816
-3.369369369	0.016726546	0.041344597	0.039215717	0.099961274	0.033846354	0.050488683
-3.362362362	0.016948331	0.041748876	0.039602273	0.100846544	0.034201126	0.050938907
-3.355355355	0.017173245	0.042157404	0.039992964	0.101738967	0.034559935	0.051393533
-3.348348348	0.017401335	0.042570230	0.040387836	0.102638585	0.034922827	0.051852607
-3.341341341	0.017632648	0.042987400	0.040786938	0.103545441	0.035289854	0.052316174
-3.334334334	0.017867232	0.043408962	0.041190316	0.104459575	0.035661065	0.052784282
-3.327327327	0.018105135	0.043834965	0.041598021	0.105381029	0.036036510	0.053256978
-3.320320320	0.018346408	0.044265457	0.042010100	0.106309844	0.036416242	0.053734310
-3.313313313	0.018591099	0.044700488	0.042426603	0.107246061	0.036800311	0.054216326
-3.306306306	0.018839261	0.045140108	0.042847581	0.108189722	0.037188771	0.054703074
-3.299299299	0.019090944	0.045584367	0.043273084	0.109140866	0.037581675	0.055194605
-3.292292292	0.019346201	0.046033317	0.043703164	0.110099536	0.037979077	0.055690967
-3.285285285	0.019605086	0.046487009	0.044137872	0.111065770	0.038381031	0.056192211
-3.278278278	0.019867652	0.046945496	0.044577262	0.112039609	0.038787592	0.056698388
-3.271271271	0.020133955	0.047408829	0.045021387	0.113021093	0.039198817	0.057209549
-3.264264264	0.020404050	0.047877064	0.045470299	0.114010263	0.039614763	0.057725746
-3.257257257	0.020677994	0.048350252	0.045924054	0.115007156	0.040035485	0.058247032
-3.250250250	0.020955845	0.048828450	0.046382707	0.116011813	0.040461044	0.058773459
-3.243243243	0.021237660	0.049311712	0.046846314	0.117024273	0.040891497	0.059305082
-3.236236236	0.021523499	0.049800094	0.047314930	0.118044573	0.041326904	0.059841953
-3.229229229	0.021813423	0.050293652	0.047788612	0.119072753	0.041767325	0.060384128
-3.222222222	0.022107492	0.050792444	0.048267419	0.120108851	0.042212821	0.060931662
-3.215215215	0.022405769	0.051296526	0.048751408	0.121152904	0.042663454	0.061484611
-3.208208208	0.022708316	0.051805957	0.049240639	0.122204950	0.043119287	0.062043031
-3.201201201	0.023015198	0.052320795	0.049735170	0.123265025	0.043580383	0.062606979
-3.194194194	0.023326479	0.052841101	0.050235063	0.124333167	0.044046805	0.063176512
-3.187187187	0.023642226	0.053366935	0.050740378	0.125409411	0.044518619	0.063751689
-3.180180180	0.023962505	0.053898356	0.051251177	0.126493794	0.044995891	0.064332569
-3.173173173	0.024287385	0.054435426	0.051767522	0.127586351	0.045478687	0.064919210
-3.166166166	0.024616934	0.054978208	0.052289476	0.128687117	0.045967074	0.065511672
-3.159159159	0.024951223	0.055526764	0.052817104	0.129796127	0.046461121	0.066110017
-3.152152152	0.025290323	0.056081157	0.053350468	0.130913415	0.046960895	0.066714304
-3.145145145	0.025634306	0.056641452	0.053889636	0.132039014	0.047466469	0.067324597
-3.138138138	0.025983246	0.057207713	0.054434672	0.133172957	0.047977911	0.067940957
-3.131131131	0.026337216	0.057780005	0.054985644	0.134315278	0.048495293	0.068563448
-3.124124124	0.026696294	0.058358395	0.055542618	0.135466009	0.049018688	0.069192132
-3.117117117	0.027060554	0.058942949	0.056105663	0.136625180	0.049548170	0.069827075
-3.110110110	0.027430077	0.059533736	0.056674848	0.137792823	0.050083812	0.070468341
-3.103103103	0.027804940	0.060130822	0.057250243	0.138968968	0.050625689	0.071115995
-3.096096096	0.028185224	0.060734277	0.057831918	0.140153646	0.051173879	0.071770105
-3.089089089	0.028571011	0.061344171	0.058419945	0.141346885	0.051728456	0.072430737
-3.082082082	0.028962384	0.061960574	0.059014395	0.142548714	0.052289500	0.073097958
-3.075075075	0.029359427	0.062583557	0.059615342	0.143759160	0.052857090	0.073771837
-3.068068068	0.029762224	0.063213191	0.060222859	0.144978251	0.053431304	0.074452442
-3.061061061	0.030170864	0.063849550	0.060837020	0.146206014	0.054012225	0.075139844
-3.054054054	0.030585433	0.064492707	0.061457902	0.147442473	0.054599933	0.075834112
-3.047047047	0.031006022	0.065142735	0.062085579	0.148687655	0.055194511	0.076535318
-3.040040040	0.031432722	0.065799710	0.062720130	0.149941583	0.055796043	0.077243533
-3.033033033	0.031865623	0.066463707	0.063361632	0.151204281	0.056404615	0.077958829
-3.026026026	0.032304820	0.067134803	0.064010164	0.152475772	0.057020311	0.078681280
-3.019019019	0.032750408	0.067813074	0.064665805	0.153756076	0.057643218	0.079410959
-3.012012012	0.033202483	0.068498598	0.065328636	0.155045216	0.058273425	0.080147941
-3.005005005	0.033661144	0.069191455	0.065998738	0.156343210	0.058911020	0.080892301
-2.997997998	0.034126488	0.069891723	0.066676193	0.157650080	0.059556093	0.081644115
-2.990990991	0.034598618	0.070599483	0.067361084	0.158965841	0.060208735	0.082403460
-2.983983984	0.035077635	0.071314816	0.068053496	0.160290513	0.060869038	0.083170413
-2.976976977	0.035563644	0.072037804	0.068753513	0.161624111	0.061537096	0.083945051
-2.969969970	0.036056751	0.072768529	0.069461221	0.162966650	0.062213003	0.084727455
-2.962962963	0.036557061	0.073507076	0.070176706	0.164318144	0.062896854	0.085517703
-2.955955956	0.037064684	0.074253528	0.070900057	0.165678608	0.063588745	0.086315877
-2.948948949	0.037579730	0.075007970	0.071631362	0.167048053	0.064288776	0.087122056
-2.941941942	0.038102311	0.075770489	0.072370710	0.168426490	0.064997043	0.087936323
-2.934934935	0.038632541	0.076541172	0.073118192	0.169813928	0.065713648	0.088758761
-2.927927928	0.039170536	0.077320105	0.073873899	0.171210378	0.066438691	0.089589452
-2.920920921	0.039716412	0.078107378	0.074637924	0.172615846	0.067172276	0.090428482
-2.913913914	0.040270288	0.078903080	0.075410359	0.174030338	0.067914505	0.091275934
-2.906906907	0.040832285	0.079707301	0.076191300	0.175453860	0.068665483	0.092131895
-2.899899900	0.041402525	0.080520132	0.076980842	0.176886415	0.069425316	0.092996452
-2.892892893	0.041981133	0.081341665	0.077779080	0.178328007	0.070194111	0.093869690
-2.885885886	0.042568234	0.082171993	0.078586112	0.179778636	0.070971978	0.094751699
-2.878878879	0.043163958	0.083011210	0.079402037	0.181238302	0.071759025	0.095642567
-2.871871872	0.043768433	0.083859409	0.080226953	0.182707004	0.072555363	0.096542384
-2.864864865	0.044381791	0.084716687	0.081060961	0.184184738	0.073361105	0.097451240
-2.857857858	0.045004167	0.085583140	0.081904163	0.185671500	0.074176364	0.098369226
-2.850850851	0.045635696	0.086458865	0.082756660	0.187167285	0.075001255	0.099296435
-2.843843844	0.046276515	0.087343960	0.083618556	0.188672085	0.075835894	0.100232958
-2.836836837	0.046926766	0.088238523	0.084489955	0.190185891	0.076680398	0.101178890
-2.829829830	0.047586588	0.089142656	0.085370963	0.191708693	0.077534886	0.102134326
-2.822822823	0.048256127	0.090056458	0.086261687	0.193240478	0.078399478	0.103099359
-2.815815816	0.048935528	0.090980030	0.087162234	0.194781233	0.079274296	0.104074087
-2.808808809	0.049624940	0.091913477	0.088072711	0.196330942	0.080159462	0.105058605
-2.801801802	0.050324513	0.092856900	0.088993231	0.197889588	0.081055100	0.106053012
-2.794794795	0.051034399	0.093810405	0.089923902	0.199457153	0.081961336	0.107057406
-2.787787788	0.051754754	0.094774096	0.090864836	0.201033616	0.082878296	0.108071886
-2.780780781	0.052485733	0.095748079	0.091816148	0.202618955	0.083806109	0.109096552
-2.773773774	0.053227497	0.096732463	0.092777950	0.204213145	0.084744904	0.110131504
-2.766766767	0.053980207	0.097727353	0.093750357	0.205816160	0.085694812	0.111176845
-2.759759760	0.054744026	0.098732860	0.094733487	0.207427972	0.086655966	0.112232677
-2.752752753	0.055519121	0.099749092	0.095727455	0.209048552	0.087628499	0.113299103
-2.745745746	0.056305661	0.100776162	0.096732381	0.210677867	0.088612547	0.114376227
-2.738738739	0.057103817	0.101814179	0.097748383	0.212315883	0.089608247	0.115464154
-2.731731732	0.057913762	0.102863256	0.098775583	0.213962565	0.090615736	0.116562989
-2.724724725	0.058735671	0.103923508	0.099814102	0.215617875	0.091635155	0.117672839
-2.717717718	0.059569724	0.104995047	0.100864062	0.217281772	0.092666644	0.118793810
-2.710710711	0.060416101	0.106077988	0.101925588	0.218954214	0.093710345	0.119926012
-2.703703704	0.061274985	0.107172449	0.102998805	0.220635157	0.094766403	0.121069552
-2.696696697	0.062146563	0.108278546	0.104083838	0.222324554	0.095834964	0.122224540
-2.689689690	0.063031024	0.109396395	0.105180814	0.224022356	0.096916173	0.123391087
-2.682682683	0.063928558	0.110526117	0.106289863	0.225728511	0.098010181	0.124569303
-2.675675676	0.064839359	0.111667830	0.107411112	0.227442967	0.099117135	0.125759301
-2.668668669	0.065763625	0.112821655	0.108544694	0.229165667	0.100237189	0.126961192
-2.661661662	0.066701553	0.113987713	0.109690739	0.230896553	0.101370495	0.128175090
-2.654654655	0.067653348	0.115166126	0.110849379	0.232635565	0.102517207	0.129401110
-2.647647648	0.068619212	0.116357016	0.112020750	0.234382638	0.103677482	0.130639366
-2.640640641	0.069599354	0.117560508	0.113204985	0.236137707	0.104851476	0.131889973
-2.633633634	0.070593984	0.118776727	0.114402221	0.237900703	0.106039349	0.133153048
-2.626626627	0.071603315	0.120005797	0.115612595	0.239671557	0.107241261	0.134428708
-2.619619620	0.072627564	0.121247844	0.116836245	0.241450193	0.108457375	0.135717070
-2.612612613	0.073666949	0.122502996	0.118073309	0.243236536	0.109687853	0.137018253
-2.605605606	0.074721693	0.123771381	0.119323929	0.245030508	0.110932861	0.138332377
-2.598598599	0.075792019	0.125053127	0.120588246	0.246832025	0.112192565	0.139659559
-2.591591592	0.076878157	0.126348363	0.121866402	0.248641004	0.113467134	0.140999922
-2.584584585	0.077980337	0.127657220	0.123158541	0.250457358	0.114756737	0.142353585
-2.577577578	0.079098792	0.128979828	0.124464808	0.252280995	0.116061545	0.143720671
-2.570570571	0.080233759	0.130316319	0.125785347	0.254111824	0.117381731	0.145101302
-2.563563564	0.081385479	0.131666825	0.127120305	0.255949748	0.118717468	0.146495600
-2.556556557	0.082554195	0.133031480	0.128469831	0.257794667	0.120068933	0.147903690
-2.549549550	0.083740152	0.134410416	0.129834072	0.259646481	0.121436303	0.149325694
-2.542542543	0.084943599	0.135803769	0.131213179	0.261505084	0.122819755	0.150761738
-2.535535536	0.086164789	0.137211673	0.132607302	0.263370368	0.124219470	0.152211947
-2.528528529	0.087403978	0.138634265	0.134016592	0.265242222	0.125635630	0.153676446
-2.521521522	0.088661424	0.140071679	0.135441202	0.267120530	0.127068418	0.155155361
-2.514514515	0.089937389	0.141524054	0.136881286	0.269005177	0.128518017	0.156648820
-2.507507508	0.091232138	0.142991526	0.138336998	0.270896040	0.129984614	0.158156948
-2.500500501	0.092545939	0.144474234	0.139808493	0.272792996	0.131468396	0.159679873
-2.493493493	0.093879064	0.145972316	0.141295927	0.274695917	0.132969552	0.161217724
-2.486486486	0.095231787	0.147485911	0.142799458	0.276604673	0.134488271	0.162770628
-2.479479479	0.096604387	0.149015159	0.144319244	0.278519129	0.136024745	0.164338714
-2.472472472	0.097997144	0.150560199	0.145855442	0.280439149	0.137579166	0.165922110
-2.465465465	0.099410344	0.152121172	0.147408213	0.282364590	0.139151730	0.167520946
-2.458458458	0.100844274	0.153698218	0.148977716	0.284295308	0.140742631	0.169135352
-2.451451451	0.102299225	0.155291479	0.150564113	0.286231157	0.142352065	0.170765456
-2.444444444	0.103775492	0.156901096	0.152167566	0.288171983	0.143980231	0.172411389
-2.437437437	0.105273371	0.158527211	0.153788237	0.290117632	0.145627328	0.174073281
-2.430430430	0.106793165	0.160169966	0.155426289	0.292067946	0.147293556	0.175751262
-2.423423423	0.108335177	0.161829502	0.157081885	0.294022762	0.148979117	0.177445462
-2.416416416	0.109899715	0.163505963	0.158755191	0.295981914	0.150684214	0.179156011
-2.409409409	0.111487090	0.165199491	0.160446371	0.297945232	0.152409049	0.180883040
-2.402402402	0.113097615	0.166910228	0.162155590	0.299912544	0.154153829	0.182626679
-2.395395395	0.114731608	0.168638317	0.163883014	0.301883671	0.155918759	0.184387058
-2.388388388	0.116389390	0.170383901	0.165628809	0.303858433	0.157704045	0.186164307
-2.381381381	0.118071284	0.172147123	0.167393143	0.305836646	0.159509897	0.187958556
-2.374374374	0.119777618	0.173928124	0.169176182	0.307818121	0.161336522	0.189769935
-2.367367367	0.121508721	0.175727049	0.170978094	0.309802665	0.163184130	0.191598574
-2.360360360	0.123264927	0.177544038	0.172799047	0.311790082	0.165052933	0.193444600
-2.353353353	0.125046572	0.179379235	0.174639208	0.313780172	0.166943140	0.195308144
-2.346346346	0.126853996	0.181232780	0.176498745	0.315772730	0.168854964	0.197189334
-2.339339339	0.128687542	0.183104816	0.178377827	0.317767550	0.170788618	0.199088297
-2.332332332	0.130547555	0.184995483	0.180276622	0.319764418	0.172744315	0.201005161
-2.325325325	0.132434384	0.186904922	0.182195299	0.321763119	0.174722269	0.202940052
-2.318318318	0.134348381	0.188833273	0.184134024	0.323763432	0.176722694	0.204893098
-2.311311311	0.136289900	0.190780677	0.186092968	0.325765134	0.178745804	0.206864422
-2.304304304	0.138259299	0.192747271	0.188072297	0.327767997	0.180791816	0.208854151
-2.297297297	0.140256939	0.194733194	0.190072179	0.329771788	0.182860944	0.210862407
-2.290290290	0.142283181	0.196738583	0.192092782	0.331776272	0.184953403	0.212889313
-2.283283283	0.144338392	0.198763575	0.194134272	0.333781207	0.187069411	0.214934992
-2.276276276	0.146422940	0.200808306	0.196196817	0.335786350	0.189209181	0.216999564
-2.269269269	0.148537196	0.202872910	0.198280581	0.337791453	0.191372930	0.219083149
-2.262262262	0.150681533	0.204957521	0.200385732	0.339796262	0.193560874	0.221185864
-2.255255255	0.152856328	0.207062270	0.202512432	0.341800522	0.195773227	0.223307828
-2.248248248	0.155061957	0.209187290	0.204660847	0.343803971	0.198010205	0.225449155
-2.241241241	0.157298801	0.211332710	0.206831139	0.345806344	0.200272023	0.227609961
-2.234234234	0.159567243	0.213498659	0.209023470	0.347807373	0.202558894	0.229790357
-2.227227227	0.161867667	0.215685262	0.211238001	0.349806785	0.204871031	0.231990454
-2.220220220	0.164200458	0.217892646	0.213474893	0.351804302	0.207208649	0.234210362
-2.213213213	0.166566006	0.220120934	0.215734303	0.353799643	0.209571957	0.236450188
-2.206206206	0.168964699	0.222370247	0.218016390	0.355792523	0.211961168	0.238710036
-2.199199199	0.171396928	0.224640705	0.220321308	0.357782652	0.214376490	0.240990011
-2.192192192	0.173863086	0.226932426	0.222649211	0.359769737	0.216818132	0.243290212
-2.185185185	0.176363567	0.229245525	0.225000254	0.361753481	0.219286302	0.245610739
-2.178178178	0.178898766	0.231580116	0.227374585	0.363733581	0.221781205	0.247951688
-2.171171171	0.181469077	0.233936309	0.229772354	0.365709732	0.224303044	0.250313152
-2.164164164	0.184074898	0.236314214	0.232193708	0.367681624	0.226852023	0.252695223
-2.157157157	0.186716625	0.238713935	0.234638790	0.369648943	0.229428340	0.255097988
-2.150150150	0.189394655	0.241135575	0.237107744	0.371611373	0.232032193	0.257521532
-2.143143143	0.192109387	0.243579235	0.239600707	0.373568591	0.234663779	0.259965939
-2.136136136	0.194861217	0.246045012	0.242117819	0.375520272	0.237323291	0.262431286
-2.129129129	0.197650542	0.248533000	0.244659212	0.377466086	0.240010919	0.264917649
-2.122122122	0.200477760	0.251043289	0.247225018	0.379405701	0.242726850	0.267425101
-2.115115115	0.203343266	0.253575966	0.249815366	0.381338778	0.245471270	0.269953709
-2.108108108	0.206247456	0.256131115	0.252430380	0.383264978	0.248244359	0.272503538
-2.101101101	0.209190723	0.258708817	0.255070182	0.385183955	0.251046296	0.275074649
-2.094094094	0.212173459	0.261309146	0.257734889	0.387095362	0.253877254	0.277667098
-2.087087087	0.215196055	0.263932175	0.260424617	0.388998846	0.256737404	0.280280938
-2.080080080	0.218258900	0.266577971	0.263139474	0.390894052	0.259626913	0.282916216
-2.073073073	0.221362380	0.269246597	0.265879568	0.392780621	0.262545942	0.285572975
-2.066066066	0.224506878	0.271938112	0.268645001	0.394658190	0.265494648	0.288251253
-2.059059059	0.227692774	0.274652570	0.271435869	0.396526393	0.268473184	0.290951085
-2.052052052	0.230920446	0.277390020	0.274252264	0.398384860	0.271481697	0.293672497
-2.045045045	0.234190268	0.280150505	0.277094276	0.400233219	0.274520330	0.296415512
-2.038038038	0.237502608	0.282934065	0.279961985	0.402071093	0.277589218	0.299180147
-2.031031031	0.240857832	0.285740730	0.282855470	0.403898104	0.280688493	0.301966414
-2.024024024	0.244256299	0.288570530	0.285774801	0.405713869	0.283818278	0.304774317
-2.017017017	0.247698365	0.291423485	0.288720044	0.407518002	0.286978691	0.307603856
-2.010010010	0.251184378	0.294299611	0.291691259	0.409310116	0.290169843	0.310455024
-2.003003003	0.254714682	0.297198915	0.294688499	0.411089817	0.293391839	0.313327805
-1.995995996	0.258289612	0.300121401	0.297711811	0.412856714	0.296644773	0.316222178
-1.988988989	0.261909497	0.303067063	0.300761234	0.414610408	0.299928736	0.319138117
-1.981981982	0.265574661	0.306035890	0.303836801	0.416350500	0.303243807	0.322075584
-1.974974975	0.269285415	0.309027863	0.306938537	0.418076587	0.306590059	0.325034537
-1.967967968	0.273042065	0.312042955	0.310066460	0.419788267	0.309967554	0.328014924
-1.960960961	0.276844907	0.315081132	0.313220580	0.421485130	0.313376346	0.331016686
-1.953953954	0.280694227	0.318142353	0.316400898	0.423166769	0.316816481	0.334039755
-1.946946947	0.284590299	0.321226566	0.319607407	0.424832771	0.320287991	0.337084056
-1.939939940	0.288533390	0.324333713	0.322840092	0.426482724	0.323790901	0.340149501
-1.932932933	0.292523751	0.327463726	0.326098927	0.428116211	0.327325224	0.343235998
-1.925925926	0.296561624	0.330616527	0.329383877	0.429732817	0.330890962	0.346343441
-1.918918919	0.300647237	0.333792031	0.332694899	0.431332121	0.334488105	0.349471717
-1.911911912	0.304780804	0.336990143	0.336031937	0.432913704	0.338116631	0.352620701
-1.904904905	0.308962525	0.340210755	0.339394928	0.434477143	0.341776505	0.355790258
-1.897897898	0.313192586	0.343453753	0.342783795	0.436022015	0.345467679	0.358980245
-1.890890891	0.317471155	0.346719010	0.346198451	0.437547895	0.349190093	0.362190503
-1.883883884	0.321798385	0.350006389	0.349638797	0.439054358	0.352943671	0.365420866
-1.876876877	0.326174412	0.353315742	0.353104724	0.440540977	0.356728324	0.368671153
-1.869869870	0.330599353	0.356646908	0.356596109	0.442007326	0.360543946	0.371941174
-1.862862863	0.335073306	0.359999717	0.360112815	0.443452974	0.364390417	0.375230723
-1.855855856	0.339596350	0.363373985	0.363654694	0.444877495	0.368267600	0.378539585
-1.848848849	0.344168541	0.366769517	0.367221585	0.446280459	0.372175343	0.381867530
-1.841841842	0.348789915	0.370186103	0.370813311	0.447661437	0.376113475	0.385214313
-1.834834835	0.353460487	0.373623522	0.374429682	0.449019999	0.380081807	0.388579679
-1.827827828	0.358180244	0.377081540	0.378070493	0.450355717	0.384080132	0.391963356
-1.820820821	0.362949153	0.380559907	0.381735524	0.451668161	0.388108226	0.395365057
-1.813813814	0.367767153	0.384058360	0.385424538	0.452956902	0.392165843	0.398784482
-1.806806807	0.372634155	0.387576623	0.389137285	0.454221514	0.396252717	0.402221315
-1.799799800	0.377550046	0.391114404	0.392873494	0.455461568	0.400368562	0.405675223
-1.792792793	0.382514682	0.394671395	0.396632881	0.456676638	0.404513071	0.409145859
-1.785785786	0.387527888	0.398247273	0.400415143	0.457866299	0.408685912	0.412632857
-1.778778779	0.392589460	0.401841701	0.404219959	0.459030127	0.412886733	0.416135837
-1.771771772	0.397699161	0.405454322	0.408046990	0.460167699	0.417115159	0.419654399
-1.764764765	0.402856721	0.409084765	0.411895876	0.461278594	0.421370787	0.423188125
-1.757757758	0.408061834	0.412732643	0.415766241	0.462362393	0.425653194	0.426736582
-1.750750751	0.413314161	0.416397548	0.419657687	0.463418679	0.429961928	0.430299315
-1.743743744	0.418613323	0.420079057	0.423569796	0.464447036	0.434296511	0.433875852
-1.736736737	0.423958904	0.423776727	0.427502128	0.465447053	0.438656440	0.437465700
-1.729729730	0.429350448	0.427490099	0.431454224	0.466418318	0.443041182	0.441068346
-1.722722723	0.434787459	0.431218692	0.435425601	0.467360425	0.447450176	0.444683259
-1.715715716	0.440269398	0.434962008	0.439415753	0.468272969	0.451882833	0.448309884
-1.708708709	0.445795682	0.438719526	0.443424154	0.469155549	0.456338533	0.451947647
-1.701701702	0.451365683	0.442490709	0.447450250	0.470007766	0.460816626	0.455595951
-1.694694695	0.456978728	0.446274997	0.451493467	0.470829226	0.465316428	0.459254178
-1.687687688	0.462634094	0.450071808	0.455553204	0.471619539	0.469837225	0.462921685
-1.680680681	0.468331010	0.453880542	0.459628835	0.472378318	0.474378270	0.466597808
-1.673673674	0.474068655	0.457700572	0.463719708	0.473105179	0.478938781	0.470281859
-1.666666667	0.479846155	0.461531255	0.467825146	0.473799745	0.483517941	0.473973126
-1.659659660	0.485662581	0.465371920	0.471944445	0.474461642	0.488114899	0.477670873
-1.652652653	0.491516953	0.469221877	0.476076871	0.475090501	0.492728767	0.481374336
-1.645645646	0.497408230	0.473080409	0.480221665	0.475685958	0.497358618	0.485082731
-1.638638639	0.503335315	0.476946778	0.484378037	0.476247653	0.502003491	0.488795243
-1.631631632	0.509297052	0.480820221	0.488545170	0.476775234	0.506662383	0.492511033
-1.624624625	0.515292223	0.484699950	0.492722217	0.477268353	0.511334252	0.496229237
-1.617617618	0.521319548	0.488585151	0.496908299	0.477726667	0.516018018	0.499948960
-1.610610611	0.527377683	0.492474988	0.501102507	0.478149840	0.520712557	0.503669282
-1.603603604	0.533465219	0.496368596	0.505303903	0.478537542	0.525416704	0.507389255
-1.596596597	0.539580678	0.500265085	0.509511513	0.478889450	0.530129254	0.511107901
-1.589589590	0.545722516	0.504163538	0.513724335	0.479205248	0.534848954	0.514824215
-1.582582583	0.551889119	0.508063014	0.517941330	0.479484624	0.539574511	0.518537161
-1.575575576	0.558078801	0.511962541	0.522161429	0.479727276	0.544304585	0.522245674
-1.568568569	0.564289803	0.515861121	0.526383526	0.479932907	0.549037791	0.525948660
-1.561561562	0.570520292	0.519757730	0.530606483	0.480101231	0.553772697	0.529644993
-1.554554555	0.576768361	0.523651313	0.534829126	0.480231965	0.558507825	0.533333517
-1.547547548	0.583032026	0.527540788	0.539050247	0.480324837	0.563241649	0.537013045
-1.540540541	0.589309223	0.531425045	0.543268599	0.480379583	0.567972595	0.540682359
-1.533533534	0.595597811	0.535302943	0.547482902	0.480395944	0.572699039	0.544340207
-1.526526527	0.601895568	0.539173314	0.551691838	0.480373674	0.577419310	0.547985307
-1.519519520	0.608200190	0.543034959	0.555894051	0.480312532	0.582131683	0.551616345
-1.512512513	0.614509292	0.546886650	0.560088148	0.480212288	0.586834387	0.555231973
-1.505505506	0.620820404	0.550727130	0.564272701	0.480072719	0.591525597	0.558830811
-1.498498498	0.627130971	0.554555109	0.568446238	0.479893613	0.596203436	0.562411445
-1.491491491	0.633438354	0.558369269	0.572607254	0.479674767	0.600865977	0.565972429
-1.484484484	0.639739827	0.562168262	0.576754202	0.479415986	0.605511241	0.569512283
-1.477477477	0.646032578	0.565950708	0.580885498	0.479117086	0.610137194	0.573029494
-1.470470470	0.652313706	0.569715197	0.584999515	0.478777894	0.614741751	0.576522514
-1.463463463	0.658580223	0.573460289	0.589094591	0.478398243	0.619322773	0.579989764
-1.456456456	0.664829053	0.577184511	0.593169022	0.477977981	0.623878069	0.583429627
-1.449449449	0.671057031	0.580886361	0.597221064	0.477516963	0.628405394	0.586840457
-1.442442442	0.677260901	0.584564306	0.601248934	0.477015055	0.632902448	0.590220571
-1.435435435	0.683437322	0.588216783	0.605250809	0.476472135	0.637366880	0.593568254
-1.428428428	0.689582861	0.591842196	0.609224824	0.475888091	0.641796284	0.596881757
-1.421421421	0.695693998	0.595438921	0.613169076	0.475262821	0.646188203	0.600159297
-1.414414414	0.701767123	0.599005301	0.617081623	0.474596235	0.650540126	0.603399059
-1.407407407	0.707798541	0.602539651	0.620960481	0.473888254	0.654849489	0.606599195
-1.400400400	0.713784467	0.606040254	0.624803627	0.473138810	0.659113676	0.609757824
-1.393393393	0.719721032	0.609505364	0.628609001	0.472347846	0.663330020	0.612873031
-1.386386386	0.725604281	0.612933206	0.632374499	0.471515317	0.667495804	0.615942873
-1.379379379	0.731430175	0.616321975	0.636097984	0.470641191	0.671608260	0.618965373
-1.372372372	0.737194594	0.619669837	0.639777277	0.469725444	0.675664569	0.621938524
-1.365365365	0.742893334	0.622974930	0.643410162	0.468768067	0.679661867	0.624860287
-1.358358358	0.748522116	0.626235364	0.646994385	0.467769061	0.683597240	0.627728596
-1.351351351	0.754076581	0.629449220	0.650527658	0.466728440	0.687467728	0.630541355
-1.344344344	0.759552296	0.632614554	0.654007654	0.465646230	0.691270327	0.633296439
-1.337337337	0.764944757	0.635729395	0.657432011	0.464522468	0.695001989	0.635991696
-1.330330330	0.770249389	0.638791745	0.660798335	0.463357203	0.698659624	0.638624949
-1.323323323	0.775461553	0.641799583	0.664104195	0.462150498	0.702240102	0.641193994
-1.316316316	0.780576545	0.644750861	0.667347130	0.460902426	0.705740253	0.643696603
-1.309309309	0.785589601	0.647643511	0.670524647	0.459613073	0.709156872	0.646130524
-1.302302302	0.790495903	0.650475439	0.673634221	0.458282538	0.712486718	0.648493485
-1.295295295	0.795290580	0.653244531	0.676673299	0.456910931	0.715726520	0.650783192
-1.288288288	0.799968715	0.655948652	0.679639301	0.455498374	0.718872974	0.652997331
-1.281281281	0.804525345	0.658585647	0.682529619	0.454045002	0.721922751	0.655133572
-1.274274274	0.808955473	0.661153342	0.685341620	0.452550964	0.724872496	0.657189566
-1.267267267	0.813254066	0.663649547	0.688072649	0.451016417	0.727718833	0.659162953
-1.260260260	0.817416066	0.666072054	0.690720028	0.449441533	0.730458367	0.661051355
-1.253253253	0.821436393	0.668418642	0.693281059	0.447826496	0.733087685	0.662852389
-1.246246246	0.825309951	0.670687073	0.695753028	0.446171502	0.735603366	0.664563657
-1.239239239	0.829031634	0.672875099	0.698133202	0.444476757	0.738001976	0.666182757
-1.232232232	0.832596336	0.674980462	0.700418836	0.442742483	0.740280078	0.667707283
-1.225225225	0.835998953	0.677000893	0.702607173	0.440968910	0.742434235	0.669134822
-1.218218218	0.839234393	0.678934115	0.704695446	0.439156282	0.744461008	0.670462964
-1.211211211	0.842297585	0.680777847	0.706680881	0.437304854	0.746356971	0.671689300
-1.204204204	0.845183481	0.682529802	0.708560700	0.435414894	0.748118704	0.672811425
-1.197197197	0.847887072	0.684187690	0.710332121	0.433486678	0.749742806	0.673826940
-1.190190190	0.850403390	0.685749222	0.711992365	0.431520499	0.751225895	0.674733457
-1.183183183	0.852727517	0.687212108	0.713538656	0.429516656	0.752564615	0.675528599
-1.176176176	0.854854599	0.688574063	0.714968223	0.427475462	0.753755640	0.676210007
-1.169169169	0.856779848	0.689832806	0.716278306	0.425397241	0.754795680	0.676775337
-1.162162162	0.858498556	0.690986063	0.717466157	0.423282328	0.755681484	0.677222267
-1.155155155	0.860006102	0.692031570	0.718529043	0.421131068	0.756409850	0.677548501
-1.148148148	0.861297963	0.692967075	0.719464250	0.418943818	0.756977625	0.677751770
-1.141141141	0.862369722	0.693790337	0.720269088	0.416720943	0.757381716	0.677829835
-1.134134134	0.863217082	0.694499135	0.720940890	0.414462821	0.757619092	0.677780493
-1.127127127	0.863835868	0.695091262	0.721477022	0.412169840	0.757686792	0.677601577
-1.120120120	0.864222045	0.695564536	0.721874879	0.409842397	0.757581929	0.677290962
-1.113113113	0.864371725	0.695916794	0.722131896	0.407480898	0.757301701	0.676846570
-1.106106106	0.864281175	0.696145902	0.722245546	0.405085762	0.756843389	0.676266370
-1.099099099	0.863946830	0.696249752	0.722213348	0.402657413	0.756204372	0.675548384
-1.092092092	0.863365303	0.696226267	0.722032868	0.400196288	0.755382129	0.674690689
-1.085085085	0.862533394	0.696073403	0.721701724	0.397702832	0.754374244	0.673691424
-1.078078078	0.861448099	0.695789153	0.721217592	0.395177497	0.753178416	0.672548792
-1.071071071	0.860106623	0.695371546	0.720578206	0.392620747	0.751792463	0.671261062
-1.064064064	0.858506385	0.694818654	0.719781365	0.390033051	0.750214329	0.669826578
-1.057057057	0.856645033	0.694128590	0.718824937	0.387414890	0.748442092	0.668243756
-1.050050050	0.854520448	0.693299517	0.717706860	0.384766749	0.746473967	0.666511094
-1.043043043	0.852130756	0.692329643	0.716425150	0.382089123	0.744308316	0.664627175
-1.036036036	0.849474335	0.691217230	0.714977904	0.379382515	0.741943651	0.662590668
-1.029029029	0.846549827	0.689960591	0.713363301	0.376647434	0.739378641	0.660400332
-1.022022022	0.843356138	0.688558098	0.711579611	0.373884396	0.736612121	0.658055023
-1.015015015	0.839892454	0.687008181	0.709625196	0.371093926	0.733643092	0.655553698
-1.008008008	0.836158243	0.685309332	0.707498512	0.368276554	0.730470732	0.652895414
-1.001001001	0.832153262	0.683460107	0.705198116	0.365432815	0.727094397	0.650079335
-0.993993994	0.827877564	0.681459127	0.702722671	0.362563252	0.723513630	0.647104736
-0.986986987	0.823331500	0.679305084	0.700070944	0.359668415	0.719728164	0.643971005
-0.979979980	0.818515729	0.676996739	0.697241814	0.356748857	0.715737924	0.640677646
-0.972972973	0.813431217	0.674532928	0.694234275	0.353805138	0.711543037	0.637224285
-0.965965966	0.808079242	0.671912562	0.691047437	0.350837823	0.707143830	0.633610668
-0.958958959	0.802461396	0.669134628	0.687680532	0.347847482	0.702540839	0.629836668
-0.951951952	0.796579588	0.666198194	0.684132913	0.344834689	0.697734806	0.625902288
-0.944944945	0.790436040	0.663102410	0.680404061	0.341800024	0.692726687	0.621807659
-0.937937938	0.784033293	0.659846507	0.676493582	0.338744069	0.687517652	0.617553045
-0.930930931	0.777374201	0.656429802	0.672401217	0.335667413	0.682109084	0.613138847
-0.923923924	0.770461935	0.652851698	0.668126836	0.332570647	0.676502588	0.608565600
-0.916916917	0.763299971	0.649111686	0.663670444	0.329454365	0.670699982	0.603833977
-0.909909910	0.755892095	0.645209346	0.659032181	0.326319167	0.664703303	0.598944791
-0.902902903	0.748242394	0.641144346	0.654212326	0.323165653	0.658514805	0.593898994
-0.895895896	0.740355249	0.636916449	0.649211291	0.319994429	0.652136959	0.588697675
-0.888888889	0.732235335	0.632525506	0.644029631	0.316806101	0.645572448	0.583342067
-0.881881882	0.723887603	0.627971462	0.638668035	0.313601282	0.638824169	0.577833538
-0.874874875	0.715317282	0.623254357	0.633127332	0.310380582	0.631895226	0.572173598
-0.867867868	0.706529862	0.618374321	0.627408487	0.307144617	0.624788927	0.566363891
-0.860860861	0.697531089	0.613331579	0.621512603	0.303894005	0.617508783	0.560406199
-0.853853854	0.688326951	0.608126452	0.615440917	0.300629364	0.610058497	0.554302437
-0.846846847	0.678923664	0.602759352	0.609194800	0.297351316	0.602441964	0.548054648
-0.839839840	0.669327665	0.597230786	0.602775755	0.294060483	0.594663260	0.541665007
-0.832832833	0.659545594	0.591541353	0.596185414	0.290757490	0.586726637	0.535135809
-0.825825826	0.649584283	0.585691745	0.589425533	0.287442964	0.578636514	0.528469472
-0.818818819	0.639450739	0.579682748	0.582497997	0.284117530	0.570397469	0.521668527
-0.811811812	0.629152128	0.573515238	0.575404805	0.280781819	0.562014230	0.514735618
-0.804804805	0.618695763	0.567190182	0.568148076	0.277436459	0.553491662	0.507673492
-0.797797798	0.608089087	0.560708636	0.560730040	0.274082083	0.544834763	0.500484994
-0.790790791	0.597339655	0.554071748	0.553153035	0.270719322	0.536048645	0.493173064
-0.783783784	0.586455118	0.547280752	0.545419503	0.267348809	0.527138528	0.485740723
-0.776776777	0.575443209	0.540336971	0.537531983	0.263971179	0.518109726	0.478191073
-0.769769770	0.564311726	0.533241814	0.529493110	0.260587068	0.508967632	0.470527284
-0.762762763	0.553068515	0.525996778	0.521305607	0.257197110	0.499717711	0.462752586
-0.755755756	0.541721457	0.518603445	0.512972281	0.253801945	0.490365480	0.454870263
-0.748748749	0.530278448	0.511063484	0.504496018	0.250402210	0.480916499	0.446883641
-0.741741742	0.518747392	0.503378649	0.495879777	0.246998544	0.471376357	0.438796080
-0.734734735	0.507136184	0.495550782	0.487126590	0.243591588	0.461750654	0.430610963
-0.727727728	0.495452696	0.487581812	0.478239553	0.240181984	0.452044996	0.422331688
-0.720720721	0.483704770	0.479473759	0.469221825	0.236770374	0.442264973	0.413961657
-0.713713714	0.471900206	0.471228731	0.460076624	0.233357403	0.432416151	0.405504266
-0.706706707	0.460046755	0.462848935	0.450807225	0.229943716	0.422504060	0.396962897
-0.699699700	0.448152115	0.454336674	0.441416963	0.226529961	0.412534181	0.388340905
-0.692692693	0.436223922	0.445694355	0.431909228	0.223116786	0.402511936	0.379641614
-0.685685686	0.424269756	0.436924493	0.422287467	0.219704841	0.392442676	0.370868306
-0.678678679	0.412297133	0.428029723	0.412555195	0.216294779	0.382331681	0.362024213
-0.671671672	0.400313517	0.419012803	0.402715992	0.212887255	0.372184143	0.353112515
-0.664664665	0.388326323	0.409876627	0.392773516	0.209482925	0.362005172	0.344136331
-0.657657658	0.376342926	0.400624240	0.382731515	0.206082448	0.351799787	0.335098719
-0.650650651	0.364370676	0.391258849	0.372593838	0.202686485	0.341572919	0.326002677
-0.643643644	0.352416913	0.381783839	0.362364455	0.199295701	0.331329419	0.316851143
-0.636636637	0.340488991	0.372202798	0.352047483	0.195910764	0.321074060	0.307647002
-0.629629630	0.328594300	0.362519533	0.341647204	0.192532343	0.310811553	0.298393097
-0.622622623	0.316740294	0.352738097	0.331168109	0.189161112	0.300546559	0.289092244
-0.615615616	0.304934526	0.342862822	0.320614926	0.185797749	0.290283717	0.279747249
-0.608608609	0.293184684	0.332898344	0.309992672	0.182442935	0.280027667	0.270360941
-0.601601602	0.281498630	0.322849644	0.299306703	0.179097355	0.269783084	0.260936201
-0.594594595	0.269884450	0.312722086	0.288562773	0.175761698	0.259554723	0.251476009
-0.587587588	0.258350498	0.302521463	0.277767104	0.172436658	0.249347462	0.241983498
-0.580580581	0.246905450	0.292254043	0.266926465	0.169122933	0.239166368	0.232462017
-0.573573574	0.235558358	0.281926628	0.256048258	0.165821227	0.229016758	0.222915212
-0.566566567	0.224318712	0.271546605	0.245140619	0.162532247	0.218904278	0.213347121
-0.559559560	0.213196491	0.261122016	0.234212526	0.159256707	0.208834993	0.203762282
-0.552552553	0.202202228	0.250661622	0.223273918	0.155995327	0.198815488	0.194165871
-0.545545546	0.191347067	0.240174977	0.212335827	0.152748829	0.188852976	0.184563849
-0.538538539	0.180642813	0.229672503	0.201410522	0.149517945	0.178955421	0.174963137
-0.531531532	0.170101990	0.219165572	0.190511657	0.146303411	0.169131680	0.165371824
-0.524524525	0.159737875	0.208666587	0.179654431	0.143105968	0.159391640	0.155799389
-0.517517518	0.149564536	0.198189064	0.168855751	0.139926364	0.149746381	0.146256961
-0.510510511	0.139596850	0.187747721	0.158134398	0.136765354	0.140208334	0.136757604
-0.503503504	0.129850502	0.177358554	0.147511190	0.133623698	0.130791450	0.127316623
-0.496496496	0.120341971	0.167038917	0.137009135	0.130502161	0.121511365	0.117951907
-0.489489489	0.111088479	0.156807589	0.126653563	0.127401518	0.112385562	0.108684271
-0.482482482	0.102107924	0.146684830	0.116472236	0.124322546	0.103433511	0.099537819
-0.475475475	0.093418761	0.136692427	0.106495408	0.121266029	0.094676790	0.090540289
-0.468468468	0.085039862	0.126853703	0.096755833	0.118232760	0.086139160	0.081723375
-0.461461461	0.076990312	0.117193516	0.087288693	0.115223532	0.077846592	0.073122979
-0.454454454	0.069289176	0.107738210	0.078131426	0.112239148	0.069827205	0.064779364
-0.447447447	0.061955196	0.098515523	0.069323429	0.109280414	0.062111120	0.056737149
-0.440440440	0.055006446	0.089554445	0.060905605	0.106348141	0.054730173	0.049045076
-0.433433433	0.048459932	0.080885012	0.052919724	0.103443145	0.047717481	0.041755457
-0.426426426	0.042331133	0.072538022	0.045407569	0.100566245	0.041106814	0.034923206
-0.419419419	0.036633507	0.064544668	0.038409833	0.097718263	0.034931758	0.028604330
-0.412412412	0.031377953	0.056936076	0.031964754	0.094900024	0.029224621	0.022853755
-0.405405405	0.026572255	0.049742733	0.026106465	0.092112356	0.024015089	0.017722356
-0.398398398	0.022220520	0.042993809	0.020863078	0.089356086	0.019328612	0.013253118
-0.391391391	0.018322644	0.036716354	0.016254535	0.086632044	0.015184550	0.009476401
-0.384384384	0.014873823	0.030934393	0.012290314	0.083941056	0.011594139	0.006404470
-0.377377377	0.011864162	0.025667907	0.008967130	0.081283950	0.008558386	0.004025686
-0.370370370	0.009278403	0.020931739	0.006266846	0.078661550	0.006066075	0.002299203
-0.363363363	0.007095836	0.016734449	0.004154909	0.076074674	0.004092129	0.001151607
-0.356356356	0.005290420	0.013077181	0.002579715	0.073524139	0.002596697	0.000477717
-0.349349349	0.003831163	0.009952608	0.001473404	0.071010751	0.001525366	0.000148445
-0.342342342	0.002682783	0.007344058	0.000754607	0.068535312	0.000810999	0.000028320
-0.335335335	0.001806677	0.005224950	0.000333584	0.066098613	0.000377584	0.000002056
-0.328328328	0.001162170	0.003558679	0.000119843	0.063701432	0.000146299	0.000000011
-0.321321321	0.000708016	0.002299128	0.000031579	0.061344537	0.000043377	0.000000000
-0.314314314	0.000404063	0.001391955	0.000005025	0.059028681	0.000008458	0.000000000
-0.307307307	0.000212950	0.000776807	0.000000313	0.056754599	0.000000793	0.000000000
-0.300300300	0.000101676	0.000390486	0.000000002	0.054523008	0.000000016	0.000000000
-0.293293293	0.000042840	0.000170977	0.000000000	0.052334606	0.000000000	0.000000000
-0.286286286	0.000015342	0.000061956	0.000000000	0.050190067	0.000000000	0.000000000
-0.279279279	0.000004418	0.000017098	0.000000000	0.048090040	0.000000000	0.000000000
-0.272272272	0.000000937	0.000003102	0.000000000	0.046035149	0.000000000	0.000000000
-0.265265265	0.000000126	0.000000275	0.000000000	0.044025985	0.000000000	0.000000000
-0.258258258	0.000000008	0.000000006	0.000000000	0.042063111	0.000000000	0.000000000
-0.251251251	0.000000000	0.000000000	0.000000000	0.040147053	0.000000000	0.000000000
-0.244244244	0.000000000	0.000000000	0.000000000	0.038278304	0.000000000	0.000000000
-0.237237237	0.000000000	0.000000000	0.000000000	0.036457314	0.000000000	0.000000000
-0.230230230	0.000000000	0.000000000	0.000000000	0.034684494	0.000000000	0.000000000
-0.223223223	0.000000000	0.000000000	0.000000000	0.032960210	0.000000000	0.000000000
-0.216216216	0.000000000	0.000000000	0.000000000	0.031284785	0.000000000	0.000000000
-0.209209209	0.000000000	0.000000000	0.000000000	0.029658488	0.000000000	0.000000000
-0.202202202	0.000000000	0.000000000	0.000000000	0.028081541	0.000000000	0.000000000
-0.195195195	0.000000000	0.000000000	0.000000000	0.026554113	0.000000000	0.000000000
-0.188188188	0.000000000	0.000000000	0.000000000	0.025076314	0.000000000	0.000000000
-0.181181181	0.000000000	0.000000000	0.000000000	0.023648201	0.000000000	0.000000000
-0.174174174	0.000000000	0.000000000	0.000000000	0.022269769	0.000000000	0.000000000
-0.167167167	0.000000000	0.000000000	0.000000000	0.020940951	0.000000000	0.000000000
-0.160160160	0.000000000	0.000000000	0.000000000	0.019661620	0.000000000	0.000000000
-0.153153153	0.000000000	0.000000000	0.000000000	0.018431582	0.000000000	0.000000000
-0.146146146	0.000000000	0.000000000	0.000000000	0.017250579	0.000000000	0.000000000
-0.139139139	0.000000000	0.000000000	0.000000000	0.016118286	0.000000000	0.000000000
-0.132132132	0.000000000	0.000000000	0.000000000	0.015034309	0.000000000	0.000000000
-0.125125125	0.000000000	0.000000000	0.000000000	0.013998188	0.000000000	0.000000000
-0.118118118	0.000000000	0.000000000	0.000000000	0.013009393	0.000000000	0.000000000
-0.111111111	0.000000000	0.000000000	0.000000000	0.012067327	0.000000000	0.000000000
-0.104104104	0.000000000	0.000000000	0.000000000	0.011171323	0.000000000	0.000000000
-0.097097097	0.000000000	0.000000000	0.000000000	0.010320648	0.000000000	0.000000000
-0.090090090	0.000000000	0.000000000	0.000000000	0.009514503	0.000000000	0.000000000
-0.083083083	0.000000000	0.000000000	0.000000000	0.008752022	0.000000000	0.000000000
-0.076076076	0.000000000	0.000000000	0.000000000	0.008032276	0.000000000	0.000000000
-0.069069069	0.000000000	0.000000000	0.000000000	0.007354276	0.000000000	0.000000000
-0.062062062	0.000000000	0.000000000	0.000000000	0.006716971	0.000000000	0.000000000
-0.055055055	0.000000000	0.000000000	0.000000000	0.006119258	0.000000000	0.000000000
-0.048048048	0.000000000	0.000000000	0.000000000	0.005559977	0.000000000	0.000000000
-0.041041041	0.000000000	0.000000000	0.000000000	0.005037919	0.000000000	0.000000000
-0.034034034	0.000000000	0.000000000	0.000000000	0.004551830	0.000000000	0.000000000
-0.027027027	0.000000000	0.000000000	0.000000000	0.004100416	0.000000000	0.000000000
-0.020020020	0.000000000	0.000000000	0.000000000	0.003682342	0.000000000	0.000000000
-0.013013013	0.000000000	0.000000000	0.000000000	0.003296243	0.000000000	0.000000000
-0.006006006	0.000000000	0.000000000	0.000000000	0.002940729	0.000000000	0.000000000
0.001001001	0.000000000	0.000000000	0.000000000	0.002614384	0.000000000	0.000000000
0.008008008	0.000000000	0.000000000	0.000000000	0.002315778	0.000000000	0.000000000
0.015015015	0.000000000	0.000000000	0.000000000	0.002043470	0.000000000	0.000000000
0.022022022	0.000000000	0.000000000	0.000000000	0.001796016	0.000000000	0.000000000
0.029029029	0.000000000	0.000000000	0.000000000	0.001571972	0.000000000	0.000000000
0.036036036	0.000000000	0.000000000	0.000000000	0.001369899	0.000000000	0.000000000
0.043043043	0.000000000	0.000000000	0.000000000	0.001188377	0.000000000	0.000000000
0.050050050	0.000000000	0.000000000	0.000000000	0.001026000	0.000000000	0.000000000
0.057057057	0.000000000	0.000000000	0.000000000	0.000881390	0.000000000	0.000000000
0.064064064	0.000000000	0.000000000	0.000000000	0.000753199	0.000000000	0.000000000
0.071071071	0.000000000	0.000000000	0.000000000	0.000640115	0.000000000	0.000000000
0.078078078	0.000000000	0.000000000	0.000000000	0.000540867	0.000000000	0.000000000
0.085085085	0.000000000	0.000000000	0.000000000	0.000454231	0.000000000	0.000000000
0.092092092	0.000000000	0.000000000	0.000000000	0.000379032	0.000000000	0.000000000
0.099099099	0.000000000	0.000000000	0.000000000	0.000314150	0.000000000	0.000000000
0.106106106	0.000000000	0.000000000	0.000000000	0.000258521	0.000000000	0.000000000
0.113113113	0.000000000	0.000000000	0.000000000	0.000211144	0.000000000	0.000000000
0.120120120	0.000000000	0.000000000	0.000000000	0.000171079	0.000000000	0.000000000
0.127127127	0.000000000	0.000000000	0.000000000	0.000137449	0.000000000	0.000000000
0.134134134	0.000000000	0.000000000	0.000000000	0.000109444	0.000000000	0.000000000
0.141141141	0.000000000	0.000000000	0.000000000	0.000086319	0.000000000	0.000000000
0.148148148	0.000000000	0.000000000	0.000000000	0.000067394	0.000000000	0.000000000
0.155155155	0.000000000	0.000000000	0.000000000	0.000052053	0.000000000	0.000000000
0.162162162	0.000000000	0.000000000	0.000000000	0.000039744	0.000000000	0.000000000
0.169169169	0.000000000	0.000000000	0.000000000	0.000029974	0.000000000	0.000000000
0.176176176	0.000000000	0.000000000	0.000000000	0.000022310	0.000000000	0.000000000
0.183183183	0.000000000	0.000000000	0.000000000	0.000016372	0.000000000	0.000000000
0.190190190	0.000000000	0.000000000	0.000000000	0.000011834	0.000000000	0.000000000
0.197197197	0.000000000	0.000000000	0.000000000	0.000008414	0.000000000	0.000000000
0.204204204	0.000000000	0.000000000	0.000000000	0.000005878	0.000000000	0.000000000
0.211211211	0.000000000	0.000000000	0.000000000	0.000004028	0.000000000	0.000000000
0.218218218	0.000000000	0.000000000	0.000000000	0.000002704	0.000000000	0.000000000
0.225225225	0.000000000	0.000000000	0.000000000	0.000001774	0.000000000	0.000000000
0.232232232	0.000000000	0.000000000	0.000000000	0.000001136	0.000000000	0.000000000
0.239239239	0.000000000	0.000000000	0.000000000	0.000000707	0.000000000	0.000000000
0.246246246	0.000000000	0.000000000	0.000000000	0.000000428	0.000000000	0.000000000
0.253253253	0.000000000	0.000000000	0.000000000	0.000000250	0.000000000	0.000000000
0.260260260	0.000000000	0.000000000	0.000000000	0.000000141	0.000000000	0.000000000
0.267267267	0.000000000	0.000000000	0.000000000	0.000000076	0.000000000	0.000000000
0.274274274	0.000000000	0.000000000	0.000000000	0.000000040	0.000000000	0.000000000
0.281281281	0.000000000	0.000000000	0.000000000	0.000000019	0.000000000	0.000000000
0.288288288	0.000000000	0.000000000	0.000000000	0.000000009	0.000000000	0.000000000
0.295295295	0.000000000	0.000000000	0.000000000	0.000000004	0.000000000	0.000000000
0.302302302	0.000000000	0.000000000	0.000000000	0.000000002	0.000000000	0.000000000
0.309309309	0.000000000	0.000000000	0.000000000	0.000000001	0.000000000	0.000000000
0.316316316	0.000000000	0.000000000	0.000000000	0.000000000	0.000000000	0.000000000
0.323323323	0.000000000	0.000000000	0.000000000	0.000000000	0.000000000	0.000000000
0.330330330	0.000000000	0.000000000	0.000000000	0.000000000	0.000000000	0.000000000
0.337337337	0.000000000	0.000000000	0.000000000	0.000000000	0.000000000	0.000000000
0.344344344	0.000000000	0.000000000	0.000000000	0.000000000	0.000000000	0.000000000
0.351351351	0.000000000	0.000000000	0.000000000	0.000000000	0.000000000	0.000000000
0.358358358	0.000000000	0.000000000	0.000000000	0.000000000	0.000000000	0.000000000
0.365365365	0.000000000	0.000000000	0.000000000	0.000000000	0.000000000	0.000000000
0.372372372	0.000000000	0.000000000	0.000000000	0.000000000	0.000000000	0.000000000
0.379379379	0.000000000	0.000000000	0.000000000	0.000000000	0.000000000	0.000000000
0.386386386	0.000000000	0.000000000	0.000000000	0.000000000	0.000000000	0.000000000
0.393393393	0.000000000	0.000000000	0.000000000	0.000000000	0.000000000	0.000000000
0.400400400	0.000000000	0.000000000	0.000000000	0.000000000	0.000000000	0.000000000
0.407407407	0.000000000	0.000000000	0.000000000	0.000000000	0.000000000	0.000000000
0.414414414	0.000000000	0.000000000	0.000000000	0.000000000	0.000000000	0.000000000
0.421421421	0.000000000	0.000000000	0.000000000	0.000000000	0.000000000	0.000000000
0.428428428	0.000000000	0.000000000	0.000000000	0.000000000	0.000000000	0.000000000
0.435435435	0.000000000	0.000000000	0.000000000	0.000000000	0.000000000	0.000000000
0.442442442	0.000000000	0.000000000	0.000000000	0.000000000	0.000000000	0.000000000
0.449449449	0.000000000	0.000000000	0.000000000	0.000000000	0.000000000	0.000000000
0.456456456	0.000000000	0.000000000	0.000000000	0.000000000	0.000000000	0.000000000
0.463463463	0.000000000	0.000000000	0.000000000	0.000000000	0.000000000	0.000000000
0.470470470	0.000000000	0.000000000	0.000000000	0.000000000	0.000000000	0.000000000
0.477477477	0.000000000	0.000000000	0.000000000	0.000000000	0.000000000	0.000000000
0.484484484	0.000000000	0.000000000	0.000000000	0.000000000	0.000000000	0.000000000
0.491491491	0.000000000	0.000000000	0.000000000	0.000000000	0.000000000	0.000000000
0.498498498	0.000000000	0.000000000	0.000000000	0.000000000	0.000000000	0.000000000
0.505505506	0.000000000	0.000000000	0.000000000	0.000000000	0.000000000	0.000000000
0.512512513	0.000000000	0.000000000	0.000000000	0.000000000	0.000000000	0.000000000
0.519519520	0.000000000	0.000000000	0.000000000	0.000000000	0.000000000	0.000000000
0.526526527	0.000000000	0.000000000	0.000000000	0.000000000	0.000000000	0.000000000
0.533533534	0.000000000	0.000000000	0.000000000	0.000000000	0.000000000	0.000000000
0.540540541	0.000000000	0.000000000	0.000000000	0.000000000	0.000000000	0.000000000
0.547547548	0.000000000	0.000000000	0.000000000	0.000000000	0.000000000	0.000000000
0.554554555	0.000000000	0.000000000	0.000000000	0.000000000	0.000000000	0.000000000
0.561561562	0.000000000	0.000000000	0.000000000	0.000000000	0.000000000	0.000000000
0.568568569	0.000000000	0.000000000	0.000000000	0.000000000	0.000000000	0.000000000
0.575575576	0.000000000	0.000000000	0.000000000	0.000000000	0.000000000	0.000000000
0.582582583	0.000000000	0.000000000	0.000000000	0.000000000	0.000000000	0.000000000
0.589589590	0.000000000	0.000000000	0.000000000	0.000000000	0.000000000	0.000000000
0.596596597	0.000000000	0.000000000	0.000000000	0.000000000	0.000000000	0.000000000
0.603603604	0.000000000	0.000000000	0.000000000	0.000000000	0.000000000	0.000000000
0.610610611	0.000000000	0.000000000	0.000000000	0.000000000	0.000000000	0.000000000
0.617617618	0.000000000	0.000000000	0.000000000	0.000000000	0.000000000	0.000000000
0.624624625	0.000000000	0.000000000	0.000000000	0.000000000	0.000000000	0.000000000
0.631631632	0.000000000	0.000000000	0.000000000	0.000000000	0.000000000	0.000000000
0.638638639	0.000000000	0.000000000	0.000000000	0.000000000	0.000000000	0.000000000
0.645645646	0.000000000	0.000000000	0.000000000	0.000000000	0.000000000	0.000000000
0.652652653	0.000000000	0.000000000	0.000000000	0.000000000	0.000000000	0.000000000
0.659659660	0.000000000	0.000000000	0.000000000	0.000000000	0.000000000	0.000000000
0.666666667	0.000000000	0.000000000	0.000000000	0.000000000	0.000000000	0.000000000
0.673673674	0.000000000	0.000000000	0.000000000	0.000000000	0.000000000	0.000000000
0.680680681	0.000000000	0.000000000	0.000000000	0.000000000	0.000000000	0.000000000
0.687687688	0.000000000	0.000000000	0.000000000	0.000000000	0.000000000	0.000000000
0.694694695	0.000000000	0.000000000	0.000000000	0.000000000	0.000000000	0.000000000
0.701701702	0.000000000	0.000000000	0.000000000	0.000000000	0.000000000	0.000000000
0.708708709	0.000000000	0.000000000	0.000000000	0.000000000	0.000000000	0.000000000
0.715715716	0.000000000	0.000000000	0.000000000	0.000000000	0.000000000	0.000000000
0.722722723	0.000000000	0.000000000	0.000000000	0.000000000	0.000000000	0.000000000
0.729729730	0.000000000	0.000000000	0.000000000	0.000000000	0.000000000	0.000000000
0.736736737	0.000000000	0.000000000	0.000000000	0.000000000	0.000000000	0.000000000
0.743743744	0.000000000	0.000000000	0.000000000	0.000000000	0.000000000	0.000000000
0.750750751	0.000000000	0.000000000	0.000000000	0.000000000	0.000000000	0.000000000
0.757757758	0.000000000	0.000000000	0.000000000	0.000000000	0.000000000	0.000000000
0.764764765	0.000000000	0.000000000	0.000000000	0.000000000	0.000000000	0.000000000
0.771771772	0.000000000	0.000000000	0.000000000	0.000000000	0.000000000	0.000000000
0.778778779	0.000000000	0.000000000	0.000000000	0.000000000	0.000000000	0.000000000
0.785785786	0.000000000	0.000000000	0.000000000	0.000000000	0.000000000	0.000000000
0.792792793	0.000000000	0.000000000	0.000000000	0.000000000	0.000000000	0.000000000
0.799799800	0.000000000	0.000000000	0.000000000	0.000000000	0.000000000	0.000000000
0.806806807	0.000000000	0.000000000	0.000000000	0.000000000	0.000000000	0.000000000
0.813813814	0.000000000	0.000000000	0.000000000	0.000000000	0.000000000	0.000000000
0.820820821	0.000000000	0.000000000	0.000000000	0.000000000	0.000000000	0.000000000
0.827827828	0.000000000	0.000000000	0.000000000	0.000000000	0.000000000	0.000000000
0.834834835	0.000000000	0.000000000	0.000000000	0.000000000	0.000000000	0.000000000
0.841841842	0.000000000	0.000000000	0.000000000	0.000000000	0.000000000	0.000000000
0.848848849	0.000000000	0.000000000	0.000000000	0.000000000	0.000000000	0.000000000
0.855855856	0.000000000	0.000000000	0.000000000	0.000000000	0.000000000	0.000000000
0.862862863	0.000000000	0.000000000	0.000000000	0.000000000	0.000000000	0.000000000
0.869869870	0.000000000	0.000000000	0.000000000	0.000000000	0.000000000	0.000000000
0.876876877	0.000000000	0.000000000	0.000000000	0.000000000	0.000000000	0.000000000
0.883883884	0.000000000	0.000000000	0.000000000	0.000000000	0.000000000	0.000000000
0.890890891	0.000000000	0.000000000	0.000000000	0.000000000	0.000000000	0.000000000
0.897897898	0.000000000	0.000000000	0.000000000	0.000000000	0.000000000	0.000000000
0.904904905	0.000000000	0.000000000	0.000000000	0.000000000	0.000000000	0.000000000
0.911911912	0.000000000	0.000000000	0.000000000	0.000000000	0.000000000	0.000000000
0.918918919	0.000000000	0.000000000	0.000000000	0.000000000	0.000000000	0.000000000
0.925925926	0.000000000	0.000000000	0.000000000	0.000000000	0.000000000	0.000000000
0.932932933	0.000000000	0.000000000	0.000000000	0.000000000	0.000000000	0.000000000
0.939939940	0.000000000	0.000000000	0.000000000	0.000000000	0.000000000	0.000000000
0.946946947	0.000000000	0.000000000	0.000000000	0.000000000	0.000000000	0.000000000
0.953953954	0.000000000	0.000000000	0.000000000	0.000000000	0.000000000	0.000000000
0.960960961	0.000000000	0.000000000	0.000000000	0.000000000	0.000000000	0.000000000
0.967967968	0.000000000	0.000000000	0.000000000	0.000000000	0.000000000	0.000000000
0.974974975	0.000000000	0.000000000	0.000000000	0.000000000	0.000000000	0.000000000
0.981981982	0.000000000	0.000000000	0.000000000	0.000000000	0.000000000	0.000000000
0.988988989	0.000000000	0.000000000	0.000000000	0.000000000	0.000000000	0.000000000
0.995995996	0.000000000	0.000000000	0.000000000	0.000000000	0.000000000	0.000000000
1.003003003	0.000000000	0.000000000	0.000000000	0.000000000	0.000000000	0.000000000
1.010010010	0.000000000	0.000000000	0.000000000	0.000000000	0.000000000	0.000000000
1.017017017	0.000000000	0.000000000	0.000000000	0.000000000	0.000000000	0.000000000
1.024024024	0.000000000	0.000000000	0.000000000	0.000000000	0.000000000	0.000000000
1.031031031	0.000000000	0.000000000	0.000000000	0.000000000	0.000000000	0.000000000
1.038038038	0.000000000	0.000000000	0.000000000	0.000000000	0.000000000	0.000000000
1.045045045	0.000000000	0.000000000	0.000000000	0.000000000	0.000000000	0.000000000
1.052052052	0.000000000	0.000000000	0.000000000	0.000000000	0.000000000	0.000000000
1.059059059	0.000000000	0.000000000	0.000000000	0.000000000	0.000000000	0.000000000
1.066066066	0.000000000	0.000000000	0.000000000	0.000000000	0.000000000	0.000000000
1.073073073	0.000000000	0.000000000	0.000000000	0.000000000	0.000000000	0.000000000
1.080080080	0.000000000	0.000000000	0.000000000	0.000000000	0.000000000	0.000000000
1.087087087	0.000000000	0.000000000	0.000000000	0.000000000	0.000000000	0.000000000
1.094094094	0.000000000	0.000000000	0.000000000	0.000000000	0.000000000	0.000000000
1.101101101	0.000000000	0.000000000	0.000000000	0.000000000	0.000000000	0.000000000
1.108108108	0.000000000	0.000000000	0.000000000	0.000000000	0.000000000	0.000000000
1.115115115	0.000000000	0.000000000	0.000000000	0.000000000	0.000000000	0.000000000
1.122122122	0.000000000	0.000000000	0.000000000	0.000000000	0.000000000	0.000000000
1.129129129	0.000000000	0.000000000	0.000000000	0.000000000	0.000000000	0.000000000
1.136136136	0.000000000	0.000000000	0.000000000	0.000000000	0.000000000	0.000000000
1.143143143	0.000000000	0.000000000	0.000000000	0.000000000	0.000000000	0.000000000
1.150150150	0.000000000	0.000000000	0.000000000	0.000000000	0.000000000	0.000000000
1.157157157	0.000000000	0.000000000	0.000000000	0.000000000	0.000000000	0.000000000
1.164164164	0.000000000	0.000000000	0.000000000	0.000000000	0.000000000	0.000000000
1.171171171	0.000000000	0.000000000	0.000000000	0.000000000	0.000000000	0.000000000
1.178178178	0.000000000	0.000000000	0.000000000	0.000000000	0.000000000	0.000000000
1.185185185	0.000000000	0.000000000	0.000000000	0.000000000	0.000000000	0.000000000
1.192192192	0.000000000	0.000000000	0.000000000	0.000000000	0.000000000	0.000000000
1.199199199	0.000000000	0.000000000	0.000000000	0.000000000	0.000000000	0.000000000
1.206206206	0.000000000	0.000000000	0.000000000	0.000000000	0.000000000	0.000000000
1.213213213	0.000000000	0.000000000	0.000000000	0.000000000	0.000000000	0.000000000
1.220220220	0.000000000	0.000000000	0.000000000	0.000000000	0.000000000	0.000000000
1.227227227	0.000000000	0.000000000	0.000000000	0.000000000	0.000000000	0.000000000
1.234234234	0.000000000	0.000000000	0.000000000	0.000000000	0.000000000	0.000000000
1.241241241	0.000000000	0.000000000	0.000000000	0.000000000	0.000000000	0.000000000
1.248248248	0.000000000	0.000000000	0.000000000	0.000000000	0.000000000	0.000000000
1.255255255	0.000000000	0.000000000	0.000000000	0.000000000	0.000000000	0.000000000
1.262262262	0.000000000	0.000000000	0.000000000	0.000000000	0.000000000	0.000000000
1.269269269	0.000000000	0.000000000	0.000000000	0.000000000	0.000000000	0.000000000
1.276276276	0.000000000	0.000000000	0.000000000	0.000000000	0.000000000	0.000000000
1.283283283	0.000000000	0.000000000	0.000000000	0.000000000	0.000000000	0.000000000
1.290290290	0.000000000	0.000000000	0.000000000	0.000000000	0.000000000	0.000000000
1.297297297	0.000000000	0.000000000	0.000000000	0.000000000	0.000000000	0.000000000
1.304304304	0.000000000	0.000000000	0.000000000	0.000000000	0.000000000	0.000000000
1.311311311	0.000000000	0.000000000	0.000000000	0.000000000	0.000000000	0.000000000
1.318318318	0.000000000	0.000000000	0.000000000	0.000000000	0.000000000	0.000000000
1.325325325	0.000000000	0.000000000	0.000000000	0.000000000	0.000000000	0.000000000
1.332332332	0.000000000	0.000000000	0.000000000	0.000000000	0.000000000	0.000000000
1.339339339	0.000000000	0.000000000	0.000000000	0.000000000	0.000000000	0.000000000
1.346346346	0.000000000	0.000000000	0.000000000	0.000000000	0.000000000	0.000000000
1.353353353	0.000000000	0.000000000	0.000000000	0.000000000	0.000000000	0.000000000
1.360360360	0.000000000	0.000000000	0.000000000	0.000000000	0.000000000	0.000000000
1.367367367	0.000000000	0.000000000	0.000000000	0.000000000	0.000000000	0.000000000
1.374374374	0.000000000	0.000000000	0.000000000	0.000000000	0.000000000	0.000000000
1.381381381	0.000000000	0.000000000	0.000000000	0.000000000	0.000000000	0.000000000
1.388388388	0.000000000	0.000000000	0.000000000	0.000000000	0.000000000	0.000000000
1.395395395	0.000000000	0.000000000	0.000000000	0.000000000	0.000000000	0.000000000
1.402402402	0.000000000	0.000000000	0.000000000	0.000000000	0.000000000	0.000000000
1.409409409	0.000000000	0.000000000	0.000000000	0.000000000	0.000000000	0.000000000
1.416416416	0.000000000	0.000000000	0.000000000	0.000000000	0.000000000	0.000000000
1.423423423	0.000000000	0.000000000	0.000000000	0.000000000	0.000000000	0.000000000
1.430430430	0.000000000	0.000000000	0.000000000	0.000000000	0.000000000	0.000000000
1.437437437	0.000000000	0.000000000	0.000000000	0.000000000	0.000000000	0.000000000
1.444444444	0.000000000	0.000000000	0.000000000	0.000000000	0.000000000	0.000000000
1.451451451	0.000000000	0.000000000	0.000000000	0.000000000	0.000000000	0.000000000
1.458458458	0.000000000	0.000000000	0.000000000	0.000000000	0.000000000	0.000000000
1.465465465	0.000000000	0.000000000	0.000000000	0.000000000	0.000000000	0.000000000
1.472472472	0.000000000	0.000000000	0.000000000	0.000000000	0.000000000	0.000000000
1.479479479	0.000000000	0.000000000	0.000000000	0.000000000	0.000000000	0.000000000
1.486486486	0.000000000	0.000000000	0.000000000	0.000000000	0.000000000	0.000000000
1.493493493	0.000000000	0.000000000	0.000000000	0.000000000	0.000000000	0.000000000
1.500500501	0.000000000	0.000000000	0.000000000	0.000000000	0.000000000	0.000000000
1.507507508	0.000000000	0.000000000	0.000000000	0.000000000	0.000000000	0.000000000
1.514514515	0.000000000	0.000000000	0.000000000	0.000000000	0.000000000	0.000000000
1.521521522	0.000000000	0.000000000	0.000000000	0.000000000	0.000000000	0.000000000
1.528528529	0.000000000	0.000000000	0.000000000	0.000000000	0.000000000	0.000000000
1.535535536	0.000000000	0.000000000	0.000000000	0.000000000	0.000000000	0.000000000
1.542542543	0.000000000	0.000000000	0.000000000	0.000000000	0.000000000	0.000000000
1.549549550	0.000000000	0.000000000	0.000000000	0.000000000	0.000000000	0.000000000
1.556556557	0.000000000	0.000000000	0.000000000	0.000000000	0.000000000	0.000000000
1.563563564	0.000000000	0.000000000	0.000000000	0.000000000	0.000000000	0.000000000
1.570570571	0.000000000	0.000000000	0.000000000	0.000000000	0.000000000	0.000000000
1.577577578	0.000000000	0.000000000	0.000000000	0.000000000	0.000000000	0.000000000
1.584584585	0.000000000	0.000000000	0.000000000	0.000000000	0.000000000	0.000000000
1.591591592	0.000000000	0.000000000	0.000000000	0.000000000	0.000000000	0.000000000
1.598598599	0.000000000	0.000000000	0.000000000	0.000000000	0.000000000	0.000000000
1.605605606	0.000000000	0.000000000	0.000000000	0.000000000	0.000000000	0.000000000
1.612612613	0.000000000	0.000000000	0.000000000	0.000000000	0.000000000	0.000000000
1.619619620	0.000000000	0.000000000	0.000000000	0.000000000	0.000000000	0.000000000
1.626626627	0.000000000	0.000000000	0.000000000	0.000000000	0.000000000	0.000000000
1.633633634	0.000000000	0.000000000	0.000000000	0.000000000	0.000000000	0.000000000
1.640640641	0.000000000	0.000000000	0.000000000	0.000000000	0.000000000	0.000000000
1.647647648	0.000000000	0.000000000	0.000000000	0.000000000	0.000000000	0.000000000
1.654654655	0.000000000	0.000000000	0.000000000	0.000000000	0.000000000	0.000000000
1.661661662	0.000000000	0.000000000	0.000000000	0.000000000	0.000000000	0.000000000
1.668668669	0.000000000	0.000000000	0.000000000	0.000000000	0.000000000	0.000000000
1.675675676	0.000000000	0.000000000	0.000000000	0.000000000	0.000000000	0.000000000
1.682682683	0.000000000	0.000000000	0.000000000	0.000000000	0.000000000	0.000000000
1.689689690	0.000000000	0.000000000	0.000000000	0.000000000	0.000000000	0.000000000
1.696696697	0.000000000	0.000000000	0.000000000	0.000000000	0.000000000	0.000000000
1.703703704	0.000000000	0.000000000	0.000000000	0.000000000	0.000000000	0.000000000
1.710710711	0.000000000	0.000000000	0.000000000	0.000000000	0.000000000	0.000000000
1.717717718	0.000000000	0.000000000	0.000000000	0.000000000	0.000000000	0.000000000
1.724724725	0.000000000	0.000000000	0.000000000	0.000000000	0.000000000	0.000000000
1.731731732	0.000000000	0.000000000	0.000000000	0.000000000	0.000000000	0.000000000
1.738738739	0.000000000	0.000000000	0.000000000	0.000000000	0.000000000	0.000000000
1.745745746	0.000000000	0.000000000	0.000000000	0.000000000	0.000000000	0.000000000
1.752752753	0.000000000	0.000000000	0.000000000	0.000000000	0.000000000	0.000000000
1.759759760	0.000000000	0.000000000	0.000000000	0.000000000	0.000000000	0.000000000
1.766766767	0.000000000	0.000000000	0.000000000	0.000000000	0.000000000	0.000000000
1.773773774	0.000000000	0.000000000	0.000000000	0.000000000	0.000000000	0.000000000
1.780780781	0.000000000	0.000000000	0.000000000	0.000000000	0.000000000	0.000000000
1.787787788	0.000000000	0.000000000	0.000000000	0.000000000	0.000000000	0.000000000
1.794794795	0.000000000	0.000000000	0.000000000	0.000000000	0.000000000	0.000000000
1.801801802	0.000000000	0.000000000	0.000000000	0.000000000	0.000000000	0.000000000
1.808808809	0.000000000	0.000000000	0.000000000	0.000000000	0.000000000	0.000000000
1.815815816	0.000000000	0.000000000	0.000000000	0.000000000	0.000000000	0.000000000
1.822822823	0.000000000	0.000000000	0.000000000	0.000000000	0.000000000	0.000000000
1.829829830	0.000000000	0.000000000	0.000000000	0.000000000	0.000000000	0.000000000
1.836836837	0.000000000	0.000000000	0.000000000	0.000000000	0.000000000	0.000000000
1.843843844	0.000000000	0.000000000	0.000000000	0.000000000	0.000000000	0.000000000
1.850850851	0.000000000	0.000000000	0.000000000	0.000000000	0.000000000	0.000000000
1.857857858	0.000000000	0.000000000	0.000000000	0.000000000	0.000000000	0.000000000
1.864864865	0.000000000	0.000000000	0.000000000	0.000000000	0.000000000	0.000000000
1.871871872	0.000000000	0.000000000	0.000000000	0.000000000	0.000000000	0.000000000
1.878878879	0.000000000	0.000000000	0.000000000	0.000000000	0.000000000	0.000000000
1.885885886	0.000000000	0.000000000	0.000000000	0.000000000	0.000000000	0.000000000
1.892892893	0.000000000	0.000000000	0.000000000	0.000000000	0.000000000	0.000000000
1.899899900	0.000000000	0.000000000	0.000000000	0.000000000	0.000000000	0.000000000
1.906906907	0.000000000	0.000000000	0.000000000	0.000000000	0.000000000	0.000000000
1.913913914	0.000000000	0.000000000	0.000000000	0.000000000	0.000000000	0.000000000
1.920920921	0.000000000	0.000000000	0.000000000	0.000000000	0.000000000	0.000000000
1.927927928	0.000000000	0.000000000	0.000000000	0.000000000	0.000000000	0.000000000
1.934934935	0.000000000	0.000000000	0.000000000	0.000000000	0.000000000	0.000000000
1.941941942	0.000000000	0.000000000	0.000000000	0.000000000	0.000000000	0.000000000
1.948948949	0.000000000	0.000000000	0.000000000	0.000000000	0.000000000	0.000000000
1.955955956	0.000000000	0.000000000	0.000000000	0.000000000	0.000000000	0.000000000
1.962962963	0.000000000	0.000000000	0.000000000	0.000000000	0.000000000	0.000000000
1.969969970	0.000000000	0.000000000	0.000000000	0.000000000	0.000000000	0.000000000
1.976976977	0.000000000	0.000000000	0.000000000	0.000000000	0.000000000	0.000000000
1.983983984	0.000000000	0.000000000	0.000000000	0.000000000	0.000000000	0.000000000
1.990990991	0.000000000	0.000000000	0.000000000	0.000000000	0.000000000	0.000000000
1.997997998	0.000000000	0.000000000	0.000000000	0.000000000	0.000000000	0.000000000
2.005005005	0.000000000	0.000000000	0.000000000	0.000000000	0.000000000	0.000000000
2.012012012	0.000000000	0.000000000	0.000000000	0.000000000	0.000000000	0.000000000
2.019019019	0.000000000	0.000000000	0.000000000	0.000000000	0.000000000	0.000000000
2.026026026	0.000000000	0.000000000	0.000000000	0.000000000	0.000000000	0.000000000
2.033033033	0.000000000	0.000000000	0.000000000	0.000000000	0.000000000	0.000000000
2.040040040	0.000000000	0.000000000	0.000000000	0.000000000	0.000000000	0.000000000
2.047047047	0.000000000	0.000000000	0.000000000	0.000000000	0.000000000	0.000000000
2.054054054	0.000000000	0.000000000	0.000000000	0.000000000	0.000000000	0.000000000
2.061061061	0.000000000	0.000000000	0.000000000	0.000000000	0.000000000	0.000000000
2.068068068	0.000000000	0.000000000	0.000000000	0.000000000	0.000000000	0.000000000
2.075075075	0.000000000	0.000000000	0.000000000	0.000000000	0.000000000	0.000000000
2.082082082	0.000000000	0.000000000	0.000000000	0.000000000	0.000000000	0.000000000
2.089089089	0.000000000	0.000000000	0.000000000	0.000000000	0.000000000	0.000000000
2.096096096	0.000000000	0.000000000	0.000000000	0.000000000	0.000000000	0.000000000
2.103103103	0.000000000	0.000000000	0.000000000	0.000000000	0.000000000	0.000000000
2.110110110	0.000000000	0.000000000	0.000000000	0.000000000	0.000000000	0.000000000
2.117117117	0.000000000	0.000000000	0.000000000	0.000000000	0.000000000	0.000000000
2.124124124	0.000000000	0.000000000	0.000000000	0.000000000	0.000000000	0.000000000
2.131131131	0.000000000	0.000000000	0.000000000	0.000000000	0.000000000	0.000000000
2.138138138	0.000000000	0.000000000	0.000000000	0.000000000	0.000000000	0.000000000
2.145145145	0.000000000	0.000000000	0.000000000	0.000000000	0.000000000	0.000000000
2.152152152	0.000000000	0.000000000	0.000000000	0.000000000	0.000000000	0.000000000
2.159159159	0.000000000	0.000000000	0.000000000	0.000000000	0.000000000	0.000000000
2.166166166	0.000000000	0.000000000	0.000000000	0.000000000	0.000000000	0.000000000
2.173173173	0.000000000	0.000000000	0.000000000	0.000000000	0.000000000	0.000000000
2.180180180	0.000000000	0.000000000	0.000000000	0.000000000	0.000000000	0.000000000
2.187187187	0.000000000	0.000000000	0.000000000	0.000000000	0.000000000	0.000000000
2.194194194	0.000000000	0.000000000	0.000000000	0.000000000	0.000000000	0.000000000
2.201201201	0.000000000	0.000000000	0.000000000	0.000000000	0.000000000	0.000000000
2.208208208	0.000000000	0.000000000	0.000000000	0.000000000	0.000000000	0.000000000
2.215215215	0.000000000	0.000000000	0.000000000	0.000000000	0.000000000	0.000000000
2.222222222	0.000000000	0.000000000	0.000000000	0.000000000	0.000000000	0.000000000
2.229229229	0.000000000	0.000000000	0.000000000	0.000000000	0.000000000	0.000000000
2.236236236	0.000000000	0.000000000	0.000000000	0.000000000	0.000000000	0.000000000
2.243243243	0.000000000	0.000000000	0.000000000	0.000000000	0.000000000	0.000000000
2.250250250	0.000000000	0.000000000	0.000000000	0.000000000	0.000000000	0.000000000
2.257257257	0.000000000	0.000000000	0.000000000	0.000000000	0.000000000	0.000000000
2.264264264	0.000000000	0.000000000	0.000000000	0.000000000	0.000000000	0.000000000
2.271271271	0.000000000	0.000000000	0.000000000	0.000000000	0.000000000	0.000000000
2.278278278	0.000000000	0.000000000	0.000000000	0.000000000	0.000000000	0.000000000
2.285285285	0.000000000	0.000000000	0.000000000	0.000000000	0.000000000	0.000000000
2.292292292	0.000000000	0.000000000	0.000000000	0.000000000	0.000000000	0.000000000
2.299299299	0.000000000	0.000000000	0.000000000	0.000000000	0.000000000	0.000000000
2.306306306	0.000000000	0.000000000	0.000000000	0.000000000	0.000000000	0.000000000
2.313313313	0.000000000	0.000000000	0.000000000	0.000000000	0.000000000	0.000000000
2.320320320	0.000000000	0.000000000	0.000000000	0.000000000	0.000000000	0.000000000
2.327327327	0.000000000	0.000000000	0.000000000	0.000000000	0.000000000	0.000000000
2.334334334	0.000000000	0.000000000	0.000000000	0.000000000	0.000000000	0.000000000
2.341341341	0.000000000	0.000000000	0.000000000	0.000000000	0.000000000	0.000000000
2.348348348	0.000000000	0.000000000	0.000000000	0.000000000	0.000000000	0.000000000
2.355355355	0.000000000	0.000000000	0.000000000	0.000000000	0.000000000	0.000000000
2.362362362	0.000000000	0.000000000	0.000000000	0.000000000	0.000000000	0.000000000
2.369369369	0.000000000	0.000000000	0.000000000	0.000000000	0.000000000	0.000000000
2.376376376	0.000000000	0.000000000	0.000000000	0.000000000	0.000000000	0.000000000
2.383383383	0.000000000	0.000000000	0.000000000	0.000000000	0.000000000	0.000000000
2.390390390	0.000000000	0.000000000	0.000000000	0.000000000	0.000000000	0.000000000
2.397397397	0.000000000	0.000000000	0.000000000	0.000000000	0.000000000	0.000000000
2.404404404	0.000000000	0.000000000	0.000000000	0.000000000	0.000000000	0.000000000
2.411411411	0.000000000	0.000000000	0.000000000	0.000000000	0.000000000	0.000000000
2.418418418	0.000000000	0.000000000	0.000000000	0.000000000	0.000000000	0.000000000
2.425425425	0.000000000	0.000000000	0.000000000	0.000000000	0.000000000	0.000000000
2.432432432	0.000000000	0.000000000	0.000000000	0.000000000	0.000000000	0.000000000
2.439439439	0.000000000	0.000000000	0.000000000	0.000000000	0.000000000	0.000000000
2.446446446	0.000000000	0.000000000	0.000000000	0.000000000	0.000000000	0.000000000
2.453453453	0.000000000	0.000000000	0.000000000	0.000000000	0.000000000	0.000000000
2.460460460	0.000000000	0.000000000	0.000000000	0.000000000	0.000000000	0.000000000
2.467467467	0.000000000	0.000000000	0.000000000	0.000000000	0.000000000	0.000000000
2.474474474	0.000000000	0.000000000	0.000000000	0.000000000	0.000000000	0.000000000
2.481481481	0.000000000	0.000000000	0.000000000	0.000000000	0.000000000	0.000000000
2.488488488	0.000000000	0.000000000	0.000000000	0.000000000	0.000000000	0.000000000
2.495495495	0.000000000	0.000000000	0.000000000	0.000000000	0.000000000	0.000000000
2.502502503	0.000000000	0.000000000	0.000000000	0.000000000	0.000000000	0.000000000
2.509509510	0.000000000	0.000000000	0.000000000	0.000000000	0.000000000	0.000000000
2.516516517	0.000000000	0.000000000	0.000000000	0.000000000	0.000000000	0.000000000
2.523523524	0.000000000	0.000000000	0.000000000	0.000000000	0.000000000	0.000000000
2.530530531	0.000000000	0.000000000	0.000000000	0.000000000	0.000000000	0.000000000
2.537537538	0.000000000	0.000000000	0.000000000	0.000000000	0.000000000	0.000000000
2.544544545	0.000000000	0.000000000	0.000000000	0.000000000	0.000000000	0.000000000
2.551551552	0.000000000	0.000000000	0.000000000	0.000000000	0.000000000	0.000000000
2.558558559	0.000000000	0.000000000	0.000000000	0.000000000	0.000000000	0.000000000
2.565565566	0.000000000	0.000000000	0.000000000	0.000000000	0.000000000	0.000000000
2.572572573	0.000000000	0.000000000	0.000000000	0.000000000	0.000000000	0.000000000
2.579579580	0.000000000	0.000000000	0.000000000	0.000000000	0.000000000	0.000000000
2.586586587	0.000000000	0.000000000	0.000000000	0.000000000	0.000000000	0.000000000
2.593593594	0.000000000	0.000000000	0.000000000	0.000000000	0.000000000	0.000000000
2.600600601	0.000000000	0.000000000	0.000000000	0.000000000	0.000000000	0.000000000
2.607607608	0.000000000	0.000000000	0.000000000	0.000000000	0.000000000	0.000000000
2.614614615	0.000000000	0.000000000	0.000000000	0.000000000	0.000000000	0.000000000
2.621621622	0.000000000	0.000000000	0.000000000	0.000000000	0.000000000	0.000000000
2.628628629	0.000000000	0.000000000	0.000000000	0.000000000	0.000000000	0.000000000
2.635635636	0.000000000	0.000000000	0.000000000	0.000000000	0.000000000	0.000000000
2.642642643	0.000000000	0.000000000	0.000000000	0.000000000	0.000000000	0.000000000
2.649649650	0.000000000	0.000000000	0.000000000	0.000000000	0.000000000	0.000000000
2.656656657	0.000000000	0.000000000	0.000000000	0.000000000	0.000000000	0.000000000
2.663663664	0.000000000	0.000000000	0.000000000	0.000000000	0.000000000	0.000000000
2.670670671	0.000000000	0.000000000	0.000000000	0.000000000	0.000000000	0.000000000
2.677677678	0.000000000	0.000000000	0.000000000	0.000000000	0.000000000	0.000000000
2.684684685	0.000000000	0.000000000	0.000000000	0.000000000	0.000000000	0.000000000
2.691691692	0.000000000	0.000000000	0.000000000	0.000000000	0.000000000	0.000000000
2.698698699	0.000000000	0.000000000	0.000000000	0.000000000	0.000000000	0.000000000
2.705705706	0.000000000	0.000000000	0.000000000	0.000000000	0.000000000	0.000000000
2.712712713	0.000000000	0.000000000	0.000000000	0.000000000	0.000000000	0.000000000
2.719719720	0.000000000	0.000000000	0.000000000	0.000000000	0.000000000	0.000000000
2.726726727	0.000000000	0.000000000	0.000000000	0.000000000	0.000000000	0.000000000
2.733733734	0.000000000	0.000000000	0.000000000	0.000000000	0.000000000	0.000000000
2.740740741	0.000000000	0.000000000	0.000000000	0.000000000	0.000000000	0.000000000
2.747747748	0.000000000	0.000000000	0.000000000	0.000000000	0.000000000	0.000000000
2.754754755	0.000000000	0.000000000	0.000000000	0.000000000	0.000000000	0.000000000
2.761761762	0.000000000	0.000000000	0.000000000	0.000000000	0.000000000	0.000000000
2.768768769	0.000000000	0.000000000	0.000000000	0.000000000	0.000000000	0.000000000
2.775775776	0.000000000	0.000000000	0.000000000	0.000000000	0.000000000	0.000000000
2.782782783	0.000000000	0.000000000	0.000000000	0.000000000	0.000000000	0.000000000
2.789789790	0.000000000	0.000000000	0.000000000	0.000000000	0.000000000	0.000000000
2.796796797	0.000000000	0.000000000	0.000000000	0.000000000	0.000000000	0.000000000
2.803803804	0.000000000	0.000000000	0.000000000	0.000000000	0.000000000	0.000000000
2.810810811	0.000000000	0.000000000	0.000000000	0.000000000	0.000000000	0.000000000
2.817817818	0.000000000	0.000000000	0.000000000	0.000000000	0.000000000	0.000000000
2.824824825	0.000000000	0.000000000	0.000000000	0.000000000	0.000000000	0.000000000
2.831831832	0.000000000	0.000000000	0.000000000	0.000000000	0.000000000	0.000000000
2.838838839	0.000000000	0.000000000	0.000000000	0.000000000	0.000000000	0.000000000
2.845845846	0.000000000	0.000000000	0.000000000	0.000000000	0.000000000	0.000000000
2.852852853	0.000000000	0.000000000	0.000000000	0.000000000	0.000000000	0.000000000
2.859859860	0.000000000	0.000000000	0.000000000	0.000000000	0.000000000	0.000000000
2.866866867	0.000000000	0.000000000	0.000000000	0.000000000	0.000000000	0.000000000
2.873873874	0.000000000	0.000000000	0.000000000	0.000000000	0.000000000	0.000000000
2.880880881	0.000000000	0.000000000	0.000000000	0.000000000	0.000000000	0.000000000
2.887887888	0.000000000	0.000000000	0.000000000	0.000000000	0.000000000	0.000000000
2.894894895	0.000000000	0.000000000	0.000000000	0.000000000	0.000000000	0.000000000
2.901901902	0.000000000	0.000000000	0.000000000	0.000000000	0.000000000	0.000000000
2.908908909	0.000000000	0.000000000	0.000000000	0.000000000	0.000000000	0.000000000
2.915915916	0.000000000	0.000000000	0.000000000	0.000000000	0.000000000	0.000000000
2.922922923	0.000000000	0.000000000	0.000000000	0.000000000	0.000000000	0.000000000
2.929929930	0.000000000	0.000000000	0.000000000	0.000000000	0.000000000	0.000000000
2.936936937	0.000000000	0.000000000	0.000000000	0.000000000	0.000000000	0.000000000
2.943943944	0.000000000	0.000000000	0.000000000	0.000000000	0.000000000	0.000000000
2.950950951	0.000000000	0.000000000	0.000000000	0.000000000	0.000000000	0.000000000
2.957957958	0.000000000	0.000000000	0.000000000	0.000000000	0.000000000	0.000000000
2.964964965	0.000000000	0.000000000	0.000000000	0.000000000	0.000000000	0.000000000
2.971971972	0.000000000	0.000000000	0.000000000	0.000000000	0.000000000	0.000000000
2.978978979	0.000000000	0.000000000	0.000000000	0.000000000	0.000000000	0.000000000
2.985985986	0.000000000	0.000000000	0.000000000	0.000000000	0.000000000	0.000000000
2.992992993	0.000000000	0.000000000	0.000000000	0.000000000	0.000000000	0.000000000
3.000000000	0.000000000	0.000000000	0.000000000	0.000000000	0.000000000	0.000000000
