-4.000000000	0.003775652	0.002168486	0.006265046	0.001969562	0.005063626	0.001910112
-3.992992993	0.003847133	0.002216155	0.006386217	0.002009078	0.005137848	0.001949924
-3.985985986	0.003919901	0.002264820	0.006509593	0.002049363	0.005213137	0.001990536
-3.978978979	0.003993979	0.002314503	0.006635212	0.002090431	0.005289509	0.002031963
-3.971971972	0.004069389	0.002365222	0.006763110	0.002132297	0.005366979	0.002074219
-3.964964965	0.004146153	0.002416998	0.006893327	0.002174975	0.005445562	0.002117322
-3.957957958	0.004224294	0.002469852	0.007025901	0.002218480	0.005525274	0.002161287
-3.950950951	0.004303835	0.002523805	0.007160871	0.002262829	0.005606130	0.002206132
-3.943943944	0.004384799	0.002578878	0.007298278	0.002308037	0.005688146	0.002251871
-3.936936937	0.004467211	0.002635092	0.007438161	0.002354120	0.005771340	0.002298524
-3.929929930	0.004551095	0.002692472	0.007580562	0.002401094	0.005855727	0.002346107
-3.922922923	0.004636475	0.002751038	0.007725522	0.002448976	0.005941323	0.002394637
-3.915915916	0.004723376	0.002810814	0.007873085	0.002497782	0.006028147	0.002444133
-3.908908909	0.004811824	0.002871823	0.008023292	0.002547530	0.006116214	0.002494613
-3.901901902	0.004901844	0.002934090	0.008176187	0.002598237	0.006205543	0.002546097
-3.894894895	0.004993463	0.002997638	0.008331814	0.002649922	0.006296151	0.002598601
-3.887887888	0.005086707	0.003062493	0.008490219	0.002702602	0.006388056	0.002652147
-3.880880881	0.005181603	0.003128678	0.008651447	0.002756295	0.006481275	0.002706754
-3.873873874	0.005278179	0.003196221	0.008815543	0.002811020	0.006575828	0.002762442
-3.866866867	0.005376462	0.003265147	0.008982555	0.002866797	0.006671732	0.002819231
-3.859859860	0.005476480	0.003335482	0.009152530	0.002923644	0.006769007	0.002877141
-3.852852853	0.005578262	0.003407253	0.009325516	0.002981582	0.006867671	0.002936195
-3.845845846	0.005681837	0.003480489	0.009501563	0.003040631	0.006967745	0.002996413
-3.838838839	0.005787235	0.003555216	0.009680718	0.003100811	0.007069247	0.003057817
-3.831831832	0.005894485	0.003631463	0.009863033	0.003162142	0.007172197	0.003120430
-3.824824825	0.006003617	0.003709259	0.010048559	0.003224647	0.007276615	0.003184275
-3.817817818	0.006114663	0.003788634	0.010237346	0.003288345	0.007382523	0.003249373
-3.810810811	0.006227654	0.003869617	0.010429449	0.003353261	0.007489940	0.003315749
-3.803803804	0.006342622	0.003952239	0.010624918	0.003419414	0.007598887	0.003383427
-3.796796797	0.006459598	0.004036530	0.010823809	0.003486830	0.007709386	0.003452430
-3.789789790	0.006578615	0.004122523	0.011026175	0.003555529	0.007821458	0.003522784
-3.782782783	0.006699706	0.004210248	0.011232073	0.003625536	0.007935125	0.003594513
-3.775775776	0.006822906	0.004299740	0.011441558	0.003696875	0.008050408	0.003667643
-3.768768769	0.006948248	0.004391030	0.011654686	0.003769570	0.008167331	0.003742200
-3.761761762	0.007075766	0.004484152	0.011871516	0.003843646	0.008285916	0.003818211
-3.754754755	0.007205496	0.004579141	0.012092106	0.003919127	0.008406185	0.003895702
-3.747747748	0.007337474	0.004676031	0.012316514	0.003996040	0.008528162	0.003974701
-3.740740741	0.007471735	0.004774858	0.012544801	0.004074409	0.008651871	0.004055235
-3.733733734	0.007608316	0.004875658	0.012777028	0.004154263	0.008777336	0.004137333
-3.726726727	0.007747254	0.004978467	0.013013256	0.004235627	0.008904579	0.004221023
-3.719719720	0.007888588	0.005083323	0.013253548	0.004318528	0.009033627	0.004306336
-3.712712713	0.008032355	0.005190264	0.013497966	0.004402996	0.009164504	0.004393300
-3.705705706	0.008178593	0.005299327	0.013746575	0.004489057	0.009297235	0.004481946
-3.698698699	0.008327343	0.005410552	0.013999439	0.004576741	0.009431845	0.004572305
-3.691691692	0.008478645	0.005523979	0.014256624	0.004666077	0.009568361	0.004664408
-3.684684685	0.008632537	0.005639648	0.014518198	0.004757095	0.009706807	0.004758286
-3.677677678	0.008789063	0.005757600	0.014784226	0.004849825	0.009847212	0.004853973
-3.670670671	0.008948263	0.005877877	0.015054778	0.004944297	0.009989602	0.004951501
-3.663663664	0.009110179	0.006000522	0.015329923	0.005040543	0.010134003	0.005050904
-3.656656657	0.009274854	0.006125576	0.015609730	0.005138595	0.010280444	0.005152216
-3.649649650	0.009442332	0.006253086	0.015894271	0.005238485	0.010428952	0.005255471
-3.642642643	0.009612656	0.006383093	0.016183618	0.005340246	0.010579555	0.005360705
-3.635635636	0.009785872	0.006515645	0.016477842	0.005443911	0.010732283	0.005467954
-3.628628629	0.009962023	0.006650787	0.016777019	0.005549515	0.010887164	0.005577253
-3.621621622	0.010141157	0.006788566	0.017081222	0.005657091	0.011044227	0.005688640
-3.614614615	0.010323319	0.006929029	0.017390527	0.005766676	0.011203503	0.005802152
-3.607607608	0.010508557	0.007072224	0.017705011	0.005878304	0.011365021	0.005917829
-3.600600601	0.010696918	0.007218201	0.018024750	0.005992013	0.011528812	0.006035708
-3.593593594	0.010888451	0.007367009	0.018349824	0.006107838	0.011694906	0.006155829
-3.586586587	0.011083204	0.007518699	0.018680311	0.006225818	0.011863336	0.006278232
-3.579579580	0.011281228	0.007673322	0.019016291	0.006345990	0.012034133	0.006402959
-3.572572573	0.011482572	0.007830930	0.019357847	0.006468394	0.012207328	0.006530050
-3.565565566	0.011687288	0.007991577	0.019705060	0.006593069	0.012382955	0.006659549
-3.558558559	0.011895428	0.008155316	0.020058013	0.006720055	0.012561047	0.006791497
-3.551551552	0.012107043	0.008322201	0.020416790	0.006849392	0.012741636	0.006925939
-3.544544545	0.012322187	0.008492289	0.020781477	0.006981123	0.012924757	0.007062918
-3.537537538	0.012540913	0.008665636	0.021152159	0.007115288	0.013110443	0.007202480
-3.530530531	0.012763277	0.008842299	0.021528925	0.007251932	0.013298730	0.007344670
-3.523523524	0.012989334	0.009022336	0.021911861	0.007391097	0.013489653	0.007489536
-3.516516517	0.013219138	0.009205806	0.022301057	0.007532827	0.013683247	0.007637124
-3.509509510	0.013452748	0.009392769	0.022696604	0.007677167	0.013879548	0.007787482
-3.502502503	0.013690220	0.009583287	0.023098592	0.007824164	0.014078593	0.007940659
-3.495495495	0.013931613	0.009777420	0.023507114	0.007973863	0.014280418	0.008096705
-3.488488488	0.014176985	0.009975232	0.023922263	0.008126312	0.014485061	0.008255669
-3.481481481	0.014426396	0.010176785	0.024344133	0.008281557	0.014692559	0.008417604
-3.474474474	0.014679907	0.010382146	0.024772820	0.008439649	0.014902952	0.008582561
-3.467467467	0.014937579	0.010591379	0.025208420	0.008600636	0.015116278	0.008750593
-3.460460460	0.015199473	0.010804551	0.025651030	0.008764569	0.015332576	0.008921753
-3.453453453	0.015465653	0.011021729	0.026100750	0.008931498	0.015551887	0.009096096
-3.446446446	0.015736182	0.011242983	0.026557678	0.009101476	0.015774249	0.009273678
-3.439439439	0.016011125	0.011468381	0.027021915	0.009274555	0.015999705	0.009454554
-3.432432432	0.016290546	0.011697994	0.027493564	0.009450788	0.016228295	0.009638783
-3.425425425	0.016574512	0.011931895	0.027972725	0.009630231	0.016460062	0.009826420
-3.418418418	0.016863089	0.012170155	0.028459505	0.009812937	0.016695047	0.010017527
-3.411411411	0.017156345	0.012412848	0.028954006	0.009998964	0.016933294	0.010212162
-3.404404404	0.017454349	0.012660050	0.029456336	0.010188368	0.017174846	0.010410386
-3.397397397	0.017757169	0.012911835	0.029966602	0.010381207	0.017419747	0.010612261
-3.390390390	0.018064876	0.013168282	0.030484911	0.010577540	0.017668041	0.010817850
-3.383383383	0.018377542	0.013429468	0.031011373	0.010777426	0.017919774	0.011027216
-3.376376376	0.018695237	0.013695472	0.031546098	0.010980927	0.018174991	0.011240423
-3.369369369	0.019018034	0.013966374	0.032089197	0.011188103	0.018433738	0.011457538
-3.362362362	0.019346007	0.014242257	0.032640783	0.011399017	0.018696062	0.011678627
-3.355355355	0.019679231	0.014523202	0.033200970	0.011613734	0.018962011	0.011903758
-3.348348348	0.020017781	0.014809294	0.033769871	0.011832316	0.019231632	0.012132998
-3.341341341	0.020361733	0.015100618	0.034347604	0.012054830	0.019504973	0.012366419
-3.334334334	0.020711164	0.015397259	0.034934284	0.012281343	0.019782084	0.012604090
-3.327327327	0.021066152	0.015699304	0.035530029	0.012511921	0.020063015	0.012846084
-3.320320320	0.021426776	0.016006843	0.036134958	0.012746634	0.020347815	0.013092472
-3.313313313	0.021793117	0.016319965	0.036749192	0.012985551	0.020636535	0.013343330
-3.306306306	0.022165254	0.016638761	0.037372852	0.013228742	0.020929228	0.013598732
-3.299299299	0.022543269	0.016963323	0.038006058	0.013476280	0.021225945	0.013858755
-3.292292292	0.022927246	0.017293744	0.038648936	0.013728236	0.021526739	0.014123475
-3.285285285	0.023317267	0.017630120	0.039301608	0.013984686	0.021831663	0.014392972
-3.278278278	0.023713417	0.017972545	0.039964201	0.014245705	0.022140771	0.014667324
-3.271271271	0.024115782	0.018321118	0.040636841	0.014511367	0.022454118	0.014946613
-3.264264264	0.024524448	0.018675936	0.041319654	0.014781752	0.022771760	0.015230920
-3.257257257	0.024939502	0.019037100	0.042012770	0.015056936	0.023093752	0.015520329
-3.250250250	0.025361033	0.019404711	0.042716318	0.015337001	0.023420150	0.015814924
-3.243243243	0.025789129	0.019778870	0.043430429	0.015622026	0.023751013	0.016114790
-3.236236236	0.026223881	0.020159683	0.044155234	0.015912095	0.024086398	0.016420015
-3.229229229	0.026665381	0.020547252	0.044890865	0.016207289	0.024426364	0.016730686
-3.222222222	0.027113720	0.020941686	0.045637456	0.016507694	0.024770970	0.017046893
-3.215215215	0.027568992	0.021343092	0.046395142	0.016813396	0.025120277	0.017368727
-3.208208208	0.028031290	0.021751578	0.047164058	0.017124480	0.025474344	0.017696278
-3.201201201	0.028500710	0.022167256	0.047944341	0.017441037	0.025833235	0.018029641
-3.194194194	0.028977348	0.022590237	0.048736128	0.017763155	0.026197010	0.018368910
-3.187187187	0.029461302	0.023020635	0.049539557	0.018090925	0.026565732	0.018714181
-3.180180180	0.029952668	0.023458563	0.050354767	0.018424439	0.026939467	0.019065551
-3.173173173	0.030451546	0.023904138	0.051181900	0.018763791	0.027318277	0.019423118
-3.166166166	0.030958037	0.024357478	0.052021095	0.019109076	0.027702228	0.019786982
-3.159159159	0.031472242	0.024818701	0.052872496	0.019460390	0.028091386	0.020157245
-3.152152152	0.031994262	0.025287927	0.053736244	0.019817831	0.028485818	0.020534009
-3.145145145	0.032524200	0.025765279	0.054612484	0.020181497	0.028885590	0.020917378
-3.138138138	0.033062162	0.026250878	0.055501360	0.020551490	0.029290772	0.021307458
-3.131131131	0.033608251	0.026744851	0.056403018	0.020927910	0.029701432	0.021704356
-3.124124124	0.034162575	0.027247323	0.057317604	0.021310861	0.030117640	0.022108180
-3.117117117	0.034725239	0.027758420	0.058245264	0.021700449	0.030539466	0.022519039
-3.110110110	0.035296354	0.028278273	0.059186147	0.022096778	0.030966982	0.022937046
-3.103103103	0.035876026	0.028807012	0.060140401	0.022499957	0.031400260	0.023362312
-3.096096096	0.036464368	0.029344767	0.061108175	0.022910096	0.031839373	0.023794953
-3.089089089	0.037061489	0.029891674	0.062089620	0.023327303	0.032284395	0.024235083
-3.082082082	0.037667503	0.030447866	0.063084885	0.023751693	0.032735400	0.024682821
-3.075075075	0.038282522	0.031013480	0.064094122	0.024183378	0.033192464	0.025138284
-3.068068068	0.038906660	0.031588654	0.065117483	0.024622474	0.033655663	0.025601594
-3.061061061	0.039540034	0.032173526	0.066155120	0.025069098	0.034125074	0.026072873
-3.054054054	0.040182758	0.032768238	0.067207187	0.025523368	0.034600775	0.026552242
-3.047047047	0.040834951	0.033372931	0.068273836	0.025985404	0.035082845	0.027039829
-3.040040040	0.041496730	0.033987750	0.069355222	0.026455328	0.035571363	0.027535759
-3.033033033	0.042168215	0.034612839	0.070451499	0.026933263	0.036066411	0.028040161
-3.026026026	0.042849526	0.035248346	0.071562823	0.027419335	0.036568070	0.028553164
-3.019019019	0.043540784	0.035894418	0.072689348	0.027913669	0.037076421	0.029074900
-3.012012012	0.044242111	0.036551205	0.073831231	0.028416394	0.037591549	0.029605502
-3.005005005	0.044953631	0.037218859	0.074988627	0.028927640	0.038113537	0.030145105
-2.997997998	0.045675467	0.037897531	0.076161693	0.029447538	0.038642470	0.030693846
-2.990990991	0.046407745	0.038587376	0.077350585	0.029976223	0.039178434	0.031251861
-2.983983984	0.047150590	0.039288550	0.078555461	0.030513828	0.039721516	0.031819292
-2.976976977	0.047904130	0.040001209	0.079776477	0.031060491	0.040271803	0.032396278
-2.969969970	0.048668492	0.040725513	0.081013791	0.031616350	0.040829385	0.032982965
-2.962962963	0.049443805	0.041461620	0.082267559	0.032181546	0.041394351	0.033579495
-2.955955956	0.050230200	0.042209693	0.083537940	0.032756221	0.041966791	0.034186016
-2.948948949	0.051027806	0.042969895	0.084825090	0.033340518	0.042546797	0.034802676
-2.941941942	0.051836756	0.043742389	0.086129166	0.033934583	0.043134461	0.035429625
-2.934934935	0.052657181	0.044527341	0.087450327	0.034538564	0.043729877	0.036067014
-2.927927928	0.053489216	0.045324920	0.088788728	0.035152610	0.044333139	0.036714997
-2.920920921	0.054332993	0.046135292	0.090144528	0.035776872	0.044944342	0.037373728
-2.913913914	0.055188649	0.046958629	0.091517882	0.036411503	0.045563582	0.038043366
-2.906906907	0.056056320	0.047795102	0.092908946	0.037056659	0.046190957	0.038724067
-2.899899900	0.056936142	0.048644883	0.094317877	0.037712494	0.046826565	0.039415993
-2.892892893	0.057828252	0.049508146	0.095744831	0.038379169	0.047470505	0.040119305
-2.885885886	0.058732789	0.050385068	0.097189962	0.039056843	0.048122876	0.040834168
-2.878878879	0.059649892	0.051275824	0.098653425	0.039745679	0.048783781	0.041560747
-2.871871872	0.060579702	0.052180594	0.100135373	0.040445842	0.049453322	0.042299209
-2.864864865	0.061522358	0.053099555	0.101635961	0.041157496	0.050131601	0.043049724
-2.857857858	0.062478002	0.054032890	0.103155340	0.041880811	0.050818722	0.043812462
-2.850850851	0.063446777	0.054980781	0.104693663	0.042615956	0.051514792	0.044587595
-2.843843844	0.064428825	0.055943409	0.106251080	0.043363103	0.052219915	0.045375299
-2.836836837	0.065424289	0.056920960	0.107827741	0.044122426	0.052934199	0.046175749
-2.829829830	0.066433314	0.057913620	0.109423796	0.044894101	0.053657753	0.046989123
-2.822822823	0.067456044	0.058921574	0.111039392	0.045678306	0.054390685	0.047815602
-2.815815816	0.068492626	0.059945012	0.112674675	0.046475219	0.055133105	0.048655365
-2.808808809	0.069543204	0.060984122	0.114329793	0.047285023	0.055885126	0.049508597
-2.801801802	0.070607925	0.062039095	0.116004888	0.048107902	0.056646859	0.050375482
-2.794794795	0.071686937	0.063110120	0.117700103	0.048944040	0.057418417	0.051256207
-2.787787788	0.072780387	0.064197392	0.119415580	0.049793626	0.058199915	0.052150961
-2.780780781	0.073888422	0.065301103	0.121151459	0.050656848	0.058991468	0.053059932
-2.773773774	0.075011193	0.066421446	0.122907878	0.051533899	0.059793193	0.053983313
-2.766766767	0.076148846	0.067558619	0.124684973	0.052424971	0.060605207	0.054921298
-2.759759760	0.077301533	0.068712815	0.126482879	0.053330260	0.061427628	0.055874082
-2.752752753	0.078469401	0.069884233	0.128301729	0.054249962	0.062260576	0.056841861
-2.745745746	0.079652603	0.071073069	0.130141653	0.055184278	0.063104171	0.057824834
-2.738738739	0.080851287	0.072279523	0.132002780	0.056133409	0.063958536	0.058823201
-2.731731732	0.082065604	0.073503794	0.133885236	0.057097557	0.064823792	0.059837163
-2.724724725	0.083295705	0.074746080	0.135789146	0.058076928	0.065700064	0.060866925
-2.717717718	0.084541741	0.076006584	0.137714631	0.059071728	0.066587475	0.061912691
-2.710710711	0.085803864	0.077285506	0.139661810	0.060082166	0.067486153	0.062974668
-2.703703704	0.087082223	0.078583048	0.141630800	0.061108454	0.068396222	0.064053063
-2.696696697	0.088376972	0.079899412	0.143621716	0.062150804	0.069317812	0.065148087
-2.689689690	0.089688260	0.081234800	0.145634667	0.063209430	0.070251051	0.066259951
-2.682682683	0.091016240	0.082589416	0.147669762	0.064284549	0.071196068	0.067388866
-2.675675676	0.092361062	0.083963462	0.149727107	0.065376379	0.072152996	0.068535048
-2.668668669	0.093722879	0.085357143	0.151806804	0.066485141	0.073121964	0.069698712
-2.661661662	0.095101840	0.086770662	0.153908950	0.067611056	0.074103107	0.070880075
-2.654654655	0.096498096	0.088204224	0.156033641	0.068754348	0.075096559	0.072079355
-2.647647648	0.097911799	0.089658031	0.158180970	0.069915243	0.076102453	0.073296771
-2.640640641	0.099343098	0.091132289	0.160351024	0.071093969	0.077120927	0.074532545
-2.633633634	0.100792144	0.092627202	0.162543887	0.072290753	0.078152116	0.075786900
-2.626626627	0.102259085	0.094142972	0.164759641	0.073505828	0.079196160	0.077060057
-2.619619620	0.103744072	0.095679804	0.166998361	0.074739425	0.080253195	0.078352243
-2.612612613	0.105247252	0.097237902	0.169260120	0.075991778	0.081323364	0.079663683
-2.605605606	0.106768774	0.098817468	0.171544986	0.077263125	0.082406805	0.080994604
-2.598598599	0.108308786	0.100418706	0.173853023	0.078553701	0.083503661	0.082345233
-2.591591592	0.109867432	0.102041817	0.176184290	0.079863747	0.084614075	0.083715800
-2.584584585	0.111444861	0.103687003	0.178538841	0.081193502	0.085738190	0.085106536
-2.577577578	0.113041217	0.105354464	0.180916726	0.082543209	0.086876151	0.086517670
-2.570570571	0.114656643	0.107044402	0.183317990	0.083913111	0.088028102	0.087949434
-2.563563564	0.116291285	0.108757015	0.185742672	0.085303453	0.089194192	0.089402062
-2.556556557	0.117945283	0.110492502	0.188190806	0.086714482	0.090374566	0.090875786
-2.549549550	0.119618780	0.112251060	0.190662422	0.088146445	0.091569372	0.092370840
-2.542542543	0.121311915	0.114032886	0.193157543	0.089599591	0.092778761	0.093887460
-2.535535536	0.123024827	0.115838174	0.195676186	0.091074170	0.094002881	0.095425880
-2.528528529	0.124757654	0.117667118	0.198218363	0.092570435	0.095241884	0.096986337
-2.521521522	0.126510533	0.119519910	0.200784080	0.094088636	0.096495920	0.098569065
-2.514514515	0.128283597	0.121396741	0.203373338	0.095629029	0.097765142	0.100174303
-2.507507508	0.130076981	0.123297800	0.205986128	0.097191868	0.099049703	0.101802286
-2.500500501	0.131890816	0.125223274	0.208622439	0.098777408	0.100349757	0.103453252
-2.493493493	0.133725233	0.127173349	0.211282250	0.100385906	0.101665458	0.105127437
-2.486486486	0.135580358	0.129148208	0.213965535	0.102017619	0.102996963	0.106825080
-2.479479479	0.137456320	0.131148031	0.216672260	0.103672805	0.104344425	0.108546417
-2.472472472	0.139353242	0.133172999	0.219402386	0.105351724	0.105708004	0.110291685
-2.465465465	0.141271248	0.135223288	0.222155864	0.107054635	0.107087855	0.112061121
-2.458458458	0.143210456	0.137299071	0.224932639	0.108781797	0.108484136	0.113854962
-2.451451451	0.145170986	0.139400521	0.227732648	0.110533472	0.109897007	0.115673444
-2.444444444	0.147152954	0.141527805	0.230555821	0.112309920	0.111326626	0.117516802
-2.437437437	0.149156472	0.143681091	0.233402080	0.114111402	0.112773154	0.119385271
-2.430430430	0.151181653	0.145860540	0.236271337	0.115938180	0.114236749	0.121279086
-2.423423423	0.153228603	0.148066312	0.239163498	0.117790515	0.115717574	0.123198479
-2.416416416	0.155297430	0.150298563	0.242078459	0.119668669	0.117215789	0.125143685
-2.409409409	0.157388237	0.152557446	0.245016109	0.121572902	0.118731557	0.127114933
-2.402402402	0.159501122	0.154843111	0.247976327	0.123503477	0.120265038	0.129112455
-2.395395395	0.161636184	0.157155702	0.250958984	0.125460654	0.121816396	0.131136479
-2.388388388	0.163793516	0.159495361	0.253963940	0.127444694	0.123385793	0.133187233
-2.381381381	0.165973209	0.161862225	0.256991048	0.129455856	0.124973393	0.135264943
-2.374374374	0.168175351	0.164256428	0.260040150	0.131494400	0.126579358	0.137369834
-2.367367367	0.170400025	0.166678097	0.263111080	0.133560586	0.128203853	0.139502127
-2.360360360	0.172647313	0.169127357	0.266203660	0.135654669	0.129847041	0.141662044
-2.353353353	0.174917290	0.171604327	0.269317704	0.137776908	0.131509087	0.143849803
-2.346346346	0.177210031	0.174109121	0.272453014	0.139927557	0.133190153	0.146065620
-2.339339339	0.179525604	0.176641848	0.275609384	0.142106872	0.134890405	0.148309709
-2.332332332	0.181864074	0.179202613	0.278786596	0.144315104	0.136610006	0.150582281
-2.325325325	0.184225503	0.181791513	0.281984421	0.146552506	0.138349120	0.152883546
-2.318318318	0.186609947	0.184408641	0.285202621	0.148819327	0.140107912	0.155213708
-2.311311311	0.189017458	0.187054085	0.288440945	0.151115814	0.141886546	0.157572970
-2.304304304	0.191448085	0.189727925	0.291699133	0.153442213	0.143685184	0.159961532
-2.297297297	0.193901871	0.192430235	0.294976911	0.155798768	0.145503991	0.162379590
-2.290290290	0.196378855	0.195161084	0.298273996	0.158185720	0.147343130	0.164827336
-2.283283283	0.198879069	0.197920533	0.301590092	0.160603308	0.149202763	0.167304959
-2.276276276	0.201402543	0.200708637	0.304924892	0.163051766	0.151083054	0.169812643
-2.269269269	0.203949300	0.203525443	0.308278078	0.165531329	0.152984164	0.172350570
-2.262262262	0.206519358	0.206370992	0.311649317	0.168042227	0.154906254	0.174918916
-2.255255255	0.209112729	0.209245317	0.315038266	0.170584685	0.156849486	0.177517853
-2.248248248	0.211729422	0.212148444	0.318444570	0.173158927	0.158814019	0.180147547
-2.241241241	0.214369437	0.215080389	0.321867860	0.175765172	0.160800014	0.182808161
-2.234234234	0.217032770	0.218041162	0.325307756	0.178403637	0.162807628	0.185499852
-2.227227227	0.219719410	0.221030764	0.328763863	0.181074532	0.164837021	0.188222771
-2.220220220	0.222429342	0.224049188	0.332235776	0.183778065	0.166888348	0.190977065
-2.213213213	0.225162541	0.227096418	0.335723075	0.186514438	0.168961767	0.193762874
-2.206206206	0.227918979	0.230172428	0.339225327	0.189283849	0.171057431	0.196580332
-2.199199199	0.230698621	0.233277184	0.342742085	0.192086492	0.173175495	0.199429567
-2.192192192	0.233501423	0.236410642	0.346272892	0.194922553	0.175316111	0.202310700
-2.185185185	0.236327337	0.239572750	0.349817274	0.197792215	0.177479430	0.205223847
-2.178178178	0.239176305	0.242763444	0.353374744	0.200695655	0.179665603	0.208169114
-2.171171171	0.242048265	0.245982650	0.356944802	0.203633042	0.181874777	0.211146603
-2.164164164	0.244943145	0.249230286	0.360526935	0.206604542	0.184107099	0.214156406
-2.157157157	0.247860867	0.252506256	0.364120615	0.209610311	0.186362714	0.217198609
-2.150150150	0.250801346	0.255810457	0.367725301	0.212650500	0.188641766	0.220273288
-2.143143143	0.253764488	0.259142772	0.371340435	0.215725254	0.190944397	0.223380513
-2.136136136	0.256750191	0.262503074	0.374965449	0.218834709	0.193270745	0.226520344
-2.129129129	0.259758345	0.265891225	0.378599758	0.221978994	0.195620948	0.229692832
-2.122122122	0.262788833	0.269307074	0.382242765	0.225158229	0.197995141	0.232898020
-2.115115115	0.265841529	0.272750458	0.385893856	0.228372528	0.200393458	0.236135941
-2.108108108	0.268916298	0.276221204	0.389552405	0.231621994	0.202816029	0.239406618
-2.101101101	0.272012996	0.279719124	0.393217771	0.234906723	0.205262983	0.242710064
-2.094094094	0.275131472	0.283244019	0.396889298	0.238226800	0.207734445	0.246046284
-2.087087087	0.278271564	0.286795677	0.400566317	0.241582303	0.210230537	0.249415268
-2.080080080	0.281433102	0.290373871	0.404248142	0.244973299	0.212751381	0.252817000
-2.073073073	0.284615906	0.293978363	0.407934076	0.248399843	0.215297092	0.256251449
-2.066066066	0.287819788	0.297608901	0.411623405	0.251861982	0.217867786	0.259718574
-2.059059059	0.291044549	0.301265218	0.415315402	0.255359752	0.220463573	0.263218323
-2.052052052	0.294289980	0.304947034	0.419009324	0.258893176	0.223084561	0.266750631
-2.045045045	0.297555864	0.308654053	0.422704417	0.262462267	0.225730853	0.270315421
-2.038038038	0.300841972	0.312385968	0.426399910	0.266067026	0.228402551	0.273912603
-2.031031031	0.304148067	0.316142455	0.430095017	0.269707440	0.231099750	0.277542074
-2.024024024	0.307473899	0.319923173	0.433788941	0.273383487	0.233822545	0.281203717
-2.017017017	0.310819210	0.323727771	0.437480869	0.277095128	0.236571023	0.284897403
-2.010010010	0.314183730	0.327555877	0.441169975	0.280842313	0.239345270	0.288622988
-2.003003003	0.317567178	0.331407108	0.444855417	0.284624978	0.242145366	0.292380313
-1.995995996	0.320969263	0.335281063	0.448536342	0.288443043	0.244971387	0.296169205
-1.988988989	0.324389684	0.339177325	0.452211882	0.292296416	0.247823405	0.299989476
-1.981981982	0.327828127	0.343095462	0.455881157	0.296184988	0.250701486	0.303840922
-1.974974975	0.331284266	0.347035024	0.459543270	0.300108636	0.253605691	0.307723326
-1.967967968	0.334757767	0.350995545	0.463197316	0.304067221	0.256536078	0.311636451
-1.960960961	0.338248282	0.354976544	0.466842373	0.308060586	0.259492698	0.315580046
-1.953953954	0.341755451	0.358977520	0.470477508	0.312088560	0.262475596	0.319553843
-1.946946947	0.345278905	0.362997956	0.474101776	0.316150954	0.265484814	0.323557557
-1.939939940	0.348818259	0.367037320	0.477714218	0.320247561	0.268520385	0.327590886
-1.932932933	0.352373119	0.371095060	0.481313864	0.324378156	0.271582339	0.331653508
-1.925925926	0.355943078	0.375170607	0.484899731	0.328542498	0.274670697	0.335745088
-1.918918919	0.359527718	0.379263375	0.488470827	0.332740323	0.277785477	0.339865267
-1.911911912	0.363126607	0.383372758	0.492026147	0.336971353	0.280926687	0.344013670
-1.904904905	0.366739301	0.387498134	0.495564674	0.341235286	0.284094331	0.348189904
-1.897897898	0.370365344	0.391638864	0.499085381	0.345531802	0.287288405	0.352393555
-1.890890891	0.374004268	0.395794287	0.502587233	0.349860561	0.290508898	0.356624189
-1.883883884	0.377655590	0.399963726	0.506069181	0.354221201	0.293755792	0.360881354
-1.876876877	0.381318816	0.404146487	0.509530169	0.358613340	0.297029061	0.365164577
-1.869869870	0.384993440	0.408341853	0.512969131	0.363036572	0.300328672	0.369473363
-1.862862863	0.388678941	0.412549094	0.516384991	0.367490471	0.303654583	0.373807197
-1.855855856	0.392374787	0.416767456	0.519776667	0.371974588	0.307006745	0.378165544
-1.848848849	0.396080431	0.420996169	0.523143066	0.376488450	0.310385100	0.382547845
-1.841841842	0.399795315	0.425234444	0.526483090	0.381031561	0.313789583	0.386953521
-1.834834835	0.403518867	0.429481473	0.529795631	0.385603402	0.317220117	0.391381972
-1.827827828	0.407250501	0.433736429	0.533079576	0.390203428	0.320676620	0.395832572
-1.820820821	0.410989619	0.437998466	0.536333805	0.394831070	0.324158999	0.400304676
-1.813813814	0.414735609	0.442266720	0.539557193	0.399485735	0.327667149	0.404797615
-1.806806807	0.418487846	0.446540306	0.542748610	0.404166803	0.331200960	0.409310694
-1.799799800	0.422245693	0.450818321	0.545906918	0.408873628	0.334760309	0.413843200
-1.792792793	0.426008498	0.455099846	0.549030979	0.413605538	0.338345064	0.418394392
-1.785785786	0.429775596	0.459383939	0.552119648	0.418361835	0.341955083	0.422963507
-1.778778779	0.433546310	0.463669642	0.555171780	0.423141793	0.345590212	0.427549757
-1.771771772	0.437319948	0.467955977	0.558186224	0.427944658	0.349250287	0.432152331
-1.764764765	0.441095806	0.472241949	0.561161830	0.432769649	0.352935133	0.436770392
-1.757757758	0.444873167	0.476526543	0.564097444	0.437615956	0.356644564	0.441403080
-1.750750751	0.448651300	0.480808726	0.566991915	0.442482741	0.360378381	0.446049509
-1.743743744	0.452429462	0.485087448	0.569844087	0.447369137	0.364136375	0.450708767
-1.736736737	0.456206895	0.489361640	0.572652809	0.452274248	0.367918324	0.455379920
-1.729729730	0.459982832	0.493630216	0.575416929	0.457197147	0.371723993	0.460062005
-1.722722723	0.463756488	0.497892071	0.578135297	0.462136878	0.375553136	0.464754037
-1.715715716	0.467527069	0.502146084	0.580806767	0.467092455	0.379405493	0.469455004
-1.708708709	0.471293767	0.506391116	0.583430195	0.472062862	0.383280791	0.474163867
-1.701701702	0.475055761	0.510626013	0.586004441	0.477047051	0.387178744	0.478879565
-1.694694695	0.478812219	0.514849601	0.588528371	0.482043943	0.391099052	0.483601007
-1.687687688	0.482562296	0.519060692	0.591000855	0.487052428	0.395041402	0.488327080
-1.680680681	0.486305133	0.523258083	0.593420771	0.492071367	0.399005464	0.493056643
-1.673673674	0.490039862	0.527440552	0.595787002	0.497099585	0.402990899	0.497788531
-1.666666667	0.493765601	0.531606864	0.598098441	0.502135879	0.406997347	0.502521552
-1.659659660	0.497481458	0.535755769	0.600353987	0.507179011	0.411024438	0.507254488
-1.652652653	0.501186527	0.539886001	0.602552552	0.512227714	0.415071784	0.511986098
-1.645645646	0.504879893	0.543996281	0.604693054	0.517280687	0.419138983	0.516715113
-1.638638639	0.508560629	0.548085316	0.606774426	0.522336597	0.423225616	0.521440240
-1.631631632	0.512227797	0.552151800	0.608795609	0.527394078	0.427331249	0.526160160
-1.624624625	0.515880448	0.556194412	0.610755559	0.532451733	0.431455432	0.530873530
-1.617617618	0.519517623	0.560211823	0.612653245	0.537508132	0.435597697	0.535578982
-1.610610611	0.523138354	0.564202687	0.614487650	0.542561813	0.439757561	0.540275123
-1.603603604	0.526741659	0.568165649	0.616257773	0.547611282	0.443934523	0.544960535
-1.596596597	0.530326552	0.572099346	0.617962626	0.552655011	0.448128065	0.549633777
-1.589589590	0.533892033	0.576002399	0.619601242	0.557691443	0.452337651	0.554293385
-1.582582583	0.537437095	0.579873424	0.621172667	0.562718986	0.456562727	0.558937870
-1.575575576	0.540960723	0.583711027	0.622675969	0.567736018	0.460802722	0.563565721
-1.568568569	0.544461890	0.587513803	0.624110234	0.572740886	0.465057047	0.568175404
-1.561561562	0.547939565	0.591280344	0.625474568	0.577731905	0.469325092	0.572765362
-1.554554555	0.551392708	0.595009230	0.626768096	0.582707358	0.473606232	0.577334017
-1.547547548	0.554820269	0.598699038	0.627989968	0.587665499	0.477899819	0.581879771
-1.540540541	0.558221194	0.602348338	0.629139355	0.592604551	0.482205189	0.586401002
-1.533533534	0.561594422	0.605955695	0.630215450	0.597522708	0.486521657	0.590896070
-1.526526527	0.564938885	0.609519671	0.631217472	0.602418133	0.490848518	0.595363316
-1.519519520	0.568253507	0.613038824	0.632144664	0.607288961	0.495185048	0.599801060
-1.512512513	0.571537211	0.616511708	0.632996294	0.612133300	0.499530503	0.604207604
-1.505505506	0.574788912	0.619936877	0.633771659	0.616949227	0.503884118	0.608581233
-1.498498498	0.578007520	0.623312884	0.634470079	0.621734794	0.508245107	0.612920214
-1.491491491	0.581191943	0.626638281	0.635090906	0.626488027	0.512612665	0.617222799
-1.484484484	0.584341084	0.629911621	0.635633519	0.631206924	0.516985965	0.621487224
-1.477477477	0.587453843	0.633131460	0.636097325	0.635889460	0.521364160	0.625711709
-1.470470470	0.590529116	0.636296354	0.636481763	0.640533585	0.525746379	0.629894462
-1.463463463	0.593565800	0.639404864	0.636786302	0.645137225	0.530131734	0.634033676
-1.456456456	0.596562786	0.642455555	0.637010443	0.649698284	0.534519311	0.638127535
-1.449449449	0.599518968	0.645446998	0.637153718	0.654214645	0.538908178	0.642174208
-1.442442442	0.602433236	0.648377769	0.637215693	0.658684169	0.543297378	0.646171856
-1.435435435	0.605304481	0.651246453	0.637195966	0.663104699	0.547685935	0.650118632
-1.428428428	0.608131595	0.654051642	0.637094170	0.667474059	0.552072849	0.654012678
-1.421421421	0.610913470	0.656791936	0.636909971	0.671790055	0.556457100	0.657852132
-1.414414414	0.613649001	0.659465948	0.636643072	0.676050479	0.560837642	0.661635123
-1.407407407	0.616337082	0.662072300	0.636293210	0.680253105	0.565213412	0.665359778
-1.400400400	0.618976613	0.664609627	0.635860157	0.684395697	0.569583319	0.669024219
-1.393393393	0.621566496	0.667076578	0.635343724	0.688476004	0.573946254	0.672626566
-1.386386386	0.624105635	0.669471814	0.634743758	0.692491767	0.578301084	0.676164937
-1.379379379	0.626592941	0.671794013	0.634060141	0.696440715	0.582646654	0.679637453
-1.372372372	0.629027329	0.674041870	0.633292795	0.700320570	0.586981785	0.683042234
-1.365365365	0.631407719	0.676214096	0.632441680	0.704129050	0.591305278	0.686377402
-1.358358358	0.633733038	0.678309421	0.631506791	0.707863866	0.595615910	0.689641086
-1.351351351	0.636002219	0.680326593	0.630488167	0.711522726	0.599912437	0.692831418
-1.344344344	0.638214204	0.682264382	0.629385879	0.715103340	0.604193590	0.695946539
-1.337337337	0.640367942	0.684121581	0.628200043	0.718603413	0.608458082	0.698984598
-1.330330330	0.642462390	0.685897002	0.626930811	0.722020659	0.612704600	0.701943752
-1.323323323	0.644496516	0.687589482	0.625578373	0.725352790	0.616931812	0.704822171
-1.316316316	0.646469296	0.689197884	0.624142960	0.728597529	0.621138362	0.707618039
-1.309309309	0.648379719	0.690721095	0.622624843	0.731752604	0.625322874	0.710329552
-1.302302302	0.650226783	0.692158028	0.621024332	0.734815755	0.629483950	0.712954923
-1.295295295	0.652009500	0.693507627	0.619341773	0.737784734	0.633620170	0.715492384
-1.288288288	0.653726891	0.694768860	0.617577556	0.740657305	0.637730094	0.717940183
-1.281281281	0.655377995	0.695940727	0.615732106	0.743431250	0.641812262	0.720296591
-1.274274274	0.656961860	0.697022258	0.613805890	0.746104370	0.645865191	0.722559902
-1.267267267	0.658477552	0.698012515	0.611799412	0.748674486	0.649887379	0.724728431
-1.260260260	0.659924150	0.698910591	0.609713214	0.751139441	0.653877306	0.726800521
-1.253253253	0.661300749	0.699715613	0.607547879	0.753497105	0.657833429	0.728774541
-1.246246246	0.662606459	0.700426742	0.605304024	0.755745372	0.661754189	0.730648890
-1.239239239	0.663840410	0.701043174	0.602982307	0.757882170	0.665638007	0.732421996
-1.232232232	0.665001746	0.701564140	0.600583421	0.759905456	0.669483284	0.734092320
-1.225225225	0.666089630	0.701988908	0.598108096	0.761813221	0.673288406	0.735658356
-1.218218218	0.667103246	0.702316783	0.595557100	0.763603495	0.677051739	0.737118634
-1.211211211	0.668041792	0.702547107	0.592931234	0.765274344	0.680771635	0.738471720
-1.204204204	0.668904491	0.702679262	0.590231337	0.766823878	0.684446427	0.739716220
-1.197197197	0.669690582	0.702712670	0.587458280	0.768250249	0.688074432	0.740850780
-1.190190190	0.670399326	0.702646791	0.584612968	0.769551655	0.691653954	0.741874085
-1.183183183	0.671030008	0.702481126	0.581696343	0.770726344	0.695183281	0.742784866
-1.176176176	0.671581929	0.702215217	0.578709374	0.771772613	0.698660687	0.743581899
-1.169169169	0.672054418	0.701848649	0.575653066	0.772688812	0.702084433	0.744264003
-1.162162162	0.672446822	0.701381046	0.572528453	0.773473350	0.705452766	0.744830049
-1.155155155	0.672758514	0.700812078	0.569336601	0.774124688	0.708763923	0.745278954
-1.148148148	0.672988889	0.700141455	0.566078602	0.774641351	0.712016128	0.745609686
-1.141141141	0.673137365	0.699368931	0.562755579	0.775021926	0.715207596	0.745821267
-1.134134134	0.673203387	0.698494304	0.559368682	0.775265062	0.718336533	0.745912770
-1.127127127	0.673186423	0.697517416	0.555919087	0.775369479	0.721401133	0.745883323
-1.120120120	0.673085964	0.696438150	0.552407996	0.775333961	0.724399586	0.745732111
-1.113113113	0.672901530	0.695256436	0.548836636	0.775157366	0.727330071	0.745458376
-1.106106106	0.672632662	0.693972247	0.545206255	0.774838625	0.730190765	0.745061415
-1.099099099	0.672278931	0.692585600	0.541518125	0.774376741	0.732979837	0.744540588
-1.092092092	0.671839930	0.691096555	0.537773540	0.773770797	0.735695451	0.743895313
-1.085085085	0.671315282	0.689505218	0.533973812	0.773019953	0.738335772	0.743125071
-1.078078078	0.670704632	0.687811737	0.530120273	0.772123450	0.740898958	0.742229403
-1.071071071	0.670007655	0.686016303	0.526214272	0.771080610	0.743383168	0.741207913
-1.064064064	0.669224049	0.684119153	0.522257176	0.769890841	0.745786561	0.740060270
-1.057057057	0.668353542	0.682120565	0.518250365	0.768553634	0.748107296	0.738786207
-1.050050050	0.667395885	0.680020858	0.514195234	0.767068567	0.750343534	0.737385521
-1.043043043	0.666350857	0.677820396	0.510093190	0.765435305	0.752493441	0.735858075
-1.036036036	0.665218265	0.675519584	0.505945652	0.763653604	0.754555184	0.734203796
-1.029029029	0.663997938	0.673118865	0.501754048	0.761723310	0.756526938	0.732422680
-1.022022022	0.662689735	0.670618725	0.497519816	0.759644356	0.758406882	0.730514788
-1.015015015	0.661293538	0.668019689	0.493244399	0.757416773	0.760193205	0.728480246
-1.008008008	0.659809256	0.665322321	0.488929247	0.755040679	0.761884104	0.726319249
-1.001001001	0.658236824	0.662527221	0.484575816	0.752516288	0.763477785	0.724032056
-0.993993994	0.656576199	0.659635028	0.480185562	0.749843907	0.764972465	0.721618993
-0.986986987	0.654827365	0.656646416	0.475759944	0.747023935	0.766366375	0.719080453
-0.979979980	0.652990330	0.653562092	0.471300422	0.744056867	0.767657757	0.716416893
-0.972972973	0.651065124	0.650382799	0.466808453	0.740943290	0.768844868	0.713628836
-0.965965966	0.649051800	0.647109313	0.462285493	0.737683884	0.769925982	0.710716868
-0.958958959	0.646950435	0.643742437	0.457732992	0.734279422	0.770899387	0.707681640
-0.951951952	0.644761125	0.640283007	0.453152396	0.730730772	0.771763392	0.704523864
-0.944944945	0.642483989	0.636731886	0.448545143	0.727038888	0.772516321	0.701244316
-0.937937938	0.640119164	0.633089963	0.443912661	0.723204820	0.773156519	0.697843829
-0.930930931	0.637666809	0.629358153	0.439256371	0.719229702	0.773682353	0.694323299
-0.923923924	0.635127096	0.625537393	0.434577680	0.715114760	0.774092210	0.690683676
-0.916916917	0.632500220	0.621628642	0.429877982	0.710861304	0.774384498	0.686925969
-0.909909910	0.629786386	0.617632879	0.425158658	0.706470727	0.774557650	0.683051239
-0.902902903	0.626985817	0.613551098	0.420421071	0.701944505	0.774610122	0.679060600
-0.895895896	0.624098750	0.609384311	0.415666566	0.697284194	0.774540392	0.674955217
-0.888888889	0.621125430	0.605133540	0.410896472	0.692491427	0.774346966	0.670736302
-0.881881882	0.618066115	0.600799822	0.406112093	0.687567911	0.774028371	0.666405114
-0.874874875	0.614921071	0.596384198	0.401314714	0.682515421	0.773583161	0.661962954
-0.867867868	0.611690571	0.591887718	0.396505595	0.677335805	0.773009914	0.657411162
-0.860860861	0.608374893	0.587311434	0.391685970	0.672030969	0.772307233	0.652751116
-0.853853854	0.604974317	0.582656397	0.386857047	0.666602881	0.771473746	0.647984230
-0.846846847	0.601489124	0.577923658	0.382020005	0.661053566	0.770508102	0.643111945
-0.839839840	0.597919596	0.573114261	0.377175991	0.655385094	0.769408975	0.638135730
-0.832832833	0.594266008	0.568229242	0.372326123	0.649599586	0.768175060	0.633057079
-0.825825826	0.590528629	0.563269626	0.367471485	0.643699198	0.766805070	0.627877501
-0.818818819	0.586707721	0.558236419	0.362613123	0.637686122	0.765297738	0.622598523
-0.811811812	0.582803530	0.553130613	0.357752049	0.631562577	0.763651813	0.617221677
-0.804804805	0.578816290	0.547953172	0.352889234	0.625330800	0.761866053	0.611748504
-0.797797798	0.574746214	0.542705037	0.348025611	0.618993043	0.759939229	0.606180541
-0.790790791	0.570593493	0.537387116	0.343162067	0.612551561	0.757870117	0.600519319
-0.783783784	0.566358291	0.532000282	0.338299447	0.606008606	0.755657491	0.594766356
-0.776776777	0.562040741	0.526545365	0.333438548	0.599366415	0.753300122	0.588923151
-0.769769770	0.557640943	0.521023153	0.328580120	0.592627201	0.750796770	0.582991175
-0.762762763	0.553158953	0.515434381	0.323724860	0.585793143	0.748146174	0.576971864
-0.755755756	0.548594783	0.509779727	0.318873413	0.578866372	0.745347046	0.570866614
-0.748748749	0.543948395	0.504059807	0.314026368	0.571848958	0.742398061	0.564676767
-0.741741742	0.539219690	0.498275167	0.309184254	0.564742895	0.739297843	0.558403603
-0.734734735	0.534408507	0.492426278	0.304347543	0.557550087	0.736044953	0.552048333
-0.727727728	0.529514612	0.486513523	0.299516638	0.550272330	0.732637870	0.545612082
-0.720720721	0.524537692	0.480537198	0.294691877	0.542911288	0.729074977	0.539095881
-0.713713714	0.519477343	0.474497495	0.289873527	0.535468477	0.725354535	0.532500651
-0.706706707	0.514333065	0.468394494	0.285061781	0.527945238	0.721474658	0.525827187
-0.699699700	0.509104246	0.462228155	0.280256752	0.520342706	0.717433286	0.519076147
-0.692692693	0.503790155	0.455998307	0.275458471	0.512661786	0.713228145	0.512248024
-0.685685686	0.498389925	0.449704629	0.270666880	0.504903111	0.708856706	0.505343135
-0.678678679	0.492902544	0.443346645	0.265881828	0.497067005	0.704316138	0.498361591
-0.671671672	0.487326831	0.436923701	0.261103066	0.489153433	0.699603245	0.491303277
-0.664664665	0.481661426	0.430434952	0.256330237	0.481161951	0.694714395	0.484167818
-0.657657658	0.475904765	0.423879342	0.251562872	0.473091638	0.689645435	0.476954547
-0.650650651	0.470055060	0.417255581	0.246800380	0.464941027	0.684391583	0.469662471
-0.643643644	0.464110270	0.410562123	0.242042040	0.456708011	0.678947304	0.462290222
-0.636636637	0.458068080	0.403797138	0.237286990	0.448389742	0.673306144	0.454836012
-0.629629630	0.451925858	0.396958482	0.232534214	0.439982505	0.667460539	0.447297572
-0.622622623	0.445680626	0.390043659	0.227782531	0.431481563	0.661401564	0.439672088
-0.615615616	0.439329013	0.383049782	0.223030576	0.422880971	0.655118613	0.431956117
-0.608608609	0.432867208	0.375973529	0.218276788	0.414173344	0.648599004	0.424145499
-0.601601602	0.426290901	0.368811086	0.213519386	0.405349570	0.641827439	0.416235242
-0.594594595	0.419595219	0.361558086	0.208756343	0.396398441	0.634785315	0.408219390
-0.587587588	0.412774644	0.354209533	0.203985367	0.387306192	0.627449786	0.400090860
-0.580580581	0.405822928	0.346759720	0.199203859	0.378055891	0.619792482	0.391841250
-0.573573574	0.398732980	0.339202122	0.194408886	0.368626644	0.611777725	0.383460589
-0.566566567	0.391496736	0.331529274	0.189597126	0.358992526	0.603359971	0.374937045
-0.559559560	0.384105009	0.323732627	0.184764826	0.349121129	0.594480055	0.366256540
-0.552552553	0.376547296	0.315802361	0.179907728	0.338971523	0.585059474	0.357402275
-0.545545546	0.368811549	0.307727173	0.175021003	0.328491354	0.574991365	0.348354105
-0.538538539	0.360883896	0.299493995	0.170099150	0.317612563	0.564125536	0.339087732
-0.531531532	0.352748282	0.291087662	0.165135885	0.306244862	0.552242150	0.329573629
-0.524524525	0.344386030	0.282490471	0.160124001	0.294265373	0.539001810	0.319775579
-0.517517518	0.335775273	0.273681634	0.155055185	0.281501321	0.523840843	0.309648660
-0.510510511	0.326890222	0.264636548	0.149919800	0.267699210	0.505718152	0.299136387
-0.503503504	0.317700206	0.255325844	0.144706588	0.252465227	0.482353585	0.288166551
-0.496496496	0.308168388	0.245714093	0.139402297	0.235136272	0.446799934	0.276644937
-0.489489489	0.298250021	0.235758025	0.133991179	0.214451223	0.294190712	0.264445490
-0.482482482	0.287890017	0.225404020	0.128454312	0.187455678	0.000000000	0.251394104
-0.475475475	0.277019468	0.214584446	0.122768664	0.143012534	0.000000000	0.237240253
-0.468468468	0.265550530	0.203212153	0.116905773	0.000000000	0.000000000	0.221603212
-0.461461461	0.253368605	0.191171838	0.110829815	0.000000000	0.000000000	0.203858605
-0.454454454	0.240319853	0.178305772	0.104494691	0.000000000	0.000000000	0.182858929
-0.447447447	0.226190160	0.164388666	0.097839442	0.000000000	0.000000000	0.156050267
-0.440440440	0.210667146	0.149079466	0.090780639	0.000000000	0.000000000	0.114816708
-0.433433433	0.193264960	0.131817460	0.083198900	0.000000000	0.000000000	0.000000000
-0.426426426	0.173155137	0.111555969	0.074912815	0.000000000	0.000000000	0.000000000
-0.419419419	0.148704698	0.085845874	0.065622053	0.000000000	0.000000000	0.000000000
-0.412412412	0.115695511	0.044335213	0.054758537	0.000000000	0.000000000	0.000000000
-0.405405405	0.047263722	0.000000000	0.040953236	0.000000000	0.000000000	0.000000000
-0.398398398	0.000000000	0.000000000	0.017566667	0.000000000	0.000000000	0.000000000
-0.391391391	0.000000000	0.000000000	0.000000000	0.000000000	0.000000000	0.000000000
-0.384384384	0.000000000	0.000000000	0.000000000	0.000000000	0.000000000	0.000000000
-0.377377377	0.000000000	0.000000000	0.000000000	0.000000000	0.000000000	0.000000000
-0.370370370	0.000000000	0.000000000	0.000000000	0.000000000	0.000000000	0.000000000
-0.363363363	0.000000000	0.000000000	0.000000000	0.000000000	0.000000000	0.000000000
-0.356356356	0.000000000	0.000000000	0.000000000	0.000000000	0.000000000	0.000000000
-0.349349349	0.000000000	0.000000000	0.000000000	0.000000000	0.000000000	0.000000000
-0.342342342	0.000000000	0.000000000	0.000000000	0.000000000	0.000000000	0.000000000
-0.335335335	0.000000000	0.000000000	0.000000000	0.000000000	0.000000000	0.000000000
-0.328328328	0.000000000	0.000000000	0.000000000	0.000000000	0.000000000	0.000000000
-0.321321321	0.000000000	0.000000000	0.000000000	0.000000000	0.000000000	0.000000000
-0.314314314	0.000000000	0.000000000	0.000000000	0.000000000	0.000000000	0.000000000
-0.307307307	0.000000000	0.000000000	0.000000000	0.000000000	0.000000000	0.000000000
-0.300300300	0.000000000	0.000000000	0.000000000	0.000000000	0.000000000	0.000000000
-0.293293293	0.000000000	0.000000000	0.000000000	0.000000000	0.000000000	0.000000000
-0.286286286	0.000000000	0.000000000	0.000000000	0.000000000	0.000000000	0.000000000
-0.279279279	0.000000000	0.000000000	0.000000000	0.000000000	0.000000000	0.000000000
-0.272272272	0.000000000	0.000000000	0.000000000	0.000000000	0.000000000	0.000000000
-0.265265265	0.000000000	0.000000000	0.000000000	0.000000000	0.000000000	0.000000000
-0.258258258	0.000000000	0.000000000	0.000000000	0.000000000	0.000000000	0.000000000
-0.251251251	0.000000000	0.000000000	0.000000000	0.000000000	0.000000000	0.000000000
-0.244244244	0.000000000	0.000000000	0.000000000	0.000000000	0.000000000	0.000000000
-0.237237237	0.000000000	0.000000000	0.000000000	0.000000000	0.000000000	0.000000000
-0.230230230	0.000000000	0.000000000	0.000000000	0.000000000	0.000000000	0.000000000
-0.223223223	0.000000000	0.000000000	0.000000000	0.000000000	0.000000000	0.000000000
-0.216216216	0.000000000	0.000000000	0.000000000	0.000000000	0.000000000	0.000000000
-0.209209209	0.000000000	0.000000000	0.000000000	0.000000000	0.000000000	0.000000000
-0.202202202	0.000000000	0.000000000	0.000000000	0.000000000	0.000000000	0.000000000
-0.195195195	0.000000000	0.000000000	0.000000000	0.000000000	0.000000000	0.000000000
-0.188188188	0.000000000	0.000000000	0.000000000	0.000000000	0.000000000	0.000000000
-0.181181181	0.000000000	0.000000000	0.000000000	0.000000000	0.000000000	0.000000000
-0.174174174	0.000000000	0.000000000	0.000000000	0.000000000	0.000000000	0.000000000
-0.167167167	0.000000000	0.000000000	0.000000000	0.000000000	0.000000000	0.000000000
-0.160160160	0.000000000	0.000000000	0.000000000	0.000000000	0.000000000	0.000000000
-0.153153153	0.000000000	0.000000000	0.000000000	0.000000000	0.000000000	0.000000000
-0.146146146	0.000000000	0.000000000	0.000000000	0.000000000	0.000000000	0.000000000
-0.139139139	0.000000000	0.000000000	0.000000000	0.000000000	0.000000000	0.000000000
-0.132132132	0.000000000	0.000000000	0.000000000	0.000000000	0.000000000	0.000000000
-0.125125125	0.000000000	0.000000000	0.000000000	0.000000000	0.000000000	0.000000000
-0.118118118	0.000000000	0.000000000	0.000000000	0.000000000	0.000000000	0.000000000
-0.111111111	0.000000000	0.000000000	0.000000000	0.000000000	0.000000000	0.000000000
-0.104104104	0.000000000	0.000000000	0.000000000	0.000000000	0.000000000	0.000000000
-0.097097097	0.000000000	0.000000000	0.000000000	0.000000000	0.000000000	0.000000000
-0.090090090	0.000000000	0.000000000	0.000000000	0.000000000	0.000000000	0.000000000
-0.083083083	0.000000000	0.000000000	0.000000000	0.000000000	0.000000000	0.000000000
-0.076076076	0.000000000	0.000000000	0.000000000	0.000000000	0.000000000	0.000000000
-0.069069069	0.000000000	0.000000000	0.000000000	0.000000000	0.000000000	0.000000000
-0.062062062	0.000000000	0.000000000	0.000000000	0.000000000	0.000000000	0.000000000
-0.055055055	0.000000000	0.000000000	0.000000000	0.000000000	0.000000000	0.000000000
-0.048048048	0.000000000	0.000000000	0.000000000	0.000000000	0.000000000	0.000000000
-0.041041041	0.000000000	0.000000000	0.000000000	0.000000000	0.000000000	0.000000000
-0.034034034	0.000000000	0.000000000	0.000000000	0.000000000	0.000000000	0.000000000
-0.027027027	0.000000000	0.000000000	0.000000000	0.000000000	0.000000000	0.000000000
-0.020020020	0.000000000	0.000000000	0.000000000	0.000000000	0.000000000	0.000000000
-0.013013013	0.000000000	0.000000000	0.000000000	0.000000000	0.000000000	0.000000000
-0.006006006	0.000000000	0.000000000	0.000000000	0.000000000	0.000000000	0.000000000
0.001001001	0.000000000	0.000000000	0.000000000	0.000000000	0.000000000	0.000000000
0.008008008	0.000000000	0.000000000	0.000000000	0.000000000	0.000000000	0.000000000
0.015015015	0.000000000	0.000000000	0.000000000	0.000000000	0.000000000	0.000000000
0.022022022	0.000000000	0.000000000	0.000000000	0.000000000	0.000000000	0.000000000
0.029029029	0.000000000	0.000000000	0.000000000	0.000000000	0.000000000	0.000000000
0.036036036	0.000000000	0.000000000	0.000000000	0.000000000	0.000000000	0.000000000
0.043043043	0.000000000	0.000000000	0.000000000	0.000000000	0.000000000	0.000000000
0.050050050	0.000000000	0.000000000	0.000000000	0.000000000	0.000000000	0.000000000
0.057057057	0.000000000	0.000000000	0.000000000	0.000000000	0.000000000	0.000000000
0.064064064	0.000000000	0.000000000	0.000000000	0.000000000	0.000000000	0.000000000
0.071071071	0.000000000	0.000000000	0.000000000	0.000000000	0.000000000	0.000000000
0.078078078	0.000000000	0.000000000	0.000000000	0.000000000	0.000000000	0.000000000
0.085085085	0.000000000	0.000000000	0.000000000	0.000000000	0.000000000	0.000000000
0.092092092	0.000000000	0.000000000	0.000000000	0.000000000	0.000000000	0.000000000
0.099099099	0.000000000	0.000000000	0.000000000	0.000000000	0.000000000	0.000000000
0.106106106	0.000000000	0.000000000	0.000000000	0.000000000	0.000000000	0.000000000
0.113113113	0.000000000	0.000000000	0.000000000	0.000000000	0.000000000	0.000000000
0.120120120	0.000000000	0.000000000	0.000000000	0.000000000	0.000000000	0.000000000
0.127127127	0.000000000	0.000000000	0.000000000	0.000000000	0.000000000	0.000000000
0.134134134	0.000000000	0.000000000	0.000000000	0.000000000	0.000000000	0.000000000
0.141141141	0.000000000	0.000000000	0.000000000	0.000000000	0.000000000	0.000000000
0.148148148	0.000000000	0.000000000	0.000000000	0.000000000	0.000000000	0.000000000
0.155155155	0.000000000	0.000000000	0.000000000	0.000000000	0.000000000	0.000000000
0.162162162	0.000000000	0.000000000	0.000000000	0.000000000	0.000000000	0.000000000
0.169169169	0.000000000	0.000000000	0.000000000	0.000000000	0.000000000	0.000000000
0.176176176	0.000000000	0.000000000	0.000000000	0.000000000	0.000000000	0.000000000
0.183183183	0.000000000	0.000000000	0.000000000	0.000000000	0.000000000	0.000000000
0.190190190	0.000000000	0.000000000	0.000000000	0.000000000	0.000000000	0.000000000
0.197197197	0.000000000	0.000000000	0.000000000	0.000000000	0.000000000	0.000000000
0.204204204	0.000000000	0.000000000	0.000000000	0.000000000	0.000000000	0.000000000
0.211211211	0.000000000	0.000000000	0.000000000	0.000000000	0.000000000	0.000000000
0.218218218	0.000000000	0.000000000	0.000000000	0.000000000	0.000000000	0.000000000
0.225225225	0.000000000	0.000000000	0.000000000	0.000000000	0.000000000	0.000000000
0.232232232	0.000000000	0.000000000	0.000000000	0.000000000	0.000000000	0.000000000
0.239239239	0.000000000	0.000000000	0.000000000	0.000000000	0.000000000	0.000000000
0.246246246	0.000000000	0.000000000	0.000000000	0.000000000	0.000000000	0.000000000
0.253253253	0.000000000	0.000000000	0.000000000	0.000000000	0.000000000	0.000000000
0.260260260	0.000000000	0.000000000	0.000000000	0.000000000	0.000000000	0.000000000
0.267267267	0.000000000	0.000000000	0.000000000	0.000000000	0.000000000	0.000000000
0.274274274	0.000000000	0.000000000	0.000000000	0.000000000	0.000000000	0.000000000
0.281281281	0.000000000	0.000000000	0.000000000	0.000000000	0.000000000	0.000000000
0.288288288	0.000000000	0.000000000	0.000000000	0.000000000	0.000000000	0.000000000
0.295295295	0.000000000	0.000000000	0.000000000	0.000000000	0.000000000	0.000000000
0.302302302	0.000000000	0.000000000	0.000000000	0.000000000	0.000000000	0.000000000
0.309309309	0.000000000	0.000000000	0.000000000	0.000000000	0.000000000	0.000000000
0.316316316	0.000000000	0.000000000	0.000000000	0.000000000	0.000000000	0.000000000
0.323323323	0.000000000	0.000000000	0.000000000	0.000000000	0.000000000	0.000000000
0.330330330	0.000000000	0.000000000	0.000000000	0.000000000	0.000000000	0.000000000
0.337337337	0.000000000	0.000000000	0.000000000	0.000000000	0.000000000	0.000000000
0.344344344	0.000000000	0.000000000	0.000000000	0.000000000	0.000000000	0.000000000
0.351351351	0.000000000	0.000000000	0.000000000	0.000000000	0.000000000	0.000000000
0.358358358	0.000000000	0.000000000	0.000000000	0.000000000	0.000000000	0.000000000
0.365365365	0.000000000	0.000000000	0.000000000	0.000000000	0.000000000	0.000000000
0.372372372	0.000000000	0.000000000	0.000000000	0.000000000	0.000000000	0.000000000
0.379379379	0.000000000	0.000000000	0.000000000	0.000000000	0.000000000	0.000000000
0.386386386	0.000000000	0.000000000	0.000000000	0.000000000	0.000000000	0.000000000
0.393393393	0.000000000	0.000000000	0.000000000	0.000000000	0.000000000	0.000000000
0.400400400	0.000000000	0.000000000	0.000000000	0.000000000	0.000000000	0.000000000
0.407407407	0.000000000	0.000000000	0.000000000	0.000000000	0.000000000	0.000000000
0.414414414	0.000000000	0.000000000	0.000000000	0.000000000	0.000000000	0.000000000
0.421421421	0.000000000	0.000000000	0.000000000	0.000000000	0.000000000	0.000000000
0.428428428	0.000000000	0.000000000	0.000000000	0.000000000	0.000000000	0.000000000
0.435435435	0.000000000	0.000000000	0.000000000	0.000000000	0.000000000	0.000000000
0.442442442	0.000000000	0.000000000	0.000000000	0.000000000	0.000000000	0.000000000
0.449449449	0.000000000	0.000000000	0.000000000	0.000000000	0.000000000	0.000000000
0.456456456	0.000000000	0.000000000	0.000000000	0.000000000	0.000000000	0.000000000
0.463463463	0.000000000	0.000000000	0.000000000	0.000000000	0.000000000	0.000000000
0.470470470	0.000000000	0.000000000	0.000000000	0.000000000	0.000000000	0.000000000
0.477477477	0.000000000	0.000000000	0.000000000	0.000000000	0.000000000	0.000000000
0.484484484	0.000000000	0.000000000	0.000000000	0.000000000	0.000000000	0.000000000
0.491491491	0.000000000	0.000000000	0.000000000	0.000000000	0.000000000	0.000000000
0.498498498	0.000000000	0.000000000	0.000000000	0.000000000	0.000000000	0.000000000
0.505505506	0.000000000	0.000000000	0.000000000	0.000000000	0.000000000	0.000000000
0.512512513	0.000000000	0.000000000	0.000000000	0.000000000	0.000000000	0.000000000
0.519519520	0.000000000	0.000000000	0.000000000	0.000000000	0.000000000	0.000000000
0.526526527	0.000000000	0.000000000	0.000000000	0.000000000	0.000000000	0.000000000
0.533533534	0.000000000	0.000000000	0.000000000	0.000000000	0.000000000	0.000000000
0.540540541	0.000000000	0.000000000	0.000000000	0.000000000	0.000000000	0.000000000
0.547547548	0.000000000	0.000000000	0.000000000	0.000000000	0.000000000	0.000000000
0.554554555	0.000000000	0.000000000	0.000000000	0.000000000	0.000000000	0.000000000
0.561561562	0.000000000	0.000000000	0.000000000	0.000000000	0.000000000	0.000000000
0.568568569	0.000000000	0.000000000	0.000000000	0.000000000	0.000000000	0.000000000
0.575575576	0.000000000	0.000000000	0.000000000	0.000000000	0.000000000	0.000000000
0.582582583	0.000000000	0.000000000	0.000000000	0.000000000	0.000000000	0.000000000
0.589589590	0.000000000	0.000000000	0.000000000	0.000000000	0.000000000	0.000000000
0.596596597	0.000000000	0.000000000	0.000000000	0.000000000	0.000000000	0.000000000
0.603603604	0.000000000	0.000000000	0.000000000	0.000000000	0.000000000	0.000000000
0.610610611	0.000000000	0.000000000	0.000000000	0.000000000	0.000000000	0.000000000
0.617617618	0.000000000	0.000000000	0.000000000	0.000000000	0.000000000	0.000000000
0.624624625	0.000000000	0.000000000	0.000000000	0.000000000	0.000000000	0.000000000
0.631631632	0.000000000	0.000000000	0.000000000	0.000000000	0.000000000	0.000000000
0.638638639	0.000000000	0.000000000	0.000000000	0.000000000	0.000000000	0.000000000
0.645645646	0.000000000	0.000000000	0.000000000	0.000000000	0.000000000	0.000000000
0.652652653	0.000000000	0.000000000	0.000000000	0.000000000	0.000000000	0.000000000
0.659659660	0.000000000	0.000000000	0.000000000	0.000000000	0.000000000	0.000000000
0.666666667	0.000000000	0.000000000	0.000000000	0.000000000	0.000000000	0.000000000
0.673673674	0.000000000	0.000000000	0.000000000	0.000000000	0.000000000	0.000000000
0.680680681	0.000000000	0.000000000	0.000000000	0.000000000	0.000000000	0.000000000
0.687687688	0.000000000	0.000000000	0.000000000	0.000000000	0.000000000	0.000000000
0.694694695	0.000000000	0.000000000	0.000000000	0.000000000	0.000000000	0.000000000
0.701701702	0.000000000	0.000000000	0.000000000	0.000000000	0.000000000	0.000000000
0.708708709	0.000000000	0.000000000	0.000000000	0.000000000	0.000000000	0.000000000
0.715715716	0.000000000	0.000000000	0.000000000	0.000000000	0.000000000	0.000000000
0.722722723	0.000000000	0.000000000	0.000000000	0.000000000	0.000000000	0.000000000
0.729729730	0.000000000	0.000000000	0.000000000	0.000000000	0.000000000	0.000000000
0.736736737	0.000000000	0.000000000	0.000000000	0.000000000	0.000000000	0.000000000
0.743743744	0.000000000	0.000000000	0.000000000	0.000000000	0.000000000	0.000000000
0.750750751	0.000000000	0.000000000	0.000000000	0.000000000	0.000000000	0.000000000
0.757757758	0.000000000	0.000000000	0.000000000	0.000000000	0.000000000	0.000000000
0.764764765	0.000000000	0.000000000	0.000000000	0.000000000	0.000000000	0.000000000
0.771771772	0.000000000	0.000000000	0.000000000	0.000000000	0.000000000	0.000000000
0.778778779	0.000000000	0.000000000	0.000000000	0.000000000	0.000000000	0.000000000
0.785785786	0.000000000	0.000000000	0.000000000	0.000000000	0.000000000	0.000000000
0.792792793	0.000000000	0.000000000	0.000000000	0.000000000	0.000000000	0.000000000
0.799799800	0.000000000	0.000000000	0.000000000	0.000000000	0.000000000	0.000000000
0.806806807	0.000000000	0.000000000	0.000000000	0.000000000	0.000000000	0.000000000
0.813813814	0.000000000	0.000000000	0.000000000	0.000000000	0.000000000	0.000000000
0.820820821	0.000000000	0.000000000	0.000000000	0.000000000	0.000000000	0.000000000
0.827827828	0.000000000	0.000000000	0.000000000	0.000000000	0.000000000	0.000000000
0.834834835	0.000000000	0.000000000	0.000000000	0.000000000	0.000000000	0.000000000
0.841841842	0.000000000	0.000000000	0.000000000	0.000000000	0.000000000	0.000000000
0.848848849	0.000000000	0.000000000	0.000000000	0.000000000	0.000000000	0.000000000
0.855855856	0.000000000	0.000000000	0.000000000	0.000000000	0.000000000	0.000000000
0.862862863	0.000000000	0.000000000	0.000000000	0.000000000	0.000000000	0.000000000
0.869869870	0.000000000	0.000000000	0.000000000	0.000000000	0.000000000	0.000000000
0.876876877	0.000000000	0.000000000	0.000000000	0.000000000	0.000000000	0.000000000
0.883883884	0.000000000	0.000000000	0.000000000	0.000000000	0.000000000	0.000000000
0.890890891	0.000000000	0.000000000	0.000000000	0.000000000	0.000000000	0.000000000
0.897897898	0.000000000	0.000000000	0.000000000	0.000000000	0.000000000	0.000000000
0.904904905	0.000000000	0.000000000	0.000000000	0.000000000	0.000000000	0.000000000
0.911911912	0.000000000	0.000000000	0.000000000	0.000000000	0.000000000	0.000000000
0.918918919	0.000000000	0.000000000	0.000000000	0.000000000	0.000000000	0.000000000
0.925925926	0.000000000	0.000000000	0.000000000	0.000000000	0.000000000	0.000000000
0.932932933	0.000000000	0.000000000	0.000000000	0.000000000	0.000000000	0.000000000
0.939939940	0.000000000	0.000000000	0.000000000	0.000000000	0.000000000	0.000000000
0.946946947	0.000000000	0.000000000	0.000000000	0.000000000	0.000000000	0.000000000
0.953953954	0.000000000	0.000000000	0.000000000	0.000000000	0.000000000	0.000000000
0.960960961	0.000000000	0.000000000	0.000000000	0.000000000	0.000000000	0.000000000
0.967967968	0.000000000	0.000000000	0.000000000	0.000000000	0.000000000	0.000000000
0.974974975	0.000000000	0.000000000	0.000000000	0.000000000	0.000000000	0.000000000
0.981981982	0.000000000	0.000000000	0.000000000	0.000000000	0.000000000	0.000000000
0.988988989	0.000000000	0.000000000	0.000000000	0.000000000	0.000000000	0.000000000
0.995995996	0.000000000	0.000000000	0.000000000	0.000000000	0.000000000	0.000000000
1.003003003	0.000000000	0.000000000	0.000000000	0.000000000	0.000000000	0.000000000
1.010010010	0.000000000	0.000000000	0.000000000	0.000000000	0.000000000	0.000000000
1.017017017	0.000000000	0.000000000	0.000000000	0.000000000	0.000000000	0.000000000
1.024024024	0.000000000	0.000000000	0.000000000	0.000000000	0.000000000	0.000000000
1.031031031	0.000000000	0.000000000	0.000000000	0.000000000	0.000000000	0.000000000
1.038038038	0.000000000	0.000000000	0.000000000	0.000000000	0.000000000	0.000000000
1.045045045	0.000000000	0.000000000	0.000000000	0.000000000	0.000000000	0.000000000
1.052052052	0.000000000	0.000000000	0.000000000	0.000000000	0.000000000	0.000000000
1.059059059	0.000000000	0.000000000	0.000000000	0.000000000	0.000000000	0.000000000
1.066066066	0.000000000	0.000000000	0.000000000	0.000000000	0.000000000	0.000000000
1.073073073	0.000000000	0.000000000	0.000000000	0.000000000	0.000000000	0.000000000
1.080080080	0.000000000	0.000000000	0.000000000	0.000000000	0.000000000	0.000000000
1.087087087	0.000000000	0.000000000	0.000000000	0.000000000	0.000000000	0.000000000
1.094094094	0.000000000	0.000000000	0.000000000	0.000000000	0.000000000	0.000000000
1.101101101	0.000000000	0.000000000	0.000000000	0.000000000	0.000000000	0.000000000
1.108108108	0.000000000	0.000000000	0.000000000	0.000000000	0.000000000	0.000000000
1.115115115	0.000000000	0.000000000	0.000000000	0.000000000	0.000000000	0.000000000
1.122122122	0.000000000	0.000000000	0.000000000	0.000000000	0.000000000	0.000000000
1.129129129	0.000000000	0.000000000	0.000000000	0.000000000	0.000000000	0.000000000
1.136136136	0.000000000	0.000000000	0.000000000	0.000000000	0.000000000	0.000000000
1.143143143	0.000000000	0.000000000	0.000000000	0.000000000	0.000000000	0.000000000
1.150150150	0.000000000	0.000000000	0.000000000	0.000000000	0.000000000	0.000000000
1.157157157	0.000000000	0.000000000	0.000000000	0.000000000	0.000000000	0.000000000
1.164164164	0.000000000	0.000000000	0.000000000	0.000000000	0.000000000	0.000000000
1.171171171	0.000000000	0.000000000	0.000000000	0.000000000	0.000000000	0.000000000
1.178178178	0.000000000	0.000000000	0.000000000	0.000000000	0.000000000	0.000000000
1.185185185	0.000000000	0.000000000	0.000000000	0.000000000	0.000000000	0.000000000
1.192192192	0.000000000	0.000000000	0.000000000	0.000000000	0.000000000	0.000000000
1.199199199	0.000000000	0.000000000	0.000000000	0.000000000	0.000000000	0.000000000
1.206206206	0.000000000	0.000000000	0.000000000	0.000000000	0.000000000	0.000000000
1.213213213	0.000000000	0.000000000	0.000000000	0.000000000	0.000000000	0.000000000
1.220220220	0.000000000	0.000000000	0.000000000	0.000000000	0.000000000	0.000000000
1.227227227	0.000000000	0.000000000	0.000000000	0.000000000	0.000000000	0.000000000
1.234234234	0.000000000	0.000000000	0.000000000	0.000000000	0.000000000	0.000000000
1.241241241	0.000000000	0.000000000	0.000000000	0.000000000	0.000000000	0.000000000
1.248248248	0.000000000	0.000000000	0.000000000	0.000000000	0.000000000	0.000000000
1.255255255	0.000000000	0.000000000	0.000000000	0.000000000	0.000000000	0.000000000
1.262262262	0.000000000	0.000000000	0.000000000	0.000000000	0.000000000	0.000000000
1.269269269	0.000000000	0.000000000	0.000000000	0.000000000	0.000000000	0.000000000
1.276276276	0.000000000	0.000000000	0.000000000	0.000000000	0.000000000	0.000000000
1.283283283	0.000000000	0.000000000	0.000000000	0.000000000	0.000000000	0.000000000
1.290290290	0.000000000	0.000000000	0.000000000	0.000000000	0.000000000	0.000000000
1.297297297	0.000000000	0.000000000	0.000000000	0.000000000	0.000000000	0.000000000
1.304304304	0.000000000	0.000000000	0.000000000	0.000000000	0.000000000	0.000000000
1.311311311	0.000000000	0.000000000	0.000000000	0.000000000	0.000000000	0.000000000
1.318318318	0.000000000	0.000000000	0.000000000	0.000000000	0.000000000	0.000000000
1.325325325	0.000000000	0.000000000	0.000000000	0.000000000	0.000000000	0.000000000
1.332332332	0.000000000	0.000000000	0.000000000	0.000000000	0.000000000	0.000000000
1.339339339	0.000000000	0.000000000	0.000000000	0.000000000	0.000000000	0.000000000
1.346346346	0.000000000	0.000000000	0.000000000	0.000000000	0.000000000	0.000000000
1.353353353	0.000000000	0.000000000	0.000000000	0.000000000	0.000000000	0.000000000
1.360360360	0.000000000	0.000000000	0.000000000	0.000000000	0.000000000	0.000000000
1.367367367	0.000000000	0.000000000	0.000000000	0.000000000	0.000000000	0.000000000
1.374374374	0.000000000	0.000000000	0.000000000	0.000000000	0.000000000	0.000000000
1.381381381	0.000000000	0.000000000	0.000000000	0.000000000	0.000000000	0.000000000
1.388388388	0.000000000	0.000000000	0.000000000	0.000000000	0.000000000	0.000000000
1.395395395	0.000000000	0.000000000	0.000000000	0.000000000	0.000000000	0.000000000
1.402402402	0.000000000	0.000000000	0.000000000	0.000000000	0.000000000	0.000000000
1.409409409	0.000000000	0.000000000	0.000000000	0.000000000	0.000000000	0.000000000
1.416416416	0.000000000	0.000000000	0.000000000	0.000000000	0.000000000	0.000000000
1.423423423	0.000000000	0.000000000	0.000000000	0.000000000	0.000000000	0.000000000
1.430430430	0.000000000	0.000000000	0.000000000	0.000000000	0.000000000	0.000000000
1.437437437	0.000000000	0.000000000	0.000000000	0.000000000	0.000000000	0.000000000
1.444444444	0.000000000	0.000000000	0.000000000	0.000000000	0.000000000	0.000000000
1.451451451	0.000000000	0.000000000	0.000000000	0.000000000	0.000000000	0.000000000
1.458458458	0.000000000	0.000000000	0.000000000	0.000000000	0.000000000	0.000000000
1.465465465	0.000000000	0.000000000	0.000000000	0.000000000	0.000000000	0.000000000
1.472472472	0.000000000	0.000000000	0.000000000	0.000000000	0.000000000	0.000000000
1.479479479	0.000000000	0.000000000	0.000000000	0.000000000	0.000000000	0.000000000
1.486486486	0.000000000	0.000000000	0.000000000	0.000000000	0.000000000	0.000000000
1.493493493	0.000000000	0.000000000	0.000000000	0.000000000	0.000000000	0.000000000
1.500500501	0.000000000	0.000000000	0.000000000	0.000000000	0.000000000	0.000000000
1.507507508	0.000000000	0.000000000	0.000000000	0.000000000	0.000000000	0.000000000
1.514514515	0.000000000	0.000000000	0.000000000	0.000000000	0.000000000	0.000000000
1.521521522	0.000000000	0.000000000	0.000000000	0.000000000	0.000000000	0.000000000
1.528528529	0.000000000	0.000000000	0.000000000	0.000000000	0.000000000	0.000000000
1.535535536	0.000000000	0.000000000	0.000000000	0.000000000	0.000000000	0.000000000
1.542542543	0.000000000	0.000000000	0.000000000	0.000000000	0.000000000	0.000000000
1.549549550	0.000000000	0.000000000	0.000000000	0.000000000	0.000000000	0.000000000
1.556556557	0.000000000	0.000000000	0.000000000	0.000000000	0.000000000	0.000000000
1.563563564	0.000000000	0.000000000	0.000000000	0.000000000	0.000000000	0.000000000
1.570570571	0.000000000	0.000000000	0.000000000	0.000000000	0.000000000	0.000000000
1.577577578	0.000000000	0.000000000	0.000000000	0.000000000	0.000000000	0.000000000
1.584584585	0.000000000	0.000000000	0.000000000	0.000000000	0.000000000	0.000000000
1.591591592	0.000000000	0.000000000	0.000000000	0.000000000	0.000000000	0.000000000
1.598598599	0.000000000	0.000000000	0.000000000	0.000000000	0.000000000	0.000000000
1.605605606	0.000000000	0.000000000	0.000000000	0.000000000	0.000000000	0.000000000
1.612612613	0.000000000	0.000000000	0.000000000	0.000000000	0.000000000	0.000000000
1.619619620	0.000000000	0.000000000	0.000000000	0.000000000	0.000000000	0.000000000
1.626626627	0.000000000	0.000000000	0.000000000	0.000000000	0.000000000	0.000000000
1.633633634	0.000000000	0.000000000	0.000000000	0.000000000	0.000000000	0.000000000
1.640640641	0.000000000	0.000000000	0.000000000	0.000000000	0.000000000	0.000000000
1.647647648	0.000000000	0.000000000	0.000000000	0.000000000	0.000000000	0.000000000
1.654654655	0.000000000	0.000000000	0.000000000	0.000000000	0.000000000	0.000000000
1.661661662	0.000000000	0.000000000	0.000000000	0.000000000	0.000000000	0.000000000
1.668668669	0.000000000	0.000000000	0.000000000	0.000000000	0.000000000	0.000000000
1.675675676	0.000000000	0.000000000	0.000000000	0.000000000	0.000000000	0.000000000
1.682682683	0.000000000	0.000000000	0.000000000	0.000000000	0.000000000	0.000000000
1.689689690	0.000000000	0.000000000	0.000000000	0.000000000	0.000000000	0.000000000
1.696696697	0.000000000	0.000000000	0.000000000	0.000000000	0.000000000	0.000000000
1.703703704	0.000000000	0.000000000	0.000000000	0.000000000	0.000000000	0.000000000
1.710710711	0.000000000	0.000000000	0.000000000	0.000000000	0.000000000	0.000000000
1.717717718	0.000000000	0.000000000	0.000000000	0.000000000	0.000000000	0.000000000
1.724724725	0.000000000	0.000000000	0.000000000	0.000000000	0.000000000	0.000000000
1.731731732	0.000000000	0.000000000	0.000000000	0.000000000	0.000000000	0.000000000
1.738738739	0.000000000	0.000000000	0.000000000	0.000000000	0.000000000	0.000000000
1.745745746	0.000000000	0.000000000	0.000000000	0.000000000	0.000000000	0.000000000
1.752752753	0.000000000	0.000000000	0.000000000	0.000000000	0.000000000	0.000000000
1.759759760	0.000000000	0.000000000	0.000000000	0.000000000	0.000000000	0.000000000
1.766766767	0.000000000	0.000000000	0.000000000	0.000000000	0.000000000	0.000000000
1.773773774	0.000000000	0.000000000	0.000000000	0.000000000	0.000000000	0.000000000
1.780780781	0.000000000	0.000000000	0.000000000	0.000000000	0.000000000	0.000000000
1.787787788	0.000000000	0.000000000	0.000000000	0.000000000	0.000000000	0.000000000
1.794794795	0.000000000	0.000000000	0.000000000	0.000000000	0.000000000	0.000000000
1.801801802	0.000000000	0.000000000	0.000000000	0.000000000	0.000000000	0.000000000
1.808808809	0.000000000	0.000000000	0.000000000	0.000000000	0.000000000	0.000000000
1.815815816	0.000000000	0.000000000	0.000000000	0.000000000	0.000000000	0.000000000
1.822822823	0.000000000	0.000000000	0.000000000	0.000000000	0.000000000	0.000000000
1.829829830	0.000000000	0.000000000	0.000000000	0.000000000	0.000000000	0.000000000
1.836836837	0.000000000	0.000000000	0.000000000	0.000000000	0.000000000	0.000000000
1.843843844	0.000000000	0.000000000	0.000000000	0.000000000	0.000000000	0.000000000
1.850850851	0.000000000	0.000000000	0.000000000	0.000000000	0.000000000	0.000000000
1.857857858	0.000000000	0.000000000	0.000000000	0.000000000	0.000000000	0.000000000
1.864864865	0.000000000	0.000000000	0.000000000	0.000000000	0.000000000	0.000000000
1.871871872	0.000000000	0.000000000	0.000000000	0.000000000	0.000000000	0.000000000
1.878878879	0.000000000	0.000000000	0.000000000	0.000000000	0.000000000	0.000000000
1.885885886	0.000000000	0.000000000	0.000000000	0.000000000	0.000000000	0.000000000
1.892892893	0.000000000	0.000000000	0.000000000	0.000000000	0.000000000	0.000000000
1.899899900	0.000000000	0.000000000	0.000000000	0.000000000	0.000000000	0.000000000
1.906906907	0.000000000	0.000000000	0.000000000	0.000000000	0.000000000	0.000000000
1.913913914	0.000000000	0.000000000	0.000000000	0.000000000	0.000000000	0.000000000
1.920920921	0.000000000	0.000000000	0.000000000	0.000000000	0.000000000	0.000000000
1.927927928	0.000000000	0.000000000	0.000000000	0.000000000	0.000000000	0.000000000
1.934934935	0.000000000	0.000000000	0.000000000	0.000000000	0.000000000	0.000000000
1.941941942	0.000000000	0.000000000	0.000000000	0.000000000	0.000000000	0.000000000
1.948948949	0.000000000	0.000000000	0.000000000	0.000000000	0.000000000	0.000000000
1.955955956	0.000000000	0.000000000	0.000000000	0.000000000	0.000000000	0.000000000
1.962962963	0.000000000	0.000000000	0.000000000	0.000000000	0.000000000	0.000000000
1.969969970	0.000000000	0.000000000	0.000000000	0.000000000	0.000000000	0.000000000
1.976976977	0.000000000	0.000000000	0.000000000	0.000000000	0.000000000	0.000000000
1.983983984	0.000000000	0.000000000	0.000000000	0.000000000	0.000000000	0.000000000
1.990990991	0.000000000	0.000000000	0.000000000	0.000000000	0.000000000	0.000000000
1.997997998	0.000000000	0.000000000	0.000000000	0.000000000	0.000000000	0.000000000
2.005005005	0.000000000	0.000000000	0.000000000	0.000000000	0.000000000	0.000000000
2.012012012	0.000000000	0.000000000	0.000000000	0.000000000	0.000000000	0.000000000
2.019019019	0.000000000	0.000000000	0.000000000	0.000000000	0.000000000	0.000000000
2.026026026	0.000000000	0.000000000	0.000000000	0.000000000	0.000000000	0.000000000
2.033033033	0.000000000	0.000000000	0.000000000	0.000000000	0.000000000	0.000000000
2.040040040	0.000000000	0.000000000	0.000000000	0.000000000	0.000000000	0.000000000
2.047047047	0.000000000	0.000000000	0.000000000	0.000000000	0.000000000	0.000000000
2.054054054	0.000000000	0.000000000	0.000000000	0.000000000	0.000000000	0.000000000
2.061061061	0.000000000	0.000000000	0.000000000	0.000000000	0.000000000	0.000000000
2.068068068	0.000000000	0.000000000	0.000000000	0.000000000	0.000000000	0.000000000
2.075075075	0.000000000	0.000000000	0.000000000	0.000000000	0.000000000	0.000000000
2.082082082	0.000000000	0.000000000	0.000000000	0.000000000	0.000000000	0.000000000
2.089089089	0.000000000	0.000000000	0.000000000	0.000000000	0.000000000	0.000000000
2.096096096	0.000000000	0.000000000	0.000000000	0.000000000	0.000000000	0.000000000
2.103103103	0.000000000	0.000000000	0.000000000	0.000000000	0.000000000	0.000000000
2.110110110	0.000000000	0.000000000	0.000000000	0.000000000	0.000000000	0.000000000
2.117117117	0.000000000	0.000000000	0.000000000	0.000000000	0.000000000	0.000000000
2.124124124	0.000000000	0.000000000	0.000000000	0.000000000	0.000000000	0.000000000
2.131131131	0.000000000	0.000000000	0.000000000	0.000000000	0.000000000	0.000000000
2.138138138	0.000000000	0.000000000	0.000000000	0.000000000	0.000000000	0.000000000
2.145145145	0.000000000	0.000000000	0.000000000	0.000000000	0.000000000	0.000000000
2.152152152	0.000000000	0.000000000	0.000000000	0.000000000	0.000000000	0.000000000
2.159159159	0.000000000	0.000000000	0.000000000	0.000000000	0.000000000	0.000000000
2.166166166	0.000000000	0.000000000	0.000000000	0.000000000	0.000000000	0.000000000
2.173173173	0.000000000	0.000000000	0.000000000	0.000000000	0.000000000	0.000000000
2.180180180	0.000000000	0.000000000	0.000000000	0.000000000	0.000000000	0.000000000
2.187187187	0.000000000	0.000000000	0.000000000	0.000000000	0.000000000	0.000000000
2.194194194	0.000000000	0.000000000	0.000000000	0.000000000	0.000000000	0.000000000
2.201201201	0.000000000	0.000000000	0.000000000	0.000000000	0.000000000	0.000000000
2.208208208	0.000000000	0.000000000	0.000000000	0.000000000	0.000000000	0.000000000
2.215215215	0.000000000	0.000000000	0.000000000	0.000000000	0.000000000	0.000000000
2.222222222	0.000000000	0.000000000	0.000000000	0.000000000	0.000000000	0.000000000
2.229229229	0.000000000	0.000000000	0.000000000	0.000000000	0.000000000	0.000000000
2.236236236	0.000000000	0.000000000	0.000000000	0.000000000	0.000000000	0.000000000
2.243243243	0.000000000	0.000000000	0.000000000	0.000000000	0.000000000	0.000000000
2.250250250	0.000000000	0.000000000	0.000000000	0.000000000	0.000000000	0.000000000
2.257257257	0.000000000	0.000000000	0.000000000	0.000000000	0.000000000	0.000000000
2.264264264	0.000000000	0.000000000	0.000000000	0.000000000	0.000000000	0.000000000
2.271271271	0.000000000	0.000000000	0.000000000	0.000000000	0.000000000	0.000000000
2.278278278	0.000000000	0.000000000	0.000000000	0.000000000	0.000000000	0.000000000
2.285285285	0.000000000	0.000000000	0.000000000	0.000000000	0.000000000	0.000000000
2.292292292	0.000000000	0.000000000	0.000000000	0.000000000	0.000000000	0.000000000
2.299299299	0.000000000	0.000000000	0.000000000	0.000000000	0.000000000	0.000000000
2.306306306	0.000000000	0.000000000	0.000000000	0.000000000	0.000000000	0.000000000
2.313313313	0.000000000	0.000000000	0.000000000	0.000000000	0.000000000	0.000000000
2.320320320	0.000000000	0.000000000	0.000000000	0.000000000	0.000000000	0.000000000
2.327327327	0.000000000	0.000000000	0.000000000	0.000000000	0.000000000	0.000000000
2.334334334	0.000000000	0.000000000	0.000000000	0.000000000	0.000000000	0.000000000
2.341341341	0.000000000	0.000000000	0.000000000	0.000000000	0.000000000	0.000000000
2.348348348	0.000000000	0.000000000	0.000000000	0.000000000	0.000000000	0.000000000
2.355355355	0.000000000	0.000000000	0.000000000	0.000000000	0.000000000	0.000000000
2.362362362	0.000000000	0.000000000	0.000000000	0.000000000	0.000000000	0.000000000
2.369369369	0.000000000	0.000000000	0.000000000	0.000000000	0.000000000	0.000000000
2.376376376	0.000000000	0.000000000	0.000000000	0.000000000	0.000000000	0.000000000
2.383383383	0.000000000	0.000000000	0.000000000	0.000000000	0.000000000	0.000000000
2.390390390	0.000000000	0.000000000	0.000000000	0.000000000	0.000000000	0.000000000
2.397397397	0.000000000	0.000000000	0.000000000	0.000000000	0.000000000	0.000000000
2.404404404	0.000000000	0.000000000	0.000000000	0.000000000	0.000000000	0.000000000
2.411411411	0.000000000	0.000000000	0.000000000	0.000000000	0.000000000	0.000000000
2.418418418	0.000000000	0.000000000	0.000000000	0.000000000	0.000000000	0.000000000
2.425425425	0.000000000	0.000000000	0.000000000	0.000000000	0.000000000	0.000000000
2.432432432	0.000000000	0.000000000	0.000000000	0.000000000	0.000000000	0.000000000
2.439439439	0.000000000	0.000000000	0.000000000	0.000000000	0.000000000	0.000000000
2.446446446	0.000000000	0.000000000	0.000000000	0.000000000	0.000000000	0.000000000
2.453453453	0.000000000	0.000000000	0.000000000	0.000000000	0.000000000	0.000000000
2.460460460	0.000000000	0.000000000	0.000000000	0.000000000	0.000000000	0.000000000
2.467467467	0.000000000	0.000000000	0.000000000	0.000000000	0.000000000	0.000000000
2.474474474	0.000000000	0.000000000	0.000000000	0.000000000	0.000000000	0.000000000
2.481481481	0.000000000	0.000000000	0.000000000	0.000000000	0.000000000	0.000000000
2.488488488	0.000000000	0.000000000	0.000000000	0.000000000	0.000000000	0.000000000
2.495495495	0.000000000	0.000000000	0.000000000	0.000000000	0.000000000	0.000000000
2.502502503	0.000000000	0.000000000	0.000000000	0.000000000	0.000000000	0.000000000
2.509509510	0.000000000	0.000000000	0.000000000	0.000000000	0.000000000	0.000000000
2.516516517	0.000000000	0.000000000	0.000000000	0.000000000	0.000000000	0.000000000
2.523523524	0.000000000	0.000000000	0.000000000	0.000000000	0.000000000	0.000000000
2.530530531	0.000000000	0.000000000	0.000000000	0.000000000	0.000000000	0.000000000
2.537537538	0.000000000	0.000000000	0.000000000	0.000000000	0.000000000	0.000000000
2.544544545	0.000000000	0.000000000	0.000000000	0.000000000	0.000000000	0.000000000
2.551551552	0.000000000	0.000000000	0.000000000	0.000000000	0.000000000	0.000000000
2.558558559	0.000000000	0.000000000	0.000000000	0.000000000	0.000000000	0.000000000
2.565565566	0.000000000	0.000000000	0.000000000	0.000000000	0.000000000	0.000000000
2.572572573	0.000000000	0.000000000	0.000000000	0.000000000	0.000000000	0.000000000
2.579579580	0.000000000	0.000000000	0.000000000	0.000000000	0.000000000	0.000000000
2.586586587	0.000000000	0.000000000	0.000000000	0.000000000	0.000000000	0.000000000
2.593593594	0.000000000	0.000000000	0.000000000	0.000000000	0.000000000	0.000000000
2.600600601	0.000000000	0.000000000	0.000000000	0.000000000	0.000000000	0.000000000
2.607607608	0.000000000	0.000000000	0.000000000	0.000000000	0.000000000	0.000000000
2.614614615	0.000000000	0.000000000	0.000000000	0.000000000	0.000000000	0.000000000
2.621621622	0.000000000	0.000000000	0.000000000	0.000000000	0.000000000	0.000000000
2.628628629	0.000000000	0.000000000	0.000000000	0.000000000	0.000000000	0.000000000
2.635635636	0.000000000	0.000000000	0.000000000	0.000000000	0.000000000	0.000000000
2.642642643	0.000000000	0.000000000	0.000000000	0.000000000	0.000000000	0.000000000
2.649649650	0.000000000	0.000000000	0.000000000	0.000000000	0.000000000	0.000000000
2.656656657	0.000000000	0.000000000	0.000000000	0.000000000	0.000000000	0.000000000
2.663663664	0.000000000	0.000000000	0.000000000	0.000000000	0.000000000	0.000000000
2.670670671	0.000000000	0.000000000	0.000000000	0.000000000	0.000000000	0.000000000
2.677677678	0.000000000	0.000000000	0.000000000	0.000000000	0.000000000	0.000000000
2.684684685	0.000000000	0.000000000	0.000000000	0.000000000	0.000000000	0.000000000
2.691691692	0.000000000	0.000000000	0.000000000	0.000000000	0.000000000	0.000000000
2.698698699	0.000000000	0.000000000	0.000000000	0.000000000	0.000000000	0.000000000
2.705705706	0.000000000	0.000000000	0.000000000	0.000000000	0.000000000	0.000000000
2.712712713	0.000000000	0.000000000	0.000000000	0.000000000	0.000000000	0.000000000
2.719719720	0.000000000	0.000000000	0.000000000	0.000000000	0.000000000	0.000000000
2.726726727	0.000000000	0.000000000	0.000000000	0.000000000	0.000000000	0.000000000
2.733733734	0.000000000	0.000000000	0.000000000	0.000000000	0.000000000	0.000000000
2.740740741	0.000000000	0.000000000	0.000000000	0.000000000	0.000000000	0.000000000
2.747747748	0.000000000	0.000000000	0.000000000	0.000000000	0.000000000	0.000000000
2.754754755	0.000000000	0.000000000	0.000000000	0.000000000	0.000000000	0.000000000
2.761761762	0.000000000	0.000000000	0.000000000	0.000000000	0.000000000	0.000000000
2.768768769	0.000000000	0.000000000	0.000000000	0.000000000	0.000000000	0.000000000
2.775775776	0.000000000	0.000000000	0.000000000	0.000000000	0.000000000	0.000000000
2.782782783	0.000000000	0.000000000	0.000000000	0.000000000	0.000000000	0.000000000
2.789789790	0.000000000	0.000000000	0.000000000	0.000000000	0.000000000	0.000000000
2.796796797	0.000000000	0.000000000	0.000000000	0.000000000	0.000000000	0.000000000
2.803803804	0.000000000	0.000000000	0.000000000	0.000000000	0.000000000	0.000000000
2.810810811	0.000000000	0.000000000	0.000000000	0.000000000	0.000000000	0.000000000
2.817817818	0.000000000	0.000000000	0.000000000	0.000000000	0.000000000	0.000000000
2.824824825	0.000000000	0.000000000	0.000000000	0.000000000	0.000000000	0.000000000
2.831831832	0.000000000	0.000000000	0.000000000	0.000000000	0.000000000	0.000000000
2.838838839	0.000000000	0.000000000	0.000000000	0.000000000	0.000000000	0.000000000
2.845845846	0.000000000	0.000000000	0.000000000	0.000000000	0.000000000	0.000000000
2.852852853	0.000000000	0.000000000	0.000000000	0.000000000	0.000000000	0.000000000
2.859859860	0.000000000	0.000000000	0.000000000	0.000000000	0.000000000	0.000000000
2.866866867	0.000000000	0.000000000	0.000000000	0.000000000	0.000000000	0.000000000
2.873873874	0.000000000	0.000000000	0.000000000	0.000000000	0.000000000	0.000000000
2.880880881	0.000000000	0.000000000	0.000000000	0.000000000	0.000000000	0.000000000
2.887887888	0.000000000	0.000000000	0.000000000	0.000000000	0.000000000	0.000000000
2.894894895	0.000000000	0.000000000	0.000000000	0.000000000	0.000000000	0.000000000
2.901901902	0.000000000	0.000000000	0.000000000	0.000000000	0.000000000	0.000000000
2.908908909	0.000000000	0.000000000	0.000000000	0.000000000	0.000000000	0.000000000
2.915915916	0.000000000	0.000000000	0.000000000	0.000000000	0.000000000	0.000000000
2.922922923	0.000000000	0.000000000	0.000000000	0.000000000	0.000000000	0.000000000
2.929929930	0.000000000	0.000000000	0.000000000	0.000000000	0.000000000	0.000000000
2.936936937	0.000000000	0.000000000	0.000000000	0.000000000	0.000000000	0.000000000
2.943943944	0.000000000	0.000000000	0.000000000	0.000000000	0.000000000	0.000000000
2.950950951	0.000000000	0.000000000	0.000000000	0.000000000	0.000000000	0.000000000
2.957957958	0.000000000	0.000000000	0.000000000	0.000000000	0.000000000	0.000000000
2.964964965	0.000000000	0.000000000	0.000000000	0.000000000	0.000000000	0.000000000
2.971971972	0.000000000	0.000000000	0.000000000	0.000000000	0.000000000	0.000000000
2.978978979	0.000000000	0.000000000	0.000000000	0.000000000	0.000000000	0.000000000
2.985985986	0.000000000	0.000000000	0.000000000	0.000000000	0.000000000	0.000000000
2.992992993	0.000000000	0.000000000	0.000000000	0.000000000	0.000000000	0.000000000
3.000000000	0.000000000	0.000000000	0.000000000	0.000000000	0.000000000	0.000000000
