-4.000000000	0.005949873	0.002820988	0.005518271	0.003344554	0.006830913	0.004036740
-3.992992993	0.006056616	0.002879076	0.005649026	0.003404991	0.006928970	0.004114878
-3.985985986	0.006165164	0.002938298	0.005782632	0.003466486	0.007028393	0.004194454
-3.978978979	0.006275545	0.002998674	0.005919147	0.003529057	0.007129202	0.004275492
-3.971971972	0.006387789	0.003060224	0.006058626	0.003592722	0.007231413	0.004358018
-3.964964965	0.006501924	0.003122972	0.006201127	0.003657500	0.007335047	0.004442057
-3.957957958	0.006617980	0.003186937	0.006346708	0.003723409	0.007440122	0.004527635
-3.950950951	0.006735986	0.003252142	0.006495429	0.003790467	0.007546658	0.004614779
-3.943943944	0.006855973	0.003318610	0.006647351	0.003858696	0.007654674	0.004703516
-3.936936937	0.006977971	0.003386363	0.006802534	0.003928113	0.007764189	0.004793872
-3.929929930	0.007102012	0.003455425	0.006961042	0.003998739	0.007875224	0.004885875
-3.922922923	0.007228127	0.003525819	0.007122937	0.004070594	0.007987800	0.004979555
-3.915915916	0.007356348	0.003597569	0.007288284	0.004143699	0.008101935	0.005074938
-3.908908909	0.007486708	0.003670699	0.007457149	0.004218074	0.008217652	0.005172054
-3.901901902	0.007619239	0.003745234	0.007629598	0.004293741	0.008334971	0.005270932
-3.894894895	0.007753974	0.003821200	0.007805698	0.004370721	0.008453914	0.005371602
-3.887887888	0.007890948	0.003898621	0.007985518	0.004449036	0.008574502	0.005474095
-3.880880881	0.008030194	0.003977524	0.008169128	0.004528708	0.008696756	0.005578442
-3.873873874	0.008171748	0.004057935	0.008356598	0.004609760	0.008820700	0.005684673
-3.866866867	0.008315644	0.004139881	0.008548001	0.004692215	0.008946355	0.005792820
-3.859859860	0.008461918	0.004223388	0.008743409	0.004776096	0.009073745	0.005902916
-3.852852853	0.008610606	0.004308486	0.008942896	0.004861426	0.009202891	0.006014993
-3.845845846	0.008761744	0.004395201	0.009146537	0.004948230	0.009333817	0.006129084
-3.838838839	0.008915370	0.004483563	0.009354409	0.005036532	0.009466547	0.006245224
-3.831831832	0.009071522	0.004573599	0.009566589	0.005126357	0.009601104	0.006363445
-3.824824825	0.009230236	0.004665341	0.009783155	0.005217730	0.009737513	0.006483785
-3.817817818	0.009391552	0.004758817	0.010004188	0.005310676	0.009875798	0.006606276
-3.810810811	0.009555509	0.004854058	0.010229768	0.005405221	0.010015983	0.006730956
-3.803803804	0.009722145	0.004951096	0.010459977	0.005501392	0.010158094	0.006857860
-3.796796797	0.009891503	0.005049960	0.010694899	0.005599216	0.010302155	0.006987025
-3.789789790	0.010063621	0.005150684	0.010934618	0.005698719	0.010448193	0.007118489
-3.782782783	0.010238541	0.005253299	0.011179220	0.005799929	0.010596234	0.007252290
-3.775775776	0.010416304	0.005357838	0.011428792	0.005902874	0.010746303	0.007388466
-3.768768769	0.010596954	0.005464336	0.011683422	0.006007583	0.010898427	0.007527056
-3.761761762	0.010780531	0.005572824	0.011943199	0.006114085	0.011052633	0.007668101
-3.754754755	0.010967081	0.005683339	0.012208214	0.006222408	0.011208948	0.007811639
-3.747747748	0.011156646	0.005795914	0.012478559	0.006332583	0.011367400	0.007957713
-3.740740741	0.011349271	0.005910586	0.012754327	0.006444639	0.011528017	0.008106364
-3.733733734	0.011545000	0.006027390	0.013035613	0.006558608	0.011690826	0.008257632
-3.726726727	0.011743880	0.006146363	0.013322513	0.006674521	0.011855857	0.008411563
-3.719719720	0.011945956	0.006267542	0.013615123	0.006792408	0.012023138	0.008568197
-3.712712713	0.012151275	0.006390965	0.013913542	0.006912303	0.012192698	0.008727580
-3.705705706	0.012359884	0.006516669	0.014217870	0.007034238	0.012364567	0.008889757
-3.698698699	0.012571832	0.006644695	0.014528207	0.007158246	0.012538775	0.009054771
-3.691691692	0.012787165	0.006775080	0.014844657	0.007284361	0.012715353	0.009222669
-3.684684685	0.013005934	0.006907866	0.015167322	0.007412616	0.012894331	0.009393498
-3.677677678	0.013228188	0.007043092	0.015496308	0.007543047	0.013075739	0.009567304
-3.670670671	0.013453977	0.007180800	0.015831722	0.007675687	0.013259610	0.009744135
-3.663663664	0.013683352	0.007321033	0.016173670	0.007810574	0.013445975	0.009924041
-3.656656657	0.013916364	0.007463831	0.016522262	0.007947744	0.013634866	0.010107069
-3.649649650	0.014153066	0.007609239	0.016877610	0.008087232	0.013826316	0.010293271
-3.642642643	0.014393510	0.007757299	0.017239823	0.008229077	0.014020358	0.010482695
-3.635635636	0.014637749	0.007908057	0.017609017	0.008373316	0.014217025	0.010675395
-3.628628629	0.014885838	0.008061558	0.017985304	0.008519987	0.014416351	0.010871421
-3.621621622	0.015137831	0.008217846	0.018368803	0.008669131	0.014618369	0.011070827
-3.614614615	0.015393783	0.008376969	0.018759629	0.008820785	0.014823115	0.011273665
-3.607607608	0.015653750	0.008538973	0.019157902	0.008974990	0.015030624	0.011479991
-3.600600601	0.015917788	0.008703906	0.019563742	0.009131788	0.015240930	0.011689858
-3.593593594	0.016185956	0.008871816	0.019977271	0.009291219	0.015454069	0.011903324
-3.586586587	0.016458310	0.009042753	0.020398612	0.009453326	0.015670078	0.012120443
-3.579579580	0.016734910	0.009216766	0.020827888	0.009618151	0.015888993	0.012341273
-3.572572573	0.017015814	0.009393906	0.021265228	0.009785737	0.016110851	0.012565873
-3.565565566	0.017301082	0.009574224	0.021710756	0.009956128	0.016335690	0.012794300
-3.558558559	0.017590776	0.009757771	0.022164603	0.010129368	0.016563547	0.013026616
-3.551551552	0.017884955	0.009944601	0.022626898	0.010305503	0.016794461	0.013262879
-3.544544545	0.018183683	0.010134767	0.023097773	0.010484579	0.017028470	0.013503151
-3.537537538	0.018487022	0.010328323	0.023577361	0.010666642	0.017265614	0.013747494
-3.530530531	0.018795035	0.010525324	0.024065797	0.010851739	0.017505932	0.013995971
-3.523523524	0.019107787	0.010725825	0.024563215	0.011039918	0.017749465	0.014248646
-3.516516517	0.019425342	0.010929883	0.025069754	0.011231227	0.017996253	0.014505583
-3.509509510	0.019747765	0.011137556	0.025585553	0.011425717	0.018246336	0.014766847
-3.502502503	0.020075123	0.011348901	0.026110750	0.011623435	0.018499758	0.015032504
-3.495495495	0.020407483	0.011563977	0.026645488	0.011824435	0.018756558	0.015302622
-3.488488488	0.020744913	0.011782844	0.027189910	0.012028766	0.019016781	0.015577268
-3.481481481	0.021087481	0.012005562	0.027744159	0.012236481	0.019280468	0.015856512
-3.474474474	0.021435255	0.012232192	0.028308382	0.012447632	0.019547663	0.016140422
-3.467467467	0.021788307	0.012462797	0.028882725	0.012662274	0.019818411	0.016429070
-3.460460460	0.022146706	0.012697439	0.029467336	0.012880461	0.020092755	0.016722527
-3.453453453	0.022510525	0.012936182	0.030062367	0.013102248	0.020370741	0.017020865
-3.446446446	0.022879834	0.013179092	0.030667966	0.013327690	0.020652413	0.017324157
-3.439439439	0.023254707	0.013426232	0.031284288	0.013556846	0.020937818	0.017632479
-3.432432432	0.023635218	0.013677670	0.031911486	0.013789771	0.021227002	0.017945904
-3.425425425	0.024021441	0.013933473	0.032549715	0.014026525	0.021520012	0.018264509
-3.418418418	0.024413452	0.014193709	0.033199131	0.014267167	0.021816896	0.018588371
-3.411411411	0.024811325	0.014458447	0.033859892	0.014511756	0.022117701	0.018917569
-3.404404404	0.025215138	0.014727756	0.034532158	0.014760354	0.022422475	0.019252180
-3.397397397	0.025624968	0.015001708	0.035216087	0.015013022	0.022731269	0.019592285
-3.390390390	0.026040894	0.015280375	0.035911843	0.015269823	0.023044132	0.019937965
-3.383383383	0.026462994	0.015563828	0.036619587	0.015530820	0.023361113	0.020289301
-3.376376376	0.026891348	0.015852142	0.037339483	0.015796078	0.023682263	0.020646377
-3.369369369	0.027326037	0.016145391	0.038071698	0.016065661	0.024007634	0.021009276
-3.362362362	0.027767143	0.016443651	0.038816396	0.016339637	0.024337277	0.021378084
-3.355355355	0.028214746	0.016746997	0.039573746	0.016618071	0.024671245	0.021752885
-3.348348348	0.028668931	0.017055508	0.040343916	0.016901031	0.025009590	0.022133767
-3.341341341	0.029129780	0.017369261	0.041127076	0.017188588	0.025352366	0.022520818
-3.334334334	0.029597379	0.017688336	0.041923397	0.017480809	0.025699627	0.022914126
-3.327327327	0.030071812	0.018012814	0.042733050	0.017777767	0.026051428	0.023313782
-3.320320320	0.030553166	0.018342774	0.043556209	0.018079532	0.026407824	0.023719877
-3.313313313	0.031041527	0.018678301	0.044393047	0.018386178	0.026768870	0.024132502
-3.306306306	0.031536983	0.019019476	0.045243740	0.018697778	0.027134623	0.024551751
-3.299299299	0.032039623	0.019366384	0.046108463	0.019014406	0.027505140	0.024977717
-3.292292292	0.032549535	0.019719111	0.046987393	0.019336139	0.027880478	0.025410497
-3.285285285	0.033066810	0.020077743	0.047880708	0.019663053	0.028260696	0.025850185
-3.278278278	0.033591539	0.020442366	0.048788586	0.019995225	0.028645852	0.026296881
-3.271271271	0.034123812	0.020813070	0.049711206	0.020332734	0.029036006	0.026750681
-3.264264264	0.034663723	0.021189944	0.050648749	0.020675661	0.029431218	0.027211686
-3.257257257	0.035211364	0.021573078	0.051601396	0.021024085	0.029831548	0.027679995
-3.250250250	0.035766829	0.021962564	0.052569328	0.021378088	0.030237058	0.028155712
-3.243243243	0.036330214	0.022358495	0.053552727	0.021737755	0.030647809	0.028638938
-3.236236236	0.036901613	0.022760963	0.054551776	0.022103167	0.031063865	0.029129777
-3.229229229	0.037481122	0.023170064	0.055566659	0.022474412	0.031485287	0.029628334
-3.222222222	0.038068840	0.023585893	0.056597559	0.022851574	0.031912140	0.030134716
-3.215215215	0.038664863	0.024008547	0.057644662	0.023234741	0.032344489	0.030649029
-3.208208208	0.039269290	0.024438125	0.058708151	0.023624001	0.032782398	0.031171381
-3.201201201	0.039882220	0.024874725	0.059788212	0.024019445	0.033225933	0.031701883
-3.194194194	0.040503754	0.025318447	0.060885030	0.024421162	0.033675161	0.032240644
-3.187187187	0.041133992	0.025769392	0.061998792	0.024829245	0.034130148	0.032787777
-3.180180180	0.041773036	0.026227663	0.063129684	0.025243787	0.034590963	0.033343393
-3.173173173	0.042420988	0.026693364	0.064277892	0.025664881	0.035057673	0.033907607
-3.166166166	0.043077952	0.027166598	0.065443601	0.026092624	0.035530348	0.034480534
-3.159159159	0.043744030	0.027647471	0.066627000	0.026527111	0.036009057	0.035062289
-3.152152152	0.044419328	0.028136090	0.067828273	0.026968441	0.036493871	0.035652990
-3.145145145	0.045103951	0.028632563	0.069047608	0.027416712	0.036984861	0.036252756
-3.138138138	0.045798005	0.029136999	0.070285190	0.027872026	0.037482098	0.036861706
-3.131131131	0.046501596	0.029649508	0.071541206	0.028334482	0.037985656	0.037479959
-3.124124124	0.047214832	0.030170200	0.072815841	0.028804184	0.038495606	0.038107639
-3.117117117	0.047937821	0.030699190	0.074109281	0.029281237	0.039012024	0.038744868
-3.110110110	0.048670672	0.031236589	0.075421710	0.029765744	0.039534984	0.039391769
-3.103103103	0.049413494	0.031782513	0.076753314	0.030257813	0.040064560	0.040048468
-3.096096096	0.050166397	0.032337077	0.078104276	0.030757552	0.040600829	0.040715090
-3.089089089	0.050929491	0.032900398	0.079474779	0.031265068	0.041143867	0.041391764
-3.082082082	0.051702890	0.033472594	0.080865006	0.031780474	0.041693752	0.042078617
-3.075075075	0.052486703	0.034053785	0.082275138	0.032303880	0.042250562	0.042775779
-3.068068068	0.053281045	0.034644090	0.083705357	0.032835400	0.042814376	0.043483381
-3.061061061	0.054086028	0.035243631	0.085155843	0.033375147	0.043385273	0.044201553
-3.054054054	0.054901766	0.035852530	0.086626773	0.033923238	0.043963332	0.044930429
-3.047047047	0.055728374	0.036470912	0.088118327	0.034479789	0.044548637	0.045670143
-3.040040040	0.056565966	0.037098900	0.089630680	0.035044919	0.045141267	0.046420829
-3.033033033	0.057414659	0.037736621	0.091164007	0.035618748	0.045741305	0.047182623
-3.026026026	0.058274568	0.038384201	0.092718482	0.036201396	0.046348834	0.047955662
-3.019019019	0.059145810	0.039041770	0.094294277	0.036792986	0.046963939	0.048740085
-3.012012012	0.060028502	0.039709455	0.095891563	0.037393642	0.047586704	0.049536030
-3.005005005	0.060922763	0.040387388	0.097510509	0.038003490	0.048217213	0.050343637
-2.997997998	0.061828709	0.041075699	0.099151281	0.038622655	0.048855554	0.051163048
-2.990990991	0.062746461	0.041774522	0.100814044	0.039251266	0.049501812	0.051994404
-2.983983984	0.063676136	0.042483990	0.102498961	0.039889452	0.050156076	0.052837848
-2.976976977	0.064617854	0.043204238	0.104206194	0.040537344	0.050818433	0.053693525
-2.969969970	0.065571736	0.043935401	0.105935900	0.041195074	0.051488973	0.054561580
-2.962962963	0.066537901	0.044677616	0.107688236	0.041862777	0.052167785	0.055442159
-2.955955956	0.067516471	0.045431022	0.109463355	0.042540587	0.052854960	0.056335407
-2.948948949	0.068507566	0.046195757	0.111261408	0.043228640	0.053550588	0.057241475
-2.941941942	0.069511308	0.046971961	0.113082544	0.043927076	0.054254762	0.058160509
-2.934934935	0.070527819	0.047759775	0.114926907	0.044636032	0.054967574	0.059092660
-2.927927928	0.071557220	0.048559343	0.116794641	0.045355651	0.055689118	0.060038079
-2.920920921	0.072599633	0.049370805	0.118685885	0.046086074	0.056419487	0.060996916
-2.913913914	0.073655182	0.050194307	0.120600774	0.046827446	0.057158778	0.061969323
-2.906906907	0.074723988	0.051029995	0.122539441	0.047579911	0.057907084	0.062955455
-2.899899900	0.075806175	0.051878013	0.124502016	0.048343616	0.058664503	0.063955464
-2.892892893	0.076901865	0.052738508	0.126488623	0.049118710	0.059431131	0.064969505
-2.885885886	0.078011183	0.053611630	0.128499385	0.049905342	0.060207067	0.065997733
-2.878878879	0.079134250	0.054497527	0.130534419	0.050703664	0.060992408	0.067040305
-2.871871872	0.080271191	0.055396348	0.132593839	0.051513827	0.061787254	0.068097377
-2.864864865	0.081422128	0.056308245	0.134677754	0.052335987	0.062591705	0.069169107
-2.857857858	0.082587186	0.057233369	0.136786270	0.053170298	0.063405861	0.070255652
-2.850850851	0.083766486	0.058171872	0.138919488	0.054016917	0.064229824	0.071357171
-2.843843844	0.084960154	0.059123909	0.141077502	0.054876004	0.065063695	0.072473824
-2.836836837	0.086168311	0.060089632	0.143260405	0.055747717	0.065907579	0.073605770
-2.829829830	0.087391082	0.061069198	0.145468282	0.056632218	0.066761577	0.074753169
-2.822822823	0.088628588	0.062062762	0.147701216	0.057529671	0.067625794	0.075916182
-2.815815816	0.089880953	0.063070480	0.149959280	0.058440239	0.068500335	0.077094971
-2.808808809	0.091148299	0.064092510	0.152242547	0.059364087	0.069385306	0.078289697
-2.801801802	0.092430748	0.065129010	0.154551081	0.060301384	0.070280812	0.079500523
-2.794794795	0.093728423	0.066180138	0.156884941	0.061252298	0.071186961	0.080727610
-2.787787788	0.095041444	0.067246054	0.159244181	0.062216998	0.072103860	0.081971121
-2.780780781	0.096369934	0.068326918	0.161628846	0.063195656	0.073031617	0.083231219
-2.773773774	0.097714012	0.069422890	0.164038980	0.064188445	0.073970341	0.084508067
-2.766766767	0.099073800	0.070534132	0.166474615	0.065195539	0.074920142	0.085801830
-2.759759760	0.100449417	0.071660805	0.168935780	0.066217114	0.075881130	0.087112670
-2.752752753	0.101840981	0.072803072	0.171422496	0.067253346	0.076853415	0.088440750
-2.745745746	0.103248613	0.073961095	0.173934778	0.068304415	0.077837109	0.089786235
-2.738738739	0.104672429	0.075135038	0.176472633	0.069370499	0.078832324	0.091149289
-2.731731732	0.106112547	0.076325064	0.179036060	0.070451780	0.079839173	0.092530074
-2.724724725	0.107569084	0.077531337	0.181625053	0.071548439	0.080857768	0.093928754
-2.717717718	0.109042155	0.078754022	0.184239596	0.072660662	0.081888224	0.095345493
-2.710710711	0.110531876	0.079993283	0.186879667	0.073788631	0.082930655	0.096780453
-2.703703704	0.112038359	0.081249286	0.189545234	0.074932535	0.083985176	0.098233799
-2.696696697	0.113561719	0.082522194	0.192236260	0.076092560	0.085051902	0.099705691
-2.689689690	0.115102066	0.083812174	0.194952697	0.077268894	0.086130949	0.101196293
-2.682682683	0.116659513	0.085119391	0.197694489	0.078461728	0.087222434	0.102705766
-2.675675676	0.118234169	0.086444012	0.200461572	0.079671253	0.088326474	0.104234271
-2.668668669	0.119826142	0.087786200	0.203253874	0.080897661	0.089443187	0.105781969
-2.661661662	0.121435540	0.089146122	0.206071311	0.082141146	0.090572690	0.107349020
-2.654654655	0.123062469	0.090523945	0.208913793	0.083401901	0.091715103	0.108935584
-2.647647648	0.124707034	0.091919832	0.211781219	0.084680122	0.092870543	0.110541818
-2.640640641	0.126369338	0.093333950	0.214673479	0.085976007	0.094039131	0.112167881
-2.633633634	0.128049484	0.094766463	0.217590454	0.087289752	0.095220985	0.113813930
-2.626626627	0.129747570	0.096217538	0.220532012	0.088621556	0.096416228	0.115480120
-2.619619620	0.131463697	0.097687337	0.223498016	0.089971619	0.097624978	0.117166606
-2.612612613	0.133197961	0.099176026	0.226488314	0.091340142	0.098847357	0.118873542
-2.605605606	0.134950457	0.100683769	0.229502746	0.092727325	0.100083487	0.120601079
-2.598598599	0.136721279	0.102210729	0.232541142	0.094133370	0.101333488	0.122349371
-2.591591592	0.138510518	0.103757068	0.235603319	0.095558482	0.102597484	0.124118565
-2.584584585	0.140318264	0.105322949	0.238689084	0.097002863	0.103875595	0.125908811
-2.577577578	0.142144605	0.106908534	0.241798235	0.098466719	0.105167945	0.127720255
-2.570570571	0.143989626	0.108513983	0.244930556	0.099950253	0.106474657	0.129553043
-2.563563564	0.145853410	0.110139457	0.248085821	0.101453673	0.107795853	0.131407317
-2.556556557	0.147736039	0.111785114	0.251263791	0.102977185	0.109131657	0.133283219
-2.549549550	0.149637590	0.113451114	0.254464218	0.104520995	0.110482191	0.135180889
-2.542542543	0.151558142	0.115137612	0.257686839	0.106085311	0.111847580	0.137100465
-2.535535536	0.153497766	0.116844766	0.260931381	0.107670340	0.113227946	0.139042082
-2.528528529	0.155456535	0.118572730	0.264197558	0.109276292	0.114623414	0.141005874
-2.521521522	0.157434517	0.120321658	0.267485072	0.110903374	0.116034108	0.142991970
-2.514514515	0.159431778	0.122091702	0.270793613	0.112551795	0.117460151	0.145000501
-2.507507508	0.161448381	0.123883014	0.274122857	0.114221764	0.118901666	0.147031592
-2.500500501	0.163484387	0.125695743	0.277472468	0.115913491	0.120358778	0.149085367
-2.493493493	0.165539851	0.127530038	0.280842097	0.117627183	0.121831611	0.151161946
-2.486486486	0.167614829	0.129386043	0.284231383	0.119363052	0.123320287	0.153261447
-2.479479479	0.169709372	0.131263905	0.287639950	0.121121304	0.124824931	0.155383985
-2.472472472	0.171823526	0.133163766	0.291067410	0.122902151	0.126345665	0.157529672
-2.465465465	0.173957337	0.135085766	0.294513362	0.124705799	0.127882613	0.159698616
-2.458458458	0.176110844	0.137030045	0.297977391	0.126532457	0.129435898	0.161890922
-2.451451451	0.178284086	0.138996740	0.301459067	0.128382334	0.131005642	0.164106693
-2.444444444	0.180477097	0.140985984	0.304957948	0.130255636	0.132591967	0.166346027
-2.437437437	0.182689905	0.142997910	0.308473578	0.132152571	0.134194997	0.168609018
-2.430430430	0.184922538	0.145032648	0.312005487	0.134073344	0.135814851	0.170895757
-2.423423423	0.187175017	0.147090325	0.315553191	0.136018162	0.137451651	0.173206330
-2.416416416	0.189447361	0.149171066	0.319116192	0.137987229	0.139105519	0.175540820
-2.409409409	0.191739584	0.151274993	0.322693978	0.139980748	0.140776574	0.177899307
-2.402402402	0.194051695	0.153402225	0.326286022	0.141998922	0.142464935	0.180281863
-2.395395395	0.196383701	0.155552879	0.329891784	0.144041953	0.144170722	0.182688558
-2.388388388	0.198735603	0.157727066	0.333510709	0.146110041	0.145894053	0.185119457
-2.381381381	0.201107397	0.159924898	0.337142228	0.148203385	0.147635046	0.187574621
-2.374374374	0.203499075	0.162146482	0.340785758	0.150322182	0.149393817	0.190054104
-2.367367367	0.205910624	0.164391919	0.344440701	0.152466628	0.151170483	0.192557956
-2.360360360	0.208342028	0.166661311	0.348106445	0.154636918	0.152965159	0.195086223
-2.353353353	0.210793263	0.168954754	0.351782363	0.156833242	0.154777959	0.197638943
-2.346346346	0.213264303	0.171272339	0.355467815	0.159055793	0.156608997	0.200216152
-2.339339339	0.215755114	0.173614155	0.359162145	0.161304758	0.158458385	0.202817876
-2.332332332	0.218265658	0.175980288	0.362864684	0.163580323	0.160326234	0.205444139
-2.325325325	0.220795893	0.178370816	0.366574747	0.165882672	0.162212654	0.208094957
-2.318318318	0.223345769	0.180785817	0.370291638	0.168211985	0.164117756	0.210770339
-2.311311311	0.225915233	0.183225362	0.374014643	0.170568443	0.166041645	0.213470291
-2.304304304	0.228504224	0.185689517	0.377743036	0.172952220	0.167984429	0.216194809
-2.297297297	0.231112676	0.188178346	0.381476076	0.175363489	0.169946213	0.218943884
-2.290290290	0.233740518	0.190691907	0.385213010	0.177802420	0.171927100	0.221717500
-2.283283283	0.236387672	0.193230250	0.388953068	0.180269180	0.173927193	0.224515635
-2.276276276	0.239054055	0.195793426	0.392695467	0.182763932	0.175946591	0.227338257
-2.269269269	0.241739575	0.198381474	0.396439413	0.185286835	0.177985394	0.230185329
-2.262262262	0.244444136	0.200994434	0.400184096	0.187838046	0.180043700	0.233056807
-2.255255255	0.247167636	0.203632335	0.403928693	0.190417716	0.182121603	0.235952638
-2.248248248	0.249909965	0.206295204	0.407672367	0.193025993	0.184219197	0.238872761
-2.241241241	0.252671007	0.208983060	0.411414269	0.195663021	0.186336573	0.241817108
-2.234234234	0.255450639	0.211695918	0.415153537	0.198328938	0.188473822	0.244785601
-2.227227227	0.258248730	0.214433785	0.418889296	0.201023880	0.190631031	0.247778157
-2.220220220	0.261065144	0.217196662	0.422620658	0.203747977	0.192808284	0.250794681
-2.213213213	0.263899737	0.219984545	0.426346724	0.206501353	0.195005666	0.253835070
-2.206206206	0.266752357	0.222797422	0.430066582	0.209284127	0.197223257	0.256899215
-2.199199199	0.269622846	0.225635275	0.433779308	0.212096413	0.199461135	0.259986993
-2.192192192	0.272511037	0.228498078	0.437483966	0.214938321	0.201719376	0.263098277
-2.185185185	0.275416757	0.231385799	0.441179609	0.217809952	0.203998054	0.266232926
-2.178178178	0.278339825	0.234298398	0.444865281	0.220711403	0.206297239	0.269390792
-2.171171171	0.281280051	0.237235828	0.448540012	0.223642765	0.208616999	0.272571716
-2.164164164	0.284237238	0.240198035	0.452202824	0.226604122	0.210957398	0.275775531
-2.157157157	0.287211182	0.243184956	0.455852726	0.229595549	0.213318500	0.279002057
-2.150150150	0.290201668	0.246196521	0.459488721	0.232617118	0.215700363	0.282251106
-2.143143143	0.293208476	0.249232652	0.463109800	0.235668891	0.218103042	0.285522478
-2.136136136	0.296231375	0.252293261	0.466714946	0.238750923	0.220526591	0.288815963
-2.129129129	0.299270129	0.255378255	0.470303131	0.241863263	0.222971058	0.292131340
-2.122122122	0.302324490	0.258487529	0.473873323	0.245005951	0.225436489	0.295468377
-2.115115115	0.305394203	0.261620970	0.477424478	0.248179016	0.227922928	0.298826831
-2.108108108	0.308479004	0.264778459	0.480955547	0.251382484	0.230430411	0.302206446
-2.101101101	0.311578621	0.267959864	0.484465472	0.254616368	0.232958975	0.305606957
-2.094094094	0.314692772	0.271165045	0.487953191	0.257880674	0.235508649	0.309028086
-2.087087087	0.317821167	0.274393854	0.491417633	0.261175397	0.238079462	0.312469542
-2.080080080	0.320963506	0.277646132	0.494857724	0.264500525	0.240671435	0.315931024
-2.073073073	0.324119481	0.280921710	0.498272382	0.267856035	0.243284588	0.319412217
-2.066066066	0.327288773	0.284220410	0.501660523	0.271241893	0.245918935	0.322912794
-2.059059059	0.330471055	0.287542043	0.505021057	0.274658055	0.248574486	0.326432417
-2.052052052	0.333665991	0.290886411	0.508352892	0.278104468	0.251251246	0.329970734
-2.045045045	0.336873235	0.294253304	0.511654931	0.281581065	0.253949216	0.333527379
-2.038038038	0.340092431	0.297642502	0.514926075	0.285087771	0.256668391	0.337101974
-2.031031031	0.343323215	0.301053775	0.518165224	0.288624498	0.259408764	0.340694129
-2.024024024	0.346565210	0.304486881	0.521371277	0.292191146	0.262170318	0.344303438
-2.017017017	0.349818033	0.307941566	0.524543130	0.295787602	0.264953037	0.347929484
-2.010010010	0.353081290	0.311417568	0.527679680	0.299413742	0.267756893	0.351571836
-2.003003003	0.356354576	0.314914610	0.530779824	0.303069428	0.270581859	0.355230047
-1.995995996	0.359637477	0.318432404	0.533842462	0.306754511	0.273427898	0.358903660
-1.988988989	0.362929569	0.321970653	0.536866493	0.310468827	0.276294968	0.362592199
-1.981981982	0.366230419	0.325529044	0.539850819	0.314212197	0.279183023	0.366295179
-1.974974975	0.369539581	0.329107256	0.542794347	0.317984430	0.282092010	0.370012097
-1.967967968	0.372856603	0.332704952	0.545695984	0.321785321	0.285021869	0.373742437
-1.960960961	0.376181019	0.336321786	0.548554644	0.325614648	0.287972535	0.377485670
-1.953953954	0.379512356	0.339957396	0.551369246	0.329472175	0.290943936	0.381241249
-1.946946947	0.382850129	0.343611410	0.554138713	0.333357651	0.293935993	0.385008615
-1.939939940	0.386193844	0.347283442	0.556861975	0.337270810	0.296948622	0.388787194
-1.932932933	0.389542995	0.350973093	0.559537969	0.341211368	0.299981731	0.392576397
-1.925925926	0.392897068	0.354679951	0.562165642	0.345179026	0.303035220	0.396375619
-1.918918919	0.396255537	0.358403591	0.564743945	0.349173467	0.306108984	0.400184240
-1.911911912	0.399617867	0.362143576	0.567271842	0.353194358	0.309202910	0.404001628
-1.904904905	0.402983513	0.365899451	0.569748305	0.357241350	0.312316877	0.407827133
-1.897897898	0.406351919	0.369670753	0.572172318	0.361314072	0.315450756	0.411660090
-1.890890891	0.409722518	0.373457001	0.574542874	0.365412140	0.318604413	0.415499820
-1.883883884	0.413094735	0.377257702	0.576858981	0.369535147	0.321777702	0.419345627
-1.876876877	0.416467984	0.381072349	0.579119658	0.373682671	0.324970472	0.423196803
-1.869869870	0.419841668	0.384900420	0.581323937	0.377854268	0.328182564	0.427052623
-1.862862863	0.423215180	0.388741381	0.583470866	0.382049477	0.331413809	0.430912345
-1.855855856	0.426587906	0.392594680	0.585559507	0.386267815	0.334664029	0.434775214
-1.848848849	0.429959219	0.396459755	0.587588938	0.390508780	0.337933040	0.438640460
-1.841841842	0.433328482	0.400336027	0.589558254	0.394771850	0.341220648	0.442507297
-1.834834835	0.436695050	0.404222902	0.591466565	0.399056482	0.344526649	0.446374924
-1.827827828	0.440058267	0.408119773	0.593313001	0.403362110	0.347850831	0.450242524
-1.820820821	0.443417469	0.412026017	0.595096710	0.407688151	0.351192972	0.454109268
-1.813813814	0.446771980	0.415940998	0.596816860	0.412033995	0.354552842	0.457974309
-1.806806807	0.450121116	0.419864064	0.598472638	0.416399014	0.357930199	0.461836786
-1.799799800	0.453464184	0.423794549	0.600063251	0.420782556	0.361324794	0.465695824
-1.792792793	0.456800481	0.427731771	0.601587930	0.425183947	0.364736366	0.469550533
-1.785785786	0.460129296	0.431675033	0.603045925	0.429602488	0.368164644	0.473400009
-1.778778779	0.463449906	0.435623627	0.604436511	0.434037461	0.371609349	0.477243332
-1.771771772	0.466761584	0.439576824	0.605758985	0.438488121	0.375070190	0.481079570
-1.764764765	0.470063589	0.443533885	0.607012670	0.442953700	0.378546864	0.484907775
-1.757757758	0.473355176	0.447494055	0.608196910	0.447433407	0.382039060	0.488726986
-1.750750751	0.476635589	0.451456562	0.609311078	0.451926425	0.385546455	0.492536229
-1.743743744	0.479904065	0.455420622	0.610354571	0.456431915	0.389068714	0.496334515
-1.736736737	0.483159831	0.459385435	0.611326813	0.460949011	0.392605493	0.500120844
-1.729729730	0.486402108	0.463350187	0.612227255	0.465476824	0.396156435	0.503894200
-1.722722723	0.489630109	0.467314047	0.613055374	0.470014437	0.399721173	0.507653557
-1.715715716	0.492843040	0.471276173	0.613810678	0.474560911	0.403299326	0.511397874
-1.708708709	0.496040097	0.475235707	0.614492702	0.479115280	0.406890503	0.515126100
-1.701701702	0.499220474	0.479191774	0.615101010	0.483676551	0.410494302	0.518837170
-1.694694695	0.502383352	0.483143489	0.615635196	0.488243707	0.414110306	0.522530010
-1.687687688	0.505527911	0.487089950	0.616094884	0.492815704	0.417738089	0.526203532
-1.680680681	0.508653321	0.491030242	0.616479728	0.497391472	0.421377210	0.529856638
-1.673673674	0.511758747	0.494963436	0.616789413	0.501969916	0.425027218	0.533488220
-1.666666667	0.514843348	0.498888589	0.617023656	0.506549913	0.428687646	0.537097158
-1.659659660	0.517906279	0.502804745	0.617182205	0.511130314	0.432358019	0.540682325
-1.652652653	0.520946688	0.506710932	0.617264841	0.515709944	0.436037844	0.544242582
-1.645645646	0.523963717	0.510606169	0.617271376	0.520287601	0.439726620	0.547776782
-1.638638639	0.526956506	0.514489459	0.617201655	0.524862057	0.443423828	0.551283769
-1.631631632	0.529924190	0.518359793	0.617055555	0.529432057	0.447128939	0.554762378
-1.624624625	0.532865897	0.522216149	0.616832989	0.533996320	0.450841410	0.558211439
-1.617617618	0.535780754	0.526057493	0.616533899	0.538553537	0.454560684	0.561629772
-1.610610611	0.538667885	0.529882779	0.616158264	0.543102376	0.458286191	0.565016192
-1.603603604	0.541526409	0.533690949	0.615706095	0.547641476	0.462017346	0.568369506
-1.596596597	0.544355444	0.537480933	0.615177437	0.552169449	0.465753552	0.571688516
-1.589589590	0.547154103	0.541251650	0.614572369	0.556684884	0.469494198	0.574972021
-1.582582583	0.549921499	0.545002009	0.613891003	0.561186343	0.473238657	0.578218813
-1.575575576	0.552656744	0.548730908	0.613133486	0.565672361	0.476986290	0.581427680
-1.568568569	0.555358947	0.552437233	0.612299998	0.570141449	0.480736443	0.584597408
-1.561561562	0.558027216	0.556119862	0.611390754	0.574592093	0.484488447	0.587726779
-1.554554555	0.560660659	0.559777663	0.610406001	0.579022753	0.488241621	0.590814572
-1.547547548	0.563258386	0.563409494	0.609346022	0.583431867	0.491995268	0.593859568
-1.540540541	0.565819503	0.567014205	0.608211132	0.587817846	0.495748677	0.596860544
-1.533533534	0.568343119	0.570590637	0.607001679	0.592179078	0.499501122	0.599816276
-1.526526527	0.570828346	0.574137625	0.605718046	0.596513928	0.503251863	0.602725544
-1.519519520	0.573274294	0.577653993	0.604360647	0.600820740	0.507000146	0.605587127
-1.512512513	0.575680076	0.581138562	0.602929930	0.605097832	0.510745202	0.608399804
-1.505505506	0.578044809	0.584590142	0.601426376	0.609343502	0.514486247	0.611162361
-1.498498498	0.580367611	0.588007541	0.599850496	0.613556028	0.518222482	0.613873583
-1.491491491	0.582647605	0.591389559	0.598202836	0.617733665	0.521953096	0.616532262
-1.484484484	0.584883915	0.594734992	0.596483970	0.621874650	0.525677261	0.619137193
-1.477477477	0.587075673	0.598042629	0.594694506	0.625977198	0.529394134	0.621687178
-1.470470470	0.589222012	0.601311259	0.592835080	0.630039508	0.533102860	0.624181024
-1.463463463	0.591322072	0.604539665	0.590906361	0.634059759	0.536802568	0.626617546
-1.456456456	0.593374998	0.607726626	0.588909046	0.638036115	0.540492373	0.628995566
-1.449449449	0.595379942	0.610870922	0.586843860	0.641966722	0.544171374	0.631313917
-1.442442442	0.597336062	0.613971328	0.584711560	0.645849711	0.547838657	0.633571438
-1.435435435	0.599242522	0.617026620	0.582512928	0.649683200	0.551493295	0.635766981
-1.428428428	0.601098495	0.620035573	0.580248774	0.653465291	0.555134345	0.637899409
-1.421421421	0.602903161	0.622996961	0.577919936	0.657194075	0.558760850	0.639967596
-1.414414414	0.604655708	0.625909559	0.575527279	0.660867631	0.562371840	0.641970429
-1.407407407	0.606355335	0.628772144	0.573071689	0.664484028	0.565966330	0.643906809
-1.400400400	0.608001249	0.631583496	0.570554083	0.668041325	0.569543323	0.645775651
-1.393393393	0.609592666	0.634342396	0.567975398	0.671537575	0.573101807	0.647575887
-1.386386386	0.611128814	0.637047629	0.565336594	0.674970822	0.576640756	0.649306464
-1.379379379	0.612608931	0.639697983	0.562638658	0.678339104	0.580159133	0.650966345
-1.372372372	0.614032267	0.642292253	0.559882593	0.681640456	0.583655885	0.652554512
-1.365365365	0.615398084	0.644829237	0.557069428	0.684872910	0.587129950	0.654069966
-1.358358358	0.616705654	0.647307741	0.554200210	0.688034496	0.590580249	0.655511728
-1.351351351	0.617954264	0.649726578	0.551276005	0.691123243	0.594005694	0.656878838
-1.344344344	0.619143215	0.652084566	0.548297899	0.694137183	0.597405182	0.658170357
-1.337337337	0.620271819	0.654380533	0.545266995	0.697074350	0.600777601	0.659385371
-1.330330330	0.621339404	0.656613318	0.542184412	0.699932781	0.604121825	0.660522985
-1.323323323	0.622345312	0.658781767	0.539051286	0.702710521	0.607436717	0.661582331
-1.316316316	0.623288900	0.660884737	0.535868769	0.705405621	0.610721129	0.662562563
-1.309309309	0.624169541	0.662921097	0.532638026	0.708016142	0.613973903	0.663462862
-1.302302302	0.624986624	0.664889727	0.529360234	0.710540155	0.617193869	0.664282434
-1.295295295	0.625739553	0.666789520	0.526036585	0.712975745	0.620379848	0.665020512
-1.288288288	0.626427751	0.668619384	0.522668280	0.715321008	0.623530651	0.665676357
-1.281281281	0.627050655	0.670378239	0.519256532	0.717574061	0.626645078	0.666249259
-1.274274274	0.627607723	0.672065021	0.515802563	0.719733035	0.629721923	0.666738535
-1.267267267	0.628098429	0.673678681	0.512307605	0.721796082	0.632759967	0.667143534
-1.260260260	0.628522265	0.675218187	0.508772894	0.723761377	0.635757987	0.667463633
-1.253253253	0.628878743	0.676682524	0.505199677	0.725627114	0.638714749	0.667698242
-1.246246246	0.629167394	0.678070694	0.501589204	0.727391519	0.641629014	0.667846803
-1.239239239	0.629387766	0.679381719	0.497942731	0.729052839	0.644499533	0.667908788
-1.232232232	0.629539430	0.680614638	0.494261517	0.730609355	0.647325053	0.667883705
-1.225225225	0.629621975	0.681768511	0.490546825	0.732059376	0.650104314	0.667771093
-1.218218218	0.629635010	0.682842420	0.486799919	0.733401246	0.652836051	0.667570526
-1.211211211	0.629578167	0.683835464	0.483022065	0.734633344	0.655518993	0.667281613
-1.204204204	0.629451095	0.684746769	0.479214528	0.735754085	0.658151864	0.666903998
-1.197197197	0.629253468	0.685575479	0.475378574	0.736761925	0.660733386	0.666437359
-1.190190190	0.628984978	0.686320763	0.471515466	0.737655360	0.663262276	0.665881412
-1.183183183	0.628645341	0.686981814	0.467626465	0.738432929	0.665737249	0.665235908
-1.176176176	0.628234293	0.687557848	0.463712828	0.739093216	0.668157016	0.664500636
-1.169169169	0.627751593	0.688048107	0.459775809	0.739634854	0.670520288	0.663675420
-1.162162162	0.627197022	0.688451857	0.455816656	0.740056523	0.672825773	0.662760124
-1.155155155	0.626570381	0.688768389	0.451836610	0.740356955	0.675072182	0.661754647
-1.148148148	0.625871497	0.688997023	0.447836907	0.740534935	0.677258222	0.660658927
-1.141141141	0.625100215	0.689137103	0.443818774	0.740589302	0.679382602	0.659472939
-1.134134134	0.624256406	0.689188002	0.439783431	0.740518953	0.681444034	0.658196698
-1.127127127	0.623339962	0.689149119	0.435732088	0.740322842	0.683441230	0.656830256
-1.120120120	0.622350797	0.689019882	0.431665945	0.739999986	0.685372905	0.655373703
-1.113113113	0.621288847	0.688799746	0.427586191	0.739549461	0.687237778	0.653827167
-1.106106106	0.620154072	0.688488195	0.423494004	0.738970409	0.689034571	0.652190815
-1.099099099	0.618946453	0.688084743	0.419390550	0.738262037	0.690762011	0.650464852
-1.092092092	0.617665994	0.687588930	0.415276982	0.737423619	0.692418829	0.648649520
-1.085085085	0.616312720	0.687000327	0.411154439	0.736454499	0.694003766	0.646745100
-1.078078078	0.614886680	0.686318536	0.407024047	0.735354089	0.695515564	0.644751910
-1.071071071	0.613387941	0.685543185	0.402886916	0.734121875	0.696952976	0.642670305
-1.064064064	0.611816595	0.684673933	0.398744141	0.732757414	0.698314762	0.640500676
-1.057057057	0.610172754	0.683710470	0.394596801	0.731260338	0.699599690	0.638243454
-1.050050050	0.608456551	0.682652512	0.390445959	0.729630357	0.700806538	0.635899103
-1.043043043	0.606668140	0.681499808	0.386292661	0.727867253	0.701934093	0.633468122
-1.036036036	0.604807694	0.680252134	0.382137934	0.725970890	0.702981154	0.630951049
-1.029029029	0.602875408	0.678909295	0.377982789	0.723941207	0.703946529	0.628348452
-1.022022022	0.600871495	0.677471127	0.373828217	0.721778226	0.704829039	0.625660936
-1.015015015	0.598796188	0.675937492	0.369675189	0.719482047	0.705627518	0.622889139
-1.008008008	0.596649738	0.674308283	0.365524660	0.717052851	0.706340811	0.620033728
-1.001001001	0.594432414	0.672583419	0.361377562	0.714490899	0.706967778	0.617095406
-0.993993994	0.592144504	0.670762845	0.357234807	0.711796537	0.707507292	0.614074905
-0.986986987	0.589786312	0.668846538	0.353097289	0.708970190	0.707958242	0.610972985
-0.979979980	0.587358157	0.666834495	0.348965878	0.706012366	0.708319530	0.607790437
-0.972972973	0.584860375	0.664726744	0.344841425	0.702923655	0.708590073	0.604528079
-0.965965966	0.582293317	0.662523336	0.340724758	0.699704729	0.708768806	0.601186755
-0.958958959	0.579657348	0.660224344	0.336616684	0.696356340	0.708854679	0.597767336
-0.951951952	0.576952847	0.657829869	0.332517988	0.692879323	0.708846657	0.594270715
-0.944944945	0.574180203	0.655340031	0.328429432	0.689274592	0.708743722	0.590697810
-0.937937938	0.571339819	0.652754972	0.324351757	0.685543142	0.708544875	0.587049559
-0.930930931	0.568432108	0.650074856	0.320285679	0.681686046	0.708249130	0.583326920
-0.923923924	0.565457492	0.647299864	0.316231892	0.677704453	0.707855520	0.579530870
-0.916916917	0.562416402	0.644430197	0.312191070	0.673599590	0.707363095	0.575662403
-0.909909910	0.559309276	0.641466072	0.308163859	0.669372759	0.706770920	0.571722528
-0.902902903	0.556136560	0.638407721	0.304150886	0.665025334	0.706078078	0.567712267
-0.895895896	0.552898702	0.635255388	0.300152752	0.660558760	0.705283665	0.563632656
-0.888888889	0.549596155	0.632009333	0.296170035	0.655974551	0.704386795	0.559484737
-0.881881882	0.546229375	0.628669823	0.292203291	0.651274288	0.703386596	0.555269563
-0.874874875	0.542798818	0.625237134	0.288253051	0.646459618	0.702282209	0.550988191
-0.867867868	0.539304940	0.621711550	0.284319823	0.641532245	0.701072789	0.546641683
-0.860860861	0.535748194	0.618093358	0.280404092	0.636493936	0.699757502	0.542231100
-0.853853854	0.532129028	0.614382848	0.276506319	0.631346509	0.698335525	0.537757504
-0.846846847	0.528447887	0.610580308	0.272626941	0.626091835	0.696806043	0.533221953
-0.839839840	0.524705206	0.606686025	0.268766373	0.620731834	0.695168249	0.528625498
-0.832832833	0.520901410	0.602700280	0.264925005	0.615268468	0.693421339	0.523969182
-0.825825826	0.517036915	0.598623346	0.261103205	0.609703737	0.691564516	0.519254037
-0.818818819	0.513112121	0.594455484	0.257301317	0.604039677	0.689596977	0.514481077
-0.811811812	0.509127411	0.590196941	0.253519661	0.598278351	0.687517920	0.509651303
-0.804804805	0.505083150	0.585847945	0.249758536	0.592421847	0.685326534	0.504765690
-0.797797798	0.500979682	0.581408705	0.246018216	0.586472268	0.683022000	0.499825193
-0.790790791	0.496817327	0.576879400	0.242298954	0.580431731	0.680603480	0.494830734
-0.783783784	0.492596376	0.572260183	0.238600977	0.574302354	0.678070118	0.489783207
-0.776776777	0.488317091	0.567551171	0.234924493	0.568086252	0.675421031	0.484683466
-0.769769770	0.483979699	0.562752442	0.231269686	0.561785527	0.672655305	0.479532327
-0.762762763	0.479584392	0.557864030	0.227636716	0.555402261	0.669771983	0.474330559
-0.755755756	0.475131318	0.552885919	0.224025722	0.548938505	0.666770064	0.469078882
-0.748748749	0.470620580	0.547818037	0.220436823	0.542396268	0.663648486	0.463777958
-0.741741742	0.466052231	0.542660251	0.216870112	0.535777509	0.660406119	0.458428390
-0.734734735	0.461426271	0.537412358	0.213325662	0.529084116	0.657041754	0.453030711
-0.727727728	0.456742637	0.532074078	0.209803525	0.522317904	0.653554088	0.447585381
-0.720720721	0.452001201	0.526645047	0.206303730	0.515480587	0.649941706	0.442092778
-0.713713714	0.447201764	0.521124807	0.202826285	0.508573770	0.646203067	0.436553191
-0.706706707	0.442344049	0.515512795	0.199371176	0.501598928	0.642336482	0.430966811
-0.699699700	0.437427691	0.509808338	0.195938369	0.494557379	0.638340089	0.425333719
-0.692692693	0.432452231	0.504010632	0.192527808	0.487450267	0.634211828	0.419653882
-0.685685686	0.427417109	0.498118741	0.189139414	0.480278530	0.629949408	0.413927136
-0.678678679	0.422321651	0.492131570	0.185773091	0.473042871	0.625550272	0.408153176
-0.671671672	0.417165061	0.486047860	0.182428720	0.465743720	0.621011554	0.402331541
-0.664664665	0.411946407	0.479866167	0.179106159	0.458381195	0.616330029	0.396461600
-0.657657658	0.406664611	0.473584839	0.175805249	0.450955051	0.611502054	0.390542531
-0.650650651	0.401318428	0.467202000	0.172525808	0.443464627	0.606523503	0.384573308
-0.643643644	0.395906439	0.460715524	0.169267632	0.435908774	0.601389679	0.378552671
-0.636636637	0.390427023	0.454123006	0.166030500	0.428285784	0.596095220	0.372479109
-0.629629630	0.384878344	0.447421733	0.162814166	0.420593289	0.590633980	0.366350825
-0.622622623	0.379258324	0.440608649	0.159618366	0.412828151	0.584998888	0.360165706
-0.615615616	0.373564614	0.433680314	0.156442813	0.404986322	0.579181769	0.353921287
-0.608608609	0.367794570	0.426632860	0.153287200	0.397062676	0.573173132	0.347614707
-0.601601602	0.361945213	0.419461936	0.150151198	0.389050796	0.566961901	0.341242656
-0.594594595	0.356013190	0.412162649	0.147034458	0.380942711	0.560535082	0.334801319
-0.587587588	0.349994730	0.404729494	0.143936605	0.372728561	0.553877333	0.328286309
-0.580580581	0.343885588	0.397156267	0.140857248	0.364396169	0.546970419	0.321692578
-0.573573574	0.337680982	0.389435972	0.137795968	0.355930473	0.539792494	0.315014327
-0.566566567	0.331375522	0.381560702	0.134752326	0.347312791	0.532317163	0.308244886
-0.559559560	0.324963117	0.373521502	0.131725858	0.338519818	0.524512209	0.301376570
-0.552552553	0.318436879	0.365308203	0.128716079	0.329522252	0.516337855	0.294400513
-0.545545546	0.311788989	0.356909221	0.125722476	0.320282863	0.507744326	0.287306446
-0.538538539	0.305010551	0.348311306	0.122744511	0.310753718	0.498668346	0.280082442
-0.531531532	0.298091408	0.339499243	0.119781622	0.300872043	0.489027955	0.272714576
-0.524524525	0.291019914	0.330455466	0.116833218	0.290553865	0.478714573	0.265186504
-0.517517518	0.283782647	0.321159581	0.113898679	0.279683789	0.467580314	0.257478917
-0.510510511	0.276364064	0.311587746	0.110977357	0.268097668	0.455416684	0.249568826
-0.503503504	0.268746041	0.301711873	0.108068571	0.255551206	0.441916391	0.241428602
-0.496496496	0.260907294	0.291498570	0.105171610	0.241657847	0.426599008	0.233024688
-0.489489489	0.252822614	0.280907723	0.102285725	0.225750161	0.408648958	0.224315792
-0.482482482	0.244461855	0.269890540	0.099410132	0.206510080	0.386499787	0.215250330
-0.475475475	0.235788546	0.258386811	0.096544007	0.180635044	0.356443303	0.205762656
-0.468468468	0.226757977	0.246320929	0.093686485	0.132918123	0.304505600	0.195767346
-0.461461461	0.217314460	0.233595945	0.090836653	0.000000000	0.000000000	0.185150110
-0.454454454	0.207387309	0.220084295	0.087993553	0.000000000	0.000000000	0.173752582
-0.447447447	0.196884710	0.205612618	0.085156168	0.000000000	0.000000000	0.161345083
-0.440440440	0.185683973	0.189935287	0.082323427	0.000000000	0.000000000	0.147573286
-0.433433433	0.173615125	0.172684362	0.079494192	0.000000000	0.000000000	0.131840102
-0.426426426	0.160431388	0.153263796	0.076667256	0.000000000	0.000000000	0.112990667
-0.419419419	0.145750853	0.130586233	0.073841330	0.000000000	0.000000000	0.088151197
-0.412412412	0.128925589	0.102214871	0.071015037	0.000000000	0.000000000	0.042267379
-0.405405405	0.108684408	0.059234407	0.068186903	0.000000000	0.000000000	0.000000000
-0.398398398	0.081749546	0.000000000	0.065355335	0.000000000	0.000000000	0.000000000
-0.391391391	0.025730052	0.000000000	0.062518614	0.000000000	0.000000000	0.000000000
-0.384384384	0.000000000	0.000000000	0.059674869	0.000000000	0.000000000	0.000000000
-0.377377377	0.000000000	0.000000000	0.056822057	0.000000000	0.000000000	0.000000000
-0.370370370	0.000000000	0.000000000	0.053957926	0.000000000	0.000000000	0.000000000
-0.363363363	0.000000000	0.000000000	0.051079985	0.000000000	0.000000000	0.000000000
-0.356356356	0.000000000	0.000000000	0.048185447	0.000000000	0.000000000	0.000000000
-0.349349349	0.000000000	0.000000000	0.045271173	0.000000000	0.000000000	0.000000000
-0.342342342	0.000000000	0.000000000	0.042333582	0.000000000	0.000000000	0.000000000
-0.335335335	0.000000000	0.000000000	0.039368544	0.000000000	0.000000000	0.000000000
-0.328328328	0.000000000	0.000000000	0.036371221	0.000000000	0.000000000	0.000000000
-0.321321321	0.000000000	0.000000000	0.033335854	0.000000000	0.000000000	0.000000000
-0.314314314	0.000000000	0.000000000	0.030255441	0.000000000	0.000000000	0.000000000
-0.307307307	0.000000000	0.000000000	0.027121256	0.000000000	0.000000000	0.000000000
-0.300300300	0.000000000	0.000000000	0.023922078	0.000000000	0.000000000	0.000000000
-0.293293293	0.000000000	0.000000000	0.020642892	0.000000000	0.000000000	0.000000000
-0.286286286	0.000000000	0.000000000	0.017262496	0.000000000	0.000000000	0.000000000
-0.279279279	0.000000000	0.000000000	0.013748615	0.000000000	0.000000000	0.000000000
-0.272272272	0.000000000	0.000000000	0.010046058	0.000000000	0.000000000	0.000000000
-0.265265265	0.000000000	0.000000000	0.006038622	0.000000000	0.000000000	0.000000000
-0.258258258	0.000000000	0.000000000	0.001290661	0.000000000	0.000000000	0.000000000
-0.251251251	0.000000000	0.000000000	0.000000000	0.000000000	0.000000000	0.000000000
-0.244244244	0.000000000	0.000000000	0.000000000	0.000000000	0.000000000	0.000000000
-0.237237237	0.000000000	0.000000000	0.000000000	0.000000000	0.000000000	0.000000000
-0.230230230	0.000000000	0.000000000	0.000000000	0.000000000	0.000000000	0.000000000
-0.223223223	0.000000000	0.000000000	0.000000000	0.000000000	0.000000000	0.000000000
-0.216216216	0.000000000	0.000000000	0.000000000	0.000000000	0.000000000	0.000000000
-0.209209209	0.000000000	0.000000000	0.000000000	0.000000000	0.000000000	0.000000000
-0.202202202	0.000000000	0.000000000	0.000000000	0.000000000	0.000000000	0.000000000
-0.195195195	0.000000000	0.000000000	0.000000000	0.000000000	0.000000000	0.000000000
-0.188188188	0.000000000	0.000000000	0.000000000	0.000000000	0.000000000	0.000000000
-0.181181181	0.000000000	0.000000000	0.000000000	0.000000000	0.000000000	0.000000000
-0.174174174	0.000000000	0.000000000	0.000000000	0.000000000	0.000000000	0.000000000
-0.167167167	0.000000000	0.000000000	0.000000000	0.000000000	0.000000000	0.000000000
-0.160160160	0.000000000	0.000000000	0.000000000	0.000000000	0.000000000	0.000000000
-0.153153153	0.000000000	0.000000000	0.000000000	0.000000000	0.000000000	0.000000000
-0.146146146	0.000000000	0.000000000	0.000000000	0.000000000	0.000000000	0.000000000
-0.139139139	0.000000000	0.000000000	0.000000000	0.000000000	0.000000000	0.000000000
-0.132132132	0.000000000	0.000000000	0.000000000	0.000000000	0.000000000	0.000000000
-0.125125125	0.000000000	0.000000000	0.000000000	0.000000000	0.000000000	0.000000000
-0.118118118	0.000000000	0.000000000	0.000000000	0.000000000	0.000000000	0.000000000
-0.111111111	0.000000000	0.000000000	0.000000000	0.000000000	0.000000000	0.000000000
-0.104104104	0.000000000	0.000000000	0.000000000	0.000000000	0.000000000	0.000000000
-0.097097097	0.000000000	0.000000000	0.000000000	0.000000000	0.000000000	0.000000000
-0.090090090	0.000000000	0.000000000	0.000000000	0.000000000	0.000000000	0.000000000
-0.083083083	0.000000000	0.000000000	0.000000000	0.000000000	0.000000000	0.000000000
-0.076076076	0.000000000	0.000000000	0.000000000	0.000000000	0.000000000	0.000000000
-0.069069069	0.000000000	0.000000000	0.000000000	0.000000000	0.000000000	0.000000000
-0.062062062	0.000000000	0.000000000	0.000000000	0.000000000	0.000000000	0.000000000
-0.055055055	0.000000000	0.000000000	0.000000000	0.000000000	0.000000000	0.000000000
-0.048048048	0.000000000	0.000000000	0.000000000	0.000000000	0.000000000	0.000000000
-0.041041041	0.000000000	0.000000000	0.000000000	0.000000000	0.000000000	0.000000000
-0.034034034	0.000000000	0.000000000	0.000000000	0.000000000	0.000000000	0.000000000
-0.027027027	0.000000000	0.000000000	0.000000000	0.000000000	0.000000000	0.000000000
-0.020020020	0.000000000	0.000000000	0.000000000	0.000000000	0.000000000	0.000000000
-0.013013013	0.000000000	0.000000000	0.000000000	0.000000000	0.000000000	0.000000000
-0.006006006	0.000000000	0.000000000	0.000000000	0.000000000	0.000000000	0.000000000
0.001001001	0.000000000	0.000000000	0.000000000	0.000000000	0.000000000	0.000000000
0.008008008	0.000000000	0.000000000	0.000000000	0.000000000	0.000000000	0.000000000
0.015015015	0.000000000	0.000000000	0.000000000	0.000000000	0.000000000	0.000000000
0.022022022	0.000000000	0.000000000	0.000000000	0.000000000	0.000000000	0.000000000
0.029029029	0.000000000	0.000000000	0.000000000	0.000000000	0.000000000	0.000000000
0.036036036	0.000000000	0.000000000	0.000000000	0.000000000	0.000000000	0.000000000
0.043043043	0.000000000	0.000000000	0.000000000	0.000000000	0.000000000	0.000000000
0.050050050	0.000000000	0.000000000	0.000000000	0.000000000	0.000000000	0.000000000
0.057057057	0.000000000	0.000000000	0.000000000	0.000000000	0.000000000	0.000000000
0.064064064	0.000000000	0.000000000	0.000000000	0.000000000	0.000000000	0.000000000
0.071071071	0.000000000	0.000000000	0.000000000	0.000000000	0.000000000	0.000000000
0.078078078	0.000000000	0.000000000	0.000000000	0.000000000	0.000000000	0.000000000
0.085085085	0.000000000	0.000000000	0.000000000	0.000000000	0.000000000	0.000000000
0.092092092	0.000000000	0.000000000	0.000000000	0.000000000	0.000000000	0.000000000
0.099099099	0.000000000	0.000000000	0.000000000	0.000000000	0.000000000	0.000000000
0.106106106	0.000000000	0.000000000	0.000000000	0.000000000	0.000000000	0.000000000
0.113113113	0.000000000	0.000000000	0.000000000	0.000000000	0.000000000	0.000000000
0.120120120	0.000000000	0.000000000	0.000000000	0.000000000	0.000000000	0.000000000
0.127127127	0.000000000	0.000000000	0.000000000	0.000000000	0.000000000	0.000000000
0.134134134	0.000000000	0.000000000	0.000000000	0.000000000	0.000000000	0.000000000
0.141141141	0.000000000	0.000000000	0.000000000	0.000000000	0.000000000	0.000000000
0.148148148	0.000000000	0.000000000	0.000000000	0.000000000	0.000000000	0.000000000
0.155155155	0.000000000	0.000000000	0.000000000	0.000000000	0.000000000	0.000000000
0.162162162	0.000000000	0.000000000	0.000000000	0.000000000	0.000000000	0.000000000
0.169169169	0.000000000	0.000000000	0.000000000	0.000000000	0.000000000	0.000000000
0.176176176	0.000000000	0.000000000	0.000000000	0.000000000	0.000000000	0.000000000
0.183183183	0.000000000	0.000000000	0.000000000	0.000000000	0.000000000	0.000000000
0.190190190	0.000000000	0.000000000	0.000000000	0.000000000	0.000000000	0.000000000
0.197197197	0.000000000	0.000000000	0.000000000	0.000000000	0.000000000	0.000000000
0.204204204	0.000000000	0.000000000	0.000000000	0.000000000	0.000000000	0.000000000
0.211211211	0.000000000	0.000000000	0.000000000	0.000000000	0.000000000	0.000000000
0.218218218	0.000000000	0.000000000	0.000000000	0.000000000	0.000000000	0.000000000
0.225225225	0.000000000	0.000000000	0.000000000	0.000000000	0.000000000	0.000000000
0.232232232	0.000000000	0.000000000	0.000000000	0.000000000	0.000000000	0.000000000
0.239239239	0.000000000	0.000000000	0.000000000	0.000000000	0.000000000	0.000000000
0.246246246	0.000000000	0.000000000	0.000000000	0.000000000	0.000000000	0.000000000
0.253253253	0.000000000	0.000000000	0.000000000	0.000000000	0.000000000	0.000000000
0.260260260	0.000000000	0.000000000	0.000000000	0.000000000	0.000000000	0.000000000
0.267267267	0.000000000	0.000000000	0.000000000	0.000000000	0.000000000	0.000000000
0.274274274	0.000000000	0.000000000	0.000000000	0.000000000	0.000000000	0.000000000
0.281281281	0.000000000	0.000000000	0.000000000	0.000000000	0.000000000	0.000000000
0.288288288	0.000000000	0.000000000	0.000000000	0.000000000	0.000000000	0.000000000
0.295295295	0.000000000	0.000000000	0.000000000	0.000000000	0.000000000	0.000000000
0.302302302	0.000000000	0.000000000	0.000000000	0.000000000	0.000000000	0.000000000
0.309309309	0.000000000	0.000000000	0.000000000	0.000000000	0.000000000	0.000000000
0.316316316	0.000000000	0.000000000	0.000000000	0.000000000	0.000000000	0.000000000
0.323323323	0.000000000	0.000000000	0.000000000	0.000000000	0.000000000	0.000000000
0.330330330	0.000000000	0.000000000	0.000000000	0.000000000	0.000000000	0.000000000
0.337337337	0.000000000	0.000000000	0.000000000	0.000000000	0.000000000	0.000000000
0.344344344	0.000000000	0.000000000	0.000000000	0.000000000	0.000000000	0.000000000
0.351351351	0.000000000	0.000000000	0.000000000	0.000000000	0.000000000	0.000000000
0.358358358	0.000000000	0.000000000	0.000000000	0.000000000	0.000000000	0.000000000
0.365365365	0.000000000	0.000000000	0.000000000	0.000000000	0.000000000	0.000000000
0.372372372	0.000000000	0.000000000	0.000000000	0.000000000	0.000000000	0.000000000
0.379379379	0.000000000	0.000000000	0.000000000	0.000000000	0.000000000	0.000000000
0.386386386	0.000000000	0.000000000	0.000000000	0.000000000	0.000000000	0.000000000
0.393393393	0.000000000	0.000000000	0.000000000	0.000000000	0.000000000	0.000000000
0.400400400	0.000000000	0.000000000	0.000000000	0.000000000	0.000000000	0.000000000
0.407407407	0.000000000	0.000000000	0.000000000	0.000000000	0.000000000	0.000000000
0.414414414	0.000000000	0.000000000	0.000000000	0.000000000	0.000000000	0.000000000
0.421421421	0.000000000	0.000000000	0.000000000	0.000000000	0.000000000	0.000000000
0.428428428	0.000000000	0.000000000	0.000000000	0.000000000	0.000000000	0.000000000
0.435435435	0.000000000	0.000000000	0.000000000	0.000000000	0.000000000	0.000000000
0.442442442	0.000000000	0.000000000	0.000000000	0.000000000	0.000000000	0.000000000
0.449449449	0.000000000	0.000000000	0.000000000	0.000000000	0.000000000	0.000000000
0.456456456	0.000000000	0.000000000	0.000000000	0.000000000	0.000000000	0.000000000
0.463463463	0.000000000	0.000000000	0.000000000	0.000000000	0.000000000	0.000000000
0.470470470	0.000000000	0.000000000	0.000000000	0.000000000	0.000000000	0.000000000
0.477477477	0.000000000	0.000000000	0.000000000	0.000000000	0.000000000	0.000000000
0.484484484	0.000000000	0.000000000	0.000000000	0.000000000	0.000000000	0.000000000
0.491491491	0.000000000	0.000000000	0.000000000	0.000000000	0.000000000	0.000000000
0.498498498	0.000000000	0.000000000	0.000000000	0.000000000	0.000000000	0.000000000
0.505505506	0.000000000	0.000000000	0.000000000	0.000000000	0.000000000	0.000000000
0.512512513	0.000000000	0.000000000	0.000000000	0.000000000	0.000000000	0.000000000
0.519519520	0.000000000	0.000000000	0.000000000	0.000000000	0.000000000	0.000000000
0.526526527	0.000000000	0.000000000	0.000000000	0.000000000	0.000000000	0.000000000
0.533533534	0.000000000	0.000000000	0.000000000	0.000000000	0.000000000	0.000000000
0.540540541	0.000000000	0.000000000	0.000000000	0.000000000	0.000000000	0.000000000
0.547547548	0.000000000	0.000000000	0.000000000	0.000000000	0.000000000	0.000000000
0.554554555	0.000000000	0.000000000	0.000000000	0.000000000	0.000000000	0.000000000
0.561561562	0.000000000	0.000000000	0.000000000	0.000000000	0.000000000	0.000000000
0.568568569	0.000000000	0.000000000	0.000000000	0.000000000	0.000000000	0.000000000
0.575575576	0.000000000	0.000000000	0.000000000	0.000000000	0.000000000	0.000000000
0.582582583	0.000000000	0.000000000	0.000000000	0.000000000	0.000000000	0.000000000
0.589589590	0.000000000	0.000000000	0.000000000	0.000000000	0.000000000	0.000000000
0.596596597	0.000000000	0.000000000	0.000000000	0.000000000	0.000000000	0.000000000
0.603603604	0.000000000	0.000000000	0.000000000	0.000000000	0.000000000	0.000000000
0.610610611	0.000000000	0.000000000	0.000000000	0.000000000	0.000000000	0.000000000
0.617617618	0.000000000	0.000000000	0.000000000	0.000000000	0.000000000	0.000000000
0.624624625	0.000000000	0.000000000	0.000000000	0.000000000	0.000000000	0.000000000
0.631631632	0.000000000	0.000000000	0.000000000	0.000000000	0.000000000	0.000000000
0.638638639	0.000000000	0.000000000	0.000000000	0.000000000	0.000000000	0.000000000
0.645645646	0.000000000	0.000000000	0.000000000	0.000000000	0.000000000	0.000000000
0.652652653	0.000000000	0.000000000	0.000000000	0.000000000	0.000000000	0.000000000
0.659659660	0.000000000	0.000000000	0.000000000	0.000000000	0.000000000	0.000000000
0.666666667	0.000000000	0.000000000	0.000000000	0.000000000	0.000000000	0.000000000
0.673673674	0.000000000	0.000000000	0.000000000	0.000000000	0.000000000	0.000000000
0.680680681	0.000000000	0.000000000	0.000000000	0.000000000	0.000000000	0.000000000
0.687687688	0.000000000	0.000000000	0.000000000	0.000000000	0.000000000	0.000000000
0.694694695	0.000000000	0.000000000	0.000000000	0.000000000	0.000000000	0.000000000
0.701701702	0.000000000	0.000000000	0.000000000	0.000000000	0.000000000	0.000000000
0.708708709	0.000000000	0.000000000	0.000000000	0.000000000	0.000000000	0.000000000
0.715715716	0.000000000	0.000000000	0.000000000	0.000000000	0.000000000	0.000000000
0.722722723	0.000000000	0.000000000	0.000000000	0.000000000	0.000000000	0.000000000
0.729729730	0.000000000	0.000000000	0.000000000	0.000000000	0.000000000	0.000000000
0.736736737	0.000000000	0.000000000	0.000000000	0.000000000	0.000000000	0.000000000
0.743743744	0.000000000	0.000000000	0.000000000	0.000000000	0.000000000	0.000000000
0.750750751	0.000000000	0.000000000	0.000000000	0.000000000	0.000000000	0.000000000
0.757757758	0.000000000	0.000000000	0.000000000	0.000000000	0.000000000	0.000000000
0.764764765	0.000000000	0.000000000	0.000000000	0.000000000	0.000000000	0.000000000
0.771771772	0.000000000	0.000000000	0.000000000	0.000000000	0.000000000	0.000000000
0.778778779	0.000000000	0.000000000	0.000000000	0.000000000	0.000000000	0.000000000
0.785785786	0.000000000	0.000000000	0.000000000	0.000000000	0.000000000	0.000000000
0.792792793	0.000000000	0.000000000	0.000000000	0.000000000	0.000000000	0.000000000
0.799799800	0.000000000	0.000000000	0.000000000	0.000000000	0.000000000	0.000000000
0.806806807	0.000000000	0.000000000	0.000000000	0.000000000	0.000000000	0.000000000
0.813813814	0.000000000	0.000000000	0.000000000	0.000000000	0.000000000	0.000000000
0.820820821	0.000000000	0.000000000	0.000000000	0.000000000	0.000000000	0.000000000
0.827827828	0.000000000	0.000000000	0.000000000	0.000000000	0.000000000	0.000000000
0.834834835	0.000000000	0.000000000	0.000000000	0.000000000	0.000000000	0.000000000
0.841841842	0.000000000	0.000000000	0.000000000	0.000000000	0.000000000	0.000000000
0.848848849	0.000000000	0.000000000	0.000000000	0.000000000	0.000000000	0.000000000
0.855855856	0.000000000	0.000000000	0.000000000	0.000000000	0.000000000	0.000000000
0.862862863	0.000000000	0.000000000	0.000000000	0.000000000	0.000000000	0.000000000
0.869869870	0.000000000	0.000000000	0.000000000	0.000000000	0.000000000	0.000000000
0.876876877	0.000000000	0.000000000	0.000000000	0.000000000	0.000000000	0.000000000
0.883883884	0.000000000	0.000000000	0.000000000	0.000000000	0.000000000	0.000000000
0.890890891	0.000000000	0.000000000	0.000000000	0.000000000	0.000000000	0.000000000
0.897897898	0.000000000	0.000000000	0.000000000	0.000000000	0.000000000	0.000000000
0.904904905	0.000000000	0.000000000	0.000000000	0.000000000	0.000000000	0.000000000
0.911911912	0.000000000	0.000000000	0.000000000	0.000000000	0.000000000	0.000000000
0.918918919	0.000000000	0.000000000	0.000000000	0.000000000	0.000000000	0.000000000
0.925925926	0.000000000	0.000000000	0.000000000	0.000000000	0.000000000	0.000000000
0.932932933	0.000000000	0.000000000	0.000000000	0.000000000	0.000000000	0.000000000
0.939939940	0.000000000	0.000000000	0.000000000	0.000000000	0.000000000	0.000000000
0.946946947	0.000000000	0.000000000	0.000000000	0.000000000	0.000000000	0.000000000
0.953953954	0.000000000	0.000000000	0.000000000	0.000000000	0.000000000	0.000000000
0.960960961	0.000000000	0.000000000	0.000000000	0.000000000	0.000000000	0.000000000
0.967967968	0.000000000	0.000000000	0.000000000	0.000000000	0.000000000	0.000000000
0.974974975	0.000000000	0.000000000	0.000000000	0.000000000	0.000000000	0.000000000
0.981981982	0.000000000	0.000000000	0.000000000	0.000000000	0.000000000	0.000000000
0.988988989	0.000000000	0.000000000	0.000000000	0.000000000	0.000000000	0.000000000
0.995995996	0.000000000	0.000000000	0.000000000	0.000000000	0.000000000	0.000000000
1.003003003	0.000000000	0.000000000	0.000000000	0.000000000	0.000000000	0.000000000
1.010010010	0.000000000	0.000000000	0.000000000	0.000000000	0.000000000	0.000000000
1.017017017	0.000000000	0.000000000	0.000000000	0.000000000	0.000000000	0.000000000
1.024024024	0.000000000	0.000000000	0.000000000	0.000000000	0.000000000	0.000000000
1.031031031	0.000000000	0.000000000	0.000000000	0.000000000	0.000000000	0.000000000
1.038038038	0.000000000	0.000000000	0.000000000	0.000000000	0.000000000	0.000000000
1.045045045	0.000000000	0.000000000	0.000000000	0.000000000	0.000000000	0.000000000
1.052052052	0.000000000	0.000000000	0.000000000	0.000000000	0.000000000	0.000000000
1.059059059	0.000000000	0.000000000	0.000000000	0.000000000	0.000000000	0.000000000
1.066066066	0.000000000	0.000000000	0.000000000	0.000000000	0.000000000	0.000000000
1.073073073	0.000000000	0.000000000	0.000000000	0.000000000	0.000000000	0.000000000
1.080080080	0.000000000	0.000000000	0.000000000	0.000000000	0.000000000	0.000000000
1.087087087	0.000000000	0.000000000	0.000000000	0.000000000	0.000000000	0.000000000
1.094094094	0.000000000	0.000000000	0.000000000	0.000000000	0.000000000	0.000000000
1.101101101	0.000000000	0.000000000	0.000000000	0.000000000	0.000000000	0.000000000
1.108108108	0.000000000	0.000000000	0.000000000	0.000000000	0.000000000	0.000000000
1.115115115	0.000000000	0.000000000	0.000000000	0.000000000	0.000000000	0.000000000
1.122122122	0.000000000	0.000000000	0.000000000	0.000000000	0.000000000	0.000000000
1.129129129	0.000000000	0.000000000	0.000000000	0.000000000	0.000000000	0.000000000
1.136136136	0.000000000	0.000000000	0.000000000	0.000000000	0.000000000	0.000000000
1.143143143	0.000000000	0.000000000	0.000000000	0.000000000	0.000000000	0.000000000
1.150150150	0.000000000	0.000000000	0.000000000	0.000000000	0.000000000	0.000000000
1.157157157	0.000000000	0.000000000	0.000000000	0.000000000	0.000000000	0.000000000
1.164164164	0.000000000	0.000000000	0.000000000	0.000000000	0.000000000	0.000000000
1.171171171	0.000000000	0.000000000	0.000000000	0.000000000	0.000000000	0.000000000
1.178178178	0.000000000	0.000000000	0.000000000	0.000000000	0.000000000	0.000000000
1.185185185	0.000000000	0.000000000	0.000000000	0.000000000	0.000000000	0.000000000
1.192192192	0.000000000	0.000000000	0.000000000	0.000000000	0.000000000	0.000000000
1.199199199	0.000000000	0.000000000	0.000000000	0.000000000	0.000000000	0.000000000
1.206206206	0.000000000	0.000000000	0.000000000	0.000000000	0.000000000	0.000000000
1.213213213	0.000000000	0.000000000	0.000000000	0.000000000	0.000000000	0.000000000
1.220220220	0.000000000	0.000000000	0.000000000	0.000000000	0.000000000	0.000000000
1.227227227	0.000000000	0.000000000	0.000000000	0.000000000	0.000000000	0.000000000
1.234234234	0.000000000	0.000000000	0.000000000	0.000000000	0.000000000	0.000000000
1.241241241	0.000000000	0.000000000	0.000000000	0.000000000	0.000000000	0.000000000
1.248248248	0.000000000	0.000000000	0.000000000	0.000000000	0.000000000	0.000000000
1.255255255	0.000000000	0.000000000	0.000000000	0.000000000	0.000000000	0.000000000
1.262262262	0.000000000	0.000000000	0.000000000	0.000000000	0.000000000	0.000000000
1.269269269	0.000000000	0.000000000	0.000000000	0.000000000	0.000000000	0.000000000
1.276276276	0.000000000	0.000000000	0.000000000	0.000000000	0.000000000	0.000000000
1.283283283	0.000000000	0.000000000	0.000000000	0.000000000	0.000000000	0.000000000
1.290290290	0.000000000	0.000000000	0.000000000	0.000000000	0.000000000	0.000000000
1.297297297	0.000000000	0.000000000	0.000000000	0.000000000	0.000000000	0.000000000
1.304304304	0.000000000	0.000000000	0.000000000	0.000000000	0.000000000	0.000000000
1.311311311	0.000000000	0.000000000	0.000000000	0.000000000	0.000000000	0.000000000
1.318318318	0.000000000	0.000000000	0.000000000	0.000000000	0.000000000	0.000000000
1.325325325	0.000000000	0.000000000	0.000000000	0.000000000	0.000000000	0.000000000
1.332332332	0.000000000	0.000000000	0.000000000	0.000000000	0.000000000	0.000000000
1.339339339	0.000000000	0.000000000	0.000000000	0.000000000	0.000000000	0.000000000
1.346346346	0.000000000	0.000000000	0.000000000	0.000000000	0.000000000	0.000000000
1.353353353	0.000000000	0.000000000	0.000000000	0.000000000	0.000000000	0.000000000
1.360360360	0.000000000	0.000000000	0.000000000	0.000000000	0.000000000	0.000000000
1.367367367	0.000000000	0.000000000	0.000000000	0.000000000	0.000000000	0.000000000
1.374374374	0.000000000	0.000000000	0.000000000	0.000000000	0.000000000	0.000000000
1.381381381	0.000000000	0.000000000	0.000000000	0.000000000	0.000000000	0.000000000
1.388388388	0.000000000	0.000000000	0.000000000	0.000000000	0.000000000	0.000000000
1.395395395	0.000000000	0.000000000	0.000000000	0.000000000	0.000000000	0.000000000
1.402402402	0.000000000	0.000000000	0.000000000	0.000000000	0.000000000	0.000000000
1.409409409	0.000000000	0.000000000	0.000000000	0.000000000	0.000000000	0.000000000
1.416416416	0.000000000	0.000000000	0.000000000	0.000000000	0.000000000	0.000000000
1.423423423	0.000000000	0.000000000	0.000000000	0.000000000	0.000000000	0.000000000
1.430430430	0.000000000	0.000000000	0.000000000	0.000000000	0.000000000	0.000000000
1.437437437	0.000000000	0.000000000	0.000000000	0.000000000	0.000000000	0.000000000
1.444444444	0.000000000	0.000000000	0.000000000	0.000000000	0.000000000	0.000000000
1.451451451	0.000000000	0.000000000	0.000000000	0.000000000	0.000000000	0.000000000
1.458458458	0.000000000	0.000000000	0.000000000	0.000000000	0.000000000	0.000000000
1.465465465	0.000000000	0.000000000	0.000000000	0.000000000	0.000000000	0.000000000
1.472472472	0.000000000	0.000000000	0.000000000	0.000000000	0.000000000	0.000000000
1.479479479	0.000000000	0.000000000	0.000000000	0.000000000	0.000000000	0.000000000
1.486486486	0.000000000	0.000000000	0.000000000	0.000000000	0.000000000	0.000000000
1.493493493	0.000000000	0.000000000	0.000000000	0.000000000	0.000000000	0.000000000
1.500500501	0.000000000	0.000000000	0.000000000	0.000000000	0.000000000	0.000000000
1.507507508	0.000000000	0.000000000	0.000000000	0.000000000	0.000000000	0.000000000
1.514514515	0.000000000	0.000000000	0.000000000	0.000000000	0.000000000	0.000000000
1.521521522	0.000000000	0.000000000	0.000000000	0.000000000	0.000000000	0.000000000
1.528528529	0.000000000	0.000000000	0.000000000	0.000000000	0.000000000	0.000000000
1.535535536	0.000000000	0.000000000	0.000000000	0.000000000	0.000000000	0.000000000
1.542542543	0.000000000	0.000000000	0.000000000	0.000000000	0.000000000	0.000000000
1.549549550	0.000000000	0.000000000	0.000000000	0.000000000	0.000000000	0.000000000
1.556556557	0.000000000	0.000000000	0.000000000	0.000000000	0.000000000	0.000000000
1.563563564	0.000000000	0.000000000	0.000000000	0.000000000	0.000000000	0.000000000
1.570570571	0.000000000	0.000000000	0.000000000	0.000000000	0.000000000	0.000000000
1.577577578	0.000000000	0.000000000	0.000000000	0.000000000	0.000000000	0.000000000
1.584584585	0.000000000	0.000000000	0.000000000	0.000000000	0.000000000	0.000000000
1.591591592	0.000000000	0.000000000	0.000000000	0.000000000	0.000000000	0.000000000
1.598598599	0.000000000	0.000000000	0.000000000	0.000000000	0.000000000	0.000000000
1.605605606	0.000000000	0.000000000	0.000000000	0.000000000	0.000000000	0.000000000
1.612612613	0.000000000	0.000000000	0.000000000	0.000000000	0.000000000	0.000000000
1.619619620	0.000000000	0.000000000	0.000000000	0.000000000	0.000000000	0.000000000
1.626626627	0.000000000	0.000000000	0.000000000	0.000000000	0.000000000	0.000000000
1.633633634	0.000000000	0.000000000	0.000000000	0.000000000	0.000000000	0.000000000
1.640640641	0.000000000	0.000000000	0.000000000	0.000000000	0.000000000	0.000000000
1.647647648	0.000000000	0.000000000	0.000000000	0.000000000	0.000000000	0.000000000
1.654654655	0.000000000	0.000000000	0.000000000	0.000000000	0.000000000	0.000000000
1.661661662	0.000000000	0.000000000	0.000000000	0.000000000	0.000000000	0.000000000
1.668668669	0.000000000	0.000000000	0.000000000	0.000000000	0.000000000	0.000000000
1.675675676	0.000000000	0.000000000	0.000000000	0.000000000	0.000000000	0.000000000
1.682682683	0.000000000	0.000000000	0.000000000	0.000000000	0.000000000	0.000000000
1.689689690	0.000000000	0.000000000	0.000000000	0.000000000	0.000000000	0.000000000
1.696696697	0.000000000	0.000000000	0.000000000	0.000000000	0.000000000	0.000000000
1.703703704	0.000000000	0.000000000	0.000000000	0.000000000	0.000000000	0.000000000
1.710710711	0.000000000	0.000000000	0.000000000	0.000000000	0.000000000	0.000000000
1.717717718	0.000000000	0.000000000	0.000000000	0.000000000	0.000000000	0.000000000
1.724724725	0.000000000	0.000000000	0.000000000	0.000000000	0.000000000	0.000000000
1.731731732	0.000000000	0.000000000	0.000000000	0.000000000	0.000000000	0.000000000
1.738738739	0.000000000	0.000000000	0.000000000	0.000000000	0.000000000	0.000000000
1.745745746	0.000000000	0.000000000	0.000000000	0.000000000	0.000000000	0.000000000
1.752752753	0.000000000	0.000000000	0.000000000	0.000000000	0.000000000	0.000000000
1.759759760	0.000000000	0.000000000	0.000000000	0.000000000	0.000000000	0.000000000
1.766766767	0.000000000	0.000000000	0.000000000	0.000000000	0.000000000	0.000000000
1.773773774	0.000000000	0.000000000	0.000000000	0.000000000	0.000000000	0.000000000
1.780780781	0.000000000	0.000000000	0.000000000	0.000000000	0.000000000	0.000000000
1.787787788	0.000000000	0.000000000	0.000000000	0.000000000	0.000000000	0.000000000
1.794794795	0.000000000	0.000000000	0.000000000	0.000000000	0.000000000	0.000000000
1.801801802	0.000000000	0.000000000	0.000000000	0.000000000	0.000000000	0.000000000
1.808808809	0.000000000	0.000000000	0.000000000	0.000000000	0.000000000	0.000000000
1.815815816	0.000000000	0.000000000	0.000000000	0.000000000	0.000000000	0.000000000
1.822822823	0.000000000	0.000000000	0.000000000	0.000000000	0.000000000	0.000000000
1.829829830	0.000000000	0.000000000	0.000000000	0.000000000	0.000000000	0.000000000
1.836836837	0.000000000	0.000000000	0.000000000	0.000000000	0.000000000	0.000000000
1.843843844	0.000000000	0.000000000	0.000000000	0.000000000	0.000000000	0.000000000
1.850850851	0.000000000	0.000000000	0.000000000	0.000000000	0.000000000	0.000000000
1.857857858	0.000000000	0.000000000	0.000000000	0.000000000	0.000000000	0.000000000
1.864864865	0.000000000	0.000000000	0.000000000	0.000000000	0.000000000	0.000000000
1.871871872	0.000000000	0.000000000	0.000000000	0.000000000	0.000000000	0.000000000
1.878878879	0.000000000	0.000000000	0.000000000	0.000000000	0.000000000	0.000000000
1.885885886	0.000000000	0.000000000	0.000000000	0.000000000	0.000000000	0.000000000
1.892892893	0.000000000	0.000000000	0.000000000	0.000000000	0.000000000	0.000000000
1.899899900	0.000000000	0.000000000	0.000000000	0.000000000	0.000000000	0.000000000
1.906906907	0.000000000	0.000000000	0.000000000	0.000000000	0.000000000	0.000000000
1.913913914	0.000000000	0.000000000	0.000000000	0.000000000	0.000000000	0.000000000
1.920920921	0.000000000	0.000000000	0.000000000	0.000000000	0.000000000	0.000000000
1.927927928	0.000000000	0.000000000	0.000000000	0.000000000	0.000000000	0.000000000
1.934934935	0.000000000	0.000000000	0.000000000	0.000000000	0.000000000	0.000000000
1.941941942	0.000000000	0.000000000	0.000000000	0.000000000	0.000000000	0.000000000
1.948948949	0.000000000	0.000000000	0.000000000	0.000000000	0.000000000	0.000000000
1.955955956	0.000000000	0.000000000	0.000000000	0.000000000	0.000000000	0.000000000
1.962962963	0.000000000	0.000000000	0.000000000	0.000000000	0.000000000	0.000000000
1.969969970	0.000000000	0.000000000	0.000000000	0.000000000	0.000000000	0.000000000
1.976976977	0.000000000	0.000000000	0.000000000	0.000000000	0.000000000	0.000000000
1.983983984	0.000000000	0.000000000	0.000000000	0.000000000	0.000000000	0.000000000
1.990990991	0.000000000	0.000000000	0.000000000	0.000000000	0.000000000	0.000000000
1.997997998	0.000000000	0.000000000	0.000000000	0.000000000	0.000000000	0.000000000
2.005005005	0.000000000	0.000000000	0.000000000	0.000000000	0.000000000	0.000000000
2.012012012	0.000000000	0.000000000	0.000000000	0.000000000	0.000000000	0.000000000
2.019019019	0.000000000	0.000000000	0.000000000	0.000000000	0.000000000	0.000000000
2.026026026	0.000000000	0.000000000	0.000000000	0.000000000	0.000000000	0.000000000
2.033033033	0.000000000	0.000000000	0.000000000	0.000000000	0.000000000	0.000000000
2.040040040	0.000000000	0.000000000	0.000000000	0.000000000	0.000000000	0.000000000
2.047047047	0.000000000	0.000000000	0.000000000	0.000000000	0.000000000	0.000000000
2.054054054	0.000000000	0.000000000	0.000000000	0.000000000	0.000000000	0.000000000
2.061061061	0.000000000	0.000000000	0.000000000	0.000000000	0.000000000	0.000000000
2.068068068	0.000000000	0.000000000	0.000000000	0.000000000	0.000000000	0.000000000
2.075075075	0.000000000	0.000000000	0.000000000	0.000000000	0.000000000	0.000000000
2.082082082	0.000000000	0.000000000	0.000000000	0.000000000	0.000000000	0.000000000
2.089089089	0.000000000	0.000000000	0.000000000	0.000000000	0.000000000	0.000000000
2.096096096	0.000000000	0.000000000	0.000000000	0.000000000	0.000000000	0.000000000
2.103103103	0.000000000	0.000000000	0.000000000	0.000000000	0.000000000	0.000000000
2.110110110	0.000000000	0.000000000	0.000000000	0.000000000	0.000000000	0.000000000
2.117117117	0.000000000	0.000000000	0.000000000	0.000000000	0.000000000	0.000000000
2.124124124	0.000000000	0.000000000	0.000000000	0.000000000	0.000000000	0.000000000
2.131131131	0.000000000	0.000000000	0.000000000	0.000000000	0.000000000	0.000000000
2.138138138	0.000000000	0.000000000	0.000000000	0.000000000	0.000000000	0.000000000
2.145145145	0.000000000	0.000000000	0.000000000	0.000000000	0.000000000	0.000000000
2.152152152	0.000000000	0.000000000	0.000000000	0.000000000	0.000000000	0.000000000
2.159159159	0.000000000	0.000000000	0.000000000	0.000000000	0.000000000	0.000000000
2.166166166	0.000000000	0.000000000	0.000000000	0.000000000	0.000000000	0.000000000
2.173173173	0.000000000	0.000000000	0.000000000	0.000000000	0.000000000	0.000000000
2.180180180	0.000000000	0.000000000	0.000000000	0.000000000	0.000000000	0.000000000
2.187187187	0.000000000	0.000000000	0.000000000	0.000000000	0.000000000	0.000000000
2.194194194	0.000000000	0.000000000	0.000000000	0.000000000	0.000000000	0.000000000
2.201201201	0.000000000	0.000000000	0.000000000	0.000000000	0.000000000	0.000000000
2.208208208	0.000000000	0.000000000	0.000000000	0.000000000	0.000000000	0.000000000
2.215215215	0.000000000	0.000000000	0.000000000	0.000000000	0.000000000	0.000000000
2.222222222	0.000000000	0.000000000	0.000000000	0.000000000	0.000000000	0.000000000
2.229229229	0.000000000	0.000000000	0.000000000	0.000000000	0.000000000	0.000000000
2.236236236	0.000000000	0.000000000	0.000000000	0.000000000	0.000000000	0.000000000
2.243243243	0.000000000	0.000000000	0.000000000	0.000000000	0.000000000	0.000000000
2.250250250	0.000000000	0.000000000	0.000000000	0.000000000	0.000000000	0.000000000
2.257257257	0.000000000	0.000000000	0.000000000	0.000000000	0.000000000	0.000000000
2.264264264	0.000000000	0.000000000	0.000000000	0.000000000	0.000000000	0.000000000
2.271271271	0.000000000	0.000000000	0.000000000	0.000000000	0.000000000	0.000000000
2.278278278	0.000000000	0.000000000	0.000000000	0.000000000	0.000000000	0.000000000
2.285285285	0.000000000	0.000000000	0.000000000	0.000000000	0.000000000	0.000000000
2.292292292	0.000000000	0.000000000	0.000000000	0.000000000	0.000000000	0.000000000
2.299299299	0.000000000	0.000000000	0.000000000	0.000000000	0.000000000	0.000000000
2.306306306	0.000000000	0.000000000	0.000000000	0.000000000	0.000000000	0.000000000
2.313313313	0.000000000	0.000000000	0.000000000	0.000000000	0.000000000	0.000000000
2.320320320	0.000000000	0.000000000	0.000000000	0.000000000	0.000000000	0.000000000
2.327327327	0.000000000	0.000000000	0.000000000	0.000000000	0.000000000	0.000000000
2.334334334	0.000000000	0.000000000	0.000000000	0.000000000	0.000000000	0.000000000
2.341341341	0.000000000	0.000000000	0.000000000	0.000000000	0.000000000	0.000000000
2.348348348	0.000000000	0.000000000	0.000000000	0.000000000	0.000000000	0.000000000
2.355355355	0.000000000	0.000000000	0.000000000	0.000000000	0.000000000	0.000000000
2.362362362	0.000000000	0.000000000	0.000000000	0.000000000	0.000000000	0.000000000
2.369369369	0.000000000	0.000000000	0.000000000	0.000000000	0.000000000	0.000000000
2.376376376	0.000000000	0.000000000	0.000000000	0.000000000	0.000000000	0.000000000
2.383383383	0.000000000	0.000000000	0.000000000	0.000000000	0.000000000	0.000000000
2.390390390	0.000000000	0.000000000	0.000000000	0.000000000	0.000000000	0.000000000
2.397397397	0.000000000	0.000000000	0.000000000	0.000000000	0.000000000	0.000000000
2.404404404	0.000000000	0.000000000	0.000000000	0.000000000	0.000000000	0.000000000
2.411411411	0.000000000	0.000000000	0.000000000	0.000000000	0.000000000	0.000000000
2.418418418	0.000000000	0.000000000	0.000000000	0.000000000	0.000000000	0.000000000
2.425425425	0.000000000	0.000000000	0.000000000	0.000000000	0.000000000	0.000000000
2.432432432	0.000000000	0.000000000	0.000000000	0.000000000	0.000000000	0.000000000
2.439439439	0.000000000	0.000000000	0.000000000	0.000000000	0.000000000	0.000000000
2.446446446	0.000000000	0.000000000	0.000000000	0.000000000	0.000000000	0.000000000
2.453453453	0.000000000	0.000000000	0.000000000	0.000000000	0.000000000	0.000000000
2.460460460	0.000000000	0.000000000	0.000000000	0.000000000	0.000000000	0.000000000
2.467467467	0.000000000	0.000000000	0.000000000	0.000000000	0.000000000	0.000000000
2.474474474	0.000000000	0.000000000	0.000000000	0.000000000	0.000000000	0.000000000
2.481481481	0.000000000	0.000000000	0.000000000	0.000000000	0.000000000	0.000000000
2.488488488	0.000000000	0.000000000	0.000000000	0.000000000	0.000000000	0.000000000
2.495495495	0.000000000	0.000000000	0.000000000	0.000000000	0.000000000	0.000000000
2.502502503	0.000000000	0.000000000	0.000000000	0.000000000	0.000000000	0.000000000
2.509509510	0.000000000	0.000000000	0.000000000	0.000000000	0.000000000	0.000000000
2.516516517	0.000000000	0.000000000	0.000000000	0.000000000	0.000000000	0.000000000
2.523523524	0.000000000	0.000000000	0.000000000	0.000000000	0.000000000	0.000000000
2.530530531	0.000000000	0.000000000	0.000000000	0.000000000	0.000000000	0.000000000
2.537537538	0.000000000	0.000000000	0.000000000	0.000000000	0.000000000	0.000000000
2.544544545	0.000000000	0.000000000	0.000000000	0.000000000	0.000000000	0.000000000
2.551551552	0.000000000	0.000000000	0.000000000	0.000000000	0.000000000	0.000000000
2.558558559	0.000000000	0.000000000	0.000000000	0.000000000	0.000000000	0.000000000
2.565565566	0.000000000	0.000000000	0.000000000	0.000000000	0.000000000	0.000000000
2.572572573	0.000000000	0.000000000	0.000000000	0.000000000	0.000000000	0.000000000
2.579579580	0.000000000	0.000000000	0.000000000	0.000000000	0.000000000	0.000000000
2.586586587	0.000000000	0.000000000	0.000000000	0.000000000	0.000000000	0.000000000
2.593593594	0.000000000	0.000000000	0.000000000	0.000000000	0.000000000	0.000000000
2.600600601	0.000000000	0.000000000	0.000000000	0.000000000	0.000000000	0.000000000
2.607607608	0.000000000	0.000000000	0.000000000	0.000000000	0.000000000	0.000000000
2.614614615	0.000000000	0.000000000	0.000000000	0.000000000	0.000000000	0.000000000
2.621621622	0.000000000	0.000000000	0.000000000	0.000000000	0.000000000	0.000000000
2.628628629	0.000000000	0.000000000	0.000000000	0.000000000	0.000000000	0.000000000
2.635635636	0.000000000	0.000000000	0.000000000	0.000000000	0.000000000	0.000000000
2.642642643	0.000000000	0.000000000	0.000000000	0.000000000	0.000000000	0.000000000
2.649649650	0.000000000	0.000000000	0.000000000	0.000000000	0.000000000	0.000000000
2.656656657	0.000000000	0.000000000	0.000000000	0.000000000	0.000000000	0.000000000
2.663663664	0.000000000	0.000000000	0.000000000	0.000000000	0.000000000	0.000000000
2.670670671	0.000000000	0.000000000	0.000000000	0.000000000	0.000000000	0.000000000
2.677677678	0.000000000	0.000000000	0.000000000	0.000000000	0.000000000	0.000000000
2.684684685	0.000000000	0.000000000	0.000000000	0.000000000	0.000000000	0.000000000
2.691691692	0.000000000	0.000000000	0.000000000	0.000000000	0.000000000	0.000000000
2.698698699	0.000000000	0.000000000	0.000000000	0.000000000	0.000000000	0.000000000
2.705705706	0.000000000	0.000000000	0.000000000	0.000000000	0.000000000	0.000000000
2.712712713	0.000000000	0.000000000	0.000000000	0.000000000	0.000000000	0.000000000
2.719719720	0.000000000	0.000000000	0.000000000	0.000000000	0.000000000	0.000000000
2.726726727	0.000000000	0.000000000	0.000000000	0.000000000	0.000000000	0.000000000
2.733733734	0.000000000	0.000000000	0.000000000	0.000000000	0.000000000	0.000000000
2.740740741	0.000000000	0.000000000	0.000000000	0.000000000	0.000000000	0.000000000
2.747747748	0.000000000	0.000000000	0.000000000	0.000000000	0.000000000	0.000000000
2.754754755	0.000000000	0.000000000	0.000000000	0.000000000	0.000000000	0.000000000
2.761761762	0.000000000	0.000000000	0.000000000	0.000000000	0.000000000	0.000000000
2.768768769	0.000000000	0.000000000	0.000000000	0.000000000	0.000000000	0.000000000
2.775775776	0.000000000	0.000000000	0.000000000	0.000000000	0.000000000	0.000000000
2.782782783	0.000000000	0.000000000	0.000000000	0.000000000	0.000000000	0.000000000
2.789789790	0.000000000	0.000000000	0.000000000	0.000000000	0.000000000	0.000000000
2.796796797	0.000000000	0.000000000	0.000000000	0.000000000	0.000000000	0.000000000
2.803803804	0.000000000	0.000000000	0.000000000	0.000000000	0.000000000	0.000000000
2.810810811	0.000000000	0.000000000	0.000000000	0.000000000	0.000000000	0.000000000
2.817817818	0.000000000	0.000000000	0.000000000	0.000000000	0.000000000	0.000000000
2.824824825	0.000000000	0.000000000	0.000000000	0.000000000	0.000000000	0.000000000
2.831831832	0.000000000	0.000000000	0.000000000	0.000000000	0.000000000	0.000000000
2.838838839	0.000000000	0.000000000	0.000000000	0.000000000	0.000000000	0.000000000
2.845845846	0.000000000	0.000000000	0.000000000	0.000000000	0.000000000	0.000000000
2.852852853	0.000000000	0.000000000	0.000000000	0.000000000	0.000000000	0.000000000
2.859859860	0.000000000	0.000000000	0.000000000	0.000000000	0.000000000	0.000000000
2.866866867	0.000000000	0.000000000	0.000000000	0.000000000	0.000000000	0.000000000
2.873873874	0.000000000	0.000000000	0.000000000	0.000000000	0.000000000	0.000000000
2.880880881	0.000000000	0.000000000	0.000000000	0.000000000	0.000000000	0.000000000
2.887887888	0.000000000	0.000000000	0.000000000	0.000000000	0.000000000	0.000000000
2.894894895	0.000000000	0.000000000	0.000000000	0.000000000	0.000000000	0.000000000
2.901901902	0.000000000	0.000000000	0.000000000	0.000000000	0.000000000	0.000000000
2.908908909	0.000000000	0.000000000	0.000000000	0.000000000	0.000000000	0.000000000
2.915915916	0.000000000	0.000000000	0.000000000	0.000000000	0.000000000	0.000000000
2.922922923	0.000000000	0.000000000	0.000000000	0.000000000	0.000000000	0.000000000
2.929929930	0.000000000	0.000000000	0.000000000	0.000000000	0.000000000	0.000000000
2.936936937	0.000000000	0.000000000	0.000000000	0.000000000	0.000000000	0.000000000
2.943943944	0.000000000	0.000000000	0.000000000	0.000000000	0.000000000	0.000000000
2.950950951	0.000000000	0.000000000	0.000000000	0.000000000	0.000000000	0.000000000
2.957957958	0.000000000	0.000000000	0.000000000	0.000000000	0.000000000	0.000000000
2.964964965	0.000000000	0.000000000	0.000000000	0.000000000	0.000000000	0.000000000
2.971971972	0.000000000	0.000000000	0.000000000	0.000000000	0.000000000	0.000000000
2.978978979	0.000000000	0.000000000	0.000000000	0.000000000	0.000000000	0.000000000
2.985985986	0.000000000	0.000000000	0.000000000	0.000000000	0.000000000	0.000000000
2.992992993	0.000000000	0.000000000	0.000000000	0.000000000	0.000000000	0.000000000
3.000000000	0.000000000	0.000000000	0.000000000	0.000000000	0.000000000	0.000000000
