-4.00000000	0.004976289	0.010223297	0.015420664	0.044167884	0.015738415	0.021871626
-3.99299299	0.005040962	0.010335865	0.015586279	0.044642421	0.015889558	0.022074549
-3.98598599	0.005106525	0.010449755	0.015753782	0.045121772	0.016042282	0.022279510
-3.97897898	0.005172990	0.010564982	0.015923196	0.045605979	0.016196606	0.022486533
-3.97197197	0.005240372	0.010681564	0.016094545	0.046095086	0.016352547	0.022695638
-3.96496496	0.005308682	0.010799517	0.016267851	0.046589136	0.016510122	0.022906847
-3.95795796	0.005377936	0.010918859	0.016443138	0.047088172	0.016669352	0.023120185
-3.95095095	0.005448146	0.011039606	0.016620429	0.047592237	0.016830254	0.023335673
-3.94394394	0.005519326	0.011161776	0.016799749	0.048101376	0.016992847	0.023553334
-3.93693694	0.005591490	0.011285387	0.016981122	0.048615633	0.017157150	0.023773192
-3.92992993	0.005664653	0.011410456	0.017164573	0.049135051	0.017323183	0.023995270
-3.92292292	0.005738830	0.011537003	0.017350125	0.049659676	0.017490966	0.024219593
-3.91591592	0.005814034	0.011665044	0.017537806	0.050189553	0.017660517	0.024446184
-3.90890891	0.005890281	0.011794600	0.017727639	0.050724725	0.017831858	0.024675067
-3.90190190	0.005967587	0.011925688	0.017919652	0.051265240	0.018005008	0.024906268
-3.89489489	0.006045966	0.012058328	0.018113870	0.051811141	0.018179987	0.025139812
-3.88788789	0.006125434	0.012192540	0.018310320	0.052362475	0.018356818	0.025375723
-3.88088088	0.006206008	0.012328342	0.018509028	0.052919288	0.018535520	0.025614027
-3.87387387	0.006287703	0.012465755	0.018710022	0.053481625	0.018716115	0.025854750
-3.86686687	0.006370536	0.012604800	0.018913329	0.054049534	0.018898625	0.026097918
-3.85985986	0.006454523	0.012745495	0.019118978	0.054623060	0.019083071	0.026343558
-3.85285285	0.006539682	0.012887862	0.019326995	0.055202251	0.019269475	0.026591695
-3.84584585	0.006626029	0.013031923	0.019537410	0.055787152	0.019457860	0.026842357
-3.83883884	0.006713581	0.013177697	0.019750252	0.056377813	0.019648248	0.027095572
-3.83183183	0.006802358	0.013325207	0.019965550	0.056974279	0.019840662	0.027351366
-3.82482482	0.006892376	0.013474475	0.020183333	0.057576598	0.020035126	0.027609768
-3.81781782	0.006983654	0.013625521	0.020403631	0.058184818	0.020231662	0.027870805
-3.81081081	0.007076210	0.013778370	0.020626476	0.058798988	0.020430294	0.028134507
-3.80380380	0.007170064	0.013933043	0.020851896	0.059419154	0.020631046	0.028400902
-3.79679680	0.007265233	0.014089563	0.021079924	0.060045366	0.020833943	0.028670020
-3.78978979	0.007361739	0.014247954	0.021310591	0.060677671	0.021039009	0.028941889
-3.78278278	0.007459599	0.014408239	0.021543929	0.061316118	0.021246269	0.029216539
-3.77577578	0.007558835	0.014570442	0.021779970	0.061960757	0.021455748	0.029494001
-3.76876877	0.007659466	0.014734586	0.022018746	0.062611635	0.021667472	0.029774306
-3.76176176	0.007761513	0.014900697	0.022260291	0.063268802	0.021881465	0.030057483
-3.75475475	0.007864998	0.015068800	0.022504638	0.063932308	0.022097755	0.030343564
-3.74774775	0.007969940	0.015238918	0.022751821	0.064602200	0.022316368	0.030632580
-3.74074074	0.008076363	0.015411079	0.023001875	0.065278530	0.022537330	0.030924564
-3.73373373	0.008184287	0.015585307	0.023254833	0.065961346	0.022760668	0.031219548
-3.72672673	0.008293735	0.015761628	0.023510731	0.066650699	0.022986410	0.031517563
-3.71971972	0.008404729	0.015940069	0.023769604	0.067346637	0.023214584	0.031818644
-3.71271271	0.008517293	0.016120658	0.024031489	0.068049211	0.023445217	0.032122822
-3.70570571	0.008631450	0.016303420	0.024296422	0.068758472	0.023678338	0.032430133
-3.69869870	0.008747223	0.016488383	0.024564440	0.069474468	0.023913975	0.032740609
-3.69169169	0.008864636	0.016675576	0.024835580	0.070197251	0.024152157	0.033054286
-3.68468468	0.008983714	0.016865026	0.025109879	0.070926870	0.024392915	0.033371197
-3.67767768	0.009104481	0.017056762	0.025387377	0.071663377	0.024636277	0.033691379
-3.67067067	0.009226963	0.017250812	0.025668111	0.072406820	0.024882274	0.034014867
-3.66366366	0.009351184	0.017447207	0.025952122	0.073157252	0.025130936	0.034341696
-3.65665666	0.009477172	0.017645976	0.026239447	0.073914722	0.025382294	0.034671903
-3.64964965	0.009604952	0.017847149	0.026530129	0.074679282	0.025636379	0.035005526
-3.64264264	0.009734550	0.018050757	0.026824207	0.075450981	0.025893223	0.035342600
-3.63563564	0.009865995	0.018256829	0.027121722	0.076229870	0.026152857	0.035683163
-3.62862863	0.009999313	0.018465399	0.027422716	0.077016001	0.026415315	0.036027254
-3.62162162	0.010134532	0.018676496	0.027727231	0.077809423	0.026680629	0.036374911
-3.61461461	0.010271681	0.018890154	0.028035310	0.078610188	0.026948831	0.036726172
-3.60760761	0.010410789	0.019106405	0.028346996	0.079418345	0.027219956	0.037081077
-3.60060060	0.010551885	0.019325282	0.028662332	0.080233947	0.027494037	0.037439666
-3.59359359	0.010694998	0.019546818	0.028981364	0.081057042	0.027771110	0.037801979
-3.58658659	0.010840159	0.019771047	0.029304134	0.081887683	0.028051207	0.038168056
-3.57957958	0.010987399	0.019998004	0.029630690	0.082725919	0.028334366	0.038537938
-3.57257257	0.011136748	0.020227722	0.029961076	0.083571801	0.028620620	0.038911666
-3.56556557	0.011288238	0.020460237	0.030295339	0.084425379	0.028910007	0.039289284
-3.55855856	0.011441901	0.020695585	0.030633526	0.085286704	0.029202563	0.039670832
-3.55155155	0.011597771	0.020933802	0.030975685	0.086155826	0.029498325	0.040056354
-3.54454454	0.011755879	0.021174925	0.031321863	0.087032794	0.029797329	0.040445893
-3.53753754	0.011916260	0.021418989	0.031672109	0.087917660	0.030099615	0.040839492
-3.53053053	0.012078947	0.021666033	0.032026473	0.088810472	0.030405220	0.041237197
-3.52352352	0.012243975	0.021916096	0.032385004	0.089711281	0.030714183	0.041639052
-3.51651652	0.012411380	0.022169214	0.032747752	0.090620137	0.031026543	0.042045101
-3.50950951	0.012581198	0.022425428	0.033114770	0.091537087	0.031342339	0.042455392
-3.50250250	0.012753463	0.022684776	0.033486108	0.092462182	0.031661613	0.042869969
-3.49549550	0.012928214	0.022947300	0.033861818	0.093395472	0.031984404	0.043288880
-3.48848849	0.013105488	0.023213038	0.034241954	0.094337003	0.032310754	0.043712171
-3.48148148	0.013285322	0.023482033	0.034626570	0.095286826	0.032640704	0.044139892
-3.47447447	0.013467756	0.023754326	0.035015718	0.096244989	0.032974297	0.044572089
-3.46746747	0.013652828	0.024029959	0.035409455	0.097211539	0.033311575	0.045008811
-3.46046046	0.013840579	0.024308974	0.035807835	0.098186524	0.033652581	0.045450109
-3.45345345	0.014031048	0.024591415	0.036210915	0.099169993	0.033997359	0.045896031
-3.44644645	0.014224277	0.024877326	0.036618751	0.100161992	0.034345953	0.046346628
-3.43943944	0.014420307	0.025166751	0.037031402	0.101162569	0.034698407	0.046801951
-3.43243243	0.014619180	0.025459735	0.037448925	0.102171769	0.035054768	0.047262052
-3.42542543	0.014820941	0.025756324	0.037871378	0.103189640	0.035415081	0.047726982
-3.41841842	0.015025632	0.026056563	0.038298822	0.104216226	0.035779392	0.048196794
-3.41141141	0.015233297	0.026360499	0.038731317	0.105251575	0.036147748	0.048671541
-3.40440440	0.015443982	0.026668180	0.039168924	0.106295730	0.036520197	0.049151276
-3.39739740	0.015657732	0.026979653	0.039611704	0.107348737	0.036896786	0.049636055
-3.39039039	0.015874594	0.027294968	0.040059720	0.108410640	0.037277565	0.050125932
-3.38338338	0.016094614	0.027614172	0.040513035	0.109481482	0.037662583	0.050620962
-3.37637638	0.016317841	0.027937316	0.040971712	0.110561308	0.038051888	0.051121201
-3.36936937	0.016544324	0.028264451	0.041435817	0.111650159	0.038445533	0.051626706
-3.36236236	0.016774111	0.028595627	0.041905415	0.112748079	0.038843567	0.052137534
-3.35535536	0.017007252	0.028930897	0.042380571	0.113855110	0.039246042	0.052653744
-3.34834835	0.017243800	0.029270312	0.042861354	0.114971291	0.039653011	0.053175392
-3.34134134	0.017483804	0.029613926	0.043347830	0.116096666	0.040064527	0.053702539
-3.33433433	0.017727318	0.029961792	0.043840067	0.117231273	0.040480642	0.054235244
-3.32732733	0.017974395	0.030313965	0.044338136	0.118375151	0.040901412	0.054773567
-3.32032032	0.018225090	0.030670500	0.044842106	0.119528341	0.041326890	0.055317570
-3.31331331	0.018479456	0.031031453	0.045352048	0.120690880	0.041757133	0.055867313
-3.30630631	0.018737550	0.031396881	0.045868034	0.121862806	0.042192196	0.056422859
-3.29929930	0.018999429	0.031766840	0.046390136	0.123044156	0.042632136	0.056984271
-3.29229229	0.019265150	0.032141390	0.046918428	0.124234966	0.043077010	0.057551612
-3.28528529	0.019534771	0.032520588	0.047452983	0.125435271	0.043526877	0.058124947
-3.27827828	0.019808352	0.032904494	0.047993877	0.126645106	0.043981796	0.058704340
-3.27127127	0.020085953	0.033293169	0.048541185	0.127864505	0.044441826	0.059289856
-3.26426426	0.020367635	0.033686673	0.049094985	0.129093501	0.044907027	0.059881562
-3.25725726	0.020653460	0.034085069	0.049655353	0.130332126	0.045377460	0.060479525
-3.25025025	0.020943492	0.034488419	0.050222369	0.131580412	0.045853187	0.061083813
-3.24324324	0.021237795	0.034896786	0.050796112	0.132838389	0.046334270	0.061694492
-3.23623624	0.021536433	0.035310236	0.051376661	0.134106086	0.046820772	0.062311633
-3.22922923	0.021839472	0.035728832	0.051964099	0.135383533	0.047312758	0.062935304
-3.22222222	0.022146980	0.036152640	0.052558506	0.136670757	0.047810291	0.063565577
-3.21521522	0.022459025	0.036581728	0.053159967	0.137967785	0.048313437	0.064202522
-3.20820821	0.022775676	0.037016163	0.053768564	0.139274641	0.048822263	0.064846210
-3.20120120	0.023097003	0.037456013	0.054384383	0.140591352	0.049336834	0.065496715
-3.19419419	0.023423077	0.037901348	0.055007509	0.141917940	0.049857220	0.066154110
-3.18718719	0.023753971	0.038352238	0.055638030	0.143254427	0.050383488	0.066818467
-3.18018018	0.024089758	0.038808754	0.056276032	0.144600836	0.050915708	0.067489863
-3.17317317	0.024430513	0.039270967	0.056921605	0.145957186	0.051453950	0.068168371
-3.16616617	0.024776312	0.039738951	0.057574837	0.147323496	0.051998284	0.068854069
-3.15915916	0.025127231	0.040212779	0.058235820	0.148699784	0.052548783	0.069547034
-3.15215215	0.025483349	0.040692526	0.058904645	0.150086065	0.053105519	0.070247342
-3.14514515	0.025844744	0.041178268	0.059581404	0.151482357	0.053668566	0.070955072
-3.13813814	0.026211499	0.041670081	0.060266191	0.152888671	0.054237998	0.071670303
-3.13113113	0.026583694	0.042168043	0.060959100	0.154305022	0.054813889	0.072393116
-3.12412412	0.026961411	0.042672231	0.061660227	0.155731419	0.055396317	0.073123590
-3.11711712	0.027344737	0.043182727	0.062369668	0.157167873	0.055985358	0.073861808
-3.11011011	0.027733756	0.043699609	0.063087522	0.158614392	0.056581089	0.074607851
-3.10310310	0.028128554	0.044222960	0.063813886	0.160070983	0.057183590	0.075361802
-3.09609610	0.028529221	0.044752861	0.064548859	0.161537651	0.057792940	0.076123745
-3.08908909	0.028935845	0.045289397	0.065292544	0.163014400	0.058409220	0.076893765
-3.08208208	0.029348518	0.045832652	0.066045040	0.164501232	0.059032510	0.077671947
-3.07507508	0.029767332	0.046382711	0.066806452	0.165998147	0.059662894	0.078458378
-3.06806807	0.030192381	0.046939661	0.067576883	0.167505145	0.060300455	0.079253143
-3.06106106	0.030623759	0.047503589	0.068356437	0.169022224	0.060945276	0.080056331
-3.05405405	0.031061563	0.048074585	0.069145220	0.170549377	0.061597444	0.080868031
-3.04704705	0.031505891	0.048652737	0.069943341	0.172086601	0.062257044	0.081688331
-3.04004004	0.031956844	0.049238137	0.070750905	0.173633886	0.062924163	0.082517323
-3.03303303	0.032414520	0.049830878	0.071568024	0.175191222	0.063598890	0.083355096
-3.02602603	0.032879024	0.050431051	0.072394807	0.176758599	0.064281314	0.084201743
-3.01901902	0.033350459	0.051038751	0.073231364	0.178336002	0.064971524	0.085057356
-3.01201201	0.033828931	0.051654073	0.074077810	0.179923417	0.065669613	0.085922030
-3.00500501	0.034314547	0.052277115	0.074934257	0.181520826	0.066375671	0.086795857
-2.99799800	0.034807416	0.052907973	0.075800820	0.183128209	0.067089793	0.087678933
-2.99099099	0.035307648	0.053546747	0.076677614	0.184745545	0.067812073	0.088571355
-2.98398398	0.035815356	0.054193536	0.077564757	0.186372812	0.068542605	0.089473218
-2.97697698	0.036330652	0.054848442	0.078462366	0.188009982	0.069281486	0.090384621
-2.96996997	0.036853654	0.055511567	0.079370561	0.189657029	0.070028814	0.091305662
-2.96296296	0.037384477	0.056183015	0.080289462	0.191313923	0.070784686	0.092236439
-2.95595596	0.037923241	0.056862890	0.081219189	0.192980631	0.071549203	0.093177054
-2.94894895	0.038470066	0.057551299	0.082159866	0.194657119	0.072322465	0.094127607
-2.94194194	0.039025075	0.058248348	0.083111617	0.196343351	0.073104574	0.095088200
-2.93493493	0.039588393	0.058954148	0.084074565	0.198039288	0.073895632	0.096058935
-2.92792793	0.040160145	0.059668806	0.085048837	0.199744887	0.074695744	0.097039916
-2.92092092	0.040740460	0.060392435	0.086034559	0.201460107	0.075505014	0.098031247
-2.91391391	0.041329467	0.061125147	0.087031860	0.203184899	0.076323548	0.099033033
-2.90690691	0.041927298	0.061867055	0.088040869	0.204919215	0.077151455	0.100045380
-2.89989990	0.042534087	0.062618275	0.089061717	0.206663005	0.077988842	0.101068395
-2.89289289	0.043149969	0.063378923	0.090094534	0.208416214	0.078835819	0.102102185
-2.88588589	0.043775083	0.064149116	0.091139453	0.210178786	0.079692497	0.103146858
-2.87887888	0.044409568	0.064928974	0.092196608	0.211950662	0.080558987	0.104202524
-2.87187187	0.045053565	0.065718617	0.093266135	0.213731780	0.081435403	0.105269293
-2.86486486	0.045707219	0.066518167	0.094348168	0.215522076	0.082321858	0.106347275
-2.85785786	0.046370675	0.067327746	0.095442845	0.217321482	0.083218470	0.107436582
-2.85085085	0.047044081	0.068147479	0.096550304	0.219129928	0.084125353	0.108537327
-2.84384384	0.047727588	0.068977492	0.097670685	0.220947342	0.085042626	0.109649622
-2.83683684	0.048421347	0.069817912	0.098804127	0.222773647	0.085970408	0.110773582
-2.82982983	0.049125514	0.070668868	0.099950773	0.224608765	0.086908819	0.111909322
-2.82282282	0.049840244	0.071530490	0.101110764	0.226452614	0.087857981	0.113056956
-2.81581582	0.050565697	0.072402909	0.102284244	0.228305110	0.088818016	0.114216601
-2.80880881	0.051302033	0.073286259	0.103471359	0.230166164	0.089789048	0.115388375
-2.80180180	0.052049417	0.074180673	0.104672253	0.232035686	0.090771203	0.116572395
-2.79479479	0.052808014	0.075086287	0.105887074	0.233913583	0.091764606	0.117768780
-2.78778779	0.053577991	0.076003239	0.107115969	0.235799757	0.092769386	0.118977648
-2.78078078	0.054359520	0.076931667	0.108359088	0.237694107	0.093785671	0.120199121
-2.77377377	0.055152774	0.077871711	0.109616580	0.239596531	0.094813591	0.121433318
-2.76676677	0.055957927	0.078823514	0.110888595	0.241506921	0.095853278	0.122680362
-2.75975976	0.056775157	0.079787218	0.112175287	0.243425168	0.096904865	0.123940374
-2.75275275	0.057604644	0.080762967	0.113476807	0.245351157	0.097968485	0.125213477
-2.74574575	0.058446572	0.081750909	0.114793309	0.247284774	0.099044273	0.126499795
-2.73873874	0.059301124	0.082751190	0.116124949	0.249225896	0.100132367	0.127799452
-2.73173173	0.060168490	0.083763959	0.117471882	0.251174401	0.101232903	0.129112572
-2.72472472	0.061048858	0.084789368	0.118834264	0.253130162	0.102346020	0.130439281
-2.71771772	0.061942423	0.085827568	0.120212253	0.255093048	0.103471860	0.131779705
-2.71071071	0.062849379	0.086878713	0.121606007	0.257062924	0.104610562	0.133133970
-2.70370370	0.063769924	0.087942958	0.123015686	0.259039653	0.105762271	0.134502205
-2.69669670	0.064704260	0.089020460	0.124441448	0.261023094	0.106927130	0.135884535
-2.68968969	0.065652590	0.090111377	0.125883456	0.263013102	0.108105285	0.137281091
-2.68268268	0.066615119	0.091215868	0.127341871	0.265009528	0.109296881	0.138691999
-2.67567568	0.067592057	0.092334096	0.128816854	0.267012219	0.110502067	0.140117391
-2.66866867	0.068583615	0.093466222	0.130308569	0.269021020	0.111720993	0.141557395
-2.66166166	0.069590008	0.094612412	0.131817179	0.271035771	0.112953807	0.143012141
-2.65465465	0.070611454	0.095772830	0.133342849	0.273056307	0.114200663	0.144481760
-2.64764765	0.071648171	0.096947645	0.134885744	0.275082463	0.115461712	0.145966384
-2.64064064	0.072700383	0.098137024	0.136446030	0.277114065	0.116737110	0.147466143
-2.63363363	0.073768316	0.099341139	0.138023871	0.279150939	0.118027010	0.148981169
-2.62662663	0.074852198	0.100560162	0.139619436	0.281192907	0.119331571	0.150511593
-2.61961962	0.075952261	0.101794266	0.141232890	0.283239784	0.120650949	0.152057550
-2.61261261	0.077068739	0.103043625	0.142864402	0.285291383	0.121985304	0.153619170
-2.60560561	0.078201869	0.104308417	0.144514139	0.287347515	0.123334795	0.155196586
-2.59859860	0.079351893	0.105588818	0.146182270	0.289407984	0.124699585	0.156789932
-2.59159159	0.080519053	0.106885010	0.147868963	0.291472591	0.126079836	0.158399341
-2.58458458	0.081703595	0.108197172	0.149574387	0.293541133	0.127475712	0.160024945
-2.57757758	0.082905768	0.109525486	0.151298711	0.295613403	0.128887377	0.161666877
-2.57057057	0.084125826	0.110870138	0.153042103	0.297689190	0.130314998	0.163325272
-2.56356356	0.085364023	0.112231311	0.154804734	0.299768279	0.131758741	0.165000262
-2.55655656	0.086620617	0.113609193	0.156586773	0.301850451	0.133218776	0.166691981
-2.54954955	0.087895871	0.115003972	0.158388388	0.303935482	0.134695272	0.168400562
-2.54254254	0.089190048	0.116415837	0.160209750	0.306023145	0.136188398	0.170126136
-2.53553554	0.090503415	0.117844979	0.162051026	0.308113209	0.137698328	0.171868839
-2.52852853	0.091836244	0.119291591	0.163912387	0.310205437	0.139225233	0.173628800
-2.52152152	0.093188809	0.120755866	0.165794000	0.312299591	0.140769286	0.175406154
-2.51451451	0.094561385	0.122237999	0.167696034	0.314395425	0.142330663	0.177201032
-2.50750751	0.095954252	0.123738187	0.169618657	0.316492693	0.143909539	0.179013566
-2.50050050	0.097367694	0.125256626	0.171562036	0.318591141	0.145506091	0.180843885
-2.49349349	0.098801997	0.126793517	0.173526338	0.320690514	0.147120496	0.182692122
-2.48648649	0.100257448	0.128349058	0.175511729	0.322790551	0.148752931	0.184558406
-2.47947948	0.101734342	0.129923451	0.177518375	0.324890987	0.150403578	0.186442865
-2.47247247	0.103232972	0.131516900	0.179546440	0.326991555	0.152072615	0.188345630
-2.46546547	0.104753637	0.133129606	0.181596088	0.329091980	0.153760223	0.190266827
-2.45845846	0.106296638	0.134761775	0.183667482	0.331191986	0.155466584	0.192206583
-2.45145145	0.107862279	0.136413613	0.185760784	0.333291292	0.157191880	0.194165026
-2.44444444	0.109450868	0.138085327	0.187876154	0.335389612	0.158936293	0.196142279
-2.43743744	0.111062716	0.139777125	0.190013751	0.337486659	0.160700009	0.198138467
-2.43043043	0.112698135	0.141489215	0.192173733	0.339582137	0.162483210	0.200153713
-2.42342342	0.114357441	0.143221807	0.194356257	0.341675751	0.164286081	0.202188139
-2.41641642	0.116040954	0.144975112	0.196561477	0.343767199	0.166108807	0.204241864
-2.40940941	0.117748996	0.146749341	0.198789547	0.345856175	0.167951575	0.206315009
-2.40240240	0.119481892	0.148544707	0.201040618	0.347942371	0.169814570	0.208407690
-2.39539540	0.121239970	0.150361423	0.203314840	0.350025473	0.171697978	0.210520024
-2.38838839	0.123023560	0.152199702	0.205612358	0.352105164	0.173601986	0.212652125
-2.38138138	0.124832996	0.154059759	0.207933319	0.354181124	0.175526782	0.214804105
-2.37437437	0.126668613	0.155941808	0.210277866	0.356253027	0.177472551	0.216976076
-2.36736737	0.128530751	0.157846066	0.212646138	0.358320545	0.179439482	0.219168146
-2.36036036	0.130419751	0.159772747	0.215038273	0.360383347	0.181427761	0.221380423
-2.35335335	0.132335957	0.161722069	0.217454407	0.362441095	0.183437576	0.223613009
-2.34634635	0.134279715	0.163694247	0.219894670	0.364493450	0.185469113	0.225866009
-2.33933934	0.136251375	0.165689499	0.222359193	0.366540070	0.187522560	0.228139522
-2.33233233	0.138251287	0.167708041	0.224848101	0.368580608	0.189598103	0.230433645
-2.32532533	0.140279805	0.169750091	0.227361517	0.370614712	0.191695928	0.232748473
-2.31831832	0.142337286	0.171815866	0.229899558	0.372642030	0.193816221	0.235084099
-2.31131131	0.144424086	0.173905582	0.232462342	0.374662204	0.195959168	0.237440611
-2.30430430	0.146540566	0.176019457	0.235049978	0.376674874	0.198124954	0.239818096
-2.29729730	0.148687088	0.178157707	0.237662574	0.378679677	0.200313761	0.242216638
-2.29029029	0.150864016	0.180320547	0.240300233	0.380676244	0.202525774	0.244636314
-2.28328328	0.153071715	0.182508195	0.242963054	0.382664208	0.204761175	0.247077203
-2.27627628	0.155310554	0.184720865	0.245651131	0.384643193	0.207020146	0.249539377
-2.26926927	0.157580900	0.186958771	0.248364553	0.386612825	0.209302866	0.252022905
-2.26226226	0.159883123	0.189222128	0.251103404	0.388572724	0.211609514	0.254527853
-2.25525526	0.162217596	0.191511149	0.253867763	0.390522509	0.213940269	0.257054281
-2.24824825	0.164584692	0.193826044	0.256657703	0.392461795	0.216295306	0.259602246
-2.24124124	0.166984784	0.196167026	0.259473293	0.394390195	0.218674800	0.262171803
-2.23423423	0.169418246	0.198534303	0.262314595	0.396307320	0.221078924	0.264762998
-2.22722723	0.171885454	0.200928083	0.265181663	0.398212777	0.223507849	0.267375875
-2.22022022	0.174386785	0.203348574	0.268074549	0.400106172	0.225961745	0.270010474
-2.21321321	0.176922613	0.205795981	0.270993294	0.401987108	0.228440778	0.272666827
-2.20620621	0.179493317	0.208270505	0.273937935	0.403855187	0.230945113	0.275344963
-2.19919920	0.182099273	0.210772349	0.276908500	0.405710006	0.233474912	0.278044905
-2.19219219	0.184740857	0.213301712	0.279905013	0.407551165	0.236030335	0.280766672
-2.18518519	0.187418445	0.215858791	0.282927485	0.409378256	0.238611538	0.283510273
-2.17817818	0.190132412	0.218443779	0.285975925	0.411190875	0.241218677	0.286275715
-2.17117117	0.192883135	0.221056870	0.289050329	0.412988614	0.243851901	0.289062998
-2.16416416	0.195670986	0.223698251	0.292150688	0.414771061	0.246511359	0.291872113
-2.15715716	0.198496337	0.226368109	0.295276982	0.416537808	0.249197194	0.294703049
-2.15015015	0.201359561	0.229066627	0.298429184	0.418288441	0.251909548	0.297555783
-2.14314314	0.204261025	0.231793985	0.301607256	0.420022547	0.254648557	0.300430289
-2.13613614	0.207201097	0.234550358	0.304811150	0.421739712	0.257414353	0.303326532
-2.12912913	0.210180143	0.237335919	0.308040811	0.423439521	0.260207066	0.306244469
-2.12212212	0.213198524	0.240150837	0.311296170	0.425121559	0.263026818	0.309184050
-2.11511512	0.216256599	0.242995275	0.314577151	0.426785407	0.265873730	0.312145216
-2.10810811	0.219354726	0.245869393	0.317883665	0.428430651	0.268747915	0.315127901
-2.10110110	0.222493255	0.248773347	0.321215612	0.430056873	0.271649484	0.318132030
-2.09409409	0.225672537	0.251707287	0.324572881	0.431663655	0.274578539	0.321157520
-2.08708709	0.228892914	0.254671358	0.327955348	0.433250580	0.277535179	0.324204276
-2.08008008	0.232154728	0.257665699	0.331362879	0.434817232	0.280519497	0.327272196
-2.07307307	0.235458313	0.260690446	0.334795325	0.436363193	0.283531577	0.330361170
-2.06606607	0.238803998	0.263745727	0.338252525	0.437888048	0.286571501	0.333471074
-2.05905906	0.242192106	0.266831663	0.341734306	0.439391380	0.289639341	0.336601778
-2.05205205	0.245622956	0.269948371	0.345240479	0.440872775	0.292735163	0.339753137
-2.04504505	0.249096858	0.273095960	0.348770842	0.442331818	0.295859025	0.342925000
-2.03803804	0.252614115	0.276274531	0.352325180	0.443768098	0.299010980	0.346117202
-2.03103103	0.256175024	0.279484180	0.355903260	0.445181203	0.302191070	0.349329568
-2.02402402	0.259779872	0.282724994	0.359504836	0.446570722	0.305399330	0.352561909
-2.01701702	0.263428939	0.285997052	0.363129646	0.447936248	0.308635787	0.355814028
-2.01001001	0.267122496	0.289300424	0.366777412	0.449277373	0.311900458	0.359085712
-2.00300300	0.270860802	0.292635174	0.370447840	0.450593694	0.315193353	0.362376737
-1.99599600	0.274644109	0.296001355	0.374140617	0.451884808	0.318514469	0.365686866
-1.98898899	0.278472656	0.299399010	0.377855417	0.453150314	0.321863796	0.369015849
-1.98198198	0.282346673	0.302828174	0.381591891	0.454389816	0.325241313	0.372363422
-1.97497497	0.286266375	0.306288872	0.385349677	0.455602918	0.328646987	0.375729306
-1.96796797	0.290231967	0.309781117	0.389128390	0.456789228	0.332080776	0.379113211
-1.96096096	0.294243641	0.313304914	0.392927630	0.457948359	0.335542625	0.382514829
-1.95395395	0.298301572	0.316860253	0.396746975	0.459079923	0.339032469	0.385933838
-1.94694695	0.302405925	0.320447116	0.400585984	0.460183540	0.342550227	0.389369901
-1.93993994	0.306556846	0.324065471	0.404444197	0.461258829	0.346095811	0.392822665
-1.93293293	0.310754467	0.327715275	0.408321131	0.462305418	0.349669114	0.396291762
-1.92592593	0.314998904	0.331396470	0.412216283	0.463322934	0.353270019	0.399776807
-1.91891892	0.319290254	0.335108986	0.416129129	0.464311012	0.356898396	0.403277397
-1.91191191	0.323628597	0.338852741	0.420059124	0.465269290	0.360554096	0.406793113
-1.90490490	0.328013993	0.342627636	0.424005697	0.466197409	0.364236960	0.410323519
-1.89789790	0.332446484	0.346433559	0.427968257	0.467095018	0.367946810	0.413868161
-1.89089089	0.336926089	0.350270382	0.431946191	0.467961768	0.371683455	0.417426564
-1.88388388	0.341452808	0.354137963	0.435938858	0.468797316	0.375446686	0.420998239
-1.87687688	0.346026618	0.358036142	0.439945596	0.469601326	0.379236276	0.424582674
-1.86986987	0.350647472	0.361964743	0.443965719	0.470373466	0.383051984	0.428179341
-1.86286286	0.355315299	0.365923574	0.447998514	0.471113409	0.386893547	0.431787689
-1.85585586	0.360030005	0.369912425	0.452043244	0.471820835	0.390760688	0.435407149
-1.84884885	0.364791466	0.373931067	0.456099144	0.472495431	0.394653107	0.439037130
-1.84184184	0.369599535	0.377979252	0.460165426	0.473136888	0.398570487	0.442677023
-1.83483483	0.374454036	0.382056716	0.464241274	0.473744905	0.402512489	0.446326194
-1.82782783	0.379354763	0.386163172	0.468325843	0.474319187	0.406478756	0.449983990
-1.82082082	0.384301480	0.390298314	0.472418265	0.474859446	0.410468908	0.453649735
-1.81381381	0.389293922	0.394461815	0.476517640	0.475365402	0.414482543	0.457322731
-1.80680681	0.394331790	0.398653326	0.480623042	0.475836781	0.418519237	0.461002257
-1.79979980	0.399414751	0.402872479	0.484733516	0.476273316	0.422578543	0.464687570
-1.79279279	0.404542441	0.407118879	0.488848078	0.476674749	0.426659991	0.468377901
-1.78578579	0.409714458	0.411392111	0.492965716	0.477040828	0.430763087	0.472072461
-1.77877878	0.414930365	0.415691735	0.497085387	0.477371309	0.434887310	0.475770433
-1.77177177	0.420189684	0.420017288	0.501206019	0.477665959	0.439032117	0.479470978
-1.76476476	0.425491903	0.424368281	0.505326511	0.477924550	0.443196935	0.483173232
-1.75775776	0.430836467	0.428744199	0.509445728	0.478146862	0.447381168	0.486876306
-1.75075075	0.436222779	0.433144503	0.513562510	0.478332686	0.451584191	0.490579285
-1.74374374	0.441650202	0.437568625	0.517675660	0.478481821	0.455805350	0.494281228
-1.73673674	0.447118054	0.442015970	0.521783956	0.478594073	0.460043965	0.497981169
-1.72972973	0.452625608	0.446485917	0.525886141	0.478669259	0.464299325	0.501678115
-1.72272272	0.458172091	0.450977814	0.529980927	0.478707204	0.468570689	0.505371047
-1.71571572	0.463756684	0.455490982	0.534066995	0.478707743	0.472857286	0.509058920
-1.70870871	0.469378516	0.460024711	0.538142996	0.478670720	0.477158314	0.512740661
-1.70170170	0.475036669	0.464578259	0.542207547	0.478595988	0.481472939	0.516415169
-1.69469469	0.480730173	0.469150856	0.546259234	0.478483411	0.485800294	0.520081317
-1.68768769	0.486458005	0.473741699	0.550296612	0.478332862	0.490139480	0.523737950
-1.68068068	0.492219090	0.478349952	0.554318202	0.478144222	0.494489563	0.527383886
-1.67367367	0.498012295	0.482974748	0.558322497	0.477917386	0.498849576	0.531017914
-1.66666667	0.503836435	0.487615184	0.562307955	0.477652256	0.503218515	0.534638794
-1.65965966	0.509690263	0.492270324	0.566273003	0.477348745	0.507595343	0.538245261
-1.65265265	0.515572476	0.496939199	0.570216039	0.477006776	0.511978985	0.541836019
-1.64564565	0.521481711	0.501620801	0.574135427	0.476626283	0.516368328	0.545409745
-1.63863864	0.527416542	0.506314091	0.578029501	0.476207212	0.520762225	0.548965088
-1.63163163	0.533375484	0.511017989	0.581896565	0.475749515	0.525159487	0.552500667
-1.62462462	0.539356984	0.515731380	0.585734892	0.475253160	0.529558890	0.556015076
-1.61761762	0.545359429	0.520453113	0.589542725	0.474718121	0.533959168	0.559506876
-1.61061061	0.551381135	0.525181996	0.593318277	0.474144387	0.538359017	0.562974606
-1.60360360	0.557420357	0.529916800	0.597059732	0.473531955	0.542757092	0.566416771
-1.59659660	0.563475277	0.534656256	0.600765247	0.472880833	0.547152008	0.569831852
-1.58958959	0.569544010	0.539399058	0.604432948	0.472191041	0.551542337	0.573218301
-1.58258258	0.575624601	0.544143857	0.608060937	0.471462610	0.555926612	0.576574544
-1.57557558	0.581715025	0.548889265	0.611647285	0.470695581	0.560303323	0.579898977
-1.56856857	0.587813182	0.553633853	0.615190041	0.469890006	0.564670915	0.583189973
-1.56156156	0.593916903	0.558376150	0.618687226	0.469045951	0.569027793	0.586445874
-1.55455455	0.600023944	0.563114645	0.622136839	0.468163488	0.573372318	0.589665001
-1.54754755	0.606131985	0.567847783	0.625536852	0.467242704	0.577702808	0.592845645
-1.54054054	0.612238634	0.572573968	0.628885218	0.466283695	0.582017537	0.595986075
-1.53353353	0.618341421	0.577291561	0.632179866	0.465286570	0.586314733	0.599084533
-1.52652653	0.624437803	0.581998881	0.635418706	0.464251447	0.590592582	0.602139238
-1.51951952	0.630525159	0.586694203	0.638599628	0.463178457	0.594849226	0.605148388
-1.51251251	0.636600789	0.591375760	0.641720505	0.462067739	0.599082761	0.608110153
-1.50550551	0.642661919	0.596041739	0.644779192	0.460919446	0.603291240	0.611022686
-1.49849850	0.648705698	0.600690288	0.647773529	0.459733741	0.607472669	0.613884117
-1.49149149	0.654729196	0.605319507	0.650701342	0.458510797	0.611625013	0.616692554
-1.48448448	0.660729406	0.609927456	0.653560446	0.457250799	0.615746190	0.619446089
-1.47747748	0.666703245	0.614512150	0.656348643	0.455953942	0.619834075	0.622142793
-1.47047047	0.672647554	0.619071561	0.659063728	0.454620432	0.623886500	0.624780721
-1.46346346	0.678559094	0.623603617	0.661703486	0.453250484	0.627901252	0.627357911
-1.45645646	0.684434556	0.628106206	0.664265698	0.451844327	0.631876074	0.629872385
-1.44944945	0.690270550	0.632577169	0.666748142	0.450402198	0.635808669	0.632322154
-1.44244244	0.696063615	0.637014308	0.669148591	0.448924345	0.639696697	0.634705213
-1.43543544	0.701810218	0.641415381	0.671464823	0.447411024	0.643537773	0.637019547
-1.42842843	0.707506751	0.645778108	0.673694613	0.445862506	0.647329477	0.639263133
-1.42142142	0.713149536	0.650100163	0.675835745	0.444279067	0.651069344	0.641433937
-1.41441441	0.718734826	0.654379183	0.677886005	0.442660996	0.654754872	0.643529920
-1.40740741	0.724258807	0.658612764	0.679843192	0.441008591	0.658383520	0.645549035
-1.40040040	0.729717598	0.662798464	0.681705114	0.439322159	0.661952710	0.647489235
-1.39339339	0.735107254	0.666933802	0.683469593	0.437602018	0.665459829	0.649348470
-1.38638639	0.740423770	0.671016259	0.685134468	0.435848492	0.668902226	0.651124689
-1.37937938	0.745663078	0.675043281	0.686697595	0.434061919	0.672277221	0.652815844
-1.37237237	0.750821058	0.679012278	0.688156852	0.432242643	0.675582098	0.654419891
-1.36536537	0.755893532	0.682920625	0.689510142	0.430391016	0.678814114	0.655934792
-1.35835836	0.760876273	0.686765666	0.690755394	0.428507401	0.681970493	0.657358516
-1.35135135	0.765765006	0.690544711	0.691890565	0.426592169	0.685048437	0.658689043
-1.34434434	0.770555411	0.694255041	0.692913646	0.424645700	0.688045119	0.659924366
-1.33733734	0.775243127	0.697893909	0.693822662	0.422668379	0.690957692	0.661062493
-1.33033033	0.779823758	0.701458537	0.694615677	0.420660602	0.693783286	0.662101447
-1.32332332	0.784292874	0.704946126	0.695290794	0.418622773	0.696519013	0.663039274
-1.31631632	0.788646015	0.708353850	0.695846161	0.416555302	0.699161971	0.663874039
-1.30930931	0.792878699	0.711678862	0.696279974	0.414458607	0.701709241	0.664603833
-1.30230230	0.796986423	0.714918295	0.696590476	0.412333113	0.704157895	0.665226774
-1.29529530	0.800964673	0.718069263	0.696775965	0.410179253	0.706504998	0.665741011
-1.28828829	0.804808923	0.721128864	0.696834794	0.407997465	0.708747608	0.666144724
-1.28128128	0.808514642	0.724094184	0.696765375	0.405788196	0.710882782	0.666436129
-1.27427427	0.812077306	0.726962296	0.696566181	0.403551896	0.712907578	0.666613479
-1.26726727	0.815492394	0.729730263	0.696235751	0.401289025	0.714819057	0.666675071
-1.26026026	0.818755401	0.732395145	0.695772692	0.399000045	0.716614291	0.666619243
-1.25325325	0.821861842	0.734953993	0.695175681	0.396685428	0.718290360	0.666444381
-1.24624625	0.824807259	0.737403862	0.694443469	0.394345647	0.719844362	0.666148921
-1.23923924	0.827587226	0.739741805	0.693574884	0.391981183	0.721273413	0.665731350
-1.23223223	0.830197359	0.741964881	0.692568835	0.389592521	0.722574651	0.665190212
-1.22522523	0.832633320	0.744070155	0.691424310	0.387180152	0.723745243	0.664524111
-1.21821822	0.834890824	0.746054703	0.690140386	0.384744570	0.724782387	0.663731709
-1.21121121	0.836965651	0.747915616	0.688716225	0.382286274	0.725683314	0.662811735
-1.20420420	0.838853648	0.749650000	0.687151081	0.379805766	0.726445299	0.661762986
-1.19719720	0.840550739	0.751254980	0.685444301	0.377303554	0.727065658	0.660584327
-1.19019019	0.842052933	0.752727708	0.683595327	0.374780148	0.727541759	0.659274701
-1.18318318	0.843356331	0.754065360	0.681603698	0.372236061	0.727871022	0.657833122
-1.17617618	0.844457135	0.755265143	0.679469056	0.369671811	0.728050926	0.656258687
-1.16916917	0.845351653	0.756324297	0.677191142	0.367087916	0.728079013	0.654550574
-1.16216216	0.846036312	0.757240100	0.674769803	0.364484899	0.727952897	0.652708046
-1.15515516	0.846507662	0.758009873	0.672204991	0.361863285	0.727670259	0.650730453
-1.14814815	0.846762385	0.758630978	0.669496766	0.359223600	0.727228865	0.648617237
-1.14114114	0.846797303	0.759100829	0.666645298	0.356566373	0.726626560	0.646367931
-1.13413413	0.846609387	0.759416890	0.663650867	0.353892135	0.725861279	0.643982163
-1.12712713	0.846195765	0.759576682	0.660513866	0.351201418	0.724931052	0.641459662
-1.12012012	0.845553725	0.759577785	0.657234798	0.348494753	0.723834006	0.638800254
-1.11311311	0.844680732	0.759417843	0.653814282	0.345772677	0.722568373	0.636003869
-1.10610611	0.843574425	0.759094567	0.650253053	0.343035723	0.721132495	0.633070539
-1.09909910	0.842232633	0.758605741	0.646551959	0.340284427	0.719524824	0.630000404
-1.09209209	0.840653376	0.757949222	0.642711963	0.337519325	0.717743937	0.626793713
-1.08508509	0.838834876	0.757122945	0.638734145	0.334740952	0.715788529	0.623450822
-1.07807808	0.836775562	0.756124929	0.634619698	0.331949846	0.713657428	0.619972201
-1.07107107	0.834474075	0.754953279	0.630369933	0.329146542	0.711349594	0.616358430
-1.06406406	0.831929277	0.753606189	0.625986273	0.326331574	0.708864124	0.612610203
-1.05705706	0.829140254	0.752081945	0.621470254	0.323505478	0.706200259	0.608728330
-1.05005005	0.826106323	0.750378933	0.616823528	0.320668787	0.703357386	0.604713734
-1.04304304	0.822827037	0.748495636	0.612047854	0.317822034	0.700335043	0.600567455
-1.03603604	0.819302186	0.746430641	0.607145103	0.314965750	0.697132923	0.596290650
-1.02902903	0.815531806	0.744182642	0.602117255	0.312100466	0.693750877	0.591884589
-1.02202202	0.811516180	0.741750441	0.596966395	0.309226709	0.690188917	0.587350660
-1.01501502	0.807255842	0.739132956	0.591694710	0.306345006	0.686447222	0.582690368
-1.00800801	0.802751577	0.736329217	0.586304492	0.303455883	0.682526138	0.577905329
-1.00100100	0.798004425	0.733338373	0.580798129	0.300559861	0.678426182	0.572997278
-0.99399399	0.793015684	0.730159695	0.575178108	0.297657461	0.674148042	0.567968058
-0.98698699	0.787786905	0.726792575	0.569447005	0.294749202	0.669692583	0.562819628
-0.97997998	0.782319900	0.723236531	0.563607490	0.291835599	0.665060846	0.557554053
-0.97297297	0.776616734	0.719491208	0.557662315	0.288917164	0.660254048	0.552173508
-0.96596597	0.770679730	0.715556382	0.551614317	0.285994408	0.655273588	0.546680275
-0.95895896	0.764511462	0.711431957	0.545466411	0.283067837	0.650121041	0.541076737
-0.95195195	0.758114757	0.707117972	0.539221586	0.280137957	0.644798161	0.535365379
-0.94494494	0.751492689	0.702614598	0.532882901	0.277205267	0.639306883	0.529548783
-0.93793794	0.744648577	0.697922141	0.526453481	0.274270266	0.633649317	0.523629625
-0.93093093	0.737585979	0.693041046	0.519936513	0.271333448	0.627827750	0.517610674
-0.92392392	0.730308689	0.687971890	0.513335238	0.268395303	0.621844646	0.511494783
-0.91691692	0.722820729	0.682715390	0.506652952	0.265456320	0.615702637	0.505284890
-0.90990991	0.715126346	0.677272402	0.499892995	0.262516981	0.609404528	0.498984010
-0.90290290	0.707230001	0.671643917	0.493058750	0.259577767	0.602953289	0.492595235
-0.89589590	0.699136366	0.665831065	0.486153636	0.256639153	0.596352052	0.486121724
-0.88888889	0.690850311	0.659835115	0.479181104	0.253701612	0.589604108	0.479566700
-0.88188188	0.682376901	0.653657474	0.472144630	0.250765613	0.582712900	0.472933447
-0.87487487	0.673721383	0.647299685	0.465047714	0.247831620	0.575682020	0.466225301
-0.86786787	0.664889180	0.640763428	0.457893869	0.244900093	0.568515203	0.459445647
-0.86086086	0.655885875	0.634050521	0.450686621	0.241971489	0.561216318	0.452597912
-0.85385385	0.646717210	0.627162915	0.443429499	0.239046259	0.553789365	0.445685559
-0.84684685	0.637389068	0.620102698	0.436126035	0.236124853	0.546238464	0.438712082
-0.83983984	0.627907465	0.612872091	0.428779757	0.233207714	0.538567851	0.431680998
-0.83283283	0.618278540	0.605473449	0.421394184	0.230295281	0.530781868	0.424595843
-0.82582583	0.608508543	0.597909259	0.413972819	0.227387992	0.522884955	0.417460164
-0.81881882	0.598603824	0.590182141	0.406519151	0.224486276	0.514881638	0.410277513
-0.81181181	0.588570824	0.582294844	0.399036643	0.221590562	0.506776526	0.403051441
-0.80480480	0.578416061	0.574250249	0.391528736	0.218701272	0.498574297	0.395785491
-0.79779780	0.568146120	0.566051368	0.383998837	0.215818826	0.490279689	0.388483193
-0.79079079	0.557767646	0.557701341	0.376450324	0.212943638	0.481897490	0.381148056
-0.78378378	0.547287329	0.549203440	0.368886536	0.210076119	0.473432529	0.373783563
-0.77677678	0.536711900	0.540561068	0.361310774	0.207216674	0.464889663	0.366393165
-0.76976977	0.526048117	0.531777759	0.353726299	0.204365707	0.456273771	0.358980276
-0.76276276	0.515302758	0.522857179	0.346136328	0.201523616	0.447589738	0.351548267
-0.75575576	0.504482616	0.513803129	0.338544034	0.198690794	0.438842450	0.344100458
-0.74874875	0.493594488	0.504619548	0.330952544	0.195867633	0.430036781	0.336640119
-0.74174174	0.482645173	0.495310512	0.323364943	0.193054517	0.421177581	0.329170463
-0.73473473	0.471641465	0.485880242	0.315784267	0.190251829	0.412269674	0.321694638
-0.72772773	0.460590150	0.476333106	0.308213508	0.187459947	0.403317838	0.314215733
-0.72072072	0.449498001	0.466673622	0.300655618	0.184679245	0.394326807	0.306736766
-0.71371371	0.438371783	0.456906469	0.293113505	0.181910094	0.385301254	0.299260688
-0.70670671	0.427218245	0.447036489	0.285590041	0.179152861	0.376245792	0.291790378
-0.69969970	0.416044128	0.437068697	0.278088063	0.176407908	0.367164959	0.284328646
-0.69269269	0.404856165	0.427008287	0.270610376	0.173675594	0.358063220	0.276878233
-0.68568569	0.393661087	0.416860647	0.263159764	0.170956275	0.348944959	0.269441808
-0.67867868	0.382465629	0.406631365	0.255738986	0.168250303	0.339814477	0.262021979
-0.67167167	0.371276539	0.396326242	0.248350794	0.165558025	0.330675991	0.254621290
-0.66466466	0.360100587	0.385951307	0.240997930	0.162879788	0.321533635	0.247242230
-0.65765766	0.348944576	0.375512831	0.233683141	0.160215931	0.312391460	0.239887238
-0.65065065	0.337815358	0.365017339	0.226409186	0.157566794	0.303253444	0.232558713
-0.64364364	0.326719846	0.354471632	0.219178845	0.154932709	0.294123492	0.225259024
-0.63663664	0.315665034	0.343882801	0.211994930	0.152314009	0.285005451	0.217990521
-0.62962963	0.304658013	0.333258245	0.204860299	0.149711021	0.275903122	0.210755552
-0.62262262	0.293705992	0.322605696	0.197777864	0.147124069	0.266820275	0.203556474
-0.61561562	0.282816318	0.311933232	0.190750605	0.144553474	0.257760665	0.196395677
-0.60860861	0.271996501	0.301249303	0.183781586	0.141999555	0.248728064	0.189275602
-0.60160160	0.261254233	0.290562752	0.176873965	0.139462626	0.239726279	0.182198765
-0.59459459	0.250597415	0.279882831	0.170031011	0.136942999	0.230759191	0.175167784
-0.58758759	0.240034176	0.269219231	0.163256117	0.134440982	0.221830787	0.168185405
-0.58058058	0.229572901	0.258582093	0.156552813	0.131956880	0.212945205	0.161254537
-0.57357357	0.219222251	0.247982033	0.149924785	0.129490996	0.204106780	0.154378284
-0.56656657	0.208991181	0.237430156	0.143375883	0.127043627	0.195320095	0.147559985
-0.55955956	0.198888961	0.226938074	0.136910137	0.124615071	0.186590041	0.140803247
-0.55255255	0.188925191	0.216517915	0.130531770	0.122205618	0.177921881	0.134111994
-0.54554555	0.179109808	0.206182331	0.124245208	0.119815560	0.169321319	0.127490509
-0.53853854	0.169453097	0.195944502	0.118055085	0.117445181	0.160794574	0.120943476
-0.53153153	0.159965686	0.185818132	0.111966258	0.115094764	0.152348461	0.114476031
-0.52452452	0.150658541	0.175817440	0.105983804	0.112764589	0.143990475	0.108093808
-0.51751752	0.141542949	0.165957141	0.100113023	0.110454933	0.135728876	0.101802983
-0.51051051	0.132630491	0.156252420	0.094359437	0.108166068	0.127572776	0.095610320
-0.50350350	0.123933005	0.146718889	0.088728777	0.105898262	0.119532232	0.089523212
-0.49649650	0.115462537	0.137372544	0.083226979	0.103651783	0.111618320	0.083549713
-0.48948949	0.107231277	0.128229692	0.077860157	0.101426892	0.103843222	0.077698567
-0.48248248	0.099251477	0.119306878	0.072634583	0.099223847	0.096220283	0.071979222
-0.47547548	0.091535362	0.110620788	0.067556653	0.097042903	0.088764064	0.066401837
-0.46846847	0.084095017	0.102188135	0.062632851	0.094884310	0.081490367	0.060977262
-0.46146146	0.076942254	0.094025527	0.057869692	0.092748316	0.074416232	0.055717001
-0.45445445	0.070088472	0.086149317	0.053273675	0.090635162	0.067559887	0.050633154
-0.44744745	0.063544490	0.078575433	0.048851210	0.088545087	0.060940665	0.045738319
-0.44044044	0.057320370	0.071319187	0.044608544	0.086478324	0.054578842	0.041045466
-0.43343343	0.051425223	0.064395062	0.040551673	0.084435102	0.048495418	0.036567762
-0.42642643	0.045867004	0.057816492	0.036686251	0.082415645	0.042711809	0.032318358
-0.41941942	0.040652299	0.051595612	0.033017482	0.080420174	0.037249441	0.028310122
-0.41241241	0.035786107	0.045743008	0.029550013	0.078448901	0.032129246	0.024555321
-0.40540541	0.031271626	0.040267449	0.026287810	0.076502035	0.027371040	0.021065246
-0.39839840	0.027110044	0.035175624	0.023234039	0.074579781	0.022992787	0.017849791
-0.39139139	0.023300346	0.030471878	0.020390941	0.072682335	0.019009755	0.014916982
-0.38438438	0.019839148	0.026157961	0.017759707	0.070809889	0.015433573	0.012272468
-0.37737738	0.016720565	0.022232803	0.015340358	0.068962628	0.012271226	0.009919000
-0.37037037	0.013936114	0.018692312	0.013131636	0.067140732	0.009524028	0.007855906
-0.36336336	0.011474684	0.015529228	0.011130904	0.065344372	0.007186636	0.006078612
-0.35635636	0.009322554	0.012733030	0.009334072	0.063573715	0.005246214	0.004578238
-0.34934935	0.007463498	0.010289907	0.007735539	0.061828917	0.003681852	0.003341328
-0.34234234	0.005878955	0.008182827	0.006328173	0.060110132	0.002464385	0.002349773
-0.33533534	0.004548291	0.006391692	0.005103324	0.058417501	0.001556783	0.001580993
-0.32832833	0.003449142	0.004893601	0.004050881	0.056751159	0.000915263	0.001008442
-0.32132132	0.002557835	0.003663232	0.003159373	0.055111235	0.000491244	0.000602491
-0.31431431	0.001849892	0.002673330	0.002416123	0.053497846	0.000234193	0.000331714
-0.30730731	0.001300576	0.001895314	0.001807454	0.051911103	0.000095211	0.000164540
-0.30030030	0.000885490	0.001299973	0.001318947	0.050351106	0.000030965	0.000071172
-0.29329329	0.000581171	0.000858236	0.000935737	0.048817946	0.000007233	0.000025557
-0.28628629	0.000365674	0.000541988	0.000642863	0.047311707	0.000000992	0.000007040
-0.27927928	0.000219085	0.000324871	0.000425629	0.045832459	0.000000051	0.000001297
-0.27227227	0.000123939	0.000183022	0.000269984	0.044380265	0.000000000	0.000000122
-0.26526527	0.000065507	0.000095693	0.000162883	0.042955176	0.000000000	0.000000003
-0.25825826	0.000031913	0.000045669	0.000092612	0.041557233	0.000000000	0.000000000
-0.25125125	0.000014079	0.000019455	0.000049049	0.040186466	0.000000000	0.000000000
-0.24424424	0.000005493	0.000007171	0.000023831	0.038842895	0.000000000	0.000000000
-0.23723724	0.000001835	0.000002188	0.000010408	0.037526525	0.000000000	0.000000000
-0.23023023	0.000000501	0.000000516	0.000003974	0.036237354	0.000000000	0.000000000
-0.22322322	0.000000104	0.000000085	0.000001275	0.034975364	0.000000000	0.000000000
-0.21621622	0.000000015	0.000000008	0.000000324	0.033740528	0.000000000	0.000000000
-0.20920921	0.000000001	0.000000000	0.000000060	0.032532804	0.000000000	0.000000000
-0.20220220	0.000000000	0.000000000	0.000000007	0.031352139	0.000000000	0.000000000
-0.19519520	0.000000000	0.000000000	0.000000000	0.030198468	0.000000000	0.000000000
-0.18818819	0.000000000	0.000000000	0.000000000	0.029071712	0.000000000	0.000000000
-0.18118118	0.000000000	0.000000000	0.000000000	0.027971779	0.000000000	0.000000000
-0.17417417	0.000000000	0.000000000	0.000000000	0.026898564	0.000000000	0.000000000
-0.16716717	0.000000000	0.000000000	0.000000000	0.025851949	0.000000000	0.000000000
-0.16016016	0.000000000	0.000000000	0.000000000	0.024831803	0.000000000	0.000000000
-0.15315315	0.000000000	0.000000000	0.000000000	0.023837980	0.000000000	0.000000000
-0.14614615	0.000000000	0.000000000	0.000000000	0.022870322	0.000000000	0.000000000
-0.13913914	0.000000000	0.000000000	0.000000000	0.021928657	0.000000000	0.000000000
-0.13213213	0.000000000	0.000000000	0.000000000	0.021012800	0.000000000	0.000000000
-0.12512513	0.000000000	0.000000000	0.000000000	0.020122553	0.000000000	0.000000000
-0.11811812	0.000000000	0.000000000	0.000000000	0.019257701	0.000000000	0.000000000
-0.11111111	0.000000000	0.000000000	0.000000000	0.018418021	0.000000000	0.000000000
-0.10410410	0.000000000	0.000000000	0.000000000	0.017603272	0.000000000	0.000000000
-0.09709710	0.000000000	0.000000000	0.000000000	0.016813204	0.000000000	0.000000000
-0.09009009	0.000000000	0.000000000	0.000000000	0.016047550	0.000000000	0.000000000
-0.08308308	0.000000000	0.000000000	0.000000000	0.015306033	0.000000000	0.000000000
-0.07607608	0.000000000	0.000000000	0.000000000	0.014588362	0.000000000	0.000000000
-0.06906907	0.000000000	0.000000000	0.000000000	0.013894235	0.000000000	0.000000000
-0.06206206	0.000000000	0.000000000	0.000000000	0.013223337	0.000000000	0.000000000
-0.05505506	0.000000000	0.000000000	0.000000000	0.012575340	0.000000000	0.000000000
-0.04804805	0.000000000	0.000000000	0.000000000	0.011949906	0.000000000	0.000000000
-0.04104104	0.000000000	0.000000000	0.000000000	0.011346686	0.000000000	0.000000000
-0.03403403	0.000000000	0.000000000	0.000000000	0.010765321	0.000000000	0.000000000
-0.02702703	0.000000000	0.000000000	0.000000000	0.010205438	0.000000000	0.000000000
-0.02002002	0.000000000	0.000000000	0.000000000	0.009666658	0.000000000	0.000000000
-0.01301301	0.000000000	0.000000000	0.000000000	0.009148590	0.000000000	0.000000000
-0.00600601	0.000000000	0.000000000	0.000000000	0.008650836	0.000000000	0.000000000
0.00100100	0.000000000	0.000000000	0.000000000	0.008172988	0.000000000	0.000000000
0.00800801	0.000000000	0.000000000	0.000000000	0.007714630	0.000000000	0.000000000
0.01501502	0.000000000	0.000000000	0.000000000	0.007275341	0.000000000	0.000000000
0.02202202	0.000000000	0.000000000	0.000000000	0.006854689	0.000000000	0.000000000
0.02902903	0.000000000	0.000000000	0.000000000	0.006452239	0.000000000	0.000000000
0.03603604	0.000000000	0.000000000	0.000000000	0.006067549	0.000000000	0.000000000
0.04304304	0.000000000	0.000000000	0.000000000	0.005700173	0.000000000	0.000000000
0.05005005	0.000000000	0.000000000	0.000000000	0.005349660	0.000000000	0.000000000
0.05705706	0.000000000	0.000000000	0.000000000	0.005015554	0.000000000	0.000000000
0.06406406	0.000000000	0.000000000	0.000000000	0.004697398	0.000000000	0.000000000
0.07107107	0.000000000	0.000000000	0.000000000	0.004394731	0.000000000	0.000000000
0.07807808	0.000000000	0.000000000	0.000000000	0.004107092	0.000000000	0.000000000
0.08508509	0.000000000	0.000000000	0.000000000	0.003834017	0.000000000	0.000000000
0.09209209	0.000000000	0.000000000	0.000000000	0.003575042	0.000000000	0.000000000
0.09909910	0.000000000	0.000000000	0.000000000	0.003329706	0.000000000	0.000000000
0.10610611	0.000000000	0.000000000	0.000000000	0.003097544	0.000000000	0.000000000
0.11311311	0.000000000	0.000000000	0.000000000	0.002878098	0.000000000	0.000000000
0.12012012	0.000000000	0.000000000	0.000000000	0.002670908	0.000000000	0.000000000
0.12712713	0.000000000	0.000000000	0.000000000	0.002475519	0.000000000	0.000000000
0.13413413	0.000000000	0.000000000	0.000000000	0.002291481	0.000000000	0.000000000
0.14114114	0.000000000	0.000000000	0.000000000	0.002118345	0.000000000	0.000000000
0.14814815	0.000000000	0.000000000	0.000000000	0.001955669	0.000000000	0.000000000
0.15515516	0.000000000	0.000000000	0.000000000	0.001803018	0.000000000	0.000000000
0.16216216	0.000000000	0.000000000	0.000000000	0.001659958	0.000000000	0.000000000
0.16916917	0.000000000	0.000000000	0.000000000	0.001526068	0.000000000	0.000000000
0.17617618	0.000000000	0.000000000	0.000000000	0.001400930	0.000000000	0.000000000
0.18318318	0.000000000	0.000000000	0.000000000	0.001284134	0.000000000	0.000000000
0.19019019	0.000000000	0.000000000	0.000000000	0.001175280	0.000000000	0.000000000
0.19719720	0.000000000	0.000000000	0.000000000	0.001073976	0.000000000	0.000000000
0.20420420	0.000000000	0.000000000	0.000000000	0.000979839	0.000000000	0.000000000
0.21121121	0.000000000	0.000000000	0.000000000	0.000892494	0.000000000	0.000000000
0.21821822	0.000000000	0.000000000	0.000000000	0.000811578	0.000000000	0.000000000
0.22522523	0.000000000	0.000000000	0.000000000	0.000736738	0.000000000	0.000000000
0.23223223	0.000000000	0.000000000	0.000000000	0.000667630	0.000000000	0.000000000
0.23923924	0.000000000	0.000000000	0.000000000	0.000603922	0.000000000	0.000000000
0.24624625	0.000000000	0.000000000	0.000000000	0.000545292	0.000000000	0.000000000
0.25325325	0.000000000	0.000000000	0.000000000	0.000491430	0.000000000	0.000000000
0.26026026	0.000000000	0.000000000	0.000000000	0.000442037	0.000000000	0.000000000
0.26726727	0.000000000	0.000000000	0.000000000	0.000396826	0.000000000	0.000000000
0.27427427	0.000000000	0.000000000	0.000000000	0.000355521	0.000000000	0.000000000
0.28128128	0.000000000	0.000000000	0.000000000	0.000317856	0.000000000	0.000000000
0.28828829	0.000000000	0.000000000	0.000000000	0.000283580	0.000000000	0.000000000
0.29529530	0.000000000	0.000000000	0.000000000	0.000252450	0.000000000	0.000000000
0.30230230	0.000000000	0.000000000	0.000000000	0.000224236	0.000000000	0.000000000
0.30930931	0.000000000	0.000000000	0.000000000	0.000198720	0.000000000	0.000000000
0.31631632	0.000000000	0.000000000	0.000000000	0.000175695	0.000000000	0.000000000
0.32332332	0.000000000	0.000000000	0.000000000	0.000154963	0.000000000	0.000000000
0.33033033	0.000000000	0.000000000	0.000000000	0.000136340	0.000000000	0.000000000
0.33733734	0.000000000	0.000000000	0.000000000	0.000119651	0.000000000	0.000000000
0.34434434	0.000000000	0.000000000	0.000000000	0.000104731	0.000000000	0.000000000
0.35135135	0.000000000	0.000000000	0.000000000	0.000091426	0.000000000	0.000000000
0.35835836	0.000000000	0.000000000	0.000000000	0.000079592	0.000000000	0.000000000
0.36536537	0.000000000	0.000000000	0.000000000	0.000069093	0.000000000	0.000000000
0.37237237	0.000000000	0.000000000	0.000000000	0.000059805	0.000000000	0.000000000
0.37937938	0.000000000	0.000000000	0.000000000	0.000051611	0.000000000	0.000000000
0.38638639	0.000000000	0.000000000	0.000000000	0.000044402	0.000000000	0.000000000
0.39339339	0.000000000	0.000000000	0.000000000	0.000038080	0.000000000	0.000000000
0.40040040	0.000000000	0.000000000	0.000000000	0.000032551	0.000000000	0.000000000
0.40740741	0.000000000	0.000000000	0.000000000	0.000027731	0.000000000	0.000000000
0.41441441	0.000000000	0.000000000	0.000000000	0.000023543	0.000000000	0.000000000
0.42142142	0.000000000	0.000000000	0.000000000	0.000019917	0.000000000	0.000000000
0.42842843	0.000000000	0.000000000	0.000000000	0.000016787	0.000000000	0.000000000
0.43543544	0.000000000	0.000000000	0.000000000	0.000014096	0.000000000	0.000000000
0.44244244	0.000000000	0.000000000	0.000000000	0.000011789	0.000000000	0.000000000
0.44944945	0.000000000	0.000000000	0.000000000	0.000009821	0.000000000	0.000000000
0.45645646	0.000000000	0.000000000	0.000000000	0.000008147	0.000000000	0.000000000
0.46346346	0.000000000	0.000000000	0.000000000	0.000006729	0.000000000	0.000000000
0.47047047	0.000000000	0.000000000	0.000000000	0.000005533	0.000000000	0.000000000
0.47747748	0.000000000	0.000000000	0.000000000	0.000004529	0.000000000	0.000000000
0.48448448	0.000000000	0.000000000	0.000000000	0.000003689	0.000000000	0.000000000
0.49149149	0.000000000	0.000000000	0.000000000	0.000002991	0.000000000	0.000000000
0.49849850	0.000000000	0.000000000	0.000000000	0.000002412	0.000000000	0.000000000
0.50550551	0.000000000	0.000000000	0.000000000	0.000001935	0.000000000	0.000000000
0.51251251	0.000000000	0.000000000	0.000000000	0.000001544	0.000000000	0.000000000
0.51951952	0.000000000	0.000000000	0.000000000	0.000001225	0.000000000	0.000000000
0.52652653	0.000000000	0.000000000	0.000000000	0.000000966	0.000000000	0.000000000
0.53353353	0.000000000	0.000000000	0.000000000	0.000000757	0.000000000	0.000000000
0.54054054	0.000000000	0.000000000	0.000000000	0.000000590	0.000000000	0.000000000
0.54754755	0.000000000	0.000000000	0.000000000	0.000000457	0.000000000	0.000000000
0.55455455	0.000000000	0.000000000	0.000000000	0.000000351	0.000000000	0.000000000
0.56156156	0.000000000	0.000000000	0.000000000	0.000000268	0.000000000	0.000000000
0.56856857	0.000000000	0.000000000	0.000000000	0.000000203	0.000000000	0.000000000
0.57557558	0.000000000	0.000000000	0.000000000	0.000000153	0.000000000	0.000000000
0.58258258	0.000000000	0.000000000	0.000000000	0.000000114	0.000000000	0.000000000
0.58958959	0.000000000	0.000000000	0.000000000	0.000000084	0.000000000	0.000000000
0.59659660	0.000000000	0.000000000	0.000000000	0.000000062	0.000000000	0.000000000
0.60360360	0.000000000	0.000000000	0.000000000	0.000000045	0.000000000	0.000000000
0.61061061	0.000000000	0.000000000	0.000000000	0.000000032	0.000000000	0.000000000
0.61761762	0.000000000	0.000000000	0.000000000	0.000000023	0.000000000	0.000000000
0.62462462	0.000000000	0.000000000	0.000000000	0.000000016	0.000000000	0.000000000
0.63163163	0.000000000	0.000000000	0.000000000	0.000000011	0.000000000	0.000000000
0.63863864	0.000000000	0.000000000	0.000000000	0.000000008	0.000000000	0.000000000
0.64564565	0.000000000	0.000000000	0.000000000	0.000000005	0.000000000	0.000000000
0.65265265	0.000000000	0.000000000	0.000000000	0.000000004	0.000000000	0.000000000
0.65965966	0.000000000	0.000000000	0.000000000	0.000000002	0.000000000	0.000000000
0.66666667	0.000000000	0.000000000	0.000000000	0.000000002	0.000000000	0.000000000
0.67367367	0.000000000	0.000000000	0.000000000	0.000000001	0.000000000	0.000000000
0.68068068	0.000000000	0.000000000	0.000000000	0.000000001	0.000000000	0.000000000
0.68768769	0.000000000	0.000000000	0.000000000	0.000000000	0.000000000	0.000000000
0.69469469	0.000000000	0.000000000	0.000000000	0.000000000	0.000000000	0.000000000
0.70170170	0.000000000	0.000000000	0.000000000	0.000000000	0.000000000	0.000000000
0.70870871	0.000000000	0.000000000	0.000000000	0.000000000	0.000000000	0.000000000
0.71571572	0.000000000	0.000000000	0.000000000	0.000000000	0.000000000	0.000000000
0.72272272	0.000000000	0.000000000	0.000000000	0.000000000	0.000000000	0.000000000
0.72972973	0.000000000	0.000000000	0.000000000	0.000000000	0.000000000	0.000000000
0.73673674	0.000000000	0.000000000	0.000000000	0.000000000	0.000000000	0.000000000
0.74374374	0.000000000	0.000000000	0.000000000	0.000000000	0.000000000	0.000000000
0.75075075	0.000000000	0.000000000	0.000000000	0.000000000	0.000000000	0.000000000
0.75775776	0.000000000	0.000000000	0.000000000	0.000000000	0.000000000	0.000000000
0.76476476	0.000000000	0.000000000	0.000000000	0.000000000	0.000000000	0.000000000
0.77177177	0.000000000	0.000000000	0.000000000	0.000000000	0.000000000	0.000000000
0.77877878	0.000000000	0.000000000	0.000000000	0.000000000	0.000000000	0.000000000
0.78578579	0.000000000	0.000000000	0.000000000	0.000000000	0.000000000	0.000000000
0.79279279	0.000000000	0.000000000	0.000000000	0.000000000	0.000000000	0.000000000
0.79979980	0.000000000	0.000000000	0.000000000	0.000000000	0.000000000	0.000000000
0.80680681	0.000000000	0.000000000	0.000000000	0.000000000	0.000000000	0.000000000
0.81381381	0.000000000	0.000000000	0.000000000	0.000000000	0.000000000	0.000000000
0.82082082	0.000000000	0.000000000	0.000000000	0.000000000	0.000000000	0.000000000
0.82782783	0.000000000	0.000000000	0.000000000	0.000000000	0.000000000	0.000000000
0.83483483	0.000000000	0.000000000	0.000000000	0.000000000	0.000000000	0.000000000
0.84184184	0.000000000	0.000000000	0.000000000	0.000000000	0.000000000	0.000000000
0.84884885	0.000000000	0.000000000	0.000000000	0.000000000	0.000000000	0.000000000
0.85585586	0.000000000	0.000000000	0.000000000	0.000000000	0.000000000	0.000000000
0.86286286	0.000000000	0.000000000	0.000000000	0.000000000	0.000000000	0.000000000
0.86986987	0.000000000	0.000000000	0.000000000	0.000000000	0.000000000	0.000000000
0.87687688	0.000000000	0.000000000	0.000000000	0.000000000	0.000000000	0.000000000
0.88388388	0.000000000	0.000000000	0.000000000	0.000000000	0.000000000	0.000000000
0.89089089	0.000000000	0.000000000	0.000000000	0.000000000	0.000000000	0.000000000
0.89789790	0.000000000	0.000000000	0.000000000	0.000000000	0.000000000	0.000000000
0.90490490	0.000000000	0.000000000	0.000000000	0.000000000	0.000000000	0.000000000
0.91191191	0.000000000	0.000000000	0.000000000	0.000000000	0.000000000	0.000000000
0.91891892	0.000000000	0.000000000	0.000000000	0.000000000	0.000000000	0.000000000
0.92592593	0.000000000	0.000000000	0.000000000	0.000000000	0.000000000	0.000000000
0.93293293	0.000000000	0.000000000	0.000000000	0.000000000	0.000000000	0.000000000
0.93993994	0.000000000	0.000000000	0.000000000	0.000000000	0.000000000	0.000000000
0.94694695	0.000000000	0.000000000	0.000000000	0.000000000	0.000000000	0.000000000
0.95395395	0.000000000	0.000000000	0.000000000	0.000000000	0.000000000	0.000000000
0.96096096	0.000000000	0.000000000	0.000000000	0.000000000	0.000000000	0.000000000
0.96796797	0.000000000	0.000000000	0.000000000	0.000000000	0.000000000	0.000000000
0.97497497	0.000000000	0.000000000	0.000000000	0.000000000	0.000000000	0.000000000
0.98198198	0.000000000	0.000000000	0.000000000	0.000000000	0.000000000	0.000000000
0.98898899	0.000000000	0.000000000	0.000000000	0.000000000	0.000000000	0.000000000
0.99599600	0.000000000	0.000000000	0.000000000	0.000000000	0.000000000	0.000000000
1.00300300	0.000000000	0.000000000	0.000000000	0.000000000	0.000000000	0.000000000
1.01001001	0.000000000	0.000000000	0.000000000	0.000000000	0.000000000	0.000000000
1.01701702	0.000000000	0.000000000	0.000000000	0.000000000	0.000000000	0.000000000
1.02402402	0.000000000	0.000000000	0.000000000	0.000000000	0.000000000	0.000000000
1.03103103	0.000000000	0.000000000	0.000000000	0.000000000	0.000000000	0.000000000
1.03803804	0.000000000	0.000000000	0.000000000	0.000000000	0.000000000	0.000000000
1.04504505	0.000000000	0.000000000	0.000000000	0.000000000	0.000000000	0.000000000
1.05205205	0.000000000	0.000000000	0.000000000	0.000000000	0.000000000	0.000000000
1.05905906	0.000000000	0.000000000	0.000000000	0.000000000	0.000000000	0.000000000
1.06606607	0.000000000	0.000000000	0.000000000	0.000000000	0.000000000	0.000000000
1.07307307	0.000000000	0.000000000	0.000000000	0.000000000	0.000000000	0.000000000
1.08008008	0.000000000	0.000000000	0.000000000	0.000000000	0.000000000	0.000000000
1.08708709	0.000000000	0.000000000	0.000000000	0.000000000	0.000000000	0.000000000
1.09409409	0.000000000	0.000000000	0.000000000	0.000000000	0.000000000	0.000000000
1.10110110	0.000000000	0.000000000	0.000000000	0.000000000	0.000000000	0.000000000
1.10810811	0.000000000	0.000000000	0.000000000	0.000000000	0.000000000	0.000000000
1.11511512	0.000000000	0.000000000	0.000000000	0.000000000	0.000000000	0.000000000
1.12212212	0.000000000	0.000000000	0.000000000	0.000000000	0.000000000	0.000000000
1.12912913	0.000000000	0.000000000	0.000000000	0.000000000	0.000000000	0.000000000
1.13613614	0.000000000	0.000000000	0.000000000	0.000000000	0.000000000	0.000000000
1.14314314	0.000000000	0.000000000	0.000000000	0.000000000	0.000000000	0.000000000
1.15015015	0.000000000	0.000000000	0.000000000	0.000000000	0.000000000	0.000000000
1.15715716	0.000000000	0.000000000	0.000000000	0.000000000	0.000000000	0.000000000
1.16416416	0.000000000	0.000000000	0.000000000	0.000000000	0.000000000	0.000000000
1.17117117	0.000000000	0.000000000	0.000000000	0.000000000	0.000000000	0.000000000
1.17817818	0.000000000	0.000000000	0.000000000	0.000000000	0.000000000	0.000000000
1.18518519	0.000000000	0.000000000	0.000000000	0.000000000	0.000000000	0.000000000
1.19219219	0.000000000	0.000000000	0.000000000	0.000000000	0.000000000	0.000000000
1.19919920	0.000000000	0.000000000	0.000000000	0.000000000	0.000000000	0.000000000
1.20620621	0.000000000	0.000000000	0.000000000	0.000000000	0.000000000	0.000000000
1.21321321	0.000000000	0.000000000	0.000000000	0.000000000	0.000000000	0.000000000
1.22022022	0.000000000	0.000000000	0.000000000	0.000000000	0.000000000	0.000000000
1.22722723	0.000000000	0.000000000	0.000000000	0.000000000	0.000000000	0.000000000
1.23423423	0.000000000	0.000000000	0.000000000	0.000000000	0.000000000	0.000000000
1.24124124	0.000000000	0.000000000	0.000000000	0.000000000	0.000000000	0.000000000
1.24824825	0.000000000	0.000000000	0.000000000	0.000000000	0.000000000	0.000000000
1.25525526	0.000000000	0.000000000	0.000000000	0.000000000	0.000000000	0.000000000
1.26226226	0.000000000	0.000000000	0.000000000	0.000000000	0.000000000	0.000000000
1.26926927	0.000000000	0.000000000	0.000000000	0.000000000	0.000000000	0.000000000
1.27627628	0.000000000	0.000000000	0.000000000	0.000000000	0.000000000	0.000000000
1.28328328	0.000000000	0.000000000	0.000000000	0.000000000	0.000000000	0.000000000
1.29029029	0.000000000	0.000000000	0.000000000	0.000000000	0.000000000	0.000000000
1.29729730	0.000000000	0.000000000	0.000000000	0.000000000	0.000000000	0.000000000
1.30430430	0.000000000	0.000000000	0.000000000	0.000000000	0.000000000	0.000000000
1.31131131	0.000000000	0.000000000	0.000000000	0.000000000	0.000000000	0.000000000
1.31831832	0.000000000	0.000000000	0.000000000	0.000000000	0.000000000	0.000000000
1.32532533	0.000000000	0.000000000	0.000000000	0.000000000	0.000000000	0.000000000
1.33233233	0.000000000	0.000000000	0.000000000	0.000000000	0.000000000	0.000000000
1.33933934	0.000000000	0.000000000	0.000000000	0.000000000	0.000000000	0.000000000
1.34634635	0.000000000	0.000000000	0.000000000	0.000000000	0.000000000	0.000000000
1.35335335	0.000000000	0.000000000	0.000000000	0.000000000	0.000000000	0.000000000
1.36036036	0.000000000	0.000000000	0.000000000	0.000000000	0.000000000	0.000000000
1.36736737	0.000000000	0.000000000	0.000000000	0.000000000	0.000000000	0.000000000
1.37437437	0.000000000	0.000000000	0.000000000	0.000000000	0.000000000	0.000000000
1.38138138	0.000000000	0.000000000	0.000000000	0.000000000	0.000000000	0.000000000
1.38838839	0.000000000	0.000000000	0.000000000	0.000000000	0.000000000	0.000000000
1.39539540	0.000000000	0.000000000	0.000000000	0.000000000	0.000000000	0.000000000
1.40240240	0.000000000	0.000000000	0.000000000	0.000000000	0.000000000	0.000000000
1.40940941	0.000000000	0.000000000	0.000000000	0.000000000	0.000000000	0.000000000
1.41641642	0.000000000	0.000000000	0.000000000	0.000000000	0.000000000	0.000000000
1.42342342	0.000000000	0.000000000	0.000000000	0.000000000	0.000000000	0.000000000
1.43043043	0.000000000	0.000000000	0.000000000	0.000000000	0.000000000	0.000000000
1.43743744	0.000000000	0.000000000	0.000000000	0.000000000	0.000000000	0.000000000
1.44444444	0.000000000	0.000000000	0.000000000	0.000000000	0.000000000	0.000000000
1.45145145	0.000000000	0.000000000	0.000000000	0.000000000	0.000000000	0.000000000
1.45845846	0.000000000	0.000000000	0.000000000	0.000000000	0.000000000	0.000000000
1.46546547	0.000000000	0.000000000	0.000000000	0.000000000	0.000000000	0.000000000
1.47247247	0.000000000	0.000000000	0.000000000	0.000000000	0.000000000	0.000000000
1.47947948	0.000000000	0.000000000	0.000000000	0.000000000	0.000000000	0.000000000
1.48648649	0.000000000	0.000000000	0.000000000	0.000000000	0.000000000	0.000000000
1.49349349	0.000000000	0.000000000	0.000000000	0.000000000	0.000000000	0.000000000
1.50050050	0.000000000	0.000000000	0.000000000	0.000000000	0.000000000	0.000000000
1.50750751	0.000000000	0.000000000	0.000000000	0.000000000	0.000000000	0.000000000
1.51451451	0.000000000	0.000000000	0.000000000	0.000000000	0.000000000	0.000000000
1.52152152	0.000000000	0.000000000	0.000000000	0.000000000	0.000000000	0.000000000
1.52852853	0.000000000	0.000000000	0.000000000	0.000000000	0.000000000	0.000000000
1.53553554	0.000000000	0.000000000	0.000000000	0.000000000	0.000000000	0.000000000
1.54254254	0.000000000	0.000000000	0.000000000	0.000000000	0.000000000	0.000000000
1.54954955	0.000000000	0.000000000	0.000000000	0.000000000	0.000000000	0.000000000
1.55655656	0.000000000	0.000000000	0.000000000	0.000000000	0.000000000	0.000000000
1.56356356	0.000000000	0.000000000	0.000000000	0.000000000	0.000000000	0.000000000
1.57057057	0.000000000	0.000000000	0.000000000	0.000000000	0.000000000	0.000000000
1.57757758	0.000000000	0.000000000	0.000000000	0.000000000	0.000000000	0.000000000
1.58458458	0.000000000	0.000000000	0.000000000	0.000000000	0.000000000	0.000000000
1.59159159	0.000000000	0.000000000	0.000000000	0.000000000	0.000000000	0.000000000
1.59859860	0.000000000	0.000000000	0.000000000	0.000000000	0.000000000	0.000000000
1.60560561	0.000000000	0.000000000	0.000000000	0.000000000	0.000000000	0.000000000
1.61261261	0.000000000	0.000000000	0.000000000	0.000000000	0.000000000	0.000000000
1.61961962	0.000000000	0.000000000	0.000000000	0.000000000	0.000000000	0.000000000
1.62662663	0.000000000	0.000000000	0.000000000	0.000000000	0.000000000	0.000000000
1.63363363	0.000000000	0.000000000	0.000000000	0.000000000	0.000000000	0.000000000
1.64064064	0.000000000	0.000000000	0.000000000	0.000000000	0.000000000	0.000000000
1.64764765	0.000000000	0.000000000	0.000000000	0.000000000	0.000000000	0.000000000
1.65465465	0.000000000	0.000000000	0.000000000	0.000000000	0.000000000	0.000000000
1.66166166	0.000000000	0.000000000	0.000000000	0.000000000	0.000000000	0.000000000
1.66866867	0.000000000	0.000000000	0.000000000	0.000000000	0.000000000	0.000000000
1.67567568	0.000000000	0.000000000	0.000000000	0.000000000	0.000000000	0.000000000
1.68268268	0.000000000	0.000000000	0.000000000	0.000000000	0.000000000	0.000000000
1.68968969	0.000000000	0.000000000	0.000000000	0.000000000	0.000000000	0.000000000
1.69669670	0.000000000	0.000000000	0.000000000	0.000000000	0.000000000	0.000000000
1.70370370	0.000000000	0.000000000	0.000000000	0.000000000	0.000000000	0.000000000
1.71071071	0.000000000	0.000000000	0.000000000	0.000000000	0.000000000	0.000000000
1.71771772	0.000000000	0.000000000	0.000000000	0.000000000	0.000000000	0.000000000
1.72472472	0.000000000	0.000000000	0.000000000	0.000000000	0.000000000	0.000000000
1.73173173	0.000000000	0.000000000	0.000000000	0.000000000	0.000000000	0.000000000
1.73873874	0.000000000	0.000000000	0.000000000	0.000000000	0.000000000	0.000000000
1.74574575	0.000000000	0.000000000	0.000000000	0.000000000	0.000000000	0.000000000
1.75275275	0.000000000	0.000000000	0.000000000	0.000000000	0.000000000	0.000000000
1.75975976	0.000000000	0.000000000	0.000000000	0.000000000	0.000000000	0.000000000
1.76676677	0.000000000	0.000000000	0.000000000	0.000000000	0.000000000	0.000000000
1.77377377	0.000000000	0.000000000	0.000000000	0.000000000	0.000000000	0.000000000
1.78078078	0.000000000	0.000000000	0.000000000	0.000000000	0.000000000	0.000000000
1.78778779	0.000000000	0.000000000	0.000000000	0.000000000	0.000000000	0.000000000
1.79479479	0.000000000	0.000000000	0.000000000	0.000000000	0.000000000	0.000000000
1.80180180	0.000000000	0.000000000	0.000000000	0.000000000	0.000000000	0.000000000
1.80880881	0.000000000	0.000000000	0.000000000	0.000000000	0.000000000	0.000000000
1.81581582	0.000000000	0.000000000	0.000000000	0.000000000	0.000000000	0.000000000
1.82282282	0.000000000	0.000000000	0.000000000	0.000000000	0.000000000	0.000000000
1.82982983	0.000000000	0.000000000	0.000000000	0.000000000	0.000000000	0.000000000
1.83683684	0.000000000	0.000000000	0.000000000	0.000000000	0.000000000	0.000000000
1.84384384	0.000000000	0.000000000	0.000000000	0.000000000	0.000000000	0.000000000
1.85085085	0.000000000	0.000000000	0.000000000	0.000000000	0.000000000	0.000000000
1.85785786	0.000000000	0.000000000	0.000000000	0.000000000	0.000000000	0.000000000
1.86486486	0.000000000	0.000000000	0.000000000	0.000000000	0.000000000	0.000000000
1.87187187	0.000000000	0.000000000	0.000000000	0.000000000	0.000000000	0.000000000
1.87887888	0.000000000	0.000000000	0.000000000	0.000000000	0.000000000	0.000000000
1.88588589	0.000000000	0.000000000	0.000000000	0.000000000	0.000000000	0.000000000
1.89289289	0.000000000	0.000000000	0.000000000	0.000000000	0.000000000	0.000000000
1.89989990	0.000000000	0.000000000	0.000000000	0.000000000	0.000000000	0.000000000
1.90690691	0.000000000	0.000000000	0.000000000	0.000000000	0.000000000	0.000000000
1.91391391	0.000000000	0.000000000	0.000000000	0.000000000	0.000000000	0.000000000
1.92092092	0.000000000	0.000000000	0.000000000	0.000000000	0.000000000	0.000000000
1.92792793	0.000000000	0.000000000	0.000000000	0.000000000	0.000000000	0.000000000
1.93493493	0.000000000	0.000000000	0.000000000	0.000000000	0.000000000	0.000000000
1.94194194	0.000000000	0.000000000	0.000000000	0.000000000	0.000000000	0.000000000
1.94894895	0.000000000	0.000000000	0.000000000	0.000000000	0.000000000	0.000000000
1.95595596	0.000000000	0.000000000	0.000000000	0.000000000	0.000000000	0.000000000
1.96296296	0.000000000	0.000000000	0.000000000	0.000000000	0.000000000	0.000000000
1.96996997	0.000000000	0.000000000	0.000000000	0.000000000	0.000000000	0.000000000
1.97697698	0.000000000	0.000000000	0.000000000	0.000000000	0.000000000	0.000000000
1.98398398	0.000000000	0.000000000	0.000000000	0.000000000	0.000000000	0.000000000
1.99099099	0.000000000	0.000000000	0.000000000	0.000000000	0.000000000	0.000000000
1.99799800	0.000000000	0.000000000	0.000000000	0.000000000	0.000000000	0.000000000
2.00500501	0.000000000	0.000000000	0.000000000	0.000000000	0.000000000	0.000000000
2.01201201	0.000000000	0.000000000	0.000000000	0.000000000	0.000000000	0.000000000
2.01901902	0.000000000	0.000000000	0.000000000	0.000000000	0.000000000	0.000000000
2.02602603	0.000000000	0.000000000	0.000000000	0.000000000	0.000000000	0.000000000
2.03303303	0.000000000	0.000000000	0.000000000	0.000000000	0.000000000	0.000000000
2.04004004	0.000000000	0.000000000	0.000000000	0.000000000	0.000000000	0.000000000
2.04704705	0.000000000	0.000000000	0.000000000	0.000000000	0.000000000	0.000000000
2.05405405	0.000000000	0.000000000	0.000000000	0.000000000	0.000000000	0.000000000
2.06106106	0.000000000	0.000000000	0.000000000	0.000000000	0.000000000	0.000000000
2.06806807	0.000000000	0.000000000	0.000000000	0.000000000	0.000000000	0.000000000
2.07507508	0.000000000	0.000000000	0.000000000	0.000000000	0.000000000	0.000000000
2.08208208	0.000000000	0.000000000	0.000000000	0.000000000	0.000000000	0.000000000
2.08908909	0.000000000	0.000000000	0.000000000	0.000000000	0.000000000	0.000000000
2.09609610	0.000000000	0.000000000	0.000000000	0.000000000	0.000000000	0.000000000
2.10310310	0.000000000	0.000000000	0.000000000	0.000000000	0.000000000	0.000000000
2.11011011	0.000000000	0.000000000	0.000000000	0.000000000	0.000000000	0.000000000
2.11711712	0.000000000	0.000000000	0.000000000	0.000000000	0.000000000	0.000000000
2.12412412	0.000000000	0.000000000	0.000000000	0.000000000	0.000000000	0.000000000
2.13113113	0.000000000	0.000000000	0.000000000	0.000000000	0.000000000	0.000000000
2.13813814	0.000000000	0.000000000	0.000000000	0.000000000	0.000000000	0.000000000
2.14514515	0.000000000	0.000000000	0.000000000	0.000000000	0.000000000	0.000000000
2.15215215	0.000000000	0.000000000	0.000000000	0.000000000	0.000000000	0.000000000
2.15915916	0.000000000	0.000000000	0.000000000	0.000000000	0.000000000	0.000000000
2.16616617	0.000000000	0.000000000	0.000000000	0.000000000	0.000000000	0.000000000
2.17317317	0.000000000	0.000000000	0.000000000	0.000000000	0.000000000	0.000000000
2.18018018	0.000000000	0.000000000	0.000000000	0.000000000	0.000000000	0.000000000
2.18718719	0.000000000	0.000000000	0.000000000	0.000000000	0.000000000	0.000000000
2.19419419	0.000000000	0.000000000	0.000000000	0.000000000	0.000000000	0.000000000
2.20120120	0.000000000	0.000000000	0.000000000	0.000000000	0.000000000	0.000000000
2.20820821	0.000000000	0.000000000	0.000000000	0.000000000	0.000000000	0.000000000
2.21521522	0.000000000	0.000000000	0.000000000	0.000000000	0.000000000	0.000000000
2.22222222	0.000000000	0.000000000	0.000000000	0.000000000	0.000000000	0.000000000
2.22922923	0.000000000	0.000000000	0.000000000	0.000000000	0.000000000	0.000000000
2.23623624	0.000000000	0.000000000	0.000000000	0.000000000	0.000000000	0.000000000
2.24324324	0.000000000	0.000000000	0.000000000	0.000000000	0.000000000	0.000000000
2.25025025	0.000000000	0.000000000	0.000000000	0.000000000	0.000000000	0.000000000
2.25725726	0.000000000	0.000000000	0.000000000	0.000000000	0.000000000	0.000000000
2.26426426	0.000000000	0.000000000	0.000000000	0.000000000	0.000000000	0.000000000
2.27127127	0.000000000	0.000000000	0.000000000	0.000000000	0.000000000	0.000000000
2.27827828	0.000000000	0.000000000	0.000000000	0.000000000	0.000000000	0.000000000
2.28528529	0.000000000	0.000000000	0.000000000	0.000000000	0.000000000	0.000000000
2.29229229	0.000000000	0.000000000	0.000000000	0.000000000	0.000000000	0.000000000
2.29929930	0.000000000	0.000000000	0.000000000	0.000000000	0.000000000	0.000000000
2.30630631	0.000000000	0.000000000	0.000000000	0.000000000	0.000000000	0.000000000
2.31331331	0.000000000	0.000000000	0.000000000	0.000000000	0.000000000	0.000000000
2.32032032	0.000000000	0.000000000	0.000000000	0.000000000	0.000000000	0.000000000
2.32732733	0.000000000	0.000000000	0.000000000	0.000000000	0.000000000	0.000000000
2.33433433	0.000000000	0.000000000	0.000000000	0.000000000	0.000000000	0.000000000
2.34134134	0.000000000	0.000000000	0.000000000	0.000000000	0.000000000	0.000000000
2.34834835	0.000000000	0.000000000	0.000000000	0.000000000	0.000000000	0.000000000
2.35535536	0.000000000	0.000000000	0.000000000	0.000000000	0.000000000	0.000000000
2.36236236	0.000000000	0.000000000	0.000000000	0.000000000	0.000000000	0.000000000
2.36936937	0.000000000	0.000000000	0.000000000	0.000000000	0.000000000	0.000000000
2.37637638	0.000000000	0.000000000	0.000000000	0.000000000	0.000000000	0.000000000
2.38338338	0.000000000	0.000000000	0.000000000	0.000000000	0.000000000	0.000000000
2.39039039	0.000000000	0.000000000	0.000000000	0.000000000	0.000000000	0.000000000
2.39739740	0.000000000	0.000000000	0.000000000	0.000000000	0.000000000	0.000000000
2.40440440	0.000000000	0.000000000	0.000000000	0.000000000	0.000000000	0.000000000
2.41141141	0.000000000	0.000000000	0.000000000	0.000000000	0.000000000	0.000000000
2.41841842	0.000000000	0.000000000	0.000000000	0.000000000	0.000000000	0.000000000
2.42542543	0.000000000	0.000000000	0.000000000	0.000000000	0.000000000	0.000000000
2.43243243	0.000000000	0.000000000	0.000000000	0.000000000	0.000000000	0.000000000
2.43943944	0.000000000	0.000000000	0.000000000	0.000000000	0.000000000	0.000000000
2.44644645	0.000000000	0.000000000	0.000000000	0.000000000	0.000000000	0.000000000
2.45345345	0.000000000	0.000000000	0.000000000	0.000000000	0.000000000	0.000000000
2.46046046	0.000000000	0.000000000	0.000000000	0.000000000	0.000000000	0.000000000
2.46746747	0.000000000	0.000000000	0.000000000	0.000000000	0.000000000	0.000000000
2.47447447	0.000000000	0.000000000	0.000000000	0.000000000	0.000000000	0.000000000
2.48148148	0.000000000	0.000000000	0.000000000	0.000000000	0.000000000	0.000000000
2.48848849	0.000000000	0.000000000	0.000000000	0.000000000	0.000000000	0.000000000
2.49549550	0.000000000	0.000000000	0.000000000	0.000000000	0.000000000	0.000000000
2.50250250	0.000000000	0.000000000	0.000000000	0.000000000	0.000000000	0.000000000
2.50950951	0.000000000	0.000000000	0.000000000	0.000000000	0.000000000	0.000000000
2.51651652	0.000000000	0.000000000	0.000000000	0.000000000	0.000000000	0.000000000
2.52352352	0.000000000	0.000000000	0.000000000	0.000000000	0.000000000	0.000000000
2.53053053	0.000000000	0.000000000	0.000000000	0.000000000	0.000000000	0.000000000
2.53753754	0.000000000	0.000000000	0.000000000	0.000000000	0.000000000	0.000000000
2.54454454	0.000000000	0.000000000	0.000000000	0.000000000	0.000000000	0.000000000
2.55155155	0.000000000	0.000000000	0.000000000	0.000000000	0.000000000	0.000000000
2.55855856	0.000000000	0.000000000	0.000000000	0.000000000	0.000000000	0.000000000
2.56556557	0.000000000	0.000000000	0.000000000	0.000000000	0.000000000	0.000000000
2.57257257	0.000000000	0.000000000	0.000000000	0.000000000	0.000000000	0.000000000
2.57957958	0.000000000	0.000000000	0.000000000	0.000000000	0.000000000	0.000000000
2.58658659	0.000000000	0.000000000	0.000000000	0.000000000	0.000000000	0.000000000
2.59359359	0.000000000	0.000000000	0.000000000	0.000000000	0.000000000	0.000000000
2.60060060	0.000000000	0.000000000	0.000000000	0.000000000	0.000000000	0.000000000
2.60760761	0.000000000	0.000000000	0.000000000	0.000000000	0.000000000	0.000000000
2.61461461	0.000000000	0.000000000	0.000000000	0.000000000	0.000000000	0.000000000
2.62162162	0.000000000	0.000000000	0.000000000	0.000000000	0.000000000	0.000000000
2.62862863	0.000000000	0.000000000	0.000000000	0.000000000	0.000000000	0.000000000
2.63563564	0.000000000	0.000000000	0.000000000	0.000000000	0.000000000	0.000000000
2.64264264	0.000000000	0.000000000	0.000000000	0.000000000	0.000000000	0.000000000
2.64964965	0.000000000	0.000000000	0.000000000	0.000000000	0.000000000	0.000000000
2.65665666	0.000000000	0.000000000	0.000000000	0.000000000	0.000000000	0.000000000
2.66366366	0.000000000	0.000000000	0.000000000	0.000000000	0.000000000	0.000000000
2.67067067	0.000000000	0.000000000	0.000000000	0.000000000	0.000000000	0.000000000
2.67767768	0.000000000	0.000000000	0.000000000	0.000000000	0.000000000	0.000000000
2.68468468	0.000000000	0.000000000	0.000000000	0.000000000	0.000000000	0.000000000
2.69169169	0.000000000	0.000000000	0.000000000	0.000000000	0.000000000	0.000000000
2.69869870	0.000000000	0.000000000	0.000000000	0.000000000	0.000000000	0.000000000
2.70570571	0.000000000	0.000000000	0.000000000	0.000000000	0.000000000	0.000000000
2.71271271	0.000000000	0.000000000	0.000000000	0.000000000	0.000000000	0.000000000
2.71971972	0.000000000	0.000000000	0.000000000	0.000000000	0.000000000	0.000000000
2.72672673	0.000000000	0.000000000	0.000000000	0.000000000	0.000000000	0.000000000
2.73373373	0.000000000	0.000000000	0.000000000	0.000000000	0.000000000	0.000000000
2.74074074	0.000000000	0.000000000	0.000000000	0.000000000	0.000000000	0.000000000
2.74774775	0.000000000	0.000000000	0.000000000	0.000000000	0.000000000	0.000000000
2.75475475	0.000000000	0.000000000	0.000000000	0.000000000	0.000000000	0.000000000
2.76176176	0.000000000	0.000000000	0.000000000	0.000000000	0.000000000	0.000000000
2.76876877	0.000000000	0.000000000	0.000000000	0.000000000	0.000000000	0.000000000
2.77577578	0.000000000	0.000000000	0.000000000	0.000000000	0.000000000	0.000000000
2.78278278	0.000000000	0.000000000	0.000000000	0.000000000	0.000000000	0.000000000
2.78978979	0.000000000	0.000000000	0.000000000	0.000000000	0.000000000	0.000000000
2.79679680	0.000000000	0.000000000	0.000000000	0.000000000	0.000000000	0.000000000
2.80380380	0.000000000	0.000000000	0.000000000	0.000000000	0.000000000	0.000000000
2.81081081	0.000000000	0.000000000	0.000000000	0.000000000	0.000000000	0.000000000
2.81781782	0.000000000	0.000000000	0.000000000	0.000000000	0.000000000	0.000000000
2.82482482	0.000000000	0.000000000	0.000000000	0.000000000	0.000000000	0.000000000
2.83183183	0.000000000	0.000000000	0.000000000	0.000000000	0.000000000	0.000000000
2.83883884	0.000000000	0.000000000	0.000000000	0.000000000	0.000000000	0.000000000
2.84584585	0.000000000	0.000000000	0.000000000	0.000000000	0.000000000	0.000000000
2.85285285	0.000000000	0.000000000	0.000000000	0.000000000	0.000000000	0.000000000
2.85985986	0.000000000	0.000000000	0.000000000	0.000000000	0.000000000	0.000000000
2.86686687	0.000000000	0.000000000	0.000000000	0.000000000	0.000000000	0.000000000
2.87387387	0.000000000	0.000000000	0.000000000	0.000000000	0.000000000	0.000000000
2.88088088	0.000000000	0.000000000	0.000000000	0.000000000	0.000000000	0.000000000
2.88788789	0.000000000	0.000000000	0.000000000	0.000000000	0.000000000	0.000000000
2.89489489	0.000000000	0.000000000	0.000000000	0.000000000	0.000000000	0.000000000
2.90190190	0.000000000	0.000000000	0.000000000	0.000000000	0.000000000	0.000000000
2.90890891	0.000000000	0.000000000	0.000000000	0.000000000	0.000000000	0.000000000
2.91591592	0.000000000	0.000000000	0.000000000	0.000000000	0.000000000	0.000000000
2.92292292	0.000000000	0.000000000	0.000000000	0.000000000	0.000000000	0.000000000
2.92992993	0.000000000	0.000000000	0.000000000	0.000000000	0.000000000	0.000000000
2.93693694	0.000000000	0.000000000	0.000000000	0.000000000	0.000000000	0.000000000
2.94394394	0.000000000	0.000000000	0.000000000	0.000000000	0.000000000	0.000000000
2.95095095	0.000000000	0.000000000	0.000000000	0.000000000	0.000000000	0.000000000
2.95795796	0.000000000	0.000000000	0.000000000	0.000000000	0.000000000	0.000000000
2.96496496	0.000000000	0.000000000	0.000000000	0.000000000	0.000000000	0.000000000
2.97197197	0.000000000	0.000000000	0.000000000	0.000000000	0.000000000	0.000000000
2.97897898	0.000000000	0.000000000	0.000000000	0.000000000	0.000000000	0.000000000
2.98598599	0.000000000	0.000000000	0.000000000	0.000000000	0.000000000	0.000000000
2.99299299	0.000000000	0.000000000	0.000000000	0.000000000	0.000000000	0.000000000
3.00000000	0.000000000	0.000000000	0.000000000	0.000000000	0.000000000	0.000000000
