-4.000000000	0.004577778	0.003143708	0.006083179	0.001388639	0.006972730	0.002616784
-3.992992993	0.004659376	0.003204420	0.006199319	0.001417506	0.007077651	0.002670333
-3.985985986	0.004742357	0.003266252	0.006317546	0.001446955	0.007184100	0.002724929
-3.978978979	0.004826745	0.003329224	0.006437892	0.001476995	0.007292099	0.002780593
-3.971971972	0.004912559	0.003393356	0.006560393	0.001507640	0.007401670	0.002837343
-3.964964965	0.004999825	0.003458668	0.006685084	0.001538901	0.007512833	0.002895201
-3.957957958	0.005088563	0.003525180	0.006812002	0.001570789	0.007625613	0.002954186
-3.950950951	0.005178799	0.003592913	0.006941184	0.001603316	0.007740030	0.003014319
-3.943943944	0.005270554	0.003661890	0.007072666	0.001636496	0.007856108	0.003075621
-3.936936937	0.005363854	0.003732130	0.007206486	0.001670340	0.007973869	0.003138115
-3.929929930	0.005458723	0.003803655	0.007342682	0.001704861	0.008093338	0.003201821
-3.922922923	0.005555185	0.003876489	0.007481293	0.001740072	0.008214538	0.003266761
-3.915915916	0.005653265	0.003950654	0.007622359	0.001775988	0.008337492	0.003332960
-3.908908909	0.005752988	0.004026171	0.007765919	0.001812620	0.008462225	0.003400438
-3.901901902	0.005854381	0.004103066	0.007912014	0.001849983	0.008588762	0.003469221
-3.894894895	0.005957470	0.004181361	0.008060684	0.001888091	0.008717128	0.003539331
-3.887887888	0.006062280	0.004261080	0.008211973	0.001926959	0.008847347	0.003610792
-3.880880881	0.006168840	0.004342248	0.008365921	0.001966600	0.008979446	0.003683630
-3.873873874	0.006277175	0.004424889	0.008522571	0.002007029	0.009113449	0.003757869
-3.866866867	0.006387314	0.004509030	0.008681968	0.002048262	0.009249385	0.003833535
-3.859859860	0.006499285	0.004594694	0.008844155	0.002090314	0.009387278	0.003910653
-3.852852853	0.006613115	0.004681909	0.009009176	0.002133200	0.009527157	0.003989250
-3.845845846	0.006728835	0.004770700	0.009177078	0.002176936	0.009669047	0.004069353
-3.838838839	0.006846472	0.004861094	0.009347905	0.002221539	0.009812977	0.004150987
-3.831831832	0.006966057	0.004953119	0.009521705	0.002267025	0.009958975	0.004234182
-3.824824825	0.007087620	0.005046802	0.009698525	0.002313411	0.010107069	0.004318965
-3.817817818	0.007211191	0.005142172	0.009878412	0.002360714	0.010257288	0.004405365
-3.810810811	0.007336800	0.005239256	0.010061415	0.002408950	0.010409660	0.004493410
-3.803803804	0.007464480	0.005338083	0.010247584	0.002458139	0.010564216	0.004583130
-3.796796797	0.007594262	0.005438684	0.010436967	0.002508297	0.010720984	0.004674555
-3.789789790	0.007726177	0.005541087	0.010629616	0.002559443	0.010879995	0.004767715
-3.782782783	0.007860259	0.005645323	0.010825582	0.002611597	0.011041280	0.004862642
-3.775775776	0.007996541	0.005751423	0.011024916	0.002664776	0.011204869	0.004959366
-3.768768769	0.008135055	0.005859418	0.011227672	0.002719000	0.011370794	0.005057920
-3.761761762	0.008275837	0.005969340	0.011433902	0.002774289	0.011539087	0.005158336
-3.754754755	0.008418920	0.006081220	0.011643661	0.002830663	0.011709778	0.005260647
-3.747747748	0.008564339	0.006195092	0.011857003	0.002888141	0.011882902	0.005364887
-3.740740741	0.008712130	0.006310989	0.012073983	0.002946746	0.012058491	0.005471089
-3.733733734	0.008862328	0.006428944	0.012294659	0.003006498	0.012236577	0.005579288
-3.726726727	0.009014970	0.006548991	0.012519086	0.003067418	0.012417196	0.005689520
-3.719719720	0.009170092	0.006671166	0.012747323	0.003129529	0.012600381	0.005801819
-3.712712713	0.009327731	0.006795502	0.012979428	0.003192852	0.012786166	0.005916223
-3.705705706	0.009487927	0.006922037	0.013215459	0.003257410	0.012974586	0.006032768
-3.698698699	0.009650715	0.007050806	0.013455478	0.003323226	0.013165678	0.006151492
-3.691691692	0.009816136	0.007181846	0.013699544	0.003390324	0.013359476	0.006272433
-3.684684685	0.009984229	0.007315194	0.013947720	0.003458727	0.013556017	0.006395628
-3.677677678	0.010155033	0.007450889	0.014200067	0.003528460	0.013755338	0.006521119
-3.670670671	0.010328589	0.007588969	0.014456648	0.003599548	0.013957476	0.006648944
-3.663663664	0.010504938	0.007729472	0.014717528	0.003672014	0.014162469	0.006779144
-3.656656657	0.010684121	0.007872439	0.014982771	0.003745886	0.014370354	0.006911760
-3.649649650	0.010866179	0.008017910	0.015252442	0.003821189	0.014581171	0.007046834
-3.642642643	0.011051156	0.008165925	0.015526609	0.003897950	0.014794958	0.007184408
-3.635635636	0.011239095	0.008316525	0.015805337	0.003976194	0.015011755	0.007324525
-3.628628629	0.011430038	0.008469754	0.016088695	0.004055951	0.015231601	0.007467230
-3.621621622	0.011624030	0.008625652	0.016376752	0.004137247	0.015454538	0.007612567
-3.614614615	0.011821116	0.008784265	0.016669577	0.004220111	0.015680606	0.007760580
-3.607607608	0.012021342	0.008945635	0.016967241	0.004304571	0.015909847	0.007911316
-3.600600601	0.012224752	0.009109806	0.017269815	0.004390658	0.016142302	0.008064822
-3.593593594	0.012431393	0.009276825	0.017577372	0.004478401	0.016378014	0.008221143
-3.586586587	0.012641313	0.009446736	0.017889984	0.004567829	0.016617026	0.008380329
-3.579579580	0.012854559	0.009619587	0.018207725	0.004658975	0.016859382	0.008542429
-3.572572573	0.013071178	0.009795423	0.018530670	0.004751869	0.017105125	0.008707490
-3.565565566	0.013291221	0.009974294	0.018858896	0.004846543	0.017354300	0.008875565
-3.558558559	0.013514736	0.010156248	0.019192478	0.004943030	0.017606951	0.009046703
-3.551551552	0.013741774	0.010341332	0.019531494	0.005041363	0.017863126	0.009220957
-3.544544545	0.013972385	0.010529599	0.019876022	0.005141575	0.018122868	0.009398378
-3.537537538	0.014206620	0.010721097	0.020226142	0.005243700	0.018386226	0.009579021
-3.530530531	0.014444531	0.010915878	0.020581934	0.005347774	0.018653247	0.009762939
-3.523523524	0.014686171	0.011113994	0.020943479	0.005453831	0.018923977	0.009950188
-3.516516517	0.014931593	0.011315498	0.021310859	0.005561907	0.019198466	0.010140822
-3.509509510	0.015180851	0.011520443	0.021684157	0.005672039	0.019476762	0.010334899
-3.502502503	0.015434000	0.011728884	0.022063457	0.005784264	0.019758915	0.010532476
-3.495495495	0.015691094	0.011940875	0.022448844	0.005898620	0.020044974	0.010733610
-3.488488488	0.015952190	0.012156471	0.022840403	0.006015145	0.020334991	0.010938362
-3.481481481	0.016217343	0.012375730	0.023238222	0.006133877	0.020629015	0.011146791
-3.474474474	0.016486612	0.012598708	0.023642388	0.006254858	0.020927100	0.011358958
-3.467467467	0.016760053	0.012825464	0.024052990	0.006378127	0.021229297	0.011574925
-3.460460460	0.017037727	0.013056056	0.024470117	0.006503724	0.021535660	0.011794753
-3.453453453	0.017319690	0.013290544	0.024893860	0.006631692	0.021846241	0.012018508
-3.446446446	0.017606005	0.013528988	0.025324311	0.006762074	0.022161095	0.012246252
-3.439439439	0.017896731	0.013771450	0.025761561	0.006894911	0.022480277	0.012478052
-3.432432432	0.018191930	0.014017991	0.026205704	0.007030249	0.022803841	0.012713974
-3.425425425	0.018491663	0.014268674	0.026656836	0.007168131	0.023131845	0.012954085
-3.418418418	0.018795994	0.014523563	0.027115050	0.007308602	0.023464344	0.013198453
-3.411411411	0.019104986	0.014782722	0.027580444	0.007451709	0.023801396	0.013447147
-3.404404404	0.019418704	0.015046218	0.028053115	0.007597499	0.024143059	0.013700237
-3.397397397	0.019737212	0.015314116	0.028533162	0.007746018	0.024489390	0.013957795
-3.390390390	0.020060575	0.015586483	0.029020683	0.007897315	0.024840450	0.014219893
-3.383383383	0.020388862	0.015863387	0.029515778	0.008051440	0.025196298	0.014486603
-3.376376376	0.020722138	0.016144897	0.030018551	0.008208442	0.025556994	0.014758001
-3.369369369	0.021060472	0.016431084	0.030529101	0.008368371	0.025922600	0.015034160
-3.362362362	0.021403932	0.016722017	0.031047534	0.008531279	0.026293178	0.015315157
-3.355355355	0.021752588	0.017017768	0.031573953	0.008697219	0.026668789	0.015601070
-3.348348348	0.022106510	0.017318411	0.032108463	0.008866244	0.027049497	0.015891976
-3.341341341	0.022465769	0.017624018	0.032651170	0.009038407	0.027435366	0.016187956
-3.334334334	0.022830437	0.017934663	0.033202183	0.009213763	0.027826461	0.016489089
-3.327327327	0.023200587	0.018250423	0.033761608	0.009392369	0.028222845	0.016795457
-3.320320320	0.023576292	0.018571373	0.034329556	0.009574281	0.028624587	0.017107143
-3.313313313	0.023957626	0.018897591	0.034906137	0.009759556	0.029031751	0.017424230
-3.306306306	0.024344664	0.019229155	0.035491461	0.009948253	0.029444405	0.017746803
-3.299299299	0.024737481	0.019566144	0.036085640	0.010140431	0.029862617	0.018074948
-3.292292292	0.025136156	0.019908639	0.036688789	0.010336151	0.030286456	0.018408753
-3.285285285	0.025540763	0.020256720	0.037301021	0.010535474	0.030715992	0.018748305
-3.278278278	0.025951383	0.020610471	0.037922451	0.010738462	0.031151293	0.019093694
-3.271271271	0.026368094	0.020969973	0.038553195	0.010945178	0.031592432	0.019445011
-3.264264264	0.026790975	0.021335312	0.039193370	0.011155687	0.032039480	0.019802347
-3.257257257	0.027220108	0.021706572	0.039843094	0.011370054	0.032492509	0.020165795
-3.250250250	0.027655574	0.022083840	0.040502487	0.011588344	0.032951592	0.020535450
-3.243243243	0.028097454	0.022467203	0.041171667	0.011810626	0.033416804	0.020911406
-3.236236236	0.028545833	0.022856751	0.041850756	0.012036968	0.033888217	0.021293761
-3.229229229	0.029000794	0.023252571	0.042539875	0.012267438	0.034365909	0.021682611
-3.222222222	0.029462422	0.023654755	0.043239148	0.012502108	0.034849954	0.022078057
-3.215215215	0.029930802	0.024063394	0.043948697	0.012741049	0.035340430	0.022480198
-3.208208208	0.030406021	0.024478580	0.044668647	0.012984333	0.035837415	0.022889135
-3.201201201	0.030888166	0.024900409	0.045399124	0.013232034	0.036340986	0.023304973
-3.194194194	0.031377326	0.025328973	0.046140253	0.013484228	0.036851222	0.023727813
-3.187187187	0.031873589	0.025764370	0.046892163	0.013740990	0.037368204	0.024157763
-3.180180180	0.032377045	0.026206697	0.047654980	0.014002396	0.037892013	0.024594928
-3.173173173	0.032887785	0.026656050	0.048428835	0.014268527	0.038422729	0.025039416
-3.166166166	0.033405901	0.027112531	0.049213856	0.014539460	0.038960434	0.025491337
-3.159159159	0.033931484	0.027576238	0.050010175	0.014815277	0.039505212	0.025950801
-3.152152152	0.034464628	0.028047274	0.050817922	0.015096060	0.040057147	0.026417919
-3.145145145	0.035005427	0.028525742	0.051637230	0.015381891	0.040616323	0.026892806
-3.138138138	0.035553976	0.029011744	0.052468232	0.015672856	0.041182825	0.027375574
-3.131131131	0.036110371	0.029505386	0.053311062	0.015969039	0.041756740	0.027866341
-3.124124124	0.036674708	0.030006773	0.054165854	0.016270528	0.042338154	0.028365223
-3.117117117	0.037247085	0.030516014	0.055032744	0.016577411	0.042927156	0.028872338
-3.110110110	0.037827601	0.031033216	0.055911867	0.016889777	0.043523833	0.029387807
-3.103103103	0.038416353	0.031558490	0.056803361	0.017207717	0.044128275	0.029911750
-3.096096096	0.039013443	0.032091944	0.057707364	0.017531323	0.044740572	0.030444290
-3.089089089	0.039618972	0.032633693	0.058624012	0.017860689	0.045360816	0.030985552
-3.082082082	0.040233040	0.033183847	0.059553445	0.018195910	0.045989097	0.031535659
-3.075075075	0.040855751	0.033742523	0.060495803	0.018537080	0.046625508	0.032094740
-3.068068068	0.041487208	0.034309834	0.061451225	0.018884299	0.047270143	0.032662921
-3.061061061	0.042127515	0.034885898	0.062419853	0.019237665	0.047923096	0.033240333
-3.054054054	0.042776778	0.035470833	0.063401827	0.019597279	0.048584461	0.033827106
-3.047047047	0.043435102	0.036064757	0.064397289	0.019963242	0.049254335	0.034423372
-3.040040040	0.044102594	0.036667790	0.065406382	0.020335658	0.049932814	0.035029265
-3.033033033	0.044779362	0.037280054	0.066429248	0.020714631	0.050619996	0.035644920
-3.026026026	0.045465513	0.037901671	0.067466030	0.021100267	0.051315978	0.036270474
-3.019019019	0.046161158	0.038532766	0.068516874	0.021492675	0.052020860	0.036906063
-3.012012012	0.046866406	0.039173462	0.069581921	0.021891963	0.052734741	0.037551828
-3.005005005	0.047581369	0.039823886	0.070661318	0.022298242	0.053457721	0.038207908
-2.997997998	0.048306157	0.040484165	0.071755209	0.022711625	0.054189904	0.038874447
-2.990990991	0.049040883	0.041154428	0.072863739	0.023132225	0.054931389	0.039551586
-2.983983984	0.049785661	0.041834804	0.073987054	0.023560157	0.055682282	0.040239472
-2.976976977	0.050540604	0.042525424	0.075125299	0.023995540	0.056442684	0.040938249
-2.969969970	0.051305827	0.043226420	0.076278620	0.024438490	0.057212701	0.041648067
-2.962962963	0.052081446	0.043937926	0.077447164	0.024889129	0.057992439	0.042369073
-2.955955956	0.052867577	0.044660076	0.078631077	0.025347577	0.058782002	0.043101418
-2.948948949	0.053664337	0.045393005	0.079830505	0.025813960	0.059581499	0.043845254
-2.941941942	0.054471844	0.046136851	0.081045595	0.026288401	0.060391037	0.044600734
-2.934934935	0.055290216	0.046891750	0.082276493	0.026771027	0.061210724	0.045368012
-2.927927928	0.056119572	0.047657843	0.083523346	0.027261967	0.062040669	0.046147245
-2.920920921	0.056960033	0.048435269	0.084786301	0.027761351	0.062880984	0.046938589
-2.913913914	0.057811719	0.049224170	0.086065503	0.028269311	0.063731777	0.047742202
-2.906906907	0.058674752	0.050024689	0.087361099	0.028785980	0.064593161	0.048558246
-2.899899900	0.059549253	0.050836969	0.088673234	0.029311493	0.065465249	0.049386882
-2.892892893	0.060435345	0.051661155	0.090002056	0.029845989	0.066348152	0.050228270
-2.885885886	0.061333152	0.052497393	0.091347708	0.030389605	0.067241985	0.051082577
-2.878878879	0.062242796	0.053345830	0.092710337	0.030942481	0.068146862	0.051949967
-2.871871872	0.063164404	0.054206615	0.094090088	0.031504762	0.069062899	0.052830606
-2.864864865	0.064098099	0.055079896	0.095487103	0.032076590	0.069990210	0.053724662
-2.857857858	0.065044009	0.055965824	0.096901528	0.032658111	0.070928914	0.054632304
-2.850850851	0.066002258	0.056864551	0.098333506	0.033249474	0.071879126	0.055553703
-2.843843844	0.066972974	0.057776229	0.099783180	0.033850827	0.072840965	0.056489030
-2.836836837	0.067956284	0.058701011	0.101250690	0.034462324	0.073814550	0.057438458
-2.829829830	0.068952317	0.059639053	0.102736180	0.035084116	0.074799999	0.058402160
-2.822822823	0.069961200	0.060590510	0.104239789	0.035716359	0.075797433	0.059380313
-2.815815816	0.070983063	0.061555539	0.105761657	0.036359210	0.076806972	0.060373092
-2.808808809	0.072018034	0.062534296	0.107301922	0.037012828	0.077828737	0.061380674
-2.801801802	0.073066244	0.063526942	0.108860724	0.037677374	0.078862850	0.062403239
-2.794794795	0.074127823	0.064533635	0.110438197	0.038353011	0.079909433	0.063440965
-2.787787788	0.075202901	0.065554536	0.112034479	0.039039903	0.080968610	0.064494035
-2.780780781	0.076291609	0.066589807	0.113649703	0.039738217	0.082040503	0.065562628
-2.773773774	0.077394079	0.067639609	0.115284003	0.040448121	0.083125237	0.066646929
-2.766766767	0.078510442	0.068704107	0.116937511	0.041169787	0.084222936	0.067747121
-2.759759760	0.079640831	0.069783463	0.118610356	0.041903386	0.085333726	0.068863389
-2.752752753	0.080785376	0.070877844	0.120302669	0.042649093	0.086457731	0.069995918
-2.745745746	0.081944212	0.071987414	0.122014576	0.043407084	0.087595079	0.071144896
-2.738738739	0.083117470	0.073112341	0.123746203	0.044177537	0.088745895	0.072310508
-2.731731732	0.084305283	0.074252791	0.125497675	0.044960633	0.089910307	0.073492945
-2.724724725	0.085507784	0.075408933	0.127269114	0.045756554	0.091088442	0.074692395
-2.717717718	0.086725106	0.076580935	0.129060639	0.046565484	0.092280427	0.075909048
-2.710710711	0.087957383	0.077768967	0.130872371	0.047387609	0.093486391	0.077143094
-2.703703704	0.089204747	0.078973198	0.132704424	0.048223118	0.094706463	0.078394724
-2.696696697	0.090467332	0.080193800	0.134556914	0.049072200	0.095940770	0.079664132
-2.689689690	0.091745271	0.081430942	0.136429951	0.049935048	0.097189443	0.080951508
-2.682682683	0.093038698	0.082684799	0.138323647	0.050811855	0.098452611	0.082257047
-2.675675676	0.094347745	0.083955540	0.140238108	0.051702818	0.099730404	0.083580941
-2.668668669	0.095672545	0.085243340	0.142173439	0.052608135	0.101022951	0.084923386
-2.661661662	0.097013232	0.086548371	0.144129743	0.053528005	0.102330383	0.086284574
-2.654654655	0.098369938	0.087870806	0.146107117	0.054462631	0.103652829	0.087664701
-2.647647648	0.099742794	0.089210821	0.148105660	0.055412217	0.104990421	0.089063963
-2.640640641	0.101131935	0.090568588	0.150125465	0.056376969	0.106343289	0.090482554
-2.633633634	0.102537490	0.091944282	0.152166622	0.057357093	0.107711564	0.091920670
-2.626626627	0.103959592	0.093338079	0.154229219	0.058352801	0.109095376	0.093378507
-2.619619620	0.105398372	0.094750152	0.156313340	0.059364304	0.110494857	0.094856260
-2.612612613	0.106853960	0.096180677	0.158419067	0.060391815	0.111910136	0.096354125
-2.605605606	0.108326486	0.097629829	0.160546476	0.061435550	0.113341345	0.097872298
-2.598598599	0.109816080	0.099097783	0.162695642	0.062495727	0.114788614	0.099410974
-2.591591592	0.111322870	0.100584713	0.164866635	0.063572564	0.116252073	0.100970349
-2.584584585	0.112846986	0.102090796	0.167059521	0.064666284	0.117731854	0.102550618
-2.577577578	0.114388554	0.103616205	0.169274363	0.065777108	0.119228085	0.104151976
-2.570570571	0.115947701	0.105161116	0.171511220	0.066905263	0.120740898	0.105774616
-2.563563564	0.117524553	0.106725703	0.173770146	0.068050974	0.122270421	0.107418733
-2.556556557	0.119119236	0.108310139	0.176051190	0.069214470	0.123816784	0.109084521
-2.549549550	0.120731874	0.109914599	0.178354399	0.070395982	0.125380116	0.110772171
-2.542542543	0.122362589	0.111539255	0.180679813	0.071595741	0.126960544	0.112481876
-2.535535536	0.124011504	0.113184281	0.183027470	0.072813982	0.128558198	0.114213827
-2.528528529	0.125678741	0.114849849	0.185397401	0.074050939	0.130173205	0.115968213
-2.521521522	0.127364418	0.116536130	0.187789632	0.075306851	0.131805691	0.117745225
-2.514514515	0.129068655	0.118243295	0.190204186	0.076581955	0.133455784	0.119545050
-2.507507508	0.130791570	0.119971513	0.192641079	0.077876492	0.135123608	0.121367875
-2.500500501	0.132533277	0.121720955	0.195100322	0.079190705	0.136809288	0.123213887
-2.493493493	0.134293893	0.123491789	0.197581922	0.080524836	0.138512950	0.125083268
-2.486486486	0.136073530	0.125284181	0.200085879	0.081879131	0.140234716	0.126976202
-2.479479479	0.137872300	0.127098297	0.202612186	0.083253837	0.141974709	0.128892869
-2.472472472	0.139690312	0.128934303	0.205160834	0.084649200	0.143733050	0.130833451
-2.465465465	0.141527676	0.130792363	0.207731804	0.086065472	0.145509860	0.132798123
-2.458458458	0.143384497	0.132672637	0.210325074	0.087502902	0.147305259	0.134787062
-2.451451451	0.145260881	0.134575289	0.212940613	0.088961742	0.149119364	0.136800441
-2.444444444	0.147156931	0.136500475	0.215578386	0.090442246	0.150952294	0.138838432
-2.437437437	0.149072746	0.138448356	0.218238349	0.091944668	0.152804164	0.140901204
-2.430430430	0.151008427	0.140419085	0.220920455	0.093469263	0.154675089	0.142988925
-2.423423423	0.152964069	0.142412818	0.223624645	0.095016289	0.156565182	0.145101757
-2.416416416	0.154939767	0.144429706	0.226350858	0.096586003	0.158474555	0.147239863
-2.409409409	0.156935613	0.146469901	0.229099023	0.098178664	0.160403318	0.149403402
-2.402402402	0.158951696	0.148533549	0.231869063	0.099794530	0.162351581	0.151592529
-2.395395395	0.160988105	0.150620796	0.234660891	0.101433864	0.164319449	0.153807398
-2.388388388	0.163044923	0.152731787	0.237474416	0.103096926	0.166307029	0.156048157
-2.381381381	0.165122233	0.154866663	0.240309538	0.104783977	0.168314423	0.158314954
-2.374374374	0.167220113	0.157025560	0.243166148	0.106495281	0.170341734	0.160607930
-2.367367367	0.169338641	0.159208617	0.246044129	0.108231100	0.172389061	0.162927226
-2.360360360	0.171477890	0.161415964	0.248943358	0.109991698	0.174456502	0.165272976
-2.353353353	0.173637929	0.163647733	0.251863701	0.111777339	0.176544151	0.167645312
-2.346346346	0.175818828	0.165904051	0.254805018	0.113588287	0.178652103	0.170044360
-2.339339339	0.178020649	0.168185041	0.257767158	0.115424807	0.180780447	0.172470245
-2.332332332	0.180243454	0.170490823	0.260749963	0.117287163	0.182929273	0.174923084
-2.325325325	0.182487299	0.172821516	0.263753265	0.119175619	0.185098666	0.177402992
-2.318318318	0.184752240	0.175177232	0.266776887	0.121090440	0.187288709	0.179910077
-2.311311311	0.187038327	0.177558081	0.269820644	0.123031891	0.189499483	0.182444444
-2.304304304	0.189345605	0.179964170	0.272884340	0.125000236	0.191731066	0.185006193
-2.297297297	0.191674119	0.182395600	0.275967771	0.126995738	0.193983533	0.187595416
-2.290290290	0.194023906	0.184852470	0.279070722	0.129018660	0.196256955	0.190212202
-2.283283283	0.196395003	0.187334872	0.282192969	0.131069265	0.198551402	0.192856634
-2.276276276	0.198787439	0.189842897	0.285334277	0.133147815	0.200866938	0.195528789
-2.269269269	0.201201241	0.192376629	0.288494403	0.135254571	0.203203628	0.198228738
-2.262262262	0.203636432	0.194936148	0.291673092	0.137389792	0.205561528	0.200956546
-2.255255255	0.206093029	0.197521529	0.294870078	0.139553738	0.207940695	0.203712269
-2.248248248	0.208571046	0.200132843	0.298085087	0.141746665	0.210341180	0.206495961
-2.241241241	0.211070491	0.202770154	0.301317833	0.143968832	0.212763032	0.209307667
-2.234234234	0.213591368	0.205433522	0.304568018	0.146220491	0.215206295	0.212147423
-2.227227227	0.216133676	0.208123001	0.307835335	0.148501896	0.217671008	0.215015260
-2.220220220	0.218697409	0.210838640	0.311119466	0.150813298	0.220157208	0.217911203
-2.213213213	0.221282555	0.213580481	0.314420080	0.153154946	0.222664927	0.220835265
-2.206206206	0.223889099	0.216348561	0.317736836	0.155527088	0.225194193	0.223787456
-2.199199199	0.226517017	0.219142911	0.321069381	0.157929967	0.227745028	0.226767775
-2.192192192	0.229166283	0.221963554	0.324417352	0.160363827	0.230317451	0.229776213
-2.185185185	0.231836864	0.224810508	0.327780373	0.162828907	0.232911475	0.232812754
-2.178178178	0.234528721	0.227683785	0.331158056	0.165325443	0.235527110	0.235877371
-2.171171171	0.237241809	0.230583388	0.334550002	0.167853669	0.238164360	0.238970031
-2.164164164	0.239976078	0.233509313	0.337955800	0.170413816	0.240823224	0.242090689
-2.157157157	0.242731472	0.236461552	0.341375026	0.173006111	0.243503694	0.245239292
-2.150150150	0.245507927	0.239440085	0.344807245	0.175630778	0.246205761	0.248415778
-2.143143143	0.248305375	0.242444889	0.348252009	0.178288036	0.248929405	0.251620075
-2.136136136	0.251123739	0.245475928	0.351708858	0.180978100	0.251674605	0.254852099
-2.129129129	0.253962938	0.248533164	0.355177319	0.183701184	0.254441331	0.258111759
-2.122122122	0.256822882	0.251616545	0.358656909	0.186457492	0.257229549	0.261398950
-2.115115115	0.259703476	0.254726014	0.362147128	0.189247229	0.260039218	0.264713560
-2.108108108	0.262604618	0.257861504	0.365647468	0.192070592	0.262870292	0.268055462
-2.101101101	0.265526196	0.261022942	0.369157405	0.194927773	0.265722717	0.271424522
-2.094094094	0.268468094	0.264210241	0.372676404	0.197818960	0.268596433	0.274820591
-2.087087087	0.271430188	0.267423310	0.376203916	0.200744334	0.271491373	0.278243511
-2.080080080	0.274412345	0.270662044	0.379739381	0.203704071	0.274407465	0.281693110
-2.073073073	0.277414427	0.273926332	0.383282224	0.206698340	0.277344627	0.285169206
-2.066066066	0.280436286	0.277216052	0.386831859	0.209727305	0.280302773	0.288671602
-2.059059059	0.283477767	0.280531071	0.390387685	0.212791124	0.283281808	0.292200091
-2.052052052	0.286538706	0.283871246	0.393949090	0.215889945	0.286281629	0.295754452
-2.045045045	0.289618934	0.287236425	0.397515449	0.219023911	0.289302126	0.299334450
-2.038038038	0.292718270	0.290626444	0.401086122	0.222193159	0.292343183	0.302939839
-2.031031031	0.295836526	0.294041130	0.404660459	0.225397815	0.295404673	0.306570358
-2.024024024	0.298973507	0.297480295	0.408237794	0.228638000	0.298486463	0.310225731
-2.017017017	0.302129008	0.300943744	0.411817451	0.231913824	0.301588410	0.313905672
-2.010010010	0.305302815	0.304431268	0.415398739	0.235225391	0.304710366	0.317609877
-2.003003003	0.308494706	0.307942647	0.418980956	0.238572795	0.307852170	0.321338029
-1.995995996	0.311704450	0.311477650	0.422563385	0.241956121	0.311013655	0.325089795
-1.988988989	0.314931805	0.315036033	0.426145298	0.245375443	0.314194645	0.328864831
-1.981981982	0.318176524	0.318617539	0.429725954	0.248830828	0.317394953	0.332662773
-1.974974975	0.321438347	0.322221899	0.433304600	0.252322331	0.320614386	0.336483245
-1.967967968	0.324717005	0.325848833	0.436880469	0.255849996	0.323852738	0.340325854
-1.960960961	0.328012221	0.329498044	0.440452783	0.259413859	0.327109797	0.344190192
-1.953953954	0.331323707	0.333169227	0.444020751	0.263013941	0.330385337	0.348075835
-1.946946947	0.334651167	0.336862060	0.447583570	0.266650254	0.333679127	0.351982342
-1.939939940	0.337994293	0.340576208	0.451140425	0.270322798	0.336990921	0.355909257
-1.932932933	0.341352768	0.344311323	0.454690490	0.274031561	0.340320467	0.359856107
-1.925925926	0.344726265	0.348067043	0.458232926	0.277776517	0.343667499	0.363822401
-1.918918919	0.348114447	0.351842991	0.461766883	0.281557628	0.347031744	0.367807634
-1.911911912	0.351516966	0.355638777	0.465291499	0.285374844	0.350412915	0.371811281
-1.904904905	0.354933465	0.359453996	0.468805902	0.289228099	0.353810716	0.375832802
-1.897897898	0.358363575	0.363288228	0.472309209	0.293117314	0.357224839	0.379871637
-1.890890891	0.361806918	0.367141037	0.475800524	0.297042397	0.360654965	0.383927211
-1.883883884	0.365263103	0.371011974	0.479278943	0.301003239	0.364100765	0.387998931
-1.876876877	0.368731732	0.374900573	0.482743550	0.304999717	0.367561896	0.392086185
-1.869869870	0.372212392	0.378806354	0.486193420	0.309031692	0.371038004	0.396188343
-1.862862863	0.375704662	0.382728821	0.489627618	0.313099011	0.374528724	0.400304758
-1.855855856	0.379208110	0.386667462	0.493045199	0.317201501	0.378033679	0.404434764
-1.848848849	0.382722291	0.390621749	0.496445208	0.321338975	0.381552479	0.408577676
-1.841841842	0.386246751	0.394591137	0.499826683	0.325511230	0.385084722	0.412732794
-1.834834835	0.389781023	0.398575066	0.503188652	0.329718041	0.388629993	0.416899394
-1.827827828	0.393324631	0.402572961	0.506530135	0.333959170	0.392187864	0.421076738
-1.820820821	0.396877086	0.406584227	0.509850143	0.338234358	0.395757897	0.425264068
-1.813813814	0.400437889	0.410608254	0.513147681	0.342543327	0.399339638	0.429460605
-1.806806807	0.404006528	0.414644418	0.516421746	0.346885781	0.402932621	0.433665555
-1.799799800	0.407582482	0.418692073	0.519671327	0.351261405	0.406536366	0.437878102
-1.792792793	0.411165215	0.422750559	0.522895409	0.355669863	0.410150382	0.442097413
-1.785785786	0.414754184	0.426819199	0.526092968	0.360110799	0.413774162	0.446322635
-1.778778779	0.418348831	0.430897298	0.529262975	0.364583835	0.417407186	0.450552897
-1.771771772	0.421948588	0.434984144	0.532404398	0.369088574	0.421048921	0.454787308
-1.764764765	0.425552876	0.439079008	0.535516198	0.373624596	0.424698819	0.459024961
-1.757757758	0.429161104	0.443181143	0.538597331	0.378191460	0.428356321	0.463264925
-1.750750751	0.432772668	0.447289783	0.541646751	0.382788702	0.432020849	0.467506256
-1.743743744	0.436386955	0.451404149	0.544663407	0.387415836	0.435691816	0.471747987
-1.736736737	0.440003339	0.455523439	0.547646246	0.392072351	0.439368617	0.475989135
-1.729729730	0.443621183	0.459646838	0.550594212	0.396757714	0.443050634	0.480228697
-1.722722723	0.447239839	0.463773509	0.553506248	0.401471368	0.446737235	0.484465651
-1.715715716	0.450858646	0.467902602	0.556381293	0.406212731	0.450427773	0.488698960
-1.708708709	0.454476934	0.472033245	0.559218289	0.410981197	0.454121587	0.492927565
-1.701701702	0.458094019	0.476164551	0.562016174	0.415776136	0.457817999	0.497150391
-1.694694695	0.461709209	0.480295616	0.564773889	0.420596889	0.461516321	0.501366344
-1.687687688	0.465321797	0.484425515	0.567490375	0.425442775	0.465215845	0.505574315
-1.680680681	0.468931068	0.488553310	0.570164573	0.430313084	0.468915851	0.509773175
-1.673673674	0.472536294	0.492678041	0.572795427	0.435207082	0.472615605	0.513961778
-1.666666667	0.476136737	0.496798734	0.575381885	0.440124006	0.476314356	0.518138963
-1.659659660	0.479731648	0.500914397	0.577922896	0.445063067	0.480011339	0.522303549
-1.652652653	0.483320267	0.505024020	0.580417413	0.450023449	0.483705774	0.526454343
-1.645645646	0.486901824	0.509126576	0.582864396	0.455004307	0.487396866	0.530590132
-1.638638639	0.490475536	0.513221023	0.585262808	0.460004768	0.491083806	0.534709690
-1.631631632	0.494040613	0.517306299	0.587611618	0.465023931	0.494765770	0.538811773
-1.624624625	0.497596251	0.521381328	0.589909801	0.470060866	0.498441917	0.542895125
-1.617617618	0.501141640	0.525445016	0.592156341	0.475114616	0.502111394	0.546958473
-1.610610611	0.504675957	0.529496255	0.594350228	0.480184192	0.505773331	0.551000530
-1.603603604	0.508198369	0.533533919	0.596490461	0.485268577	0.509426846	0.555019997
-1.596596597	0.511708036	0.537556866	0.598576048	0.490366724	0.513071039	0.559015559
-1.589589590	0.515204104	0.541563941	0.600606007	0.495477556	0.516704998	0.562985891
-1.582582583	0.518685714	0.545553972	0.602579368	0.500599968	0.520327796	0.566929652
-1.575575576	0.522151996	0.549525770	0.604495169	0.505732822	0.523938490	0.570845493
-1.568568569	0.525602070	0.553478137	0.606352464	0.510874951	0.527536126	0.574732050
-1.561561562	0.529035050	0.557409854	0.608150316	0.516025157	0.531119734	0.578587951
-1.554554555	0.532450038	0.561319694	0.609887803	0.521182213	0.534688328	0.582411813
-1.547547548	0.535846130	0.565206413	0.611564018	0.526344859	0.538240913	0.586202242
-1.540540541	0.539222414	0.569068755	0.613178067	0.531511806	0.541776475	0.589957836
-1.533533534	0.542577969	0.572905449	0.614729073	0.536681734	0.545293991	0.593677185
-1.526526527	0.545911868	0.576715216	0.616216174	0.541853292	0.548792423	0.597358871
-1.519519520	0.549223174	0.580496760	0.617638526	0.547025097	0.552270719	0.601001468
-1.512512513	0.552510946	0.584248778	0.618995302	0.552195738	0.555727816	0.604603544
-1.505505506	0.555774235	0.587969953	0.620285694	0.557363771	0.559162638	0.608163662
-1.498498498	0.559012084	0.591658959	0.621508912	0.562527722	0.562574095	0.611680381
-1.491491491	0.562223533	0.595314459	0.622664186	0.567686086	0.565961087	0.615152253
-1.484484484	0.565407613	0.598935108	0.623750768	0.572837330	0.569322501	0.618577828
-1.477477477	0.568563352	0.602519550	0.624767929	0.577979887	0.572657215	0.621955656
-1.470470470	0.571689772	0.606066423	0.625714962	0.583112164	0.575964092	0.625284280
-1.463463463	0.574785889	0.609574355	0.626591185	0.588232534	0.579241987	0.628562246
-1.456456456	0.577850716	0.613041970	0.627395936	0.593339346	0.582489743	0.631788100
-1.449449449	0.580883261	0.616467882	0.628128578	0.598430914	0.585706196	0.634960386
-1.442442442	0.583882528	0.619850701	0.628788499	0.603505526	0.588890169	0.638077653
-1.435435435	0.586847519	0.623189033	0.629375110	0.608561442	0.592040476	0.641138450
-1.428428428	0.589777232	0.626481478	0.629887851	0.613596894	0.595155924	0.644141331
-1.421421421	0.592670662	0.629726632	0.630326185	0.618610083	0.598235312	0.647084854
-1.414414414	0.595526803	0.632923089	0.630689604	0.623599188	0.601277427	0.649967582
-1.407407407	0.598344645	0.636069442	0.630977625	0.628562356	0.604281054	0.652788085
-1.400400400	0.601123179	0.639164280	0.631189796	0.633497713	0.607244967	0.655544941
-1.393393393	0.603861394	0.642206193	0.631325691	0.638403355	0.610167936	0.658236735
-1.386386386	0.606558277	0.645193771	0.631384913	0.643277355	0.613048724	0.660862062
-1.379379379	0.609212818	0.648125604	0.631367096	0.648117762	0.615886088	0.663419527
-1.372372372	0.611824004	0.651000285	0.631271903	0.652922602	0.618678782	0.665907748
-1.365365365	0.614390825	0.653816411	0.631099028	0.657689876	0.621425554	0.668325354
-1.358358358	0.616912271	0.656572578	0.630848195	0.662417566	0.624125149	0.670670986
-1.351351351	0.619387335	0.659267392	0.630519159	0.667103629	0.626776310	0.672943304
-1.344344344	0.621815010	0.661899461	0.630111707	0.671746005	0.629377777	0.675140979
-1.337337337	0.624194293	0.664467400	0.629625659	0.676342613	0.631928288	0.677262702
-1.330330330	0.626524185	0.666969831	0.629060866	0.680891354	0.634426580	0.679307179
-1.323323323	0.628803687	0.669405385	0.628417212	0.685390111	0.636871390	0.681273137
-1.316316316	0.631031809	0.671772702	0.627694614	0.689836752	0.639261455	0.683159322
-1.309309309	0.633207560	0.674070432	0.626893021	0.694229128	0.641595514	0.684964501
-1.302302302	0.635329959	0.676297234	0.626012417	0.698565076	0.643872306	0.686687462
-1.295295295	0.637398026	0.678451782	0.625052819	0.702842422	0.646090574	0.688327018
-1.288288288	0.639410791	0.680532762	0.624014277	0.707058977	0.648249065	0.689882005
-1.281281281	0.641367288	0.682538873	0.622896876	0.711212543	0.650346529	0.691351285
-1.274274274	0.643266558	0.684468830	0.621700733	0.715300914	0.652381721	0.692733744
-1.267267267	0.645107650	0.686321364	0.620426002	0.719321874	0.654353402	0.694028297
-1.260260260	0.646889620	0.688095222	0.619072868	0.723273200	0.656260339	0.695233888
-1.253253253	0.648611534	0.689789170	0.617641553	0.727152667	0.658101307	0.696349489
-1.246246246	0.650272464	0.691401993	0.616132309	0.730958043	0.659875090	0.697374102
-1.239239239	0.651871496	0.692932494	0.614545426	0.734687096	0.661580480	0.698306761
-1.232232232	0.653407720	0.694379501	0.612881227	0.738337591	0.663216279	0.699146533
-1.225225225	0.654880241	0.695741859	0.611140066	0.741907296	0.664781300	0.699892516
-1.218218218	0.656288173	0.697018439	0.609322334	0.745393980	0.666274369	0.700543844
-1.211211211	0.657630639	0.698208136	0.607428453	0.748795417	0.667694322	0.701099686
-1.204204204	0.658906778	0.699309869	0.605458880	0.752109386	0.669040012	0.701559245
-1.197197197	0.660115738	0.700322582	0.603414103	0.755333675	0.670310304	0.701921763
-1.190190190	0.661256680	0.701245247	0.601294645	0.758466078	0.671504079	0.702186518
-1.183183183	0.662328778	0.702076864	0.599101059	0.761504404	0.672620234	0.702352828
-1.176176176	0.663331220	0.702816460	0.596833930	0.764446470	0.673657686	0.702420048
-1.169169169	0.664263208	0.703463092	0.594493876	0.767290112	0.674615365	0.702387574
-1.162162162	0.665123957	0.704015848	0.592081544	0.770033179	0.675492225	0.702254843
-1.155155155	0.665912697	0.704473848	0.589597614	0.772673540	0.676287238	0.702021332
-1.148148148	0.666628673	0.704836241	0.587042794	0.775209082	0.676999397	0.701686563
-1.141141141	0.667271146	0.705102211	0.584417822	0.777637716	0.677627717	0.701250096
-1.134134134	0.667839392	0.705270975	0.581723466	0.779957374	0.678171237	0.700711536
-1.127127127	0.668332702	0.705341785	0.578960519	0.782166017	0.678629018	0.700070534
-1.120120120	0.668750384	0.705313927	0.576129806	0.784261630	0.679000146	0.699326781
-1.113113113	0.669091765	0.705186723	0.573232175	0.786242230	0.679283734	0.698480014
-1.106106106	0.669356183	0.704959532	0.570268503	0.788105862	0.679478920	0.697530016
-1.099099099	0.669543000	0.704631747	0.567239692	0.789850607	0.679584870	0.696476613
-1.092092092	0.669651589	0.704202803	0.564146666	0.791474579	0.679600779	0.695319677
-1.085085085	0.669681345	0.703672169	0.560990376	0.792975929	0.679525869	0.694059127
-1.078078078	0.669631679	0.703039354	0.557771794	0.794352848	0.679359394	0.692694925
-1.071071071	0.669502018	0.702303906	0.554491916	0.795603566	0.679100637	0.691227082
-1.064064064	0.669291810	0.701465412	0.551151757	0.796726354	0.678748914	0.689655653
-1.057057057	0.669000519	0.700523497	0.547752354	0.797719528	0.678303572	0.687980738
-1.050050050	0.668627628	0.699477829	0.544294761	0.798581449	0.677763992	0.686202484
-1.043043043	0.668172637	0.698328113	0.540780053	0.799310527	0.677129589	0.684321083
-1.036036036	0.667635065	0.697074095	0.537209321	0.799905219	0.676399811	0.682336774
-1.029029029	0.667014449	0.695715562	0.533583671	0.800364031	0.675574141	0.680249839
-1.022022022	0.666310342	0.694252338	0.529904226	0.800685523	0.674652099	0.678060606
-1.015015015	0.665522318	0.692684292	0.526172122	0.800868309	0.673633241	0.675769446
-1.008008008	0.664649967	0.691011329	0.522388507	0.800911054	0.672517159	0.673376776
-1.001001001	0.663692894	0.689233395	0.518554542	0.800812481	0.671303483	0.670883054
-0.993993994	0.662650726	0.687350476	0.514671399	0.800571372	0.669991878	0.668288782
-0.986986987	0.661523103	0.685362596	0.510740256	0.800186563	0.668582052	0.665594505
-0.979979980	0.660309683	0.683269820	0.506762302	0.799656952	0.667073746	0.662800807
-0.972972973	0.659010138	0.681072247	0.502738732	0.798981497	0.665466743	0.659908313
-0.965965966	0.657624160	0.678770018	0.498670746	0.798159215	0.663760864	0.656917688
-0.958958959	0.656151450	0.676363307	0.494559549	0.797189186	0.661955968	0.653829634
-0.951951952	0.654591729	0.673852327	0.490406347	0.796070551	0.660051955	0.650644893
-0.944944945	0.652944729	0.671237324	0.486212350	0.794802516	0.658048761	0.647364240
-0.937937938	0.651210194	0.668518578	0.481978765	0.793384346	0.655946364	0.643988486
-0.930930931	0.649387882	0.665696405	0.477706800	0.791815370	0.653744779	0.640518476
-0.923923924	0.647477563	0.662771148	0.473397659	0.790094982	0.651444059	0.636955085
-0.916916917	0.645479014	0.659743184	0.469052543	0.788222635	0.649044296	0.633299219
-0.909909910	0.643392024	0.656612917	0.464672646	0.786197846	0.646545620	0.629551815
-0.902902903	0.641216390	0.653380779	0.460259154	0.784020192	0.643948196	0.625713833
-0.895895896	0.638951914	0.650047226	0.455813248	0.781689312	0.641252228	0.621786261
-0.888888889	0.636598405	0.646612740	0.451336093	0.779204902	0.638457954	0.617770109
-0.881881882	0.634155676	0.643077823	0.446828848	0.776566718	0.635565645	0.613666406
-0.874874875	0.631623542	0.639442995	0.442292654	0.773774571	0.632575610	0.609476202
-0.867867868	0.629001817	0.635708795	0.437728639	0.770828326	0.629488184	0.605200563
-0.860860861	0.626290316	0.631875776	0.433137914	0.767727901	0.626303738	0.600840568
-0.853853854	0.623488850	0.627944501	0.428521571	0.764473263	0.623022670	0.596397307
-0.846846847	0.620597224	0.623915544	0.423880683	0.761064424	0.619645405	0.591871880
-0.839839840	0.617615236	0.619789482	0.419216298	0.757501442	0.616172393	0.587265390
-0.832832833	0.614542672	0.615566896	0.414529444	0.753784412	0.612604109	0.582578946
-0.825825826	0.611379307	0.611248363	0.409821121	0.749913465	0.608941047	0.577813651
-0.818818819	0.608124897	0.606834456	0.405092300	0.745888762	0.605183718	0.572970609
-0.811811812	0.604779181	0.602325739	0.400343925	0.741710490	0.601332649	0.568050914
-0.804804805	0.601341875	0.597722759	0.395576907	0.737378856	0.597388380	0.563055647
-0.797797798	0.597812666	0.593026046	0.390792123	0.732894078	0.593351455	0.557985874
-0.790790791	0.594191213	0.588236103	0.385990414	0.728256382	0.589222423	0.552842644
-0.783783784	0.590477138	0.583353405	0.381172581	0.723465989	0.585001832	0.547626976
-0.776776777	0.586670023	0.578378389	0.376339388	0.718523112	0.580690224	0.542339863
-0.769769770	0.582769406	0.573311450	0.371491550	0.713427942	0.576288128	0.536982262
-0.762762763	0.578774772	0.568152930	0.366629741	0.708180638	0.571796056	0.531555092
-0.755755756	0.574685551	0.562903117	0.361754582	0.702781317	0.567214493	0.526059222
-0.748748749	0.570501108	0.557562228	0.356866646	0.697230038	0.562543893	0.520495471
-0.741741742	0.566220735	0.552130405	0.351966448	0.691526788	0.557784666	0.514864598
-0.734734735	0.561843647	0.546607705	0.347054444	0.685671467	0.552937171	0.509167295
-0.727727728	0.557368969	0.540994087	0.342131031	0.679663868	0.548001707	0.503404179
-0.720720721	0.552795727	0.535289398	0.337196537	0.673503655	0.542978496	0.497575784
-0.713713714	0.548122839	0.529493363	0.332251222	0.667190343	0.537867671	0.491682550
-0.706706707	0.543349101	0.523605570	0.327295271	0.660723271	0.532669263	0.485724816
-0.699699700	0.538473175	0.517625449	0.322328789	0.654101568	0.527383179	0.479702804
-0.692692693	0.533493572	0.511552258	0.317351795	0.647324128	0.522009184	0.473616610
-0.685685686	0.528408640	0.505385061	0.312364221	0.640389562	0.516546879	0.467466191
-0.678678679	0.523216540	0.499122702	0.307365898	0.633296164	0.510995671	0.461251344
-0.671671672	0.517915230	0.492763783	0.302356557	0.626041854	0.505354746	0.454971699
-0.664664665	0.512502439	0.486306632	0.297335814	0.618624123	0.499623030	0.448626691
-0.657657658	0.506975642	0.479749271	0.292303167	0.611039968	0.493799148	0.442215545
-0.650650651	0.501332031	0.473089374	0.287257983	0.603285811	0.487881378	0.435737247
-0.643643644	0.495568479	0.466324230	0.282199489	0.595357414	0.481867588	0.429190524
-0.636636637	0.489681504	0.459450684	0.277126760	0.587249763	0.475755173	0.422573808
-0.629629630	0.483667224	0.452465085	0.272038705	0.578956953	0.469540971	0.415885204
-0.622622623	0.477521308	0.445363216	0.266934051	0.570472027	0.463221163	0.409122450
-0.615615616	0.471238914	0.438140213	0.261811326	0.561786802	0.456791156	0.402282872
-0.608608609	0.464814623	0.430790475	0.256668842	0.552891642	0.450245436	0.395363329
-0.601601602	0.458242362	0.423307548	0.251504669	0.543775199	0.443577389	0.388360154
-0.594594595	0.451515306	0.415683996	0.246316607	0.534424076	0.436779076	0.381269080
-0.587587588	0.444625771	0.407911242	0.241102162	0.524822415	0.429840951	0.374085155
-0.580580581	0.437565081	0.399979373	0.235858506	0.514951384	0.422751504	0.366802643
-0.573573574	0.430323414	0.391876905	0.230582436	0.504788513	0.415496794	0.359414900
-0.566566567	0.422889609	0.383590493	0.225270328	0.494306846	0.408059848	0.351914230
-0.559559560	0.415250936	0.375104567	0.219918075	0.483473821	0.400419855	0.344291711
-0.552552553	0.407392814	0.366400876	0.214521024	0.472249790	0.392551080	0.336536970
-0.545545546	0.399298461	0.357457902	0.209073889	0.460586000	0.384421365	0.328637926
-0.538538539	0.390948453	0.348250112	0.203570654	0.448421806	0.375990017	0.320580444
-0.531531532	0.382320166	0.338746956	0.198004448	0.435680704	0.367204745	0.312347919
-0.524524525	0.373387067	0.328911555	0.192367398	0.422264541	0.357997092	0.303920726
-0.517517518	0.364117777	0.318698881	0.186650440	0.408044781	0.348275354	0.295275518
-0.510510511	0.354474845	0.308053254	0.180843085	0.392848759	0.337913123	0.286384290
-0.503503504	0.344413084	0.296904733	0.174933116	0.376437012	0.326729704	0.277213126
-0.496496496	0.333877294	0.285163812	0.168906205	0.358463499	0.314454290	0.267720480
-0.489489489	0.322799043	0.272713313	0.162745397	0.338400065	0.300654172	0.257854753
-0.482482482	0.311092005	0.259395432	0.156430437	0.315376881	0.284571895	0.247550808
-0.475475475	0.298644987	0.244989925	0.149936837	0.287789475	0.264680445	0.236724770
-0.468468468	0.285311062	0.229174722	0.143234588	0.252061789	0.237013853	0.225265960
-0.461461461	0.270889820	0.211448125	0.136286307	0.196261523	0.181203500	0.213023825
-0.454454454	0.255096565	0.190954412	0.129044502	0.000000000	0.000000000	0.199785409
-0.447447447	0.237504564	0.166011145	0.121447372	0.000000000	0.000000000	0.185233570
-0.440440440	0.217424756	0.132319895	0.113412067	0.000000000	0.000000000	0.168861138
-0.433433433	0.193614517	0.065280920	0.104823205	0.000000000	0.000000000	0.149767234
-0.426426426	0.163380519	0.000000000	0.095511844	0.000000000	0.000000000	0.126050276
-0.419419419	0.118094134	0.000000000	0.085212940	0.000000000	0.000000000	0.091992261
-0.412412412	0.000000000	0.000000000	0.073466207	0.000000000	0.000000000	0.000000000
-0.405405405	0.000000000	0.000000000	0.059327466	0.000000000	0.000000000	0.000000000
-0.398398398	0.000000000	0.000000000	0.040075206	0.000000000	0.000000000	0.000000000
-0.391391391	0.000000000	0.000000000	0.000000000	0.000000000	0.000000000	0.000000000
-0.384384384	0.000000000	0.000000000	0.000000000	0.000000000	0.000000000	0.000000000
-0.377377377	0.000000000	0.000000000	0.000000000	0.000000000	0.000000000	0.000000000
-0.370370370	0.000000000	0.000000000	0.000000000	0.000000000	0.000000000	0.000000000
-0.363363363	0.000000000	0.000000000	0.000000000	0.000000000	0.000000000	0.000000000
-0.356356356	0.000000000	0.000000000	0.000000000	0.000000000	0.000000000	0.000000000
-0.349349349	0.000000000	0.000000000	0.000000000	0.000000000	0.000000000	0.000000000
-0.342342342	0.000000000	0.000000000	0.000000000	0.000000000	0.000000000	0.000000000
-0.335335335	0.000000000	0.000000000	0.000000000	0.000000000	0.000000000	0.000000000
-0.328328328	0.000000000	0.000000000	0.000000000	0.000000000	0.000000000	0.000000000
-0.321321321	0.000000000	0.000000000	0.000000000	0.000000000	0.000000000	0.000000000
-0.314314314	0.000000000	0.000000000	0.000000000	0.000000000	0.000000000	0.000000000
-0.307307307	0.000000000	0.000000000	0.000000000	0.000000000	0.000000000	0.000000000
-0.300300300	0.000000000	0.000000000	0.000000000	0.000000000	0.000000000	0.000000000
-0.293293293	0.000000000	0.000000000	0.000000000	0.000000000	0.000000000	0.000000000
-0.286286286	0.000000000	0.000000000	0.000000000	0.000000000	0.000000000	0.000000000
-0.279279279	0.000000000	0.000000000	0.000000000	0.000000000	0.000000000	0.000000000
-0.272272272	0.000000000	0.000000000	0.000000000	0.000000000	0.000000000	0.000000000
-0.265265265	0.000000000	0.000000000	0.000000000	0.000000000	0.000000000	0.000000000
-0.258258258	0.000000000	0.000000000	0.000000000	0.000000000	0.000000000	0.000000000
-0.251251251	0.000000000	0.000000000	0.000000000	0.000000000	0.000000000	0.000000000
-0.244244244	0.000000000	0.000000000	0.000000000	0.000000000	0.000000000	0.000000000
-0.237237237	0.000000000	0.000000000	0.000000000	0.000000000	0.000000000	0.000000000
-0.230230230	0.000000000	0.000000000	0.000000000	0.000000000	0.000000000	0.000000000
-0.223223223	0.000000000	0.000000000	0.000000000	0.000000000	0.000000000	0.000000000
-0.216216216	0.000000000	0.000000000	0.000000000	0.000000000	0.000000000	0.000000000
-0.209209209	0.000000000	0.000000000	0.000000000	0.000000000	0.000000000	0.000000000
-0.202202202	0.000000000	0.000000000	0.000000000	0.000000000	0.000000000	0.000000000
-0.195195195	0.000000000	0.000000000	0.000000000	0.000000000	0.000000000	0.000000000
-0.188188188	0.000000000	0.000000000	0.000000000	0.000000000	0.000000000	0.000000000
-0.181181181	0.000000000	0.000000000	0.000000000	0.000000000	0.000000000	0.000000000
-0.174174174	0.000000000	0.000000000	0.000000000	0.000000000	0.000000000	0.000000000
-0.167167167	0.000000000	0.000000000	0.000000000	0.000000000	0.000000000	0.000000000
-0.160160160	0.000000000	0.000000000	0.000000000	0.000000000	0.000000000	0.000000000
-0.153153153	0.000000000	0.000000000	0.000000000	0.000000000	0.000000000	0.000000000
-0.146146146	0.000000000	0.000000000	0.000000000	0.000000000	0.000000000	0.000000000
-0.139139139	0.000000000	0.000000000	0.000000000	0.000000000	0.000000000	0.000000000
-0.132132132	0.000000000	0.000000000	0.000000000	0.000000000	0.000000000	0.000000000
-0.125125125	0.000000000	0.000000000	0.000000000	0.000000000	0.000000000	0.000000000
-0.118118118	0.000000000	0.000000000	0.000000000	0.000000000	0.000000000	0.000000000
-0.111111111	0.000000000	0.000000000	0.000000000	0.000000000	0.000000000	0.000000000
-0.104104104	0.000000000	0.000000000	0.000000000	0.000000000	0.000000000	0.000000000
-0.097097097	0.000000000	0.000000000	0.000000000	0.000000000	0.000000000	0.000000000
-0.090090090	0.000000000	0.000000000	0.000000000	0.000000000	0.000000000	0.000000000
-0.083083083	0.000000000	0.000000000	0.000000000	0.000000000	0.000000000	0.000000000
-0.076076076	0.000000000	0.000000000	0.000000000	0.000000000	0.000000000	0.000000000
-0.069069069	0.000000000	0.000000000	0.000000000	0.000000000	0.000000000	0.000000000
-0.062062062	0.000000000	0.000000000	0.000000000	0.000000000	0.000000000	0.000000000
-0.055055055	0.000000000	0.000000000	0.000000000	0.000000000	0.000000000	0.000000000
-0.048048048	0.000000000	0.000000000	0.000000000	0.000000000	0.000000000	0.000000000
-0.041041041	0.000000000	0.000000000	0.000000000	0.000000000	0.000000000	0.000000000
-0.034034034	0.000000000	0.000000000	0.000000000	0.000000000	0.000000000	0.000000000
-0.027027027	0.000000000	0.000000000	0.000000000	0.000000000	0.000000000	0.000000000
-0.020020020	0.000000000	0.000000000	0.000000000	0.000000000	0.000000000	0.000000000
-0.013013013	0.000000000	0.000000000	0.000000000	0.000000000	0.000000000	0.000000000
-0.006006006	0.000000000	0.000000000	0.000000000	0.000000000	0.000000000	0.000000000
0.001001001	0.000000000	0.000000000	0.000000000	0.000000000	0.000000000	0.000000000
0.008008008	0.000000000	0.000000000	0.000000000	0.000000000	0.000000000	0.000000000
0.015015015	0.000000000	0.000000000	0.000000000	0.000000000	0.000000000	0.000000000
0.022022022	0.000000000	0.000000000	0.000000000	0.000000000	0.000000000	0.000000000
0.029029029	0.000000000	0.000000000	0.000000000	0.000000000	0.000000000	0.000000000
0.036036036	0.000000000	0.000000000	0.000000000	0.000000000	0.000000000	0.000000000
0.043043043	0.000000000	0.000000000	0.000000000	0.000000000	0.000000000	0.000000000
0.050050050	0.000000000	0.000000000	0.000000000	0.000000000	0.000000000	0.000000000
0.057057057	0.000000000	0.000000000	0.000000000	0.000000000	0.000000000	0.000000000
0.064064064	0.000000000	0.000000000	0.000000000	0.000000000	0.000000000	0.000000000
0.071071071	0.000000000	0.000000000	0.000000000	0.000000000	0.000000000	0.000000000
0.078078078	0.000000000	0.000000000	0.000000000	0.000000000	0.000000000	0.000000000
0.085085085	0.000000000	0.000000000	0.000000000	0.000000000	0.000000000	0.000000000
0.092092092	0.000000000	0.000000000	0.000000000	0.000000000	0.000000000	0.000000000
0.099099099	0.000000000	0.000000000	0.000000000	0.000000000	0.000000000	0.000000000
0.106106106	0.000000000	0.000000000	0.000000000	0.000000000	0.000000000	0.000000000
0.113113113	0.000000000	0.000000000	0.000000000	0.000000000	0.000000000	0.000000000
0.120120120	0.000000000	0.000000000	0.000000000	0.000000000	0.000000000	0.000000000
0.127127127	0.000000000	0.000000000	0.000000000	0.000000000	0.000000000	0.000000000
0.134134134	0.000000000	0.000000000	0.000000000	0.000000000	0.000000000	0.000000000
0.141141141	0.000000000	0.000000000	0.000000000	0.000000000	0.000000000	0.000000000
0.148148148	0.000000000	0.000000000	0.000000000	0.000000000	0.000000000	0.000000000
0.155155155	0.000000000	0.000000000	0.000000000	0.000000000	0.000000000	0.000000000
0.162162162	0.000000000	0.000000000	0.000000000	0.000000000	0.000000000	0.000000000
0.169169169	0.000000000	0.000000000	0.000000000	0.000000000	0.000000000	0.000000000
0.176176176	0.000000000	0.000000000	0.000000000	0.000000000	0.000000000	0.000000000
0.183183183	0.000000000	0.000000000	0.000000000	0.000000000	0.000000000	0.000000000
0.190190190	0.000000000	0.000000000	0.000000000	0.000000000	0.000000000	0.000000000
0.197197197	0.000000000	0.000000000	0.000000000	0.000000000	0.000000000	0.000000000
0.204204204	0.000000000	0.000000000	0.000000000	0.000000000	0.000000000	0.000000000
0.211211211	0.000000000	0.000000000	0.000000000	0.000000000	0.000000000	0.000000000
0.218218218	0.000000000	0.000000000	0.000000000	0.000000000	0.000000000	0.000000000
0.225225225	0.000000000	0.000000000	0.000000000	0.000000000	0.000000000	0.000000000
0.232232232	0.000000000	0.000000000	0.000000000	0.000000000	0.000000000	0.000000000
0.239239239	0.000000000	0.000000000	0.000000000	0.000000000	0.000000000	0.000000000
0.246246246	0.000000000	0.000000000	0.000000000	0.000000000	0.000000000	0.000000000
0.253253253	0.000000000	0.000000000	0.000000000	0.000000000	0.000000000	0.000000000
0.260260260	0.000000000	0.000000000	0.000000000	0.000000000	0.000000000	0.000000000
0.267267267	0.000000000	0.000000000	0.000000000	0.000000000	0.000000000	0.000000000
0.274274274	0.000000000	0.000000000	0.000000000	0.000000000	0.000000000	0.000000000
0.281281281	0.000000000	0.000000000	0.000000000	0.000000000	0.000000000	0.000000000
0.288288288	0.000000000	0.000000000	0.000000000	0.000000000	0.000000000	0.000000000
0.295295295	0.000000000	0.000000000	0.000000000	0.000000000	0.000000000	0.000000000
0.302302302	0.000000000	0.000000000	0.000000000	0.000000000	0.000000000	0.000000000
0.309309309	0.000000000	0.000000000	0.000000000	0.000000000	0.000000000	0.000000000
0.316316316	0.000000000	0.000000000	0.000000000	0.000000000	0.000000000	0.000000000
0.323323323	0.000000000	0.000000000	0.000000000	0.000000000	0.000000000	0.000000000
0.330330330	0.000000000	0.000000000	0.000000000	0.000000000	0.000000000	0.000000000
0.337337337	0.000000000	0.000000000	0.000000000	0.000000000	0.000000000	0.000000000
0.344344344	0.000000000	0.000000000	0.000000000	0.000000000	0.000000000	0.000000000
0.351351351	0.000000000	0.000000000	0.000000000	0.000000000	0.000000000	0.000000000
0.358358358	0.000000000	0.000000000	0.000000000	0.000000000	0.000000000	0.000000000
0.365365365	0.000000000	0.000000000	0.000000000	0.000000000	0.000000000	0.000000000
0.372372372	0.000000000	0.000000000	0.000000000	0.000000000	0.000000000	0.000000000
0.379379379	0.000000000	0.000000000	0.000000000	0.000000000	0.000000000	0.000000000
0.386386386	0.000000000	0.000000000	0.000000000	0.000000000	0.000000000	0.000000000
0.393393393	0.000000000	0.000000000	0.000000000	0.000000000	0.000000000	0.000000000
0.400400400	0.000000000	0.000000000	0.000000000	0.000000000	0.000000000	0.000000000
0.407407407	0.000000000	0.000000000	0.000000000	0.000000000	0.000000000	0.000000000
0.414414414	0.000000000	0.000000000	0.000000000	0.000000000	0.000000000	0.000000000
0.421421421	0.000000000	0.000000000	0.000000000	0.000000000	0.000000000	0.000000000
0.428428428	0.000000000	0.000000000	0.000000000	0.000000000	0.000000000	0.000000000
0.435435435	0.000000000	0.000000000	0.000000000	0.000000000	0.000000000	0.000000000
0.442442442	0.000000000	0.000000000	0.000000000	0.000000000	0.000000000	0.000000000
0.449449449	0.000000000	0.000000000	0.000000000	0.000000000	0.000000000	0.000000000
0.456456456	0.000000000	0.000000000	0.000000000	0.000000000	0.000000000	0.000000000
0.463463463	0.000000000	0.000000000	0.000000000	0.000000000	0.000000000	0.000000000
0.470470470	0.000000000	0.000000000	0.000000000	0.000000000	0.000000000	0.000000000
0.477477477	0.000000000	0.000000000	0.000000000	0.000000000	0.000000000	0.000000000
0.484484484	0.000000000	0.000000000	0.000000000	0.000000000	0.000000000	0.000000000
0.491491491	0.000000000	0.000000000	0.000000000	0.000000000	0.000000000	0.000000000
0.498498498	0.000000000	0.000000000	0.000000000	0.000000000	0.000000000	0.000000000
0.505505506	0.000000000	0.000000000	0.000000000	0.000000000	0.000000000	0.000000000
0.512512513	0.000000000	0.000000000	0.000000000	0.000000000	0.000000000	0.000000000
0.519519520	0.000000000	0.000000000	0.000000000	0.000000000	0.000000000	0.000000000
0.526526527	0.000000000	0.000000000	0.000000000	0.000000000	0.000000000	0.000000000
0.533533534	0.000000000	0.000000000	0.000000000	0.000000000	0.000000000	0.000000000
0.540540541	0.000000000	0.000000000	0.000000000	0.000000000	0.000000000	0.000000000
0.547547548	0.000000000	0.000000000	0.000000000	0.000000000	0.000000000	0.000000000
0.554554555	0.000000000	0.000000000	0.000000000	0.000000000	0.000000000	0.000000000
0.561561562	0.000000000	0.000000000	0.000000000	0.000000000	0.000000000	0.000000000
0.568568569	0.000000000	0.000000000	0.000000000	0.000000000	0.000000000	0.000000000
0.575575576	0.000000000	0.000000000	0.000000000	0.000000000	0.000000000	0.000000000
0.582582583	0.000000000	0.000000000	0.000000000	0.000000000	0.000000000	0.000000000
0.589589590	0.000000000	0.000000000	0.000000000	0.000000000	0.000000000	0.000000000
0.596596597	0.000000000	0.000000000	0.000000000	0.000000000	0.000000000	0.000000000
0.603603604	0.000000000	0.000000000	0.000000000	0.000000000	0.000000000	0.000000000
0.610610611	0.000000000	0.000000000	0.000000000	0.000000000	0.000000000	0.000000000
0.617617618	0.000000000	0.000000000	0.000000000	0.000000000	0.000000000	0.000000000
0.624624625	0.000000000	0.000000000	0.000000000	0.000000000	0.000000000	0.000000000
0.631631632	0.000000000	0.000000000	0.000000000	0.000000000	0.000000000	0.000000000
0.638638639	0.000000000	0.000000000	0.000000000	0.000000000	0.000000000	0.000000000
0.645645646	0.000000000	0.000000000	0.000000000	0.000000000	0.000000000	0.000000000
0.652652653	0.000000000	0.000000000	0.000000000	0.000000000	0.000000000	0.000000000
0.659659660	0.000000000	0.000000000	0.000000000	0.000000000	0.000000000	0.000000000
0.666666667	0.000000000	0.000000000	0.000000000	0.000000000	0.000000000	0.000000000
0.673673674	0.000000000	0.000000000	0.000000000	0.000000000	0.000000000	0.000000000
0.680680681	0.000000000	0.000000000	0.000000000	0.000000000	0.000000000	0.000000000
0.687687688	0.000000000	0.000000000	0.000000000	0.000000000	0.000000000	0.000000000
0.694694695	0.000000000	0.000000000	0.000000000	0.000000000	0.000000000	0.000000000
0.701701702	0.000000000	0.000000000	0.000000000	0.000000000	0.000000000	0.000000000
0.708708709	0.000000000	0.000000000	0.000000000	0.000000000	0.000000000	0.000000000
0.715715716	0.000000000	0.000000000	0.000000000	0.000000000	0.000000000	0.000000000
0.722722723	0.000000000	0.000000000	0.000000000	0.000000000	0.000000000	0.000000000
0.729729730	0.000000000	0.000000000	0.000000000	0.000000000	0.000000000	0.000000000
0.736736737	0.000000000	0.000000000	0.000000000	0.000000000	0.000000000	0.000000000
0.743743744	0.000000000	0.000000000	0.000000000	0.000000000	0.000000000	0.000000000
0.750750751	0.000000000	0.000000000	0.000000000	0.000000000	0.000000000	0.000000000
0.757757758	0.000000000	0.000000000	0.000000000	0.000000000	0.000000000	0.000000000
0.764764765	0.000000000	0.000000000	0.000000000	0.000000000	0.000000000	0.000000000
0.771771772	0.000000000	0.000000000	0.000000000	0.000000000	0.000000000	0.000000000
0.778778779	0.000000000	0.000000000	0.000000000	0.000000000	0.000000000	0.000000000
0.785785786	0.000000000	0.000000000	0.000000000	0.000000000	0.000000000	0.000000000
0.792792793	0.000000000	0.000000000	0.000000000	0.000000000	0.000000000	0.000000000
0.799799800	0.000000000	0.000000000	0.000000000	0.000000000	0.000000000	0.000000000
0.806806807	0.000000000	0.000000000	0.000000000	0.000000000	0.000000000	0.000000000
0.813813814	0.000000000	0.000000000	0.000000000	0.000000000	0.000000000	0.000000000
0.820820821	0.000000000	0.000000000	0.000000000	0.000000000	0.000000000	0.000000000
0.827827828	0.000000000	0.000000000	0.000000000	0.000000000	0.000000000	0.000000000
0.834834835	0.000000000	0.000000000	0.000000000	0.000000000	0.000000000	0.000000000
0.841841842	0.000000000	0.000000000	0.000000000	0.000000000	0.000000000	0.000000000
0.848848849	0.000000000	0.000000000	0.000000000	0.000000000	0.000000000	0.000000000
0.855855856	0.000000000	0.000000000	0.000000000	0.000000000	0.000000000	0.000000000
0.862862863	0.000000000	0.000000000	0.000000000	0.000000000	0.000000000	0.000000000
0.869869870	0.000000000	0.000000000	0.000000000	0.000000000	0.000000000	0.000000000
0.876876877	0.000000000	0.000000000	0.000000000	0.000000000	0.000000000	0.000000000
0.883883884	0.000000000	0.000000000	0.000000000	0.000000000	0.000000000	0.000000000
0.890890891	0.000000000	0.000000000	0.000000000	0.000000000	0.000000000	0.000000000
0.897897898	0.000000000	0.000000000	0.000000000	0.000000000	0.000000000	0.000000000
0.904904905	0.000000000	0.000000000	0.000000000	0.000000000	0.000000000	0.000000000
0.911911912	0.000000000	0.000000000	0.000000000	0.000000000	0.000000000	0.000000000
0.918918919	0.000000000	0.000000000	0.000000000	0.000000000	0.000000000	0.000000000
0.925925926	0.000000000	0.000000000	0.000000000	0.000000000	0.000000000	0.000000000
0.932932933	0.000000000	0.000000000	0.000000000	0.000000000	0.000000000	0.000000000
0.939939940	0.000000000	0.000000000	0.000000000	0.000000000	0.000000000	0.000000000
0.946946947	0.000000000	0.000000000	0.000000000	0.000000000	0.000000000	0.000000000
0.953953954	0.000000000	0.000000000	0.000000000	0.000000000	0.000000000	0.000000000
0.960960961	0.000000000	0.000000000	0.000000000	0.000000000	0.000000000	0.000000000
0.967967968	0.000000000	0.000000000	0.000000000	0.000000000	0.000000000	0.000000000
0.974974975	0.000000000	0.000000000	0.000000000	0.000000000	0.000000000	0.000000000
0.981981982	0.000000000	0.000000000	0.000000000	0.000000000	0.000000000	0.000000000
0.988988989	0.000000000	0.000000000	0.000000000	0.000000000	0.000000000	0.000000000
0.995995996	0.000000000	0.000000000	0.000000000	0.000000000	0.000000000	0.000000000
1.003003003	0.000000000	0.000000000	0.000000000	0.000000000	0.000000000	0.000000000
1.010010010	0.000000000	0.000000000	0.000000000	0.000000000	0.000000000	0.000000000
1.017017017	0.000000000	0.000000000	0.000000000	0.000000000	0.000000000	0.000000000
1.024024024	0.000000000	0.000000000	0.000000000	0.000000000	0.000000000	0.000000000
1.031031031	0.000000000	0.000000000	0.000000000	0.000000000	0.000000000	0.000000000
1.038038038	0.000000000	0.000000000	0.000000000	0.000000000	0.000000000	0.000000000
1.045045045	0.000000000	0.000000000	0.000000000	0.000000000	0.000000000	0.000000000
1.052052052	0.000000000	0.000000000	0.000000000	0.000000000	0.000000000	0.000000000
1.059059059	0.000000000	0.000000000	0.000000000	0.000000000	0.000000000	0.000000000
1.066066066	0.000000000	0.000000000	0.000000000	0.000000000	0.000000000	0.000000000
1.073073073	0.000000000	0.000000000	0.000000000	0.000000000	0.000000000	0.000000000
1.080080080	0.000000000	0.000000000	0.000000000	0.000000000	0.000000000	0.000000000
1.087087087	0.000000000	0.000000000	0.000000000	0.000000000	0.000000000	0.000000000
1.094094094	0.000000000	0.000000000	0.000000000	0.000000000	0.000000000	0.000000000
1.101101101	0.000000000	0.000000000	0.000000000	0.000000000	0.000000000	0.000000000
1.108108108	0.000000000	0.000000000	0.000000000	0.000000000	0.000000000	0.000000000
1.115115115	0.000000000	0.000000000	0.000000000	0.000000000	0.000000000	0.000000000
1.122122122	0.000000000	0.000000000	0.000000000	0.000000000	0.000000000	0.000000000
1.129129129	0.000000000	0.000000000	0.000000000	0.000000000	0.000000000	0.000000000
1.136136136	0.000000000	0.000000000	0.000000000	0.000000000	0.000000000	0.000000000
1.143143143	0.000000000	0.000000000	0.000000000	0.000000000	0.000000000	0.000000000
1.150150150	0.000000000	0.000000000	0.000000000	0.000000000	0.000000000	0.000000000
1.157157157	0.000000000	0.000000000	0.000000000	0.000000000	0.000000000	0.000000000
1.164164164	0.000000000	0.000000000	0.000000000	0.000000000	0.000000000	0.000000000
1.171171171	0.000000000	0.000000000	0.000000000	0.000000000	0.000000000	0.000000000
1.178178178	0.000000000	0.000000000	0.000000000	0.000000000	0.000000000	0.000000000
1.185185185	0.000000000	0.000000000	0.000000000	0.000000000	0.000000000	0.000000000
1.192192192	0.000000000	0.000000000	0.000000000	0.000000000	0.000000000	0.000000000
1.199199199	0.000000000	0.000000000	0.000000000	0.000000000	0.000000000	0.000000000
1.206206206	0.000000000	0.000000000	0.000000000	0.000000000	0.000000000	0.000000000
1.213213213	0.000000000	0.000000000	0.000000000	0.000000000	0.000000000	0.000000000
1.220220220	0.000000000	0.000000000	0.000000000	0.000000000	0.000000000	0.000000000
1.227227227	0.000000000	0.000000000	0.000000000	0.000000000	0.000000000	0.000000000
1.234234234	0.000000000	0.000000000	0.000000000	0.000000000	0.000000000	0.000000000
1.241241241	0.000000000	0.000000000	0.000000000	0.000000000	0.000000000	0.000000000
1.248248248	0.000000000	0.000000000	0.000000000	0.000000000	0.000000000	0.000000000
1.255255255	0.000000000	0.000000000	0.000000000	0.000000000	0.000000000	0.000000000
1.262262262	0.000000000	0.000000000	0.000000000	0.000000000	0.000000000	0.000000000
1.269269269	0.000000000	0.000000000	0.000000000	0.000000000	0.000000000	0.000000000
1.276276276	0.000000000	0.000000000	0.000000000	0.000000000	0.000000000	0.000000000
1.283283283	0.000000000	0.000000000	0.000000000	0.000000000	0.000000000	0.000000000
1.290290290	0.000000000	0.000000000	0.000000000	0.000000000	0.000000000	0.000000000
1.297297297	0.000000000	0.000000000	0.000000000	0.000000000	0.000000000	0.000000000
1.304304304	0.000000000	0.000000000	0.000000000	0.000000000	0.000000000	0.000000000
1.311311311	0.000000000	0.000000000	0.000000000	0.000000000	0.000000000	0.000000000
1.318318318	0.000000000	0.000000000	0.000000000	0.000000000	0.000000000	0.000000000
1.325325325	0.000000000	0.000000000	0.000000000	0.000000000	0.000000000	0.000000000
1.332332332	0.000000000	0.000000000	0.000000000	0.000000000	0.000000000	0.000000000
1.339339339	0.000000000	0.000000000	0.000000000	0.000000000	0.000000000	0.000000000
1.346346346	0.000000000	0.000000000	0.000000000	0.000000000	0.000000000	0.000000000
1.353353353	0.000000000	0.000000000	0.000000000	0.000000000	0.000000000	0.000000000
1.360360360	0.000000000	0.000000000	0.000000000	0.000000000	0.000000000	0.000000000
1.367367367	0.000000000	0.000000000	0.000000000	0.000000000	0.000000000	0.000000000
1.374374374	0.000000000	0.000000000	0.000000000	0.000000000	0.000000000	0.000000000
1.381381381	0.000000000	0.000000000	0.000000000	0.000000000	0.000000000	0.000000000
1.388388388	0.000000000	0.000000000	0.000000000	0.000000000	0.000000000	0.000000000
1.395395395	0.000000000	0.000000000	0.000000000	0.000000000	0.000000000	0.000000000
1.402402402	0.000000000	0.000000000	0.000000000	0.000000000	0.000000000	0.000000000
1.409409409	0.000000000	0.000000000	0.000000000	0.000000000	0.000000000	0.000000000
1.416416416	0.000000000	0.000000000	0.000000000	0.000000000	0.000000000	0.000000000
1.423423423	0.000000000	0.000000000	0.000000000	0.000000000	0.000000000	0.000000000
1.430430430	0.000000000	0.000000000	0.000000000	0.000000000	0.000000000	0.000000000
1.437437437	0.000000000	0.000000000	0.000000000	0.000000000	0.000000000	0.000000000
1.444444444	0.000000000	0.000000000	0.000000000	0.000000000	0.000000000	0.000000000
1.451451451	0.000000000	0.000000000	0.000000000	0.000000000	0.000000000	0.000000000
1.458458458	0.000000000	0.000000000	0.000000000	0.000000000	0.000000000	0.000000000
1.465465465	0.000000000	0.000000000	0.000000000	0.000000000	0.000000000	0.000000000
1.472472472	0.000000000	0.000000000	0.000000000	0.000000000	0.000000000	0.000000000
1.479479479	0.000000000	0.000000000	0.000000000	0.000000000	0.000000000	0.000000000
1.486486486	0.000000000	0.000000000	0.000000000	0.000000000	0.000000000	0.000000000
1.493493493	0.000000000	0.000000000	0.000000000	0.000000000	0.000000000	0.000000000
1.500500501	0.000000000	0.000000000	0.000000000	0.000000000	0.000000000	0.000000000
1.507507508	0.000000000	0.000000000	0.000000000	0.000000000	0.000000000	0.000000000
1.514514515	0.000000000	0.000000000	0.000000000	0.000000000	0.000000000	0.000000000
1.521521522	0.000000000	0.000000000	0.000000000	0.000000000	0.000000000	0.000000000
1.528528529	0.000000000	0.000000000	0.000000000	0.000000000	0.000000000	0.000000000
1.535535536	0.000000000	0.000000000	0.000000000	0.000000000	0.000000000	0.000000000
1.542542543	0.000000000	0.000000000	0.000000000	0.000000000	0.000000000	0.000000000
1.549549550	0.000000000	0.000000000	0.000000000	0.000000000	0.000000000	0.000000000
1.556556557	0.000000000	0.000000000	0.000000000	0.000000000	0.000000000	0.000000000
1.563563564	0.000000000	0.000000000	0.000000000	0.000000000	0.000000000	0.000000000
1.570570571	0.000000000	0.000000000	0.000000000	0.000000000	0.000000000	0.000000000
1.577577578	0.000000000	0.000000000	0.000000000	0.000000000	0.000000000	0.000000000
1.584584585	0.000000000	0.000000000	0.000000000	0.000000000	0.000000000	0.000000000
1.591591592	0.000000000	0.000000000	0.000000000	0.000000000	0.000000000	0.000000000
1.598598599	0.000000000	0.000000000	0.000000000	0.000000000	0.000000000	0.000000000
1.605605606	0.000000000	0.000000000	0.000000000	0.000000000	0.000000000	0.000000000
1.612612613	0.000000000	0.000000000	0.000000000	0.000000000	0.000000000	0.000000000
1.619619620	0.000000000	0.000000000	0.000000000	0.000000000	0.000000000	0.000000000
1.626626627	0.000000000	0.000000000	0.000000000	0.000000000	0.000000000	0.000000000
1.633633634	0.000000000	0.000000000	0.000000000	0.000000000	0.000000000	0.000000000
1.640640641	0.000000000	0.000000000	0.000000000	0.000000000	0.000000000	0.000000000
1.647647648	0.000000000	0.000000000	0.000000000	0.000000000	0.000000000	0.000000000
1.654654655	0.000000000	0.000000000	0.000000000	0.000000000	0.000000000	0.000000000
1.661661662	0.000000000	0.000000000	0.000000000	0.000000000	0.000000000	0.000000000
1.668668669	0.000000000	0.000000000	0.000000000	0.000000000	0.000000000	0.000000000
1.675675676	0.000000000	0.000000000	0.000000000	0.000000000	0.000000000	0.000000000
1.682682683	0.000000000	0.000000000	0.000000000	0.000000000	0.000000000	0.000000000
1.689689690	0.000000000	0.000000000	0.000000000	0.000000000	0.000000000	0.000000000
1.696696697	0.000000000	0.000000000	0.000000000	0.000000000	0.000000000	0.000000000
1.703703704	0.000000000	0.000000000	0.000000000	0.000000000	0.000000000	0.000000000
1.710710711	0.000000000	0.000000000	0.000000000	0.000000000	0.000000000	0.000000000
1.717717718	0.000000000	0.000000000	0.000000000	0.000000000	0.000000000	0.000000000
1.724724725	0.000000000	0.000000000	0.000000000	0.000000000	0.000000000	0.000000000
1.731731732	0.000000000	0.000000000	0.000000000	0.000000000	0.000000000	0.000000000
1.738738739	0.000000000	0.000000000	0.000000000	0.000000000	0.000000000	0.000000000
1.745745746	0.000000000	0.000000000	0.000000000	0.000000000	0.000000000	0.000000000
1.752752753	0.000000000	0.000000000	0.000000000	0.000000000	0.000000000	0.000000000
1.759759760	0.000000000	0.000000000	0.000000000	0.000000000	0.000000000	0.000000000
1.766766767	0.000000000	0.000000000	0.000000000	0.000000000	0.000000000	0.000000000
1.773773774	0.000000000	0.000000000	0.000000000	0.000000000	0.000000000	0.000000000
1.780780781	0.000000000	0.000000000	0.000000000	0.000000000	0.000000000	0.000000000
1.787787788	0.000000000	0.000000000	0.000000000	0.000000000	0.000000000	0.000000000
1.794794795	0.000000000	0.000000000	0.000000000	0.000000000	0.000000000	0.000000000
1.801801802	0.000000000	0.000000000	0.000000000	0.000000000	0.000000000	0.000000000
1.808808809	0.000000000	0.000000000	0.000000000	0.000000000	0.000000000	0.000000000
1.815815816	0.000000000	0.000000000	0.000000000	0.000000000	0.000000000	0.000000000
1.822822823	0.000000000	0.000000000	0.000000000	0.000000000	0.000000000	0.000000000
1.829829830	0.000000000	0.000000000	0.000000000	0.000000000	0.000000000	0.000000000
1.836836837	0.000000000	0.000000000	0.000000000	0.000000000	0.000000000	0.000000000
1.843843844	0.000000000	0.000000000	0.000000000	0.000000000	0.000000000	0.000000000
1.850850851	0.000000000	0.000000000	0.000000000	0.000000000	0.000000000	0.000000000
1.857857858	0.000000000	0.000000000	0.000000000	0.000000000	0.000000000	0.000000000
1.864864865	0.000000000	0.000000000	0.000000000	0.000000000	0.000000000	0.000000000
1.871871872	0.000000000	0.000000000	0.000000000	0.000000000	0.000000000	0.000000000
1.878878879	0.000000000	0.000000000	0.000000000	0.000000000	0.000000000	0.000000000
1.885885886	0.000000000	0.000000000	0.000000000	0.000000000	0.000000000	0.000000000
1.892892893	0.000000000	0.000000000	0.000000000	0.000000000	0.000000000	0.000000000
1.899899900	0.000000000	0.000000000	0.000000000	0.000000000	0.000000000	0.000000000
1.906906907	0.000000000	0.000000000	0.000000000	0.000000000	0.000000000	0.000000000
1.913913914	0.000000000	0.000000000	0.000000000	0.000000000	0.000000000	0.000000000
1.920920921	0.000000000	0.000000000	0.000000000	0.000000000	0.000000000	0.000000000
1.927927928	0.000000000	0.000000000	0.000000000	0.000000000	0.000000000	0.000000000
1.934934935	0.000000000	0.000000000	0.000000000	0.000000000	0.000000000	0.000000000
1.941941942	0.000000000	0.000000000	0.000000000	0.000000000	0.000000000	0.000000000
1.948948949	0.000000000	0.000000000	0.000000000	0.000000000	0.000000000	0.000000000
1.955955956	0.000000000	0.000000000	0.000000000	0.000000000	0.000000000	0.000000000
1.962962963	0.000000000	0.000000000	0.000000000	0.000000000	0.000000000	0.000000000
1.969969970	0.000000000	0.000000000	0.000000000	0.000000000	0.000000000	0.000000000
1.976976977	0.000000000	0.000000000	0.000000000	0.000000000	0.000000000	0.000000000
1.983983984	0.000000000	0.000000000	0.000000000	0.000000000	0.000000000	0.000000000
1.990990991	0.000000000	0.000000000	0.000000000	0.000000000	0.000000000	0.000000000
1.997997998	0.000000000	0.000000000	0.000000000	0.000000000	0.000000000	0.000000000
2.005005005	0.000000000	0.000000000	0.000000000	0.000000000	0.000000000	0.000000000
2.012012012	0.000000000	0.000000000	0.000000000	0.000000000	0.000000000	0.000000000
2.019019019	0.000000000	0.000000000	0.000000000	0.000000000	0.000000000	0.000000000
2.026026026	0.000000000	0.000000000	0.000000000	0.000000000	0.000000000	0.000000000
2.033033033	0.000000000	0.000000000	0.000000000	0.000000000	0.000000000	0.000000000
2.040040040	0.000000000	0.000000000	0.000000000	0.000000000	0.000000000	0.000000000
2.047047047	0.000000000	0.000000000	0.000000000	0.000000000	0.000000000	0.000000000
2.054054054	0.000000000	0.000000000	0.000000000	0.000000000	0.000000000	0.000000000
2.061061061	0.000000000	0.000000000	0.000000000	0.000000000	0.000000000	0.000000000
2.068068068	0.000000000	0.000000000	0.000000000	0.000000000	0.000000000	0.000000000
2.075075075	0.000000000	0.000000000	0.000000000	0.000000000	0.000000000	0.000000000
2.082082082	0.000000000	0.000000000	0.000000000	0.000000000	0.000000000	0.000000000
2.089089089	0.000000000	0.000000000	0.000000000	0.000000000	0.000000000	0.000000000
2.096096096	0.000000000	0.000000000	0.000000000	0.000000000	0.000000000	0.000000000
2.103103103	0.000000000	0.000000000	0.000000000	0.000000000	0.000000000	0.000000000
2.110110110	0.000000000	0.000000000	0.000000000	0.000000000	0.000000000	0.000000000
2.117117117	0.000000000	0.000000000	0.000000000	0.000000000	0.000000000	0.000000000
2.124124124	0.000000000	0.000000000	0.000000000	0.000000000	0.000000000	0.000000000
2.131131131	0.000000000	0.000000000	0.000000000	0.000000000	0.000000000	0.000000000
2.138138138	0.000000000	0.000000000	0.000000000	0.000000000	0.000000000	0.000000000
2.145145145	0.000000000	0.000000000	0.000000000	0.000000000	0.000000000	0.000000000
2.152152152	0.000000000	0.000000000	0.000000000	0.000000000	0.000000000	0.000000000
2.159159159	0.000000000	0.000000000	0.000000000	0.000000000	0.000000000	0.000000000
2.166166166	0.000000000	0.000000000	0.000000000	0.000000000	0.000000000	0.000000000
2.173173173	0.000000000	0.000000000	0.000000000	0.000000000	0.000000000	0.000000000
2.180180180	0.000000000	0.000000000	0.000000000	0.000000000	0.000000000	0.000000000
2.187187187	0.000000000	0.000000000	0.000000000	0.000000000	0.000000000	0.000000000
2.194194194	0.000000000	0.000000000	0.000000000	0.000000000	0.000000000	0.000000000
2.201201201	0.000000000	0.000000000	0.000000000	0.000000000	0.000000000	0.000000000
2.208208208	0.000000000	0.000000000	0.000000000	0.000000000	0.000000000	0.000000000
2.215215215	0.000000000	0.000000000	0.000000000	0.000000000	0.000000000	0.000000000
2.222222222	0.000000000	0.000000000	0.000000000	0.000000000	0.000000000	0.000000000
2.229229229	0.000000000	0.000000000	0.000000000	0.000000000	0.000000000	0.000000000
2.236236236	0.000000000	0.000000000	0.000000000	0.000000000	0.000000000	0.000000000
2.243243243	0.000000000	0.000000000	0.000000000	0.000000000	0.000000000	0.000000000
2.250250250	0.000000000	0.000000000	0.000000000	0.000000000	0.000000000	0.000000000
2.257257257	0.000000000	0.000000000	0.000000000	0.000000000	0.000000000	0.000000000
2.264264264	0.000000000	0.000000000	0.000000000	0.000000000	0.000000000	0.000000000
2.271271271	0.000000000	0.000000000	0.000000000	0.000000000	0.000000000	0.000000000
2.278278278	0.000000000	0.000000000	0.000000000	0.000000000	0.000000000	0.000000000
2.285285285	0.000000000	0.000000000	0.000000000	0.000000000	0.000000000	0.000000000
2.292292292	0.000000000	0.000000000	0.000000000	0.000000000	0.000000000	0.000000000
2.299299299	0.000000000	0.000000000	0.000000000	0.000000000	0.000000000	0.000000000
2.306306306	0.000000000	0.000000000	0.000000000	0.000000000	0.000000000	0.000000000
2.313313313	0.000000000	0.000000000	0.000000000	0.000000000	0.000000000	0.000000000
2.320320320	0.000000000	0.000000000	0.000000000	0.000000000	0.000000000	0.000000000
2.327327327	0.000000000	0.000000000	0.000000000	0.000000000	0.000000000	0.000000000
2.334334334	0.000000000	0.000000000	0.000000000	0.000000000	0.000000000	0.000000000
2.341341341	0.000000000	0.000000000	0.000000000	0.000000000	0.000000000	0.000000000
2.348348348	0.000000000	0.000000000	0.000000000	0.000000000	0.000000000	0.000000000
2.355355355	0.000000000	0.000000000	0.000000000	0.000000000	0.000000000	0.000000000
2.362362362	0.000000000	0.000000000	0.000000000	0.000000000	0.000000000	0.000000000
2.369369369	0.000000000	0.000000000	0.000000000	0.000000000	0.000000000	0.000000000
2.376376376	0.000000000	0.000000000	0.000000000	0.000000000	0.000000000	0.000000000
2.383383383	0.000000000	0.000000000	0.000000000	0.000000000	0.000000000	0.000000000
2.390390390	0.000000000	0.000000000	0.000000000	0.000000000	0.000000000	0.000000000
2.397397397	0.000000000	0.000000000	0.000000000	0.000000000	0.000000000	0.000000000
2.404404404	0.000000000	0.000000000	0.000000000	0.000000000	0.000000000	0.000000000
2.411411411	0.000000000	0.000000000	0.000000000	0.000000000	0.000000000	0.000000000
2.418418418	0.000000000	0.000000000	0.000000000	0.000000000	0.000000000	0.000000000
2.425425425	0.000000000	0.000000000	0.000000000	0.000000000	0.000000000	0.000000000
2.432432432	0.000000000	0.000000000	0.000000000	0.000000000	0.000000000	0.000000000
2.439439439	0.000000000	0.000000000	0.000000000	0.000000000	0.000000000	0.000000000
2.446446446	0.000000000	0.000000000	0.000000000	0.000000000	0.000000000	0.000000000
2.453453453	0.000000000	0.000000000	0.000000000	0.000000000	0.000000000	0.000000000
2.460460460	0.000000000	0.000000000	0.000000000	0.000000000	0.000000000	0.000000000
2.467467467	0.000000000	0.000000000	0.000000000	0.000000000	0.000000000	0.000000000
2.474474474	0.000000000	0.000000000	0.000000000	0.000000000	0.000000000	0.000000000
2.481481481	0.000000000	0.000000000	0.000000000	0.000000000	0.000000000	0.000000000
2.488488488	0.000000000	0.000000000	0.000000000	0.000000000	0.000000000	0.000000000
2.495495495	0.000000000	0.000000000	0.000000000	0.000000000	0.000000000	0.000000000
2.502502503	0.000000000	0.000000000	0.000000000	0.000000000	0.000000000	0.000000000
2.509509510	0.000000000	0.000000000	0.000000000	0.000000000	0.000000000	0.000000000
2.516516517	0.000000000	0.000000000	0.000000000	0.000000000	0.000000000	0.000000000
2.523523524	0.000000000	0.000000000	0.000000000	0.000000000	0.000000000	0.000000000
2.530530531	0.000000000	0.000000000	0.000000000	0.000000000	0.000000000	0.000000000
2.537537538	0.000000000	0.000000000	0.000000000	0.000000000	0.000000000	0.000000000
2.544544545	0.000000000	0.000000000	0.000000000	0.000000000	0.000000000	0.000000000
2.551551552	0.000000000	0.000000000	0.000000000	0.000000000	0.000000000	0.000000000
2.558558559	0.000000000	0.000000000	0.000000000	0.000000000	0.000000000	0.000000000
2.565565566	0.000000000	0.000000000	0.000000000	0.000000000	0.000000000	0.000000000
2.572572573	0.000000000	0.000000000	0.000000000	0.000000000	0.000000000	0.000000000
2.579579580	0.000000000	0.000000000	0.000000000	0.000000000	0.000000000	0.000000000
2.586586587	0.000000000	0.000000000	0.000000000	0.000000000	0.000000000	0.000000000
2.593593594	0.000000000	0.000000000	0.000000000	0.000000000	0.000000000	0.000000000
2.600600601	0.000000000	0.000000000	0.000000000	0.000000000	0.000000000	0.000000000
2.607607608	0.000000000	0.000000000	0.000000000	0.000000000	0.000000000	0.000000000
2.614614615	0.000000000	0.000000000	0.000000000	0.000000000	0.000000000	0.000000000
2.621621622	0.000000000	0.000000000	0.000000000	0.000000000	0.000000000	0.000000000
2.628628629	0.000000000	0.000000000	0.000000000	0.000000000	0.000000000	0.000000000
2.635635636	0.000000000	0.000000000	0.000000000	0.000000000	0.000000000	0.000000000
2.642642643	0.000000000	0.000000000	0.000000000	0.000000000	0.000000000	0.000000000
2.649649650	0.000000000	0.000000000	0.000000000	0.000000000	0.000000000	0.000000000
2.656656657	0.000000000	0.000000000	0.000000000	0.000000000	0.000000000	0.000000000
2.663663664	0.000000000	0.000000000	0.000000000	0.000000000	0.000000000	0.000000000
2.670670671	0.000000000	0.000000000	0.000000000	0.000000000	0.000000000	0.000000000
2.677677678	0.000000000	0.000000000	0.000000000	0.000000000	0.000000000	0.000000000
2.684684685	0.000000000	0.000000000	0.000000000	0.000000000	0.000000000	0.000000000
2.691691692	0.000000000	0.000000000	0.000000000	0.000000000	0.000000000	0.000000000
2.698698699	0.000000000	0.000000000	0.000000000	0.000000000	0.000000000	0.000000000
2.705705706	0.000000000	0.000000000	0.000000000	0.000000000	0.000000000	0.000000000
2.712712713	0.000000000	0.000000000	0.000000000	0.000000000	0.000000000	0.000000000
2.719719720	0.000000000	0.000000000	0.000000000	0.000000000	0.000000000	0.000000000
2.726726727	0.000000000	0.000000000	0.000000000	0.000000000	0.000000000	0.000000000
2.733733734	0.000000000	0.000000000	0.000000000	0.000000000	0.000000000	0.000000000
2.740740741	0.000000000	0.000000000	0.000000000	0.000000000	0.000000000	0.000000000
2.747747748	0.000000000	0.000000000	0.000000000	0.000000000	0.000000000	0.000000000
2.754754755	0.000000000	0.000000000	0.000000000	0.000000000	0.000000000	0.000000000
2.761761762	0.000000000	0.000000000	0.000000000	0.000000000	0.000000000	0.000000000
2.768768769	0.000000000	0.000000000	0.000000000	0.000000000	0.000000000	0.000000000
2.775775776	0.000000000	0.000000000	0.000000000	0.000000000	0.000000000	0.000000000
2.782782783	0.000000000	0.000000000	0.000000000	0.000000000	0.000000000	0.000000000
2.789789790	0.000000000	0.000000000	0.000000000	0.000000000	0.000000000	0.000000000
2.796796797	0.000000000	0.000000000	0.000000000	0.000000000	0.000000000	0.000000000
2.803803804	0.000000000	0.000000000	0.000000000	0.000000000	0.000000000	0.000000000
2.810810811	0.000000000	0.000000000	0.000000000	0.000000000	0.000000000	0.000000000
2.817817818	0.000000000	0.000000000	0.000000000	0.000000000	0.000000000	0.000000000
2.824824825	0.000000000	0.000000000	0.000000000	0.000000000	0.000000000	0.000000000
2.831831832	0.000000000	0.000000000	0.000000000	0.000000000	0.000000000	0.000000000
2.838838839	0.000000000	0.000000000	0.000000000	0.000000000	0.000000000	0.000000000
2.845845846	0.000000000	0.000000000	0.000000000	0.000000000	0.000000000	0.000000000
2.852852853	0.000000000	0.000000000	0.000000000	0.000000000	0.000000000	0.000000000
2.859859860	0.000000000	0.000000000	0.000000000	0.000000000	0.000000000	0.000000000
2.866866867	0.000000000	0.000000000	0.000000000	0.000000000	0.000000000	0.000000000
2.873873874	0.000000000	0.000000000	0.000000000	0.000000000	0.000000000	0.000000000
2.880880881	0.000000000	0.000000000	0.000000000	0.000000000	0.000000000	0.000000000
2.887887888	0.000000000	0.000000000	0.000000000	0.000000000	0.000000000	0.000000000
2.894894895	0.000000000	0.000000000	0.000000000	0.000000000	0.000000000	0.000000000
2.901901902	0.000000000	0.000000000	0.000000000	0.000000000	0.000000000	0.000000000
2.908908909	0.000000000	0.000000000	0.000000000	0.000000000	0.000000000	0.000000000
2.915915916	0.000000000	0.000000000	0.000000000	0.000000000	0.000000000	0.000000000
2.922922923	0.000000000	0.000000000	0.000000000	0.000000000	0.000000000	0.000000000
2.929929930	0.000000000	0.000000000	0.000000000	0.000000000	0.000000000	0.000000000
2.936936937	0.000000000	0.000000000	0.000000000	0.000000000	0.000000000	0.000000000
2.943943944	0.000000000	0.000000000	0.000000000	0.000000000	0.000000000	0.000000000
2.950950951	0.000000000	0.000000000	0.000000000	0.000000000	0.000000000	0.000000000
2.957957958	0.000000000	0.000000000	0.000000000	0.000000000	0.000000000	0.000000000
2.964964965	0.000000000	0.000000000	0.000000000	0.000000000	0.000000000	0.000000000
2.971971972	0.000000000	0.000000000	0.000000000	0.000000000	0.000000000	0.000000000
2.978978979	0.000000000	0.000000000	0.000000000	0.000000000	0.000000000	0.000000000
2.985985986	0.000000000	0.000000000	0.000000000	0.000000000	0.000000000	0.000000000
2.992992993	0.000000000	0.000000000	0.000000000	0.000000000	0.000000000	0.000000000
3.000000000	0.000000000	0.000000000	0.000000000	0.000000000	0.000000000	0.000000000
