-4.00000000	0.005558106	0.011557489	0.014514206	0.042029895	0.014973889	0.021833740
-3.99299299	0.005628352	0.011675120	0.014673479	0.042465601	0.015123175	0.022035120
-3.98598599	0.005699540	0.011794040	0.014834602	0.042905676	0.015274076	0.022238509
-3.97897898	0.005771683	0.011914267	0.014997596	0.043350162	0.015426611	0.022443928
-3.97197197	0.005844794	0.012035815	0.015162484	0.043799097	0.015580799	0.022651399
-3.96496496	0.005918888	0.012158699	0.015329289	0.044252523	0.015736660	0.022860943
-3.95795796	0.005993979	0.012282936	0.015498035	0.044710480	0.015894212	0.023072584
-3.95095095	0.006070080	0.012408541	0.015668744	0.045173009	0.016053476	0.023286342
-3.94394394	0.006147206	0.012535530	0.015841442	0.045640151	0.016214471	0.023502240
-3.93693694	0.006225371	0.012663920	0.016016152	0.046111949	0.016377218	0.023720303
-3.92992993	0.006304590	0.012793727	0.016192898	0.046588442	0.016541737	0.023940551
-3.92292292	0.006384879	0.012924968	0.016371705	0.047069675	0.016708048	0.024163009
-3.91591592	0.006466251	0.013057659	0.016552599	0.047555688	0.016876173	0.024387700
-3.90890891	0.006548724	0.013191818	0.016735605	0.048046526	0.017046133	0.024614648
-3.90190190	0.006632311	0.013327461	0.016920749	0.048542229	0.017217950	0.024843877
-3.89489489	0.006717030	0.013464608	0.017108055	0.049042843	0.017391644	0.025075412
-3.88788789	0.006802897	0.013603274	0.017297552	0.049548410	0.017567238	0.025309277
-3.88088088	0.006889927	0.013743479	0.017489266	0.050058973	0.017744754	0.025545496
-3.87387387	0.006978137	0.013885240	0.017683223	0.050574577	0.017924215	0.025784096
-3.86686687	0.007067545	0.014028576	0.017879451	0.051095266	0.018105644	0.026025100
-3.85985986	0.007158167	0.014173505	0.018077979	0.051621084	0.018289063	0.026268537
-3.85285285	0.007250020	0.014320047	0.018278832	0.052152077	0.018474496	0.026514430
-3.84584585	0.007343123	0.014468220	0.018482041	0.052688288	0.018661967	0.026762807
-3.83883884	0.007437493	0.014618044	0.018687634	0.053229764	0.018851499	0.027013693
-3.83183183	0.007533148	0.014769538	0.018895641	0.053776550	0.019043117	0.027267117
-3.82482482	0.007630107	0.014922722	0.019106089	0.054328691	0.019236846	0.027523105
-3.81781782	0.007728388	0.015077616	0.019319010	0.054886234	0.019432710	0.027781684
-3.81081081	0.007828011	0.015234241	0.019534434	0.055449224	0.019630734	0.028042883
-3.80380380	0.007928994	0.015392617	0.019752391	0.056017709	0.019830944	0.028306728
-3.79679680	0.008031357	0.015552765	0.019972912	0.056591735	0.020033365	0.028573250
-3.78978979	0.008135121	0.015714706	0.020196028	0.057171349	0.020238025	0.028842476
-3.78278278	0.008240304	0.015878461	0.020421772	0.057756598	0.020444948	0.029114435
-3.77577578	0.008346928	0.016044052	0.020650175	0.058347529	0.020654163	0.029389158
-3.76876877	0.008455014	0.016211501	0.020881270	0.058944191	0.020865695	0.029666672
-3.76176176	0.008564581	0.016380830	0.021115090	0.059546631	0.021079573	0.029947009
-3.75475475	0.008675653	0.016552062	0.021351669	0.060154898	0.021295824	0.030230199
-3.74774775	0.008788249	0.016725219	0.021591039	0.060769040	0.021514476	0.030516272
-3.74074074	0.008902394	0.016900324	0.021833235	0.061389104	0.021735558	0.030805259
-3.73373373	0.009018107	0.017077400	0.022078292	0.062015141	0.021959098	0.031097192
-3.72672673	0.009135414	0.017256472	0.022326245	0.062647200	0.022185126	0.031392103
-3.71971972	0.009254335	0.017437562	0.022577129	0.063285328	0.022413672	0.031690022
-3.71271271	0.009374896	0.017620696	0.022830981	0.063929577	0.022644764	0.031990984
-3.70570571	0.009497119	0.017805897	0.023087835	0.064579995	0.022878434	0.032295020
-3.69869870	0.009621028	0.017993190	0.023347731	0.065236633	0.023114712	0.032602163
-3.69169169	0.009746649	0.018182601	0.023610703	0.065899540	0.023353629	0.032912447
-3.68468468	0.009874005	0.018374155	0.023876791	0.066568767	0.023595216	0.033225906
-3.67767768	0.010003123	0.018567878	0.024146033	0.067244364	0.023839506	0.033542574
-3.67067067	0.010134027	0.018763795	0.024418467	0.067926381	0.024086530	0.033862485
-3.66366366	0.010266743	0.018961933	0.024694132	0.068614871	0.024336320	0.034185674
-3.65665666	0.010401298	0.019162319	0.024973068	0.069309882	0.024588911	0.034512178
-3.64964965	0.010537719	0.019364980	0.025255314	0.070011468	0.024844336	0.034842030
-3.64264264	0.010676032	0.019569942	0.025540913	0.070719678	0.025102627	0.035175268
-3.63563564	0.010816265	0.019777235	0.025829904	0.071434564	0.025363820	0.035511928
-3.62862863	0.010958447	0.019986886	0.026122329	0.072156179	0.025627949	0.035852047
-3.62162162	0.011102604	0.020198922	0.026418231	0.072884573	0.025895049	0.036195662
-3.61461461	0.011248768	0.020413374	0.026717652	0.073619799	0.026165156	0.036542811
-3.60760761	0.011396965	0.020630271	0.027020634	0.074361908	0.026438305	0.036893532
-3.60060060	0.011547227	0.020849641	0.027327223	0.075110953	0.026714534	0.037247863
-3.59359359	0.011699583	0.021071515	0.027637462	0.075866986	0.026993879	0.037605843
-3.58658659	0.011854064	0.021295922	0.027951395	0.076630060	0.027276376	0.037967512
-3.57957958	0.012010701	0.021522894	0.028269069	0.077400226	0.027562065	0.038332910
-3.57257257	0.012169526	0.021752462	0.028590529	0.078177537	0.027850984	0.038702076
-3.56556557	0.012330569	0.021984656	0.028915821	0.078962047	0.028143170	0.039075052
-3.55855856	0.012493865	0.022219510	0.029244992	0.079753807	0.028438664	0.039451878
-3.55155155	0.012659446	0.022457054	0.029578090	0.080552871	0.028737505	0.039832596
-3.54454454	0.012827344	0.022697321	0.029915164	0.081359291	0.029039732	0.040217247
-3.53753754	0.012997595	0.022940346	0.030256261	0.082173121	0.029345388	0.040605876
-3.53053053	0.013170233	0.023186160	0.030601431	0.082994414	0.029654513	0.040998523
-3.52352352	0.013345292	0.023434797	0.030950724	0.083823221	0.029967149	0.041395233
-3.51651652	0.013522809	0.023686293	0.031304191	0.084659598	0.030283338	0.041796049
-3.50950951	0.013702818	0.023940682	0.031661882	0.085503596	0.030603122	0.042201017
-3.50250250	0.013885358	0.024197998	0.032023850	0.086355269	0.030926546	0.042610179
-3.49549550	0.014070465	0.024458278	0.032390147	0.087214669	0.031253652	0.043023583
-3.48848849	0.014258176	0.024721558	0.032760825	0.088081851	0.031584486	0.043441272
-3.48148148	0.014448531	0.024987873	0.033135939	0.088956866	0.031919092	0.043863295
-3.47447447	0.014641567	0.025257261	0.033515543	0.089839769	0.032257516	0.044289697
-3.46746747	0.014837325	0.025529759	0.033899691	0.090730612	0.032599803	0.044720525
-3.46046046	0.015035844	0.025805406	0.034288440	0.091629448	0.032946000	0.045155828
-3.45345345	0.015237166	0.026084239	0.034681845	0.092536330	0.033296155	0.045595653
-3.44644645	0.015441330	0.026366297	0.035079964	0.093451312	0.033650316	0.046040050
-3.43943944	0.015648381	0.026651619	0.035482854	0.094374444	0.034008530	0.046489067
-3.43243243	0.015858358	0.026940246	0.035890573	0.095305781	0.034370846	0.046942755
-3.42542543	0.016071307	0.027232218	0.036303181	0.096245375	0.034737315	0.047401163
-3.41841842	0.016287271	0.027527575	0.036720738	0.097193279	0.035107986	0.047864342
-3.41141141	0.016506294	0.027826358	0.037143302	0.098149543	0.035482909	0.048332345
-3.40440440	0.016728422	0.028128610	0.037570937	0.099114222	0.035862138	0.048805222
-3.39739740	0.016953700	0.028434374	0.038003704	0.100087367	0.036245723	0.049283026
-3.39039039	0.017182175	0.028743690	0.038441664	0.101069029	0.036633717	0.049765811
-3.38338338	0.017413894	0.029056604	0.038884883	0.102059260	0.037026174	0.050253630
-3.37637638	0.017648905	0.029373160	0.039333423	0.103058112	0.037423148	0.050746536
-3.36936937	0.017887257	0.029693400	0.039787350	0.104065636	0.037824692	0.051244585
-3.36236236	0.018129000	0.030017372	0.040246730	0.105081883	0.038230864	0.051747832
-3.35535536	0.018374183	0.030345120	0.040711628	0.106106903	0.038641718	0.052256333
-3.34834835	0.018622857	0.030676690	0.041182111	0.107140748	0.039057311	0.052770144
-3.34134134	0.018875075	0.031012130	0.041658249	0.108183466	0.039477702	0.053289322
-3.33433433	0.019130888	0.031351487	0.042140109	0.109235109	0.039902947	0.053813925
-3.32732733	0.019390350	0.031694808	0.042627762	0.110295726	0.040333106	0.054344011
-3.32032032	0.019653514	0.032042142	0.043121277	0.111365365	0.040768238	0.054879639
-3.31331331	0.019920437	0.032393538	0.043620725	0.112444076	0.041208404	0.055420868
-3.30630631	0.020191174	0.032749047	0.044126179	0.113531908	0.041653664	0.055967759
-3.29929930	0.020465780	0.033108718	0.044637712	0.114628908	0.042104081	0.056520371
-3.29229229	0.020744315	0.033472603	0.045155397	0.115735124	0.042559716	0.057078766
-3.28528529	0.021026835	0.033840753	0.045679309	0.116850604	0.043020634	0.057643006
-3.27827828	0.021313401	0.034213220	0.046209523	0.117975394	0.043486898	0.058213154
-3.27127127	0.021604071	0.034590058	0.046746116	0.119109541	0.043958573	0.058789272
-3.26426426	0.021898908	0.034971320	0.047289164	0.120253090	0.044435724	0.059371425
-3.25725726	0.022197973	0.035357060	0.047838746	0.121406088	0.044918419	0.059959676
-3.25025025	0.022501329	0.035747333	0.048394940	0.122568578	0.045406724	0.060554092
-3.24324324	0.022809039	0.036142195	0.048957826	0.123740606	0.045900708	0.061154737
-3.23623624	0.023121169	0.036541702	0.049527486	0.124922215	0.046400438	0.061761678
-3.22922923	0.023437784	0.036945911	0.050104000	0.126113449	0.046905986	0.062374982
-3.22222222	0.023758952	0.037354881	0.050687451	0.127314349	0.047417421	0.062994717
-3.21521522	0.024084738	0.037768668	0.051277922	0.128524958	0.047934815	0.063620951
-3.20820821	0.024415213	0.038187333	0.051875499	0.129745317	0.048458240	0.064253753
-3.20120120	0.024750446	0.038610935	0.052480266	0.130975466	0.048987770	0.064893194
-3.19419419	0.025090508	0.039039536	0.053092309	0.132215446	0.049523478	0.065539342
-3.18718719	0.025435471	0.039473195	0.053711716	0.133465296	0.050065439	0.066192271
-3.18018018	0.025785407	0.039911977	0.054338575	0.134725054	0.050613729	0.066852050
-3.17317317	0.026140391	0.040355942	0.054972976	0.135994757	0.051168426	0.067518754
-3.16616617	0.026500498	0.040805156	0.055615007	0.137274443	0.051729605	0.068192454
-3.15915916	0.026865804	0.041259681	0.056264761	0.138564147	0.052297347	0.068873226
-3.15215215	0.027236386	0.041719585	0.056922330	0.139863905	0.052871730	0.069561143
-3.14514515	0.027612324	0.042184933	0.057587807	0.141173750	0.053452835	0.070256281
-3.13813814	0.027993697	0.042655791	0.058261285	0.142493717	0.054040743	0.070958717
-3.13113113	0.028380585	0.043132227	0.058942860	0.143823837	0.054635537	0.071668526
-3.12412412	0.028773072	0.043614310	0.059632629	0.145164142	0.055237300	0.072385787
-3.11711712	0.029171240	0.044102109	0.060330688	0.146514661	0.055846117	0.073110577
-3.11011011	0.029575173	0.044595695	0.061037135	0.147875426	0.056462072	0.073842976
-3.10310310	0.029984959	0.045095138	0.061752071	0.149246463	0.057085252	0.074583064
-3.09609610	0.030400684	0.045600510	0.062475595	0.150627800	0.057715745	0.075330921
-3.08908909	0.030822436	0.046111883	0.063207808	0.152019463	0.058353639	0.076086627
-3.08208208	0.031250305	0.046629333	0.063948814	0.153421477	0.058999023	0.076850266
-3.07507508	0.031684383	0.047152933	0.064698716	0.154833865	0.059651988	0.077621920
-3.06806807	0.032124761	0.047682758	0.065457617	0.156256651	0.060312625	0.078401672
-3.06106106	0.032571534	0.048218886	0.066225625	0.157689855	0.060981027	0.079189607
-3.05405405	0.033024797	0.048761392	0.067002845	0.159133497	0.061657288	0.079985809
-3.04704705	0.033484646	0.049310356	0.067789386	0.160587597	0.062341502	0.080790365
-3.04004004	0.033951180	0.049865857	0.068585357	0.162052171	0.063033765	0.081603361
-3.03303303	0.034424497	0.050427975	0.069390867	0.163527235	0.063734174	0.082424884
-3.02602603	0.034904699	0.050996790	0.070206028	0.165012803	0.064442827	0.083255022
-3.01901902	0.035391888	0.051572385	0.071030952	0.166508890	0.065159824	0.084093864
-3.01201201	0.035886169	0.052154843	0.071865752	0.168015506	0.065885265	0.084941501
-3.00500501	0.036387646	0.052744248	0.072710544	0.169532661	0.066619250	0.085798021
-2.99799800	0.036896427	0.053340685	0.073565442	0.171060364	0.067361884	0.086663517
-2.99099099	0.037412620	0.053944240	0.074430563	0.172598621	0.068113269	0.087538080
-2.98398398	0.037936335	0.054555000	0.075306025	0.174147439	0.068873511	0.088421804
-2.97697698	0.038467684	0.055173052	0.076191948	0.175706819	0.069642715	0.089314781
-2.96996997	0.039006781	0.055798487	0.077088451	0.177276765	0.070420990	0.090217106
-2.96296296	0.039553740	0.056431395	0.077995656	0.178857276	0.071208444	0.091128874
-2.95595596	0.040108679	0.057071866	0.078913685	0.180448351	0.072005186	0.092050181
-2.94894895	0.040671714	0.057719992	0.079842661	0.182049985	0.072811327	0.092981124
-2.94194194	0.041242968	0.058375868	0.080782711	0.183662174	0.073626980	0.093921800
-2.93493493	0.041822561	0.059039588	0.081733958	0.185284911	0.074452259	0.094872307
-2.92792793	0.042410617	0.059711247	0.082696531	0.186918185	0.075287277	0.095832744
-2.92092092	0.043007262	0.060390943	0.083670558	0.188561985	0.076132151	0.096803211
-2.91391391	0.043612622	0.061078772	0.084656167	0.190216299	0.076986999	0.097783809
-2.90690691	0.044226827	0.061774833	0.085653490	0.191881110	0.077851938	0.098774639
-2.89989990	0.044850007	0.062479228	0.086662658	0.193556402	0.078727088	0.099775804
-2.89289289	0.045482295	0.063192057	0.087683804	0.195242154	0.079612571	0.100787405
-2.88588589	0.046123827	0.063913422	0.088717061	0.196938345	0.080508510	0.101809546
-2.87887888	0.046774737	0.064643428	0.089762565	0.198644950	0.081415026	0.102842333
-2.87187187	0.047435165	0.065382179	0.090820452	0.200361944	0.082332247	0.103885871
-2.86486486	0.048105252	0.066129780	0.091890860	0.202089296	0.083260298	0.104940264
-2.85785786	0.048785139	0.066886339	0.092973926	0.203826976	0.084199306	0.106005621
-2.85085085	0.049474970	0.067651965	0.094069791	0.205574951	0.085149401	0.107082048
-2.84384384	0.050174893	0.068426767	0.095178594	0.207333184	0.086110714	0.108169653
-2.83683684	0.050885056	0.069210856	0.096300479	0.209101636	0.087083375	0.109268546
-2.82982983	0.051605610	0.070004344	0.097435588	0.210880267	0.088067519	0.110378837
-2.82282282	0.052336706	0.070807344	0.098584064	0.212669032	0.089063279	0.111500635
-2.81581582	0.053078501	0.071619971	0.099746054	0.214467886	0.090070791	0.112634052
-2.80880881	0.053831150	0.072442341	0.100921703	0.216276779	0.091090193	0.113779200
-2.80180180	0.054594812	0.073274571	0.102111158	0.218095659	0.092121623	0.114936191
-2.79479479	0.055369650	0.074116779	0.103314569	0.219924471	0.093165221	0.116105138
-2.78778779	0.056155827	0.074969086	0.104532084	0.221763158	0.094221129	0.117286157
-2.78078078	0.056953508	0.075831611	0.105763854	0.223611660	0.095289489	0.118479360
-2.77377377	0.057762861	0.076704479	0.107010031	0.225469912	0.096370445	0.119684863
-2.76676677	0.058584057	0.077587811	0.108270767	0.227337850	0.097464144	0.120902783
-2.75975976	0.059417269	0.078481734	0.109546216	0.229215403	0.098570731	0.122133236
-2.75275275	0.060262670	0.079386373	0.110836532	0.231102498	0.099690356	0.123376340
-2.74574575	0.061120439	0.080301857	0.112141871	0.232999061	0.100823167	0.124632211
-2.73873874	0.061990755	0.081228315	0.113462389	0.234905013	0.101969318	0.125900969
-2.73173173	0.062873800	0.082165876	0.114798244	0.236820271	0.103128959	0.127182732
-2.72472472	0.063769759	0.083114673	0.116149594	0.238744750	0.104302245	0.128477621
-2.71771772	0.064678818	0.084074839	0.117516599	0.240678362	0.105489332	0.129785756
-2.71071071	0.065601168	0.085046509	0.118899418	0.242621015	0.106690376	0.131107257
-2.70370370	0.066536999	0.086029818	0.120298213	0.244572612	0.107905536	0.132442245
-2.69669670	0.067486506	0.087024905	0.121713146	0.246533057	0.109134971	0.133790843
-2.68968969	0.068449887	0.088031907	0.123144379	0.248502245	0.110378843	0.135153173
-2.68268268	0.069427341	0.089050965	0.124592076	0.250480072	0.111637314	0.136529358
-2.67567568	0.070419069	0.090082221	0.126056401	0.252466427	0.112910547	0.137919520
-2.66866867	0.071425276	0.091125817	0.127537519	0.254461198	0.114198709	0.139323785
-2.66166166	0.072446170	0.092181899	0.129035596	0.256464268	0.115501966	0.140742275
-2.65465465	0.073481960	0.093250611	0.130550797	0.258475516	0.116820485	0.142175115
-2.64764765	0.074532860	0.094332103	0.132083291	0.260494817	0.118154437	0.143622431
-2.64064064	0.075599084	0.095426521	0.133633245	0.262522044	0.119503992	0.145084346
-2.63363363	0.076680849	0.096534017	0.135200827	0.264557065	0.120869322	0.146560988
-2.62662663	0.077778378	0.097654743	0.136786205	0.266599743	0.122250601	0.148052482
-2.61961962	0.078891892	0.098788851	0.138389549	0.268649938	0.123648004	0.149558954
-2.61261261	0.080021619	0.099936495	0.140011029	0.270707507	0.125061707	0.151080530
-2.60560561	0.081167786	0.101097833	0.141650814	0.272772301	0.126491888	0.152617337
-2.59859860	0.082330626	0.102273022	0.143309076	0.274844168	0.127938724	0.154169502
-2.59159159	0.083510372	0.103462220	0.144985984	0.276922953	0.129402397	0.155737151
-2.58458458	0.084707262	0.104665588	0.146681711	0.279008493	0.130883088	0.157320411
-2.57757758	0.085921536	0.105883288	0.148396426	0.281100625	0.132380978	0.158919410
-2.57057057	0.087153437	0.107115483	0.150130303	0.283199180	0.133896253	0.160534275
-2.56356356	0.088403210	0.108362339	0.151883512	0.285303984	0.135429097	0.162165132
-2.55655656	0.089671103	0.109624020	0.153656224	0.287414860	0.136979697	0.163812109
-2.54954955	0.090957368	0.110900696	0.155448612	0.289531626	0.138548239	0.165475332
-2.54254254	0.092262259	0.112192534	0.157260848	0.291654095	0.140134912	0.167154929
-2.53553554	0.093586033	0.113499707	0.159093102	0.293782076	0.141739906	0.168851026
-2.52852853	0.094928950	0.114822384	0.160945546	0.295915374	0.143363412	0.170563749
-2.52152152	0.096291271	0.116160741	0.162818351	0.298053789	0.145005621	0.172293225
-2.51451451	0.097673264	0.117514952	0.164711688	0.300197117	0.146666727	0.174039580
-2.50750751	0.099075196	0.118885193	0.166625728	0.302345149	0.148346923	0.175802939
-2.50050050	0.100497339	0.120271641	0.168560639	0.304497670	0.150046403	0.177583426
-2.49349349	0.101939966	0.121674476	0.170516592	0.306654463	0.151765364	0.179381168
-2.48648649	0.103403355	0.123093879	0.172493755	0.308815305	0.153504002	0.181196288
-2.47947948	0.104887786	0.124530030	0.174492296	0.310979967	0.155262515	0.183028909
-2.47247247	0.106393541	0.125983114	0.176512383	0.313148218	0.157041100	0.184879154
-2.46546547	0.107920906	0.127453314	0.178554182	0.315319820	0.158839957	0.186747146
-2.45845846	0.109470169	0.128940816	0.180617857	0.317494531	0.160659286	0.188633006
-2.45145145	0.111041621	0.130445808	0.182703575	0.319672104	0.162499286	0.190536854
-2.44444444	0.112635556	0.131968477	0.184811498	0.321852288	0.164360160	0.192458811
-2.43743744	0.114252271	0.133509014	0.186941787	0.324034827	0.166242107	0.194398994
-2.43043043	0.115892066	0.135067609	0.189094604	0.326219458	0.168145331	0.196357523
-2.42342342	0.117555242	0.136644455	0.191270107	0.328405917	0.170070033	0.198334513
-2.41641642	0.119242105	0.138239744	0.193468454	0.330593931	0.172016418	0.200330079
-2.40940941	0.120952961	0.139853672	0.195689802	0.332783225	0.173984687	0.202344337
-2.40240240	0.122688123	0.141486433	0.197934303	0.334973518	0.175975044	0.204377399
-2.39539540	0.124447901	0.143138226	0.200202110	0.337164525	0.177987693	0.206429375
-2.38838839	0.126232612	0.144809247	0.202493374	0.339355954	0.180022838	0.208500378
-2.38138138	0.128042573	0.146499695	0.204808242	0.341547510	0.182080682	0.210590513
-2.37437437	0.129878105	0.148209771	0.207146859	0.343738892	0.184161429	0.212699889
-2.36736737	0.131739531	0.149939675	0.209509370	0.345929796	0.186265282	0.214828610
-2.36036036	0.133627176	0.151689610	0.211895913	0.348119910	0.188392446	0.216976779
-2.35335335	0.135541368	0.153459777	0.214306628	0.350308920	0.190543122	0.219144497
-2.34634635	0.137482437	0.155250382	0.216741649	0.352496505	0.192717514	0.221331863
-2.33933934	0.139450714	0.157061629	0.219201108	0.354682340	0.194915824	0.223538974
-2.33233233	0.141446535	0.158893722	0.221685134	0.356866096	0.197138254	0.225765925
-2.32532533	0.143470235	0.160746868	0.224193852	0.359047438	0.199385003	0.228012807
-2.31831832	0.145522152	0.162621275	0.226727383	0.361226026	0.201656273	0.230279710
-2.31131131	0.147602628	0.164517148	0.229285847	0.363401515	0.203952263	0.232566721
-2.30430430	0.149712005	0.166434697	0.231869358	0.365573557	0.206273170	0.234873925
-2.29729730	0.151850626	0.168374130	0.234478026	0.367741798	0.208619192	0.237201402
-2.29029029	0.154018837	0.170335657	0.237111956	0.369905878	0.210990524	0.239549232
-2.28328328	0.156216985	0.172319485	0.239771251	0.372065435	0.213387361	0.241917490
-2.27627628	0.158445419	0.174325827	0.242456007	0.374220101	0.215809895	0.244306247
-2.26926927	0.160704489	0.176354891	0.245166318	0.376369502	0.218258318	0.246715572
-2.26226226	0.162994547	0.178406888	0.247902270	0.378513262	0.220732819	0.249145532
-2.25525526	0.165315944	0.180482028	0.250663945	0.380650998	0.223233585	0.251596186
-2.24824825	0.167669035	0.182580523	0.253451420	0.382782325	0.225760801	0.254067594
-2.24124124	0.170054173	0.184702583	0.256264766	0.384906851	0.228314650	0.256559809
-2.23423423	0.172471713	0.186848418	0.259104048	0.387024182	0.230895313	0.259072880
-2.22722723	0.174922012	0.189018239	0.261969326	0.389133918	0.233502968	0.261606853
-2.22022022	0.177405426	0.191212256	0.264860652	0.391235655	0.236137788	0.264161770
-2.21321321	0.179922310	0.193430678	0.267778071	0.393328986	0.238799948	0.266737666
-2.20620621	0.182473021	0.195673716	0.270721625	0.395413499	0.241489615	0.269334573
-2.19919920	0.185057917	0.197941577	0.273691344	0.397488776	0.244206955	0.271952519
-2.19219219	0.187677352	0.200234470	0.276687255	0.399554399	0.246952130	0.274591525
-2.18518519	0.190331682	0.202552602	0.279709374	0.401609944	0.249725298	0.277251607
-2.17817818	0.193021263	0.204896180	0.282757711	0.403654982	0.252526614	0.279932777
-2.17117117	0.195746449	0.207265410	0.285832267	0.405689082	0.255356227	0.282635040
-2.16416416	0.198507593	0.209660495	0.288933037	0.407711810	0.258214284	0.285358395
-2.15715716	0.201305048	0.212081640	0.292060003	0.409722725	0.261100924	0.288102836
-2.15015015	0.204139162	0.214529046	0.295213142	0.411721387	0.264016285	0.290868351
-2.14314314	0.207010286	0.217002913	0.298392420	0.413707350	0.266960497	0.293654921
-2.13613614	0.209918765	0.219503441	0.301597793	0.415680165	0.269933686	0.296462518
-2.12912913	0.212864944	0.222030826	0.304829209	0.417639380	0.272935971	0.299291112
-2.12212212	0.215849165	0.224585264	0.308086604	0.419584541	0.275967466	0.302140663
-2.11511512	0.218871766	0.227166949	0.311369903	0.421515190	0.279028280	0.305011123
-2.10810811	0.221933084	0.229776070	0.314679023	0.423430865	0.282118513	0.307902438
-2.10110110	0.225033450	0.232412816	0.318013867	0.425331106	0.285238259	0.310814546
-2.09409409	0.228173194	0.235077375	0.321374329	0.427215445	0.288387607	0.313747377
-2.08708709	0.231352640	0.237769929	0.324760288	0.429083414	0.291566636	0.316700852
-2.08008008	0.234572107	0.240490658	0.328171614	0.430934544	0.294775417	0.319674886
-2.07307307	0.237831912	0.243239740	0.331608163	0.432768363	0.298014016	0.322669382
-2.06606607	0.241132363	0.246017350	0.335069778	0.434584395	0.301282488	0.325684236
-2.05905906	0.244473766	0.248823658	0.338556288	0.436382165	0.304580879	0.328719334
-2.05205205	0.247856419	0.251658832	0.342067512	0.438161196	0.307909228	0.331774553
-2.04504505	0.251280615	0.254523035	0.345603250	0.439921007	0.311267563	0.334849762
-2.03803804	0.254746639	0.257416425	0.349163291	0.441661119	0.314655903	0.337944816
-2.03103103	0.258254768	0.260339159	0.352747409	0.443381051	0.318074255	0.341059563
-2.02402402	0.261805275	0.263291386	0.356355361	0.445080318	0.321522618	0.344193839
-2.01701702	0.265398420	0.266273252	0.359986890	0.446758439	0.325000978	0.347347469
-2.01001001	0.269034459	0.269284899	0.363641724	0.448414928	0.328509310	0.350520270
-2.00300300	0.272713635	0.272326461	0.367319571	0.450049302	0.332047577	0.353712042
-1.99599600	0.276436185	0.275398069	0.371020127	0.451661076	0.335615731	0.356922579
-1.98898899	0.280202332	0.278499847	0.374743068	0.453249764	0.339213710	0.360151659
-1.98198198	0.284012292	0.281631914	0.378488053	0.454814883	0.342841438	0.363399049
-1.97497497	0.287866266	0.284794381	0.382254723	0.456355948	0.346498827	0.366664504
-1.96796797	0.291764448	0.287987354	0.386042701	0.457872475	0.350185775	0.369947766
-1.96096096	0.295707015	0.291210932	0.389851591	0.459363980	0.353902164	0.373248563
-1.95395395	0.299694133	0.294465206	0.393680978	0.460829983	0.357647861	0.376566610
-1.94694695	0.303725954	0.297750260	0.397530426	0.462270001	0.361422718	0.379901608
-1.93993994	0.307802616	0.301066170	0.401399482	0.463683555	0.365226572	0.383253244
-1.93293293	0.311924242	0.304413005	0.405287669	0.465070167	0.369059240	0.386621190
-1.92592593	0.316090939	0.307790825	0.409194492	0.466429360	0.372920525	0.390005105
-1.91891892	0.320302798	0.311199679	0.413119433	0.467760661	0.376810210	0.393404630
-1.91191191	0.324559893	0.314639610	0.417061952	0.469063598	0.380728062	0.396819393
-1.90490490	0.328862279	0.318110650	0.421021488	0.470337700	0.384673827	0.400249004
-1.89789790	0.333209993	0.321612821	0.424997457	0.471582500	0.388647232	0.403693059
-1.89089089	0.337603054	0.325146136	0.428989252	0.472797536	0.392647985	0.407151137
-1.88388388	0.342041460	0.328710596	0.432996242	0.473982346	0.396675773	0.410622798
-1.87687688	0.346525187	0.332306192	0.437017772	0.475136472	0.400730260	0.414107588
-1.86986987	0.351054189	0.335932902	0.441053165	0.476259462	0.404811090	0.417605034
-1.86286286	0.355628401	0.339590694	0.445101716	0.477350865	0.408917885	0.421114645
-1.85585586	0.360247729	0.343279524	0.449162696	0.478410235	0.413050241	0.424635912
-1.84884885	0.364912059	0.346999332	0.453235352	0.479437132	0.417207733	0.428168308
-1.84184184	0.369621250	0.350750049	0.457318904	0.480431118	0.421389911	0.431711285
-1.83483483	0.374375134	0.354531589	0.461412545	0.481391763	0.425596298	0.435264279
-1.82782783	0.379173516	0.358343855	0.465515442	0.482318638	0.429826395	0.438826705
-1.82082082	0.384016175	0.362186732	0.469626735	0.483211323	0.434079672	0.442397957
-1.81381381	0.388902857	0.366060094	0.473745537	0.484069403	0.438355575	0.445977411
-1.80680681	0.393833282	0.369963797	0.477870933	0.484892467	0.442653521	0.449564420
-1.79979980	0.398807135	0.373897681	0.482001979	0.485680112	0.446972899	0.453158318
-1.79279279	0.403824071	0.377861569	0.486137704	0.486431941	0.451313068	0.456758417
-1.78578579	0.408883712	0.381855270	0.490277106	0.487147562	0.455673359	0.460364008
-1.77877878	0.413985644	0.385878571	0.494419156	0.487826593	0.460053070	0.463974359
-1.77177177	0.419129418	0.389931245	0.498562796	0.488468657	0.464451469	0.467588717
-1.76476476	0.424314549	0.394013043	0.502706937	0.489073384	0.468867791	0.471206307
-1.75775776	0.429540514	0.398123700	0.506850460	0.489640412	0.473301240	0.474826329
-1.75075075	0.434806751	0.402262929	0.510992216	0.490169389	0.477750984	0.478447962
-1.74374374	0.440112658	0.406430422	0.515131027	0.490659969	0.482216158	0.482070361
-1.73673674	0.445457593	0.410625853	0.519265683	0.491111814	0.486695864	0.485692657
-1.72972973	0.450840870	0.414848872	0.523394944	0.491524596	0.491189165	0.489313958
-1.72272272	0.456261760	0.419099107	0.527517539	0.491897995	0.495695090	0.492933347
-1.71571572	0.461719490	0.423376165	0.531632166	0.492231700	0.500212630	0.496549884
-1.70870871	0.467213241	0.427679627	0.535737492	0.492525412	0.504740739	0.500162602
-1.70170170	0.472742145	0.432009053	0.539832152	0.492778836	0.509278331	0.503770510
-1.69469469	0.478305290	0.436363976	0.543914750	0.492991693	0.513824282	0.507372594
-1.68768769	0.483901709	0.440743904	0.547983861	0.493163710	0.518377429	0.510967813
-1.68068068	0.489530389	0.445148320	0.552038026	0.493294625	0.522936567	0.514555100
-1.67367367	0.495190263	0.449576681	0.556075756	0.493384188	0.527500450	0.518133364
-1.66666667	0.500880211	0.454028415	0.560095530	0.493432158	0.532067792	0.521701486
-1.65965966	0.506599058	0.458502922	0.564095797	0.493438305	0.536637263	0.525258324
-1.65265265	0.512345575	0.462999576	0.568074976	0.493402412	0.541207491	0.528802709
-1.64564565	0.518118476	0.467517718	0.572031452	0.493324271	0.545777058	0.532333444
-1.63863864	0.523916415	0.472056663	0.575963584	0.493203686	0.550344506	0.535849308
-1.63163163	0.529737989	0.476615693	0.579869698	0.493040474	0.554908329	0.539349053
-1.62462462	0.535581736	0.481194058	0.583748091	0.492834464	0.559466978	0.542831406
-1.61761762	0.541446129	0.485790978	0.587597031	0.492585494	0.564018856	0.546295065
-1.61061061	0.547329581	0.490405640	0.591414754	0.492293418	0.568562323	0.549738706
-1.60360360	0.553230441	0.495037196	0.595199473	0.491958100	0.573095690	0.553160975
-1.59659660	0.559146994	0.499684765	0.598949367	0.491579419	0.577617222	0.556560494
-1.58958959	0.565077457	0.504347432	0.602662592	0.491157263	0.582125137	0.559935858
-1.58258258	0.571019984	0.509024244	0.606337274	0.490691537	0.586617606	0.563285637
-1.57557558	0.576972658	0.513714216	0.609971515	0.490182156	0.591092751	0.566608375
-1.56856857	0.582933496	0.518416322	0.613563390	0.489629049	0.595548646	0.569902592
-1.56156156	0.588900444	0.523129502	0.617110949	0.489032160	0.599983319	0.573166780
-1.55455455	0.594871378	0.527852654	0.620612219	0.488391444	0.604394748	0.576399408
-1.54754755	0.600844105	0.532584640	0.624065204	0.487706871	0.608780862	0.579598921
-1.54054054	0.606816357	0.537324283	0.627467885	0.486978424	0.613139544	0.582763738
-1.53353353	0.612785796	0.542070363	0.630818222	0.486206100	0.617468628	0.585892256
-1.52652653	0.618750010	0.546821622	0.634114156	0.485389909	0.621765899	0.588982847
-1.51951952	0.624706516	0.551576759	0.637353607	0.484529877	0.626029094	0.592033861
-1.51251251	0.630652754	0.556334432	0.640534480	0.483626042	0.630255905	0.595043626
-1.50550551	0.636586092	0.561093255	0.643654661	0.482678457	0.634443974	0.598010446
-1.49849850	0.642503823	0.565851801	0.646712023	0.481687187	0.638590897	0.600932606
-1.49149149	0.648403164	0.570608598	0.649704423	0.480652315	0.642694226	0.603808370
-1.48448448	0.654281260	0.575362129	0.652629707	0.479573935	0.646751464	0.606635982
-1.47747748	0.660135179	0.580110834	0.655485711	0.478452156	0.650760070	0.609413666
-1.47047047	0.665961916	0.584853107	0.658270261	0.477287102	0.654717462	0.612139629
-1.46346346	0.671758392	0.589587295	0.660981174	0.476078910	0.658621009	0.614812059
-1.45645646	0.677521453	0.594311701	0.663616264	0.474827732	0.662468044	0.617429130
-1.44944945	0.683247872	0.599024581	0.666173339	0.473533734	0.666255853	0.619988997
-1.44244244	0.688934350	0.603724143	0.668650205	0.472197095	0.669981687	0.622489803
-1.43543544	0.694577516	0.608408549	0.671044670	0.470818010	0.673642755	0.624929677
-1.42842843	0.700173927	0.613075912	0.673354540	0.469396687	0.677236231	0.627306734
-1.42142142	0.705720070	0.617724299	0.675577629	0.467933349	0.680759251	0.629619081
-1.41441441	0.711212366	0.622351727	0.677711753	0.466428230	0.684208920	0.631864812
-1.40740741	0.716647166	0.626956166	0.679754740	0.464881582	0.687582308	0.634042013
-1.40040040	0.722020755	0.631535539	0.681704425	0.463293668	0.690876455	0.636148764
-1.39339339	0.727329355	0.636087717	0.683558658	0.461664766	0.694088376	0.638183139
-1.38638639	0.732569126	0.640610526	0.685315304	0.459995165	0.697215056	0.640143206
-1.37937938	0.737736168	0.645101742	0.686972244	0.458285171	0.700253458	0.642027031
-1.37237237	0.742826522	0.649559092	0.688527381	0.456535102	0.703200524	0.643832680
-1.36536537	0.747836173	0.653980256	0.689978638	0.454745288	0.706053177	0.645558218
-1.35835836	0.752761057	0.658362867	0.691323967	0.452916073	0.708808324	0.647201712
-1.35135135	0.757597055	0.662704506	0.692561343	0.451047814	0.711462860	0.648761234
-1.34434434	0.762340004	0.667002711	0.693688775	0.449140880	0.714013668	0.650234860
-1.33733734	0.766985698	0.671254971	0.694704304	0.447195654	0.716457626	0.651620677
-1.33033033	0.771529889	0.675458728	0.695606008	0.445212529	0.718791608	0.652916778
-1.32332332	0.775968293	0.679611379	0.696392000	0.443191913	0.721012488	0.654121270
-1.31631632	0.780296593	0.683710274	0.697060440	0.441134223	0.723117145	0.655232273
-1.30930931	0.784510444	0.687752720	0.697609527	0.439039890	0.725102462	0.656247922
-1.30230230	0.788605477	0.691735978	0.698037510	0.436909355	0.726965338	0.657166372
-1.29529530	0.792577303	0.695657268	0.698342689	0.434743071	0.728702683	0.657985795
-1.28828829	0.796421518	0.699513766	0.698523413	0.432541503	0.730311431	0.658704389
-1.28128128	0.800133708	0.703302608	0.698578091	0.430305124	0.731788535	0.659320376
-1.27427427	0.803709453	0.707020887	0.698505188	0.428034421	0.733130982	0.659832004
-1.26726727	0.807144336	0.710665662	0.698303231	0.425729889	0.734335788	0.660237550
-1.26026026	0.810433944	0.714233950	0.697970811	0.423392033	0.735400008	0.660535327
-1.25325325	0.813573876	0.717722733	0.697506587	0.421021368	0.736320742	0.660723677
-1.24624625	0.816559752	0.721128960	0.696909287	0.418618420	0.737095133	0.660800984
-1.23923924	0.819387213	0.724449544	0.696177712	0.416183721	0.737720381	0.660765669
-1.23223223	0.822051930	0.727681368	0.695310739	0.413717816	0.738193744	0.660616196
-1.22522523	0.824549614	0.730821286	0.694307321	0.411221254	0.738512539	0.660351073
-1.21821822	0.826876019	0.733866123	0.693166495	0.408694596	0.738674158	0.659968857
-1.21121121	0.829026948	0.736812679	0.691887377	0.406138409	0.738676062	0.659468153
-1.20420420	0.830998263	0.739657730	0.690469172	0.403553268	0.738515794	0.658847620
-1.19719720	0.832785891	0.742398029	0.688911171	0.400939756	0.738190983	0.658105972
-1.19019019	0.834385831	0.745030313	0.687212757	0.398298461	0.737699348	0.657241981
-1.18318318	0.835794163	0.747551300	0.685373403	0.395629980	0.737038704	0.656254480
-1.17617618	0.837007052	0.749957693	0.683392679	0.392934915	0.736206969	0.655142363
-1.16916917	0.838020759	0.752246187	0.681270250	0.390213875	0.735202171	0.653904592
-1.16216216	0.838831648	0.754413465	0.679005881	0.387467473	0.734022449	0.652540197
-1.15515516	0.839436192	0.756456204	0.676599437	0.384696329	0.732666064	0.651048277
-1.14814815	0.839830983	0.758371080	0.674050882	0.381901066	0.731131398	0.649428007
-1.14114114	0.840012738	0.760154767	0.671360287	0.379082315	0.729416969	0.647678635
-1.13413413	0.839978307	0.761803943	0.668527825	0.376240707	0.727521427	0.645799488
-1.12712713	0.839724682	0.763315293	0.665553778	0.373376880	0.725443566	0.643789976
-1.12012012	0.839249002	0.764685511	0.662438531	0.370491475	0.723182326	0.641649587
-1.11311311	0.838548565	0.765911302	0.659182578	0.367585135	0.720736800	0.639377897
-1.10610611	0.837620830	0.766989392	0.655786523	0.364658508	0.718106235	0.636974568
-1.09909910	0.836463428	0.767916524	0.652251078	0.361712243	0.715290043	0.634439350
-1.09209209	0.835074166	0.768689465	0.648577062	0.358746992	0.712287803	0.631772086
-1.08508509	0.833451040	0.769305011	0.644765406	0.355763409	0.709099262	0.628972710
-1.07807808	0.831592233	0.769759988	0.640817149	0.352762147	0.705724344	0.626041250
-1.07107107	0.829496129	0.770051258	0.636733440	0.349743865	0.702163152	0.622977830
-1.06406406	0.827161314	0.770175723	0.632515533	0.346709220	0.698415972	0.619782672
-1.05705706	0.824586586	0.770130325	0.628164795	0.343658868	0.694483276	0.616456095
-1.05005005	0.821770958	0.769912057	0.623682695	0.340593470	0.690365724	0.612998519
-1.04304304	0.818713663	0.769517961	0.619070811	0.337513683	0.686064168	0.609410463
-1.03603604	0.815414159	0.768945134	0.614330825	0.334420164	0.681579657	0.605692549
-1.02902903	0.811872137	0.768190733	0.609464520	0.331313572	0.676913431	0.601845499
-1.02202202	0.808087518	0.767251980	0.604473782	0.328194562	0.672066932	0.597870140
-1.01501502	0.804060464	0.766126162	0.599360596	0.325063790	0.667041798	0.593767398
-1.00800801	0.799791373	0.764810639	0.594127044	0.321921909	0.661839868	0.589538305
-1.00100100	0.795280891	0.763302847	0.588775303	0.318769572	0.656463179	0.585183994
-0.99399399	0.790529905	0.761600302	0.583307643	0.315607427	0.650913967	0.580705700
-0.98698699	0.785539551	0.759700603	0.577726421	0.312436123	0.645194668	0.576104761
-0.97997998	0.780311209	0.757601438	0.572034085	0.309256304	0.639307913	0.571382615
-0.97297297	0.774846509	0.755300588	0.566233162	0.306068613	0.633256530	0.566540800
-0.96596597	0.769147327	0.752795928	0.560326262	0.302873687	0.627043539	0.561580953
-0.95895896	0.763215787	0.750085435	0.554316072	0.299672165	0.620672149	0.556504807
-0.95195195	0.757054255	0.747167188	0.548205350	0.296464676	0.614145756	0.551314194
-0.94494494	0.750665342	0.744039375	0.541996926	0.293251851	0.607467940	0.546011036
-0.93793794	0.744051897	0.740700295	0.535693696	0.290034313	0.600642455	0.540597350
-0.93093093	0.737217007	0.737148361	0.529298613	0.286812683	0.593673232	0.535075240
-0.92392392	0.730163992	0.733382106	0.522814694	0.283587578	0.586564365	0.529446897
-0.91691692	0.722896397	0.729400184	0.516245005	0.280359609	0.579320112	0.523714599
-0.90990991	0.715417993	0.725201374	0.509592661	0.277129383	0.571944883	0.517880701
-0.90290290	0.707732767	0.720784586	0.502860824	0.273897503	0.564443235	0.511947639
-0.89589590	0.699844918	0.716148860	0.496052696	0.270664567	0.556819863	0.505917922
-0.88888889	0.691758847	0.711293370	0.489171511	0.267431166	0.549079592	0.499794130
-0.88188188	0.683479153	0.706217432	0.482220540	0.264197888	0.541227372	0.493578909
-0.87487487	0.675010626	0.700920499	0.475203076	0.260965316	0.533268259	0.487274970
-0.86786787	0.666358233	0.695402172	0.468122437	0.257734025	0.525207417	0.480885081
-0.86086086	0.657527117	0.689662197	0.460981959	0.254504588	0.517050098	0.474412066
-0.85385385	0.648522584	0.683700470	0.453784991	0.251277570	0.508801637	0.467858797
-0.84684685	0.639350092	0.677517042	0.446534892	0.248053531	0.500467440	0.461228192
-0.83983984	0.630015246	0.671112117	0.439235027	0.244833026	0.492052971	0.454523210
-0.83283283	0.620523788	0.664486062	0.431888761	0.241616603	0.483563742	0.447746846
-0.82582583	0.610881582	0.657639403	0.424499458	0.238404807	0.475005302	0.440902124
-0.81881882	0.601094611	0.650572832	0.417070475	0.235198174	0.466383222	0.433992095
-0.81181181	0.591168964	0.643287210	0.409605161	0.231997237	0.457703087	0.427019830
-0.80480480	0.581110826	0.635783572	0.402106853	0.228802521	0.448970478	0.419988416
-0.79779780	0.570926470	0.628063125	0.394578870	0.225614547	0.440190967	0.412900950
-0.79079079	0.560622248	0.620127261	0.387024515	0.222433829	0.431370099	0.405760537
-0.78378378	0.550204582	0.611977553	0.379447072	0.219260877	0.422513384	0.398570280
-0.77677678	0.539679954	0.603615766	0.371849800	0.216096194	0.413626281	0.391333280
-0.76976977	0.529054902	0.595043859	0.364235937	0.212940277	0.404714191	0.384052628
-0.76276276	0.518336010	0.586263992	0.356608696	0.209793620	0.395782441	0.376731403
-0.75575576	0.507529903	0.577278532	0.348971263	0.206656710	0.386836276	0.369372669
-0.74874875	0.496643239	0.568090064	0.341326799	0.203530026	0.377880850	0.361979468
-0.74174174	0.485682711	0.558701394	0.333678442	0.200414048	0.368921211	0.354554818
-0.73473473	0.474655036	0.549115562	0.326029302	0.197309244	0.359962297	0.347101709
-0.72772773	0.463566958	0.539335850	0.318382468	0.194216082	0.351008925	0.339623105
-0.72072072	0.452425244	0.529365795	0.310741007	0.191135022	0.342065785	0.332121937
-0.71371371	0.441236686	0.519209203	0.303107968	0.188066521	0.333137432	0.324601102
-0.70670671	0.430008102	0.508870159	0.295486382	0.185011030	0.324228281	0.317063467
-0.69969970	0.418746342	0.498353048	0.287879272	0.181968997	0.315342605	0.309511865
-0.69269269	0.407458287	0.487662568	0.280289648	0.178940864	0.306484530	0.301949096
-0.68568569	0.396150862	0.476803752	0.272720523	0.175927068	0.297658033	0.294377932
-0.67867868	0.384831041	0.465781989	0.265174907	0.172928044	0.288866947	0.286801119
-0.67167167	0.373505859	0.454603044	0.257655825	0.169944221	0.280114959	0.279221377
-0.66466466	0.362182421	0.443273090	0.250166313	0.166976026	0.271405617	0.271641413
-0.65765766	0.350867919	0.431798727	0.242709435	0.164023880	0.262742336	0.264063924
-0.65065065	0.339569647	0.420187020	0.235288284	0.161088202	0.254128405	0.256491602
-0.64364364	0.328295016	0.408445524	0.227905995	0.158169408	0.245567004	0.248927151
-0.63663664	0.317051576	0.396582324	0.220565753	0.155267907	0.237061214	0.241373294
-0.62962963	0.305847035	0.384606070	0.213270803	0.152384109	0.228614035	0.233832788
-0.62262262	0.294689282	0.372526016	0.206024461	0.149518420	0.220228409	0.226308439
-0.61561562	0.283586410	0.360352059	0.198830121	0.146671240	0.211907242	0.218803119
-0.60860861	0.272546738	0.348094786	0.191691273	0.143842970	0.203653434	0.211319790
-0.60160160	0.261578838	0.335765519	0.184611507	0.141034007	0.195469911	0.203861521
-0.59459459	0.250691560	0.323376356	0.177594529	0.138244744	0.187359657	0.196431514
-0.58758759	0.239894054	0.310940223	0.170644170	0.135475573	0.179325761	0.189033132
-0.58058058	0.229195796	0.298470919	0.163764396	0.132726884	0.171371455	0.181669930
-0.57357357	0.218606611	0.285983162	0.156959320	0.129999063	0.163500166	0.174345684
-0.56656657	0.208136686	0.273492634	0.150233210	0.127292495	0.155715569	0.167064425
-0.55955956	0.197796596	0.261016025	0.143590500	0.124607563	0.148021646	0.159830478
-0.55255255	0.187597310	0.248571067	0.137035795	0.121944647	0.140422743	0.152648501
-0.54554555	0.177550199	0.236176569	0.130573876	0.119304126	0.132923638	0.145523523
-0.53853854	0.167667037	0.223852438	0.124209706	0.116686376	0.125529610	0.138460989
-0.53153153	0.157959995	0.211619700	0.117948432	0.114091772	0.118246502	0.131466798
-0.52452452	0.148441625	0.199500495	0.111795380	0.111520686	0.111080797	0.124547353
-0.51751752	0.139124829	0.187518068	0.105756055	0.108973488	0.104039683	0.117709597
-0.51051051	0.130022827	0.175696741	0.099836129	0.106450548	0.097131118	0.110961057
-0.50350350	0.121149098	0.164061853	0.094041434	0.103952230	0.090363891	0.104309878
-0.49649650	0.112517317	0.152639692	0.088377940	0.101478900	0.083747666	0.097764858
-0.48948949	0.104141267	0.141457382	0.082851737	0.099030920	0.077293025	0.091335474
-0.48248248	0.096034743	0.130542745	0.077469006	0.096608648	0.071011476	0.085031895
-0.47547548	0.088211427	0.119924130	0.072235988	0.094212442	0.064915454	0.078864987
-0.46846847	0.080684749	0.109630189	0.067158942	0.091842656	0.059018282	0.072846304
-0.46146146	0.073467728	0.099689620	0.062244100	0.089499642	0.053334093	0.066988061
-0.45445445	0.066572791	0.090130854	0.057497617	0.087183747	0.047877715	0.061303077
-0.44744745	0.060011580	0.080981698	0.052925504	0.084895317	0.042664497	0.055804701
-0.44044044	0.053794731	0.072268921	0.048533568	0.082634694	0.037710076	0.050506708
-0.43343343	0.047931647	0.064017791	0.044327332	0.080402215	0.033030073	0.045423147
-0.42642643	0.042430257	0.056251566	0.040311959	0.078198213	0.028639720	0.040568169
-0.41941942	0.037296771	0.048990934	0.036492162	0.076023017	0.024553399	0.035955795
-0.41241241	0.032535434	0.042253421	0.032872112	0.073876952	0.020784109	0.031599646
-0.40540541	0.028148282	0.036052781	0.029455344	0.071760336	0.017342854	0.027512624
-0.39839840	0.024134925	0.030398368	0.026244657	0.069673482	0.014237972	0.023706547
-0.39139139	0.020492343	0.025294530	0.023242016	0.067616698	0.011474409	0.020191730
-0.38438438	0.017214729	0.020740047	0.020448456	0.065590283	0.009052997	0.016976532
-0.37737738	0.014293375	0.016727639	0.017863986	0.063594532	0.006969753	0.014066878
-0.37037037	0.011716615	0.013243595	0.015487507	0.061629730	0.005215277	0.011465753
-0.36336336	0.009469847	0.010267557	0.013316734	0.059696154	0.003774313	0.009172717
-0.35635636	0.007535633	0.007772517	0.011348140	0.057794074	0.002625578	0.007183450
-0.34934935	0.005893891	0.005725062	0.009576910	0.055923748	0.001741935	0.005489371
-0.34234234	0.004522184	0.004085929	0.007996923	0.054085427	0.001091028	0.004077377
-0.33533534	0.003396108	0.002810887	0.006600760	0.052279350	0.000636450	0.002929757
-0.32832833	0.002489783	0.001851982	0.005379737	0.050505745	0.000339476	0.002024328
-0.32132132	0.001776421	0.001159124	0.004323977	0.048764827	0.000161321	0.001334862
-0.31431431	0.001228971	0.000681973	0.003422514	0.047056800	0.000065749	0.000831842
-0.30730731	0.000820806	0.000372019	0.002663433	0.045381855	0.000021673	0.000483582
-0.30030030	0.000526421	0.000184701	0.002034051	0.043740167	0.000005246	0.000257692
-0.29329329	0.000322101	0.000081342	0.001521127	0.042131898	0.000000783	0.000122822
-0.28628629	0.000186514	0.000030625	0.001111110	0.040557196	0.000000050	0.000050527
-0.27927928	0.000101176	0.000009325	0.000790404	0.039016188	0.000000001	0.000016993
-0.27227227	0.000050750	0.000002102	0.000545653	0.037508990	0.000000000	0.000004278
-0.26526527	0.000023142	0.000000301	0.000364029	0.036035697	0.000000000	0.000000690
-0.25825826	0.000009378	0.000000020	0.000233510	0.034596387	0.000000000	0.000000052
-0.25125125	0.000003274	0.000000000	0.000143132	0.033191117	0.000000000	0.000000001
-0.24424424	0.000000942	0.000000000	0.000083197	0.031819928	0.000000000	0.000000000
-0.23723724	0.000000209	0.000000000	0.000045420	0.030482838	0.000000000	0.000000000
-0.23023023	0.000000032	0.000000000	0.000023006	0.029179845	0.000000000	0.000000000
-0.22322322	0.000000003	0.000000000	0.000010641	0.027910924	0.000000000	0.000000000
-0.21621622	0.000000000	0.000000000	0.000004400	0.026676030	0.000000000	0.000000000
-0.20920921	0.000000000	0.000000000	0.000001580	0.025475095	0.000000000	0.000000000
-0.20220220	0.000000000	0.000000000	0.000000473	0.024308026	0.000000000	0.000000000
-0.19519520	0.000000000	0.000000000	0.000000111	0.023174708	0.000000000	0.000000000
-0.18818819	0.000000000	0.000000000	0.000000019	0.022075000	0.000000000	0.000000000
-0.18118118	0.000000000	0.000000000	0.000000002	0.021008739	0.000000000	0.000000000
-0.17417417	0.000000000	0.000000000	0.000000000	0.019975734	0.000000000	0.000000000
-0.16716717	0.000000000	0.000000000	0.000000000	0.018975773	0.000000000	0.000000000
-0.16016016	0.000000000	0.000000000	0.000000000	0.018008613	0.000000000	0.000000000
-0.15315315	0.000000000	0.000000000	0.000000000	0.017073991	0.000000000	0.000000000
-0.14614615	0.000000000	0.000000000	0.000000000	0.016171614	0.000000000	0.000000000
-0.13913914	0.000000000	0.000000000	0.000000000	0.015301167	0.000000000	0.000000000
-0.13213213	0.000000000	0.000000000	0.000000000	0.014462305	0.000000000	0.000000000
-0.12512513	0.000000000	0.000000000	0.000000000	0.013654662	0.000000000	0.000000000
-0.11811812	0.000000000	0.000000000	0.000000000	0.012877843	0.000000000	0.000000000
-0.11111111	0.000000000	0.000000000	0.000000000	0.012131431	0.000000000	0.000000000
-0.10410410	0.000000000	0.000000000	0.000000000	0.011414982	0.000000000	0.000000000
-0.09709710	0.000000000	0.000000000	0.000000000	0.010728029	0.000000000	0.000000000
-0.09009009	0.000000000	0.000000000	0.000000000	0.010070082	0.000000000	0.000000000
-0.08308308	0.000000000	0.000000000	0.000000000	0.009440626	0.000000000	0.000000000
-0.07607608	0.000000000	0.000000000	0.000000000	0.008839126	0.000000000	0.000000000
-0.06906907	0.000000000	0.000000000	0.000000000	0.008265023	0.000000000	0.000000000
-0.06206206	0.000000000	0.000000000	0.000000000	0.007717740	0.000000000	0.000000000
-0.05505506	0.000000000	0.000000000	0.000000000	0.007196678	0.000000000	0.000000000
-0.04804805	0.000000000	0.000000000	0.000000000	0.006701221	0.000000000	0.000000000
-0.04104104	0.000000000	0.000000000	0.000000000	0.006230736	0.000000000	0.000000000
-0.03403403	0.000000000	0.000000000	0.000000000	0.005784572	0.000000000	0.000000000
-0.02702703	0.000000000	0.000000000	0.000000000	0.005362065	0.000000000	0.000000000
-0.02002002	0.000000000	0.000000000	0.000000000	0.004962534	0.000000000	0.000000000
-0.01301301	0.000000000	0.000000000	0.000000000	0.004585290	0.000000000	0.000000000
-0.00600601	0.000000000	0.000000000	0.000000000	0.004229632	0.000000000	0.000000000
0.00100100	0.000000000	0.000000000	0.000000000	0.003894847	0.000000000	0.000000000
0.00800801	0.000000000	0.000000000	0.000000000	0.003580219	0.000000000	0.000000000
0.01501502	0.000000000	0.000000000	0.000000000	0.003285022	0.000000000	0.000000000
0.02202202	0.000000000	0.000000000	0.000000000	0.003008528	0.000000000	0.000000000
0.02902903	0.000000000	0.000000000	0.000000000	0.002750006	0.000000000	0.000000000
0.03603604	0.000000000	0.000000000	0.000000000	0.002508723	0.000000000	0.000000000
0.04304304	0.000000000	0.000000000	0.000000000	0.002283949	0.000000000	0.000000000
0.05005005	0.000000000	0.000000000	0.000000000	0.002074953	0.000000000	0.000000000
0.05705706	0.000000000	0.000000000	0.000000000	0.001881010	0.000000000	0.000000000
0.06406406	0.000000000	0.000000000	0.000000000	0.001701403	0.000000000	0.000000000
0.07107107	0.000000000	0.000000000	0.000000000	0.001535418	0.000000000	0.000000000
0.07807808	0.000000000	0.000000000	0.000000000	0.001382354	0.000000000	0.000000000
0.08508509	0.000000000	0.000000000	0.000000000	0.001241517	0.000000000	0.000000000
0.09209209	0.000000000	0.000000000	0.000000000	0.001112230	0.000000000	0.000000000
0.09909910	0.000000000	0.000000000	0.000000000	0.000993824	0.000000000	0.000000000
0.10610611	0.000000000	0.000000000	0.000000000	0.000885650	0.000000000	0.000000000
0.11311311	0.000000000	0.000000000	0.000000000	0.000787071	0.000000000	0.000000000
0.12012012	0.000000000	0.000000000	0.000000000	0.000697472	0.000000000	0.000000000
0.12712713	0.000000000	0.000000000	0.000000000	0.000616252	0.000000000	0.000000000
0.13413413	0.000000000	0.000000000	0.000000000	0.000542833	0.000000000	0.000000000
0.14114114	0.000000000	0.000000000	0.000000000	0.000476657	0.000000000	0.000000000
0.14814815	0.000000000	0.000000000	0.000000000	0.000417186	0.000000000	0.000000000
0.15515516	0.000000000	0.000000000	0.000000000	0.000363905	0.000000000	0.000000000
0.16216216	0.000000000	0.000000000	0.000000000	0.000316323	0.000000000	0.000000000
0.16916917	0.000000000	0.000000000	0.000000000	0.000273969	0.000000000	0.000000000
0.17617618	0.000000000	0.000000000	0.000000000	0.000236399	0.000000000	0.000000000
0.18318318	0.000000000	0.000000000	0.000000000	0.000203190	0.000000000	0.000000000
0.19019019	0.000000000	0.000000000	0.000000000	0.000173943	0.000000000	0.000000000
0.19719720	0.000000000	0.000000000	0.000000000	0.000148285	0.000000000	0.000000000
0.20420420	0.000000000	0.000000000	0.000000000	0.000125864	0.000000000	0.000000000
0.21121121	0.000000000	0.000000000	0.000000000	0.000106352	0.000000000	0.000000000
0.21821822	0.000000000	0.000000000	0.000000000	0.000089444	0.000000000	0.000000000
0.22522523	0.000000000	0.000000000	0.000000000	0.000074859	0.000000000	0.000000000
0.23223223	0.000000000	0.000000000	0.000000000	0.000062334	0.000000000	0.000000000
0.23923924	0.000000000	0.000000000	0.000000000	0.000051632	0.000000000	0.000000000
0.24624625	0.000000000	0.000000000	0.000000000	0.000042532	0.000000000	0.000000000
0.25325325	0.000000000	0.000000000	0.000000000	0.000034835	0.000000000	0.000000000
0.26026026	0.000000000	0.000000000	0.000000000	0.000028361	0.000000000	0.000000000
0.26726727	0.000000000	0.000000000	0.000000000	0.000022946	0.000000000	0.000000000
0.27427427	0.000000000	0.000000000	0.000000000	0.000018444	0.000000000	0.000000000
0.28128128	0.000000000	0.000000000	0.000000000	0.000014724	0.000000000	0.000000000
0.28828829	0.000000000	0.000000000	0.000000000	0.000011671	0.000000000	0.000000000
0.29529530	0.000000000	0.000000000	0.000000000	0.000009182	0.000000000	0.000000000
0.30230230	0.000000000	0.000000000	0.000000000	0.000007167	0.000000000	0.000000000
0.30930931	0.000000000	0.000000000	0.000000000	0.000005548	0.000000000	0.000000000
0.31631632	0.000000000	0.000000000	0.000000000	0.000004258	0.000000000	0.000000000
0.32332332	0.000000000	0.000000000	0.000000000	0.000003238	0.000000000	0.000000000
0.33033033	0.000000000	0.000000000	0.000000000	0.000002439	0.000000000	0.000000000
0.33733734	0.000000000	0.000000000	0.000000000	0.000001819	0.000000000	0.000000000
0.34434434	0.000000000	0.000000000	0.000000000	0.000001342	0.000000000	0.000000000
0.35135135	0.000000000	0.000000000	0.000000000	0.000000979	0.000000000	0.000000000
0.35835836	0.000000000	0.000000000	0.000000000	0.000000706	0.000000000	0.000000000
0.36536537	0.000000000	0.000000000	0.000000000	0.000000503	0.000000000	0.000000000
0.37237237	0.000000000	0.000000000	0.000000000	0.000000353	0.000000000	0.000000000
0.37937938	0.000000000	0.000000000	0.000000000	0.000000245	0.000000000	0.000000000
0.38638639	0.000000000	0.000000000	0.000000000	0.000000167	0.000000000	0.000000000
0.39339339	0.000000000	0.000000000	0.000000000	0.000000112	0.000000000	0.000000000
0.40040040	0.000000000	0.000000000	0.000000000	0.000000074	0.000000000	0.000000000
0.40740741	0.000000000	0.000000000	0.000000000	0.000000048	0.000000000	0.000000000
0.41441441	0.000000000	0.000000000	0.000000000	0.000000030	0.000000000	0.000000000
0.42142142	0.000000000	0.000000000	0.000000000	0.000000019	0.000000000	0.000000000
0.42842843	0.000000000	0.000000000	0.000000000	0.000000012	0.000000000	0.000000000
0.43543544	0.000000000	0.000000000	0.000000000	0.000000007	0.000000000	0.000000000
0.44244244	0.000000000	0.000000000	0.000000000	0.000000004	0.000000000	0.000000000
0.44944945	0.000000000	0.000000000	0.000000000	0.000000002	0.000000000	0.000000000
0.45645646	0.000000000	0.000000000	0.000000000	0.000000001	0.000000000	0.000000000
0.46346346	0.000000000	0.000000000	0.000000000	0.000000001	0.000000000	0.000000000
0.47047047	0.000000000	0.000000000	0.000000000	0.000000000	0.000000000	0.000000000
0.47747748	0.000000000	0.000000000	0.000000000	0.000000000	0.000000000	0.000000000
0.48448448	0.000000000	0.000000000	0.000000000	0.000000000	0.000000000	0.000000000
0.49149149	0.000000000	0.000000000	0.000000000	0.000000000	0.000000000	0.000000000
0.49849850	0.000000000	0.000000000	0.000000000	0.000000000	0.000000000	0.000000000
0.50550551	0.000000000	0.000000000	0.000000000	0.000000000	0.000000000	0.000000000
0.51251251	0.000000000	0.000000000	0.000000000	0.000000000	0.000000000	0.000000000
0.51951952	0.000000000	0.000000000	0.000000000	0.000000000	0.000000000	0.000000000
0.52652653	0.000000000	0.000000000	0.000000000	0.000000000	0.000000000	0.000000000
0.53353353	0.000000000	0.000000000	0.000000000	0.000000000	0.000000000	0.000000000
0.54054054	0.000000000	0.000000000	0.000000000	0.000000000	0.000000000	0.000000000
0.54754755	0.000000000	0.000000000	0.000000000	0.000000000	0.000000000	0.000000000
0.55455455	0.000000000	0.000000000	0.000000000	0.000000000	0.000000000	0.000000000
0.56156156	0.000000000	0.000000000	0.000000000	0.000000000	0.000000000	0.000000000
0.56856857	0.000000000	0.000000000	0.000000000	0.000000000	0.000000000	0.000000000
0.57557558	0.000000000	0.000000000	0.000000000	0.000000000	0.000000000	0.000000000
0.58258258	0.000000000	0.000000000	0.000000000	0.000000000	0.000000000	0.000000000
0.58958959	0.000000000	0.000000000	0.000000000	0.000000000	0.000000000	0.000000000
0.59659660	0.000000000	0.000000000	0.000000000	0.000000000	0.000000000	0.000000000
0.60360360	0.000000000	0.000000000	0.000000000	0.000000000	0.000000000	0.000000000
0.61061061	0.000000000	0.000000000	0.000000000	0.000000000	0.000000000	0.000000000
0.61761762	0.000000000	0.000000000	0.000000000	0.000000000	0.000000000	0.000000000
0.62462462	0.000000000	0.000000000	0.000000000	0.000000000	0.000000000	0.000000000
0.63163163	0.000000000	0.000000000	0.000000000	0.000000000	0.000000000	0.000000000
0.63863864	0.000000000	0.000000000	0.000000000	0.000000000	0.000000000	0.000000000
0.64564565	0.000000000	0.000000000	0.000000000	0.000000000	0.000000000	0.000000000
0.65265265	0.000000000	0.000000000	0.000000000	0.000000000	0.000000000	0.000000000
0.65965966	0.000000000	0.000000000	0.000000000	0.000000000	0.000000000	0.000000000
0.66666667	0.000000000	0.000000000	0.000000000	0.000000000	0.000000000	0.000000000
0.67367367	0.000000000	0.000000000	0.000000000	0.000000000	0.000000000	0.000000000
0.68068068	0.000000000	0.000000000	0.000000000	0.000000000	0.000000000	0.000000000
0.68768769	0.000000000	0.000000000	0.000000000	0.000000000	0.000000000	0.000000000
0.69469469	0.000000000	0.000000000	0.000000000	0.000000000	0.000000000	0.000000000
0.70170170	0.000000000	0.000000000	0.000000000	0.000000000	0.000000000	0.000000000
0.70870871	0.000000000	0.000000000	0.000000000	0.000000000	0.000000000	0.000000000
0.71571572	0.000000000	0.000000000	0.000000000	0.000000000	0.000000000	0.000000000
0.72272272	0.000000000	0.000000000	0.000000000	0.000000000	0.000000000	0.000000000
0.72972973	0.000000000	0.000000000	0.000000000	0.000000000	0.000000000	0.000000000
0.73673674	0.000000000	0.000000000	0.000000000	0.000000000	0.000000000	0.000000000
0.74374374	0.000000000	0.000000000	0.000000000	0.000000000	0.000000000	0.000000000
0.75075075	0.000000000	0.000000000	0.000000000	0.000000000	0.000000000	0.000000000
0.75775776	0.000000000	0.000000000	0.000000000	0.000000000	0.000000000	0.000000000
0.76476476	0.000000000	0.000000000	0.000000000	0.000000000	0.000000000	0.000000000
0.77177177	0.000000000	0.000000000	0.000000000	0.000000000	0.000000000	0.000000000
0.77877878	0.000000000	0.000000000	0.000000000	0.000000000	0.000000000	0.000000000
0.78578579	0.000000000	0.000000000	0.000000000	0.000000000	0.000000000	0.000000000
0.79279279	0.000000000	0.000000000	0.000000000	0.000000000	0.000000000	0.000000000
0.79979980	0.000000000	0.000000000	0.000000000	0.000000000	0.000000000	0.000000000
0.80680681	0.000000000	0.000000000	0.000000000	0.000000000	0.000000000	0.000000000
0.81381381	0.000000000	0.000000000	0.000000000	0.000000000	0.000000000	0.000000000
0.82082082	0.000000000	0.000000000	0.000000000	0.000000000	0.000000000	0.000000000
0.82782783	0.000000000	0.000000000	0.000000000	0.000000000	0.000000000	0.000000000
0.83483483	0.000000000	0.000000000	0.000000000	0.000000000	0.000000000	0.000000000
0.84184184	0.000000000	0.000000000	0.000000000	0.000000000	0.000000000	0.000000000
0.84884885	0.000000000	0.000000000	0.000000000	0.000000000	0.000000000	0.000000000
0.85585586	0.000000000	0.000000000	0.000000000	0.000000000	0.000000000	0.000000000
0.86286286	0.000000000	0.000000000	0.000000000	0.000000000	0.000000000	0.000000000
0.86986987	0.000000000	0.000000000	0.000000000	0.000000000	0.000000000	0.000000000
0.87687688	0.000000000	0.000000000	0.000000000	0.000000000	0.000000000	0.000000000
0.88388388	0.000000000	0.000000000	0.000000000	0.000000000	0.000000000	0.000000000
0.89089089	0.000000000	0.000000000	0.000000000	0.000000000	0.000000000	0.000000000
0.89789790	0.000000000	0.000000000	0.000000000	0.000000000	0.000000000	0.000000000
0.90490490	0.000000000	0.000000000	0.000000000	0.000000000	0.000000000	0.000000000
0.91191191	0.000000000	0.000000000	0.000000000	0.000000000	0.000000000	0.000000000
0.91891892	0.000000000	0.000000000	0.000000000	0.000000000	0.000000000	0.000000000
0.92592593	0.000000000	0.000000000	0.000000000	0.000000000	0.000000000	0.000000000
0.93293293	0.000000000	0.000000000	0.000000000	0.000000000	0.000000000	0.000000000
0.93993994	0.000000000	0.000000000	0.000000000	0.000000000	0.000000000	0.000000000
0.94694695	0.000000000	0.000000000	0.000000000	0.000000000	0.000000000	0.000000000
0.95395395	0.000000000	0.000000000	0.000000000	0.000000000	0.000000000	0.000000000
0.96096096	0.000000000	0.000000000	0.000000000	0.000000000	0.000000000	0.000000000
0.96796797	0.000000000	0.000000000	0.000000000	0.000000000	0.000000000	0.000000000
0.97497497	0.000000000	0.000000000	0.000000000	0.000000000	0.000000000	0.000000000
0.98198198	0.000000000	0.000000000	0.000000000	0.000000000	0.000000000	0.000000000
0.98898899	0.000000000	0.000000000	0.000000000	0.000000000	0.000000000	0.000000000
0.99599600	0.000000000	0.000000000	0.000000000	0.000000000	0.000000000	0.000000000
1.00300300	0.000000000	0.000000000	0.000000000	0.000000000	0.000000000	0.000000000
1.01001001	0.000000000	0.000000000	0.000000000	0.000000000	0.000000000	0.000000000
1.01701702	0.000000000	0.000000000	0.000000000	0.000000000	0.000000000	0.000000000
1.02402402	0.000000000	0.000000000	0.000000000	0.000000000	0.000000000	0.000000000
1.03103103	0.000000000	0.000000000	0.000000000	0.000000000	0.000000000	0.000000000
1.03803804	0.000000000	0.000000000	0.000000000	0.000000000	0.000000000	0.000000000
1.04504505	0.000000000	0.000000000	0.000000000	0.000000000	0.000000000	0.000000000
1.05205205	0.000000000	0.000000000	0.000000000	0.000000000	0.000000000	0.000000000
1.05905906	0.000000000	0.000000000	0.000000000	0.000000000	0.000000000	0.000000000
1.06606607	0.000000000	0.000000000	0.000000000	0.000000000	0.000000000	0.000000000
1.07307307	0.000000000	0.000000000	0.000000000	0.000000000	0.000000000	0.000000000
1.08008008	0.000000000	0.000000000	0.000000000	0.000000000	0.000000000	0.000000000
1.08708709	0.000000000	0.000000000	0.000000000	0.000000000	0.000000000	0.000000000
1.09409409	0.000000000	0.000000000	0.000000000	0.000000000	0.000000000	0.000000000
1.10110110	0.000000000	0.000000000	0.000000000	0.000000000	0.000000000	0.000000000
1.10810811	0.000000000	0.000000000	0.000000000	0.000000000	0.000000000	0.000000000
1.11511512	0.000000000	0.000000000	0.000000000	0.000000000	0.000000000	0.000000000
1.12212212	0.000000000	0.000000000	0.000000000	0.000000000	0.000000000	0.000000000
1.12912913	0.000000000	0.000000000	0.000000000	0.000000000	0.000000000	0.000000000
1.13613614	0.000000000	0.000000000	0.000000000	0.000000000	0.000000000	0.000000000
1.14314314	0.000000000	0.000000000	0.000000000	0.000000000	0.000000000	0.000000000
1.15015015	0.000000000	0.000000000	0.000000000	0.000000000	0.000000000	0.000000000
1.15715716	0.000000000	0.000000000	0.000000000	0.000000000	0.000000000	0.000000000
1.16416416	0.000000000	0.000000000	0.000000000	0.000000000	0.000000000	0.000000000
1.17117117	0.000000000	0.000000000	0.000000000	0.000000000	0.000000000	0.000000000
1.17817818	0.000000000	0.000000000	0.000000000	0.000000000	0.000000000	0.000000000
1.18518519	0.000000000	0.000000000	0.000000000	0.000000000	0.000000000	0.000000000
1.19219219	0.000000000	0.000000000	0.000000000	0.000000000	0.000000000	0.000000000
1.19919920	0.000000000	0.000000000	0.000000000	0.000000000	0.000000000	0.000000000
1.20620621	0.000000000	0.000000000	0.000000000	0.000000000	0.000000000	0.000000000
1.21321321	0.000000000	0.000000000	0.000000000	0.000000000	0.000000000	0.000000000
1.22022022	0.000000000	0.000000000	0.000000000	0.000000000	0.000000000	0.000000000
1.22722723	0.000000000	0.000000000	0.000000000	0.000000000	0.000000000	0.000000000
1.23423423	0.000000000	0.000000000	0.000000000	0.000000000	0.000000000	0.000000000
1.24124124	0.000000000	0.000000000	0.000000000	0.000000000	0.000000000	0.000000000
1.24824825	0.000000000	0.000000000	0.000000000	0.000000000	0.000000000	0.000000000
1.25525526	0.000000000	0.000000000	0.000000000	0.000000000	0.000000000	0.000000000
1.26226226	0.000000000	0.000000000	0.000000000	0.000000000	0.000000000	0.000000000
1.26926927	0.000000000	0.000000000	0.000000000	0.000000000	0.000000000	0.000000000
1.27627628	0.000000000	0.000000000	0.000000000	0.000000000	0.000000000	0.000000000
1.28328328	0.000000000	0.000000000	0.000000000	0.000000000	0.000000000	0.000000000
1.29029029	0.000000000	0.000000000	0.000000000	0.000000000	0.000000000	0.000000000
1.29729730	0.000000000	0.000000000	0.000000000	0.000000000	0.000000000	0.000000000
1.30430430	0.000000000	0.000000000	0.000000000	0.000000000	0.000000000	0.000000000
1.31131131	0.000000000	0.000000000	0.000000000	0.000000000	0.000000000	0.000000000
1.31831832	0.000000000	0.000000000	0.000000000	0.000000000	0.000000000	0.000000000
1.32532533	0.000000000	0.000000000	0.000000000	0.000000000	0.000000000	0.000000000
1.33233233	0.000000000	0.000000000	0.000000000	0.000000000	0.000000000	0.000000000
1.33933934	0.000000000	0.000000000	0.000000000	0.000000000	0.000000000	0.000000000
1.34634635	0.000000000	0.000000000	0.000000000	0.000000000	0.000000000	0.000000000
1.35335335	0.000000000	0.000000000	0.000000000	0.000000000	0.000000000	0.000000000
1.36036036	0.000000000	0.000000000	0.000000000	0.000000000	0.000000000	0.000000000
1.36736737	0.000000000	0.000000000	0.000000000	0.000000000	0.000000000	0.000000000
1.37437437	0.000000000	0.000000000	0.000000000	0.000000000	0.000000000	0.000000000
1.38138138	0.000000000	0.000000000	0.000000000	0.000000000	0.000000000	0.000000000
1.38838839	0.000000000	0.000000000	0.000000000	0.000000000	0.000000000	0.000000000
1.39539540	0.000000000	0.000000000	0.000000000	0.000000000	0.000000000	0.000000000
1.40240240	0.000000000	0.000000000	0.000000000	0.000000000	0.000000000	0.000000000
1.40940941	0.000000000	0.000000000	0.000000000	0.000000000	0.000000000	0.000000000
1.41641642	0.000000000	0.000000000	0.000000000	0.000000000	0.000000000	0.000000000
1.42342342	0.000000000	0.000000000	0.000000000	0.000000000	0.000000000	0.000000000
1.43043043	0.000000000	0.000000000	0.000000000	0.000000000	0.000000000	0.000000000
1.43743744	0.000000000	0.000000000	0.000000000	0.000000000	0.000000000	0.000000000
1.44444444	0.000000000	0.000000000	0.000000000	0.000000000	0.000000000	0.000000000
1.45145145	0.000000000	0.000000000	0.000000000	0.000000000	0.000000000	0.000000000
1.45845846	0.000000000	0.000000000	0.000000000	0.000000000	0.000000000	0.000000000
1.46546547	0.000000000	0.000000000	0.000000000	0.000000000	0.000000000	0.000000000
1.47247247	0.000000000	0.000000000	0.000000000	0.000000000	0.000000000	0.000000000
1.47947948	0.000000000	0.000000000	0.000000000	0.000000000	0.000000000	0.000000000
1.48648649	0.000000000	0.000000000	0.000000000	0.000000000	0.000000000	0.000000000
1.49349349	0.000000000	0.000000000	0.000000000	0.000000000	0.000000000	0.000000000
1.50050050	0.000000000	0.000000000	0.000000000	0.000000000	0.000000000	0.000000000
1.50750751	0.000000000	0.000000000	0.000000000	0.000000000	0.000000000	0.000000000
1.51451451	0.000000000	0.000000000	0.000000000	0.000000000	0.000000000	0.000000000
1.52152152	0.000000000	0.000000000	0.000000000	0.000000000	0.000000000	0.000000000
1.52852853	0.000000000	0.000000000	0.000000000	0.000000000	0.000000000	0.000000000
1.53553554	0.000000000	0.000000000	0.000000000	0.000000000	0.000000000	0.000000000
1.54254254	0.000000000	0.000000000	0.000000000	0.000000000	0.000000000	0.000000000
1.54954955	0.000000000	0.000000000	0.000000000	0.000000000	0.000000000	0.000000000
1.55655656	0.000000000	0.000000000	0.000000000	0.000000000	0.000000000	0.000000000
1.56356356	0.000000000	0.000000000	0.000000000	0.000000000	0.000000000	0.000000000
1.57057057	0.000000000	0.000000000	0.000000000	0.000000000	0.000000000	0.000000000
1.57757758	0.000000000	0.000000000	0.000000000	0.000000000	0.000000000	0.000000000
1.58458458	0.000000000	0.000000000	0.000000000	0.000000000	0.000000000	0.000000000
1.59159159	0.000000000	0.000000000	0.000000000	0.000000000	0.000000000	0.000000000
1.59859860	0.000000000	0.000000000	0.000000000	0.000000000	0.000000000	0.000000000
1.60560561	0.000000000	0.000000000	0.000000000	0.000000000	0.000000000	0.000000000
1.61261261	0.000000000	0.000000000	0.000000000	0.000000000	0.000000000	0.000000000
1.61961962	0.000000000	0.000000000	0.000000000	0.000000000	0.000000000	0.000000000
1.62662663	0.000000000	0.000000000	0.000000000	0.000000000	0.000000000	0.000000000
1.63363363	0.000000000	0.000000000	0.000000000	0.000000000	0.000000000	0.000000000
1.64064064	0.000000000	0.000000000	0.000000000	0.000000000	0.000000000	0.000000000
1.64764765	0.000000000	0.000000000	0.000000000	0.000000000	0.000000000	0.000000000
1.65465465	0.000000000	0.000000000	0.000000000	0.000000000	0.000000000	0.000000000
1.66166166	0.000000000	0.000000000	0.000000000	0.000000000	0.000000000	0.000000000
1.66866867	0.000000000	0.000000000	0.000000000	0.000000000	0.000000000	0.000000000
1.67567568	0.000000000	0.000000000	0.000000000	0.000000000	0.000000000	0.000000000
1.68268268	0.000000000	0.000000000	0.000000000	0.000000000	0.000000000	0.000000000
1.68968969	0.000000000	0.000000000	0.000000000	0.000000000	0.000000000	0.000000000
1.69669670	0.000000000	0.000000000	0.000000000	0.000000000	0.000000000	0.000000000
1.70370370	0.000000000	0.000000000	0.000000000	0.000000000	0.000000000	0.000000000
1.71071071	0.000000000	0.000000000	0.000000000	0.000000000	0.000000000	0.000000000
1.71771772	0.000000000	0.000000000	0.000000000	0.000000000	0.000000000	0.000000000
1.72472472	0.000000000	0.000000000	0.000000000	0.000000000	0.000000000	0.000000000
1.73173173	0.000000000	0.000000000	0.000000000	0.000000000	0.000000000	0.000000000
1.73873874	0.000000000	0.000000000	0.000000000	0.000000000	0.000000000	0.000000000
1.74574575	0.000000000	0.000000000	0.000000000	0.000000000	0.000000000	0.000000000
1.75275275	0.000000000	0.000000000	0.000000000	0.000000000	0.000000000	0.000000000
1.75975976	0.000000000	0.000000000	0.000000000	0.000000000	0.000000000	0.000000000
1.76676677	0.000000000	0.000000000	0.000000000	0.000000000	0.000000000	0.000000000
1.77377377	0.000000000	0.000000000	0.000000000	0.000000000	0.000000000	0.000000000
1.78078078	0.000000000	0.000000000	0.000000000	0.000000000	0.000000000	0.000000000
1.78778779	0.000000000	0.000000000	0.000000000	0.000000000	0.000000000	0.000000000
1.79479479	0.000000000	0.000000000	0.000000000	0.000000000	0.000000000	0.000000000
1.80180180	0.000000000	0.000000000	0.000000000	0.000000000	0.000000000	0.000000000
1.80880881	0.000000000	0.000000000	0.000000000	0.000000000	0.000000000	0.000000000
1.81581582	0.000000000	0.000000000	0.000000000	0.000000000	0.000000000	0.000000000
1.82282282	0.000000000	0.000000000	0.000000000	0.000000000	0.000000000	0.000000000
1.82982983	0.000000000	0.000000000	0.000000000	0.000000000	0.000000000	0.000000000
1.83683684	0.000000000	0.000000000	0.000000000	0.000000000	0.000000000	0.000000000
1.84384384	0.000000000	0.000000000	0.000000000	0.000000000	0.000000000	0.000000000
1.85085085	0.000000000	0.000000000	0.000000000	0.000000000	0.000000000	0.000000000
1.85785786	0.000000000	0.000000000	0.000000000	0.000000000	0.000000000	0.000000000
1.86486486	0.000000000	0.000000000	0.000000000	0.000000000	0.000000000	0.000000000
1.87187187	0.000000000	0.000000000	0.000000000	0.000000000	0.000000000	0.000000000
1.87887888	0.000000000	0.000000000	0.000000000	0.000000000	0.000000000	0.000000000
1.88588589	0.000000000	0.000000000	0.000000000	0.000000000	0.000000000	0.000000000
1.89289289	0.000000000	0.000000000	0.000000000	0.000000000	0.000000000	0.000000000
1.89989990	0.000000000	0.000000000	0.000000000	0.000000000	0.000000000	0.000000000
1.90690691	0.000000000	0.000000000	0.000000000	0.000000000	0.000000000	0.000000000
1.91391391	0.000000000	0.000000000	0.000000000	0.000000000	0.000000000	0.000000000
1.92092092	0.000000000	0.000000000	0.000000000	0.000000000	0.000000000	0.000000000
1.92792793	0.000000000	0.000000000	0.000000000	0.000000000	0.000000000	0.000000000
1.93493493	0.000000000	0.000000000	0.000000000	0.000000000	0.000000000	0.000000000
1.94194194	0.000000000	0.000000000	0.000000000	0.000000000	0.000000000	0.000000000
1.94894895	0.000000000	0.000000000	0.000000000	0.000000000	0.000000000	0.000000000
1.95595596	0.000000000	0.000000000	0.000000000	0.000000000	0.000000000	0.000000000
1.96296296	0.000000000	0.000000000	0.000000000	0.000000000	0.000000000	0.000000000
1.96996997	0.000000000	0.000000000	0.000000000	0.000000000	0.000000000	0.000000000
1.97697698	0.000000000	0.000000000	0.000000000	0.000000000	0.000000000	0.000000000
1.98398398	0.000000000	0.000000000	0.000000000	0.000000000	0.000000000	0.000000000
1.99099099	0.000000000	0.000000000	0.000000000	0.000000000	0.000000000	0.000000000
1.99799800	0.000000000	0.000000000	0.000000000	0.000000000	0.000000000	0.000000000
2.00500501	0.000000000	0.000000000	0.000000000	0.000000000	0.000000000	0.000000000
2.01201201	0.000000000	0.000000000	0.000000000	0.000000000	0.000000000	0.000000000
2.01901902	0.000000000	0.000000000	0.000000000	0.000000000	0.000000000	0.000000000
2.02602603	0.000000000	0.000000000	0.000000000	0.000000000	0.000000000	0.000000000
2.03303303	0.000000000	0.000000000	0.000000000	0.000000000	0.000000000	0.000000000
2.04004004	0.000000000	0.000000000	0.000000000	0.000000000	0.000000000	0.000000000
2.04704705	0.000000000	0.000000000	0.000000000	0.000000000	0.000000000	0.000000000
2.05405405	0.000000000	0.000000000	0.000000000	0.000000000	0.000000000	0.000000000
2.06106106	0.000000000	0.000000000	0.000000000	0.000000000	0.000000000	0.000000000
2.06806807	0.000000000	0.000000000	0.000000000	0.000000000	0.000000000	0.000000000
2.07507508	0.000000000	0.000000000	0.000000000	0.000000000	0.000000000	0.000000000
2.08208208	0.000000000	0.000000000	0.000000000	0.000000000	0.000000000	0.000000000
2.08908909	0.000000000	0.000000000	0.000000000	0.000000000	0.000000000	0.000000000
2.09609610	0.000000000	0.000000000	0.000000000	0.000000000	0.000000000	0.000000000
2.10310310	0.000000000	0.000000000	0.000000000	0.000000000	0.000000000	0.000000000
2.11011011	0.000000000	0.000000000	0.000000000	0.000000000	0.000000000	0.000000000
2.11711712	0.000000000	0.000000000	0.000000000	0.000000000	0.000000000	0.000000000
2.12412412	0.000000000	0.000000000	0.000000000	0.000000000	0.000000000	0.000000000
2.13113113	0.000000000	0.000000000	0.000000000	0.000000000	0.000000000	0.000000000
2.13813814	0.000000000	0.000000000	0.000000000	0.000000000	0.000000000	0.000000000
2.14514515	0.000000000	0.000000000	0.000000000	0.000000000	0.000000000	0.000000000
2.15215215	0.000000000	0.000000000	0.000000000	0.000000000	0.000000000	0.000000000
2.15915916	0.000000000	0.000000000	0.000000000	0.000000000	0.000000000	0.000000000
2.16616617	0.000000000	0.000000000	0.000000000	0.000000000	0.000000000	0.000000000
2.17317317	0.000000000	0.000000000	0.000000000	0.000000000	0.000000000	0.000000000
2.18018018	0.000000000	0.000000000	0.000000000	0.000000000	0.000000000	0.000000000
2.18718719	0.000000000	0.000000000	0.000000000	0.000000000	0.000000000	0.000000000
2.19419419	0.000000000	0.000000000	0.000000000	0.000000000	0.000000000	0.000000000
2.20120120	0.000000000	0.000000000	0.000000000	0.000000000	0.000000000	0.000000000
2.20820821	0.000000000	0.000000000	0.000000000	0.000000000	0.000000000	0.000000000
2.21521522	0.000000000	0.000000000	0.000000000	0.000000000	0.000000000	0.000000000
2.22222222	0.000000000	0.000000000	0.000000000	0.000000000	0.000000000	0.000000000
2.22922923	0.000000000	0.000000000	0.000000000	0.000000000	0.000000000	0.000000000
2.23623624	0.000000000	0.000000000	0.000000000	0.000000000	0.000000000	0.000000000
2.24324324	0.000000000	0.000000000	0.000000000	0.000000000	0.000000000	0.000000000
2.25025025	0.000000000	0.000000000	0.000000000	0.000000000	0.000000000	0.000000000
2.25725726	0.000000000	0.000000000	0.000000000	0.000000000	0.000000000	0.000000000
2.26426426	0.000000000	0.000000000	0.000000000	0.000000000	0.000000000	0.000000000
2.27127127	0.000000000	0.000000000	0.000000000	0.000000000	0.000000000	0.000000000
2.27827828	0.000000000	0.000000000	0.000000000	0.000000000	0.000000000	0.000000000
2.28528529	0.000000000	0.000000000	0.000000000	0.000000000	0.000000000	0.000000000
2.29229229	0.000000000	0.000000000	0.000000000	0.000000000	0.000000000	0.000000000
2.29929930	0.000000000	0.000000000	0.000000000	0.000000000	0.000000000	0.000000000
2.30630631	0.000000000	0.000000000	0.000000000	0.000000000	0.000000000	0.000000000
2.31331331	0.000000000	0.000000000	0.000000000	0.000000000	0.000000000	0.000000000
2.32032032	0.000000000	0.000000000	0.000000000	0.000000000	0.000000000	0.000000000
2.32732733	0.000000000	0.000000000	0.000000000	0.000000000	0.000000000	0.000000000
2.33433433	0.000000000	0.000000000	0.000000000	0.000000000	0.000000000	0.000000000
2.34134134	0.000000000	0.000000000	0.000000000	0.000000000	0.000000000	0.000000000
2.34834835	0.000000000	0.000000000	0.000000000	0.000000000	0.000000000	0.000000000
2.35535536	0.000000000	0.000000000	0.000000000	0.000000000	0.000000000	0.000000000
2.36236236	0.000000000	0.000000000	0.000000000	0.000000000	0.000000000	0.000000000
2.36936937	0.000000000	0.000000000	0.000000000	0.000000000	0.000000000	0.000000000
2.37637638	0.000000000	0.000000000	0.000000000	0.000000000	0.000000000	0.000000000
2.38338338	0.000000000	0.000000000	0.000000000	0.000000000	0.000000000	0.000000000
2.39039039	0.000000000	0.000000000	0.000000000	0.000000000	0.000000000	0.000000000
2.39739740	0.000000000	0.000000000	0.000000000	0.000000000	0.000000000	0.000000000
2.40440440	0.000000000	0.000000000	0.000000000	0.000000000	0.000000000	0.000000000
2.41141141	0.000000000	0.000000000	0.000000000	0.000000000	0.000000000	0.000000000
2.41841842	0.000000000	0.000000000	0.000000000	0.000000000	0.000000000	0.000000000
2.42542543	0.000000000	0.000000000	0.000000000	0.000000000	0.000000000	0.000000000
2.43243243	0.000000000	0.000000000	0.000000000	0.000000000	0.000000000	0.000000000
2.43943944	0.000000000	0.000000000	0.000000000	0.000000000	0.000000000	0.000000000
2.44644645	0.000000000	0.000000000	0.000000000	0.000000000	0.000000000	0.000000000
2.45345345	0.000000000	0.000000000	0.000000000	0.000000000	0.000000000	0.000000000
2.46046046	0.000000000	0.000000000	0.000000000	0.000000000	0.000000000	0.000000000
2.46746747	0.000000000	0.000000000	0.000000000	0.000000000	0.000000000	0.000000000
2.47447447	0.000000000	0.000000000	0.000000000	0.000000000	0.000000000	0.000000000
2.48148148	0.000000000	0.000000000	0.000000000	0.000000000	0.000000000	0.000000000
2.48848849	0.000000000	0.000000000	0.000000000	0.000000000	0.000000000	0.000000000
2.49549550	0.000000000	0.000000000	0.000000000	0.000000000	0.000000000	0.000000000
2.50250250	0.000000000	0.000000000	0.000000000	0.000000000	0.000000000	0.000000000
2.50950951	0.000000000	0.000000000	0.000000000	0.000000000	0.000000000	0.000000000
2.51651652	0.000000000	0.000000000	0.000000000	0.000000000	0.000000000	0.000000000
2.52352352	0.000000000	0.000000000	0.000000000	0.000000000	0.000000000	0.000000000
2.53053053	0.000000000	0.000000000	0.000000000	0.000000000	0.000000000	0.000000000
2.53753754	0.000000000	0.000000000	0.000000000	0.000000000	0.000000000	0.000000000
2.54454454	0.000000000	0.000000000	0.000000000	0.000000000	0.000000000	0.000000000
2.55155155	0.000000000	0.000000000	0.000000000	0.000000000	0.000000000	0.000000000
2.55855856	0.000000000	0.000000000	0.000000000	0.000000000	0.000000000	0.000000000
2.56556557	0.000000000	0.000000000	0.000000000	0.000000000	0.000000000	0.000000000
2.57257257	0.000000000	0.000000000	0.000000000	0.000000000	0.000000000	0.000000000
2.57957958	0.000000000	0.000000000	0.000000000	0.000000000	0.000000000	0.000000000
2.58658659	0.000000000	0.000000000	0.000000000	0.000000000	0.000000000	0.000000000
2.59359359	0.000000000	0.000000000	0.000000000	0.000000000	0.000000000	0.000000000
2.60060060	0.000000000	0.000000000	0.000000000	0.000000000	0.000000000	0.000000000
2.60760761	0.000000000	0.000000000	0.000000000	0.000000000	0.000000000	0.000000000
2.61461461	0.000000000	0.000000000	0.000000000	0.000000000	0.000000000	0.000000000
2.62162162	0.000000000	0.000000000	0.000000000	0.000000000	0.000000000	0.000000000
2.62862863	0.000000000	0.000000000	0.000000000	0.000000000	0.000000000	0.000000000
2.63563564	0.000000000	0.000000000	0.000000000	0.000000000	0.000000000	0.000000000
2.64264264	0.000000000	0.000000000	0.000000000	0.000000000	0.000000000	0.000000000
2.64964965	0.000000000	0.000000000	0.000000000	0.000000000	0.000000000	0.000000000
2.65665666	0.000000000	0.000000000	0.000000000	0.000000000	0.000000000	0.000000000
2.66366366	0.000000000	0.000000000	0.000000000	0.000000000	0.000000000	0.000000000
2.67067067	0.000000000	0.000000000	0.000000000	0.000000000	0.000000000	0.000000000
2.67767768	0.000000000	0.000000000	0.000000000	0.000000000	0.000000000	0.000000000
2.68468468	0.000000000	0.000000000	0.000000000	0.000000000	0.000000000	0.000000000
2.69169169	0.000000000	0.000000000	0.000000000	0.000000000	0.000000000	0.000000000
2.69869870	0.000000000	0.000000000	0.000000000	0.000000000	0.000000000	0.000000000
2.70570571	0.000000000	0.000000000	0.000000000	0.000000000	0.000000000	0.000000000
2.71271271	0.000000000	0.000000000	0.000000000	0.000000000	0.000000000	0.000000000
2.71971972	0.000000000	0.000000000	0.000000000	0.000000000	0.000000000	0.000000000
2.72672673	0.000000000	0.000000000	0.000000000	0.000000000	0.000000000	0.000000000
2.73373373	0.000000000	0.000000000	0.000000000	0.000000000	0.000000000	0.000000000
2.74074074	0.000000000	0.000000000	0.000000000	0.000000000	0.000000000	0.000000000
2.74774775	0.000000000	0.000000000	0.000000000	0.000000000	0.000000000	0.000000000
2.75475475	0.000000000	0.000000000	0.000000000	0.000000000	0.000000000	0.000000000
2.76176176	0.000000000	0.000000000	0.000000000	0.000000000	0.000000000	0.000000000
2.76876877	0.000000000	0.000000000	0.000000000	0.000000000	0.000000000	0.000000000
2.77577578	0.000000000	0.000000000	0.000000000	0.000000000	0.000000000	0.000000000
2.78278278	0.000000000	0.000000000	0.000000000	0.000000000	0.000000000	0.000000000
2.78978979	0.000000000	0.000000000	0.000000000	0.000000000	0.000000000	0.000000000
2.79679680	0.000000000	0.000000000	0.000000000	0.000000000	0.000000000	0.000000000
2.80380380	0.000000000	0.000000000	0.000000000	0.000000000	0.000000000	0.000000000
2.81081081	0.000000000	0.000000000	0.000000000	0.000000000	0.000000000	0.000000000
2.81781782	0.000000000	0.000000000	0.000000000	0.000000000	0.000000000	0.000000000
2.82482482	0.000000000	0.000000000	0.000000000	0.000000000	0.000000000	0.000000000
2.83183183	0.000000000	0.000000000	0.000000000	0.000000000	0.000000000	0.000000000
2.83883884	0.000000000	0.000000000	0.000000000	0.000000000	0.000000000	0.000000000
2.84584585	0.000000000	0.000000000	0.000000000	0.000000000	0.000000000	0.000000000
2.85285285	0.000000000	0.000000000	0.000000000	0.000000000	0.000000000	0.000000000
2.85985986	0.000000000	0.000000000	0.000000000	0.000000000	0.000000000	0.000000000
2.86686687	0.000000000	0.000000000	0.000000000	0.000000000	0.000000000	0.000000000
2.87387387	0.000000000	0.000000000	0.000000000	0.000000000	0.000000000	0.000000000
2.88088088	0.000000000	0.000000000	0.000000000	0.000000000	0.000000000	0.000000000
2.88788789	0.000000000	0.000000000	0.000000000	0.000000000	0.000000000	0.000000000
2.89489489	0.000000000	0.000000000	0.000000000	0.000000000	0.000000000	0.000000000
2.90190190	0.000000000	0.000000000	0.000000000	0.000000000	0.000000000	0.000000000
2.90890891	0.000000000	0.000000000	0.000000000	0.000000000	0.000000000	0.000000000
2.91591592	0.000000000	0.000000000	0.000000000	0.000000000	0.000000000	0.000000000
2.92292292	0.000000000	0.000000000	0.000000000	0.000000000	0.000000000	0.000000000
2.92992993	0.000000000	0.000000000	0.000000000	0.000000000	0.000000000	0.000000000
2.93693694	0.000000000	0.000000000	0.000000000	0.000000000	0.000000000	0.000000000
2.94394394	0.000000000	0.000000000	0.000000000	0.000000000	0.000000000	0.000000000
2.95095095	0.000000000	0.000000000	0.000000000	0.000000000	0.000000000	0.000000000
2.95795796	0.000000000	0.000000000	0.000000000	0.000000000	0.000000000	0.000000000
2.96496496	0.000000000	0.000000000	0.000000000	0.000000000	0.000000000	0.000000000
2.97197197	0.000000000	0.000000000	0.000000000	0.000000000	0.000000000	0.000000000
2.97897898	0.000000000	0.000000000	0.000000000	0.000000000	0.000000000	0.000000000
2.98598599	0.000000000	0.000000000	0.000000000	0.000000000	0.000000000	0.000000000
2.99299299	0.000000000	0.000000000	0.000000000	0.000000000	0.000000000	0.000000000
3.00000000	0.000000000	0.000000000	0.000000000	0.000000000	0.000000000	0.000000000
