-4.00000000	0.005382095	0.012350509	0.017337794	0.039395710	0.018256416	0.023141382
-3.99299299	0.005449329	0.012478603	0.017511831	0.039800366	0.018422716	0.023344577
-3.98598599	0.005517457	0.012608127	0.017687741	0.040209042	0.018590675	0.023549721
-3.97897898	0.005586493	0.012739098	0.017865546	0.040621772	0.018760313	0.023756834
-3.97197197	0.005656449	0.012871533	0.018045268	0.041038594	0.018931646	0.023965936
-3.96496496	0.005727339	0.013005450	0.018226927	0.041459544	0.019104694	0.024177049
-3.95795796	0.005799175	0.013140865	0.018410547	0.041884660	0.019279474	0.024390192
-3.95095095	0.005871971	0.013277798	0.018596150	0.042313978	0.019456006	0.024605387
-3.94394394	0.005945740	0.013416266	0.018783758	0.042747537	0.019634309	0.024822655
-3.93693694	0.006020497	0.013556287	0.018973394	0.043185375	0.019814401	0.025042017
-3.92992993	0.006096255	0.013697880	0.019165081	0.043627529	0.019996303	0.025263496
-3.92292292	0.006173028	0.013841064	0.019358844	0.044074038	0.020180033	0.025487112
-3.91591592	0.006250831	0.013985857	0.019554704	0.044524940	0.020365611	0.025712888
-3.90890891	0.006329678	0.014132280	0.019752688	0.044980274	0.020553059	0.025940846
-3.90190190	0.006409585	0.014280351	0.019952818	0.045440080	0.020742395	0.026171009
-3.89489489	0.006490566	0.014430090	0.020155120	0.045904397	0.020933640	0.026403400
-3.88788789	0.006572636	0.014581518	0.020359618	0.046373263	0.021126816	0.026638042
-3.88088088	0.006655811	0.014734653	0.020566337	0.046846720	0.021321943	0.026874959
-3.87387387	0.006740107	0.014889518	0.020775303	0.047324807	0.021519043	0.027114173
-3.86686687	0.006825540	0.015046133	0.020986542	0.047807565	0.021718136	0.027355709
-3.85985986	0.006912126	0.015204518	0.021200080	0.048295034	0.021919245	0.027599591
-3.85285285	0.006999881	0.015364695	0.021415943	0.048787254	0.022122392	0.027845842
-3.84584585	0.007088823	0.015526685	0.021634157	0.049284267	0.022327599	0.028094489
-3.83883884	0.007178967	0.015690511	0.021854750	0.049786115	0.022534888	0.028345556
-3.83183183	0.007270332	0.015856194	0.022077750	0.050292838	0.022744283	0.028599067
-3.82482482	0.007362934	0.016023757	0.022303183	0.050804478	0.022955805	0.028855049
-3.81781782	0.007456791	0.016193222	0.022531078	0.051321078	0.023169479	0.029113527
-3.81081081	0.007551923	0.016364613	0.022761462	0.051842679	0.023385329	0.029374528
-3.80380380	0.007648345	0.016537952	0.022994366	0.052369325	0.023603377	0.029638076
-3.79679680	0.007746078	0.016713262	0.023229817	0.052901057	0.023823648	0.029904200
-3.78978979	0.007845140	0.016890569	0.023467845	0.053437918	0.024046167	0.030172925
-3.78278278	0.007945550	0.017069896	0.023708479	0.053979953	0.024270957	0.030444280
-3.77577578	0.008047327	0.017251267	0.023951750	0.054527203	0.024498045	0.030718291
-3.76876877	0.008150492	0.017434706	0.024197689	0.055079713	0.024727455	0.030994986
-3.76176176	0.008255063	0.017620240	0.024446324	0.055637526	0.024959212	0.031274393
-3.75475475	0.008361062	0.017807894	0.024697689	0.056200686	0.025193344	0.031556541
-3.74774775	0.008468509	0.017997692	0.024951814	0.056769238	0.025429875	0.031841459
-3.74074074	0.008577424	0.018189661	0.025208730	0.057343226	0.025668832	0.032129174
-3.73373373	0.008687830	0.018383828	0.025468471	0.057922695	0.025910242	0.032419717
-3.72672673	0.008799747	0.018580218	0.025731069	0.058507689	0.026154132	0.032713117
-3.71971972	0.008913197	0.018778860	0.025996557	0.059098253	0.026400529	0.033009404
-3.71271271	0.009028203	0.018979780	0.026264968	0.059694433	0.026649462	0.033308608
-3.70570571	0.009144787	0.019183005	0.026536336	0.060296275	0.026900957	0.033610760
-3.69869870	0.009262971	0.019388565	0.026810694	0.060903823	0.027155043	0.033915891
-3.69169169	0.009382780	0.019596487	0.027088079	0.061517123	0.027411750	0.034224032
-3.68468468	0.009504236	0.019806800	0.027368524	0.062136222	0.027671105	0.034535214
-3.67767768	0.009627363	0.020019532	0.027652064	0.062761166	0.027933139	0.034849470
-3.67067067	0.009752186	0.020234715	0.027938737	0.063392001	0.028197881	0.035166831
-3.66366366	0.009878730	0.020452377	0.028228577	0.064028774	0.028465360	0.035487330
-3.65665666	0.010007018	0.020672548	0.028521622	0.064671531	0.028735608	0.035811001
-3.64964965	0.010137078	0.020895260	0.028817909	0.065320319	0.029008654	0.036137876
-3.64264264	0.010268933	0.021120542	0.029117474	0.065975186	0.029284531	0.036467989
-3.63563564	0.010402612	0.021348427	0.029420357	0.066636178	0.029563268	0.036801374
-3.62862863	0.010538139	0.021578947	0.029726594	0.067303343	0.029844899	0.037138066
-3.62162162	0.010675542	0.021812132	0.030036227	0.067976728	0.030129456	0.037478099
-3.61461461	0.010814849	0.022048017	0.030349292	0.068656381	0.030416970	0.037821509
-3.60760761	0.010956087	0.022286633	0.030665831	0.069342350	0.030707475	0.038168331
-3.60060060	0.011099284	0.022528015	0.030985883	0.070034683	0.031001004	0.038518600
-3.59359359	0.011244470	0.022772196	0.031309489	0.070733428	0.031297590	0.038872354
-3.58658659	0.011391672	0.023019210	0.031636691	0.071438632	0.031597268	0.039229628
-3.57957958	0.011540921	0.023269092	0.031967529	0.072150345	0.031900072	0.039590460
-3.57257257	0.011692246	0.023521878	0.032302046	0.072868614	0.032206038	0.039954888
-3.56556557	0.011845678	0.023777602	0.032640285	0.073593489	0.032515199	0.040322949
-3.55855856	0.012001248	0.024036300	0.032982289	0.074325017	0.032827592	0.040694681
-3.55155155	0.012158987	0.024298010	0.033328101	0.075063248	0.033143254	0.041070123
-3.54454454	0.012318926	0.024562768	0.033677765	0.075808231	0.033462220	0.041449314
-3.53753754	0.012481099	0.024830611	0.034031326	0.076560013	0.033784527	0.041832295
-3.53053053	0.012645538	0.025101577	0.034388830	0.077318645	0.034110212	0.042219103
-3.52352352	0.012812276	0.025375705	0.034750321	0.078084175	0.034439315	0.042609781
-3.51651652	0.012981347	0.025653033	0.035115847	0.078856652	0.034771871	0.043004368
-3.50950951	0.013152785	0.025933601	0.035485453	0.079636125	0.035107922	0.043402907
-3.50250250	0.013326625	0.026217449	0.035859187	0.080422644	0.035447504	0.043805438
-3.49549550	0.013502903	0.026504616	0.036237098	0.081216258	0.035790659	0.044212004
-3.48848849	0.013681655	0.026795144	0.036619232	0.082017016	0.036137425	0.044622647
-3.48148148	0.013862916	0.027089074	0.037005640	0.082824967	0.036487844	0.045037410
-3.47447447	0.014046724	0.027386447	0.037396370	0.083640161	0.036841956	0.045456337
-3.46746747	0.014233116	0.027687306	0.037791473	0.084462647	0.037199803	0.045879471
-3.46046046	0.014422131	0.027991695	0.038191000	0.085292473	0.037561427	0.046306858
-3.45345345	0.014613807	0.028299656	0.038595001	0.086129690	0.037926870	0.046738541
-3.44644645	0.014808184	0.028611233	0.039003529	0.086974347	0.038296174	0.047174567
-3.43943944	0.015005302	0.028926471	0.039416635	0.087826493	0.038669384	0.047614980
-3.43243243	0.015205200	0.029245415	0.039834374	0.088686177	0.039046543	0.048059828
-3.42542543	0.015407921	0.029568111	0.040256798	0.089553447	0.039427695	0.048509157
-3.41841842	0.015613505	0.029894605	0.040683961	0.090428354	0.039812885	0.048963013
-3.41141141	0.015821996	0.030224944	0.041115919	0.091310946	0.040202159	0.049421446
-3.40440440	0.016033437	0.030559174	0.041552727	0.092201273	0.040595563	0.049884503
-3.39739740	0.016247870	0.030897345	0.041994442	0.093099382	0.040993143	0.050352233
-3.39039039	0.016465341	0.031239505	0.042441119	0.094005322	0.041394946	0.050824685
-3.38338338	0.016685895	0.031585702	0.042892816	0.094919143	0.041801019	0.051301910
-3.37637638	0.016909577	0.031935988	0.043349592	0.095840892	0.042211411	0.051783956
-3.36936937	0.017136434	0.032290411	0.043811505	0.096770618	0.042626170	0.052270876
-3.36236236	0.017366513	0.032649024	0.044278614	0.097708369	0.043045345	0.052762721
-3.35535536	0.017599862	0.033011878	0.044750980	0.098654193	0.043468986	0.053259541
-3.34834835	0.017836530	0.033379025	0.045228662	0.099608137	0.043897144	0.053761391
-3.34134134	0.018076565	0.033750519	0.045711723	0.100570251	0.044329869	0.054268322
-3.33433433	0.018320018	0.034126412	0.046200225	0.101540579	0.044767212	0.054780389
-3.32732733	0.018566940	0.034506760	0.046694230	0.102519171	0.045209226	0.055297645
-3.32032032	0.018817383	0.034891618	0.047193801	0.103506073	0.045655964	0.055820145
-3.31331331	0.019071399	0.035281040	0.047699004	0.104501331	0.046107478	0.056347944
-3.30630631	0.019329041	0.035675085	0.048209903	0.105504993	0.046563823	0.056881098
-3.29929930	0.019590363	0.036073807	0.048726563	0.106517103	0.047025052	0.057419663
-3.29229229	0.019855421	0.036477267	0.049249050	0.107537709	0.047491222	0.057963696
-3.28528529	0.020124269	0.036885521	0.049777433	0.108566856	0.047962387	0.058513255
-3.27827828	0.020396966	0.037298630	0.050311778	0.109604588	0.048438604	0.059068398
-3.27127127	0.020673567	0.037716652	0.050852155	0.110650951	0.048919930	0.059629183
-3.26426426	0.020954131	0.038139650	0.051398633	0.111705990	0.049406423	0.060195669
-3.25725726	0.021238718	0.038567684	0.051951281	0.112769748	0.049898141	0.060767917
-3.25025025	0.021527388	0.039000817	0.052510170	0.113842269	0.050395142	0.061345987
-3.24324324	0.021820202	0.039439112	0.053075373	0.114923597	0.050897487	0.061929940
-3.23623624	0.022117221	0.039882632	0.053646962	0.116013775	0.051405235	0.062519837
-3.22922923	0.022418509	0.040331442	0.054225009	0.117112845	0.051918449	0.063115742
-3.22222222	0.022724129	0.040785608	0.054809589	0.118220850	0.052437188	0.063717716
-3.21521522	0.023034147	0.041245195	0.055400777	0.119337830	0.052961516	0.064325823
-3.20820821	0.023348628	0.041710271	0.055998648	0.120463827	0.053491496	0.064940128
-3.20120120	0.023667639	0.042180904	0.056603278	0.121598882	0.054027192	0.065560696
-3.19419419	0.023991249	0.042657161	0.057214746	0.122743034	0.054568667	0.066187591
-3.18718719	0.024319525	0.043139113	0.057833128	0.123896324	0.055115987	0.066820880
-3.18018018	0.024652538	0.043626830	0.058458504	0.125058789	0.055669218	0.067460630
-3.17317317	0.024990359	0.044120383	0.059090954	0.126230469	0.056228427	0.068106908
-3.16616617	0.025333059	0.044619844	0.059730558	0.127411400	0.056793680	0.068759782
-3.15915916	0.025680713	0.045125286	0.060377398	0.128601621	0.057365047	0.069419320
-3.15215215	0.026033395	0.045636783	0.061031555	0.129801167	0.057942596	0.070085594
-3.14514515	0.026391179	0.046154409	0.061693114	0.131010074	0.058526397	0.070758671
-3.13813814	0.026754143	0.046678241	0.062362158	0.132228378	0.059116519	0.071438624
-3.13113113	0.027122364	0.047208354	0.063038771	0.133456112	0.059713035	0.072125523
-3.12412412	0.027495922	0.047744827	0.063723041	0.134693309	0.060316016	0.072819441
-3.11711712	0.027874896	0.048287737	0.064415053	0.135940004	0.060925536	0.073520450
-3.11011011	0.028259367	0.048837164	0.065114895	0.137196227	0.061541667	0.074228625
-3.10310310	0.028649419	0.049393188	0.065822656	0.138462011	0.062164484	0.074944038
-3.09609610	0.029045135	0.049955891	0.066538425	0.139737384	0.062794062	0.075666766
-3.08908909	0.029446600	0.050525354	0.067262292	0.141022377	0.063430478	0.076396884
-3.08208208	0.029853901	0.051101661	0.067994348	0.142317018	0.064073808	0.077134467
-3.07507508	0.030267125	0.051684897	0.068734686	0.143621335	0.064724129	0.077879594
-3.06806807	0.030686361	0.052275145	0.069483399	0.144935354	0.065381521	0.078632341
-3.06106106	0.031111700	0.052872493	0.070240581	0.146259102	0.066046063	0.079392788
-3.05405405	0.031543233	0.053477028	0.071006326	0.147592602	0.066717835	0.080161013
-3.04704705	0.031981054	0.054088838	0.071780731	0.148935878	0.067396918	0.080937097
-3.04004004	0.032425257	0.054708012	0.072563892	0.150288954	0.068083394	0.081721120
-3.03303303	0.032875938	0.055334641	0.073355908	0.151651850	0.068777346	0.082513163
-3.02602603	0.033333194	0.055968815	0.074156876	0.153024587	0.069478858	0.083313310
-3.01901902	0.033797124	0.056610629	0.074966897	0.154407185	0.070188014	0.084121641
-3.01201201	0.034267829	0.057260175	0.075786072	0.155799660	0.070904900	0.084938242
-3.00500501	0.034745410	0.057917547	0.076614501	0.157202031	0.071629602	0.085763196
-2.99799800	0.035229970	0.058582842	0.077452288	0.158614313	0.072362208	0.086596589
-2.99099099	0.035721615	0.059256157	0.078299536	0.160036521	0.073102807	0.087438506
-2.98398398	0.036220451	0.059937589	0.079156350	0.161468667	0.073851486	0.088289035
-2.97697698	0.036726586	0.060627238	0.080022836	0.162910763	0.074608337	0.089148262
-2.96996997	0.037240129	0.061325204	0.080899099	0.164362820	0.075373450	0.090016275
-2.96296296	0.037761192	0.062031588	0.081785248	0.165824847	0.076146918	0.090893164
-2.95595596	0.038289889	0.062746493	0.082681391	0.167296851	0.076928833	0.091779018
-2.94894895	0.038826332	0.063470023	0.083587638	0.168778839	0.077719290	0.092673928
-2.94194194	0.039370640	0.064202283	0.084504098	0.170270816	0.078518383	0.093577984
-2.93493493	0.039922929	0.064943378	0.085430885	0.171772784	0.079326208	0.094491279
-2.92792793	0.040483319	0.065693417	0.086368109	0.173284746	0.080142863	0.095413905
-2.92092092	0.041051933	0.066452508	0.087315885	0.174806701	0.080968445	0.096345956
-2.91391391	0.041628893	0.067220759	0.088274328	0.176338648	0.081803052	0.097287526
-2.90690691	0.042214325	0.067998284	0.089243552	0.177880584	0.082646786	0.098238709
-2.89989990	0.042808355	0.068785193	0.090223674	0.179432504	0.083499746	0.099199603
-2.89289289	0.043411113	0.069581600	0.091214813	0.180994401	0.084362034	0.100170303
-2.88588589	0.044022728	0.070387621	0.092217086	0.182566267	0.085233754	0.101150906
-2.87887888	0.044643335	0.071203370	0.093230613	0.184148093	0.086115010	0.102141511
-2.87187187	0.045273067	0.072028965	0.094255514	0.185739866	0.087005906	0.103142216
-2.86486486	0.045912061	0.072864525	0.095291912	0.187341572	0.087906548	0.104153122
-2.85785786	0.046560455	0.073710170	0.096339928	0.188953195	0.088817043	0.105174327
-2.85085085	0.047218390	0.074566021	0.097399686	0.190574719	0.089737500	0.106205934
-2.84384384	0.047886009	0.075432199	0.098471311	0.192206123	0.090668027	0.107248044
-2.83683684	0.048563456	0.076308830	0.099554928	0.193847386	0.091608734	0.108300760
-2.82982983	0.049250878	0.077196037	0.100650664	0.195498484	0.092559734	0.109364185
-2.82282282	0.049948423	0.078093948	0.101758646	0.197159392	0.093521137	0.110438424
-2.81581582	0.050656243	0.079002690	0.102879003	0.198830082	0.094493058	0.111523580
-2.80880881	0.051374491	0.079922393	0.104011864	0.200510523	0.095475611	0.112619760
-2.80180180	0.052103322	0.080853186	0.105157360	0.202200684	0.096468911	0.113727069
-2.79479479	0.052842894	0.081795201	0.106315621	0.203900529	0.097473075	0.114845616
-2.78778779	0.053593365	0.082748572	0.107486781	0.205610024	0.098488220	0.115975507
-2.78078078	0.054354900	0.083713434	0.108670971	0.207329127	0.099514465	0.117116851
-2.77377377	0.055127661	0.084689921	0.109868328	0.209057799	0.100551930	0.118269758
-2.76676677	0.055911815	0.085678172	0.111078985	0.210795994	0.101600736	0.119434336
-2.75975976	0.056707531	0.086678325	0.112303078	0.212543668	0.102661005	0.120610697
-2.75275275	0.057514981	0.087690519	0.113540745	0.214300771	0.103732859	0.121798952
-2.74574575	0.058334339	0.088714898	0.114792124	0.216067251	0.104816423	0.122999213
-2.73873874	0.059165780	0.089751603	0.116057352	0.217843057	0.105911821	0.124211592
-2.73173173	0.060009483	0.090800778	0.117336570	0.219628130	0.107019181	0.125436203
-2.72472472	0.060865629	0.091862570	0.118629918	0.221422412	0.108138630	0.126673159
-2.71771772	0.061734402	0.092937125	0.119937537	0.223225842	0.109270295	0.127922575
-2.71071071	0.062615987	0.094024593	0.121259569	0.225038354	0.110414307	0.129184566
-2.70370370	0.063510574	0.095125122	0.122596157	0.226859883	0.111570796	0.130459248
-2.69669670	0.064418353	0.096238864	0.123947445	0.228690357	0.112739894	0.131746737
-2.68968969	0.065339519	0.097365971	0.125313577	0.230529704	0.113921733	0.133047151
-2.68268268	0.066274268	0.098506599	0.126694699	0.232377849	0.115116447	0.134360606
-2.67567568	0.067222798	0.099660902	0.128090955	0.234234713	0.116324172	0.135687221
-2.66866867	0.068185312	0.100829038	0.129502494	0.236100214	0.117545042	0.137027114
-2.66166166	0.069162014	0.102011165	0.130929461	0.237974268	0.118779196	0.138380405
-2.65465465	0.070153112	0.103207442	0.132372006	0.239856787	0.120026771	0.139747214
-2.64764765	0.071158814	0.104418031	0.133830276	0.241747681	0.121287906	0.141127660
-2.64064064	0.072179334	0.105643094	0.135304422	0.243646856	0.122562742	0.142521863
-2.63363363	0.073214887	0.106882796	0.136794592	0.245554215	0.123851419	0.143929946
-2.62662663	0.074265692	0.108137302	0.138300937	0.247469657	0.125154080	0.145352030
-2.61961962	0.075331969	0.109406778	0.139823609	0.249393081	0.126470867	0.146788236
-2.61261261	0.076413943	0.110691393	0.141362757	0.251324378	0.127801926	0.148238687
-2.60560561	0.077511839	0.111991316	0.142918535	0.253263439	0.129147402	0.149703506
-2.59859860	0.078625889	0.113306719	0.144491095	0.255210150	0.130507440	0.151182816
-2.59159159	0.079756325	0.114637773	0.146080589	0.257164396	0.131882188	0.152676739
-2.58458458	0.080903382	0.115984652	0.147687171	0.259126055	0.133271793	0.154185400
-2.57757758	0.082067298	0.117347532	0.149310993	0.261095005	0.134676406	0.155708923
-2.57057057	0.083248316	0.118726587	0.150952210	0.263071117	0.136096175	0.157247431
-2.56356356	0.084446679	0.120121997	0.152610976	0.265054262	0.137531253	0.158801050
-2.55655656	0.085662636	0.121533939	0.154287444	0.267044305	0.138981789	0.160369903
-2.54954955	0.086896437	0.122962595	0.155981769	0.269041108	0.140447939	0.161954115
-2.54254254	0.088148334	0.124408145	0.157694105	0.271044530	0.141929854	0.163553812
-2.53553554	0.089418586	0.125870772	0.159424607	0.273054426	0.143427689	0.165169117
-2.52852853	0.090707451	0.127350660	0.161173430	0.275070646	0.144941600	0.166800156
-2.52152152	0.092015192	0.128847994	0.162940727	0.277093039	0.146471742	0.168447053
-2.51451451	0.093342075	0.130362961	0.164726654	0.279121447	0.148018273	0.170109935
-2.50750751	0.094688369	0.131895748	0.166531364	0.281155710	0.149581349	0.171788924
-2.50050050	0.096054346	0.133446544	0.168355011	0.283195664	0.151161130	0.173484147
-2.49349349	0.097440282	0.135015538	0.170197750	0.285241142	0.152757773	0.175195727
-2.48648649	0.098846453	0.136602921	0.172059733	0.287291971	0.154371439	0.176923789
-2.47947948	0.100273142	0.138208886	0.173941114	0.289347975	0.156002288	0.178668456
-2.47247247	0.101720632	0.139833624	0.175842045	0.291408975	0.157650480	0.180429854
-2.46546547	0.103189213	0.141477331	0.177762679	0.293474787	0.159316178	0.182208104
-2.45845846	0.104679173	0.143140200	0.179703167	0.295545222	0.160999542	0.184003330
-2.45145145	0.106190807	0.144822429	0.181663660	0.297620090	0.162700737	0.185815655
-2.44444444	0.107724413	0.146524212	0.183644307	0.299699193	0.164419924	0.187645201
-2.43743744	0.109280289	0.148245749	0.185645259	0.301782333	0.166157266	0.189492088
-2.43043043	0.110858738	0.149987237	0.187666664	0.303869304	0.167912929	0.191356439
-2.42342342	0.112460068	0.151748876	0.189708668	0.305959899	0.169687075	0.193238373
-2.41641642	0.114084587	0.153530866	0.191771419	0.308053904	0.171479869	0.195138009
-2.40940941	0.115732608	0.155333406	0.193855062	0.310151104	0.173291477	0.197055467
-2.40240240	0.117404445	0.157156699	0.195959740	0.312251277	0.175122061	0.198990864
-2.39539540	0.119100417	0.159000945	0.198085596	0.314354198	0.176971789	0.200944317
-2.38838839	0.120820845	0.160866348	0.200232772	0.316459639	0.178840824	0.202915942
-2.38138138	0.122566054	0.162753110	0.202401407	0.318567364	0.180729332	0.204905853
-2.37437437	0.124336371	0.164661434	0.204591639	0.320677137	0.182637478	0.206914164
-2.36736737	0.126132126	0.166591524	0.206803604	0.322788716	0.184565428	0.208940987
-2.36036036	0.127953651	0.168543583	0.209037436	0.324901854	0.186513345	0.210986434
-2.35335335	0.129801282	0.170517815	0.211293269	0.327016300	0.188481395	0.213050614
-2.34634635	0.131675359	0.172514425	0.213571232	0.329131799	0.190469742	0.215133635
-2.33933934	0.133576221	0.174533617	0.215871454	0.331248093	0.192478550	0.217235604
-2.33233233	0.135504214	0.176575595	0.218194060	0.333364918	0.194507983	0.219356626
-2.32532533	0.137459683	0.178640563	0.220539174	0.335482005	0.196558205	0.221496804
-2.31831832	0.139442979	0.180728724	0.222906916	0.337599083	0.198629377	0.223656239
-2.31131131	0.141454452	0.182840284	0.225297405	0.339715875	0.200721662	0.225835031
-2.30430430	0.143494456	0.184975445	0.227710756	0.341832101	0.202835222	0.228033277
-2.29729730	0.145563349	0.187134409	0.230147080	0.343947475	0.204970216	0.230251072
-2.29029029	0.147661488	0.189317380	0.232606487	0.346061709	0.207126804	0.232488510
-2.28328328	0.149789236	0.191524559	0.235089083	0.348174508	0.209305146	0.234745681
-2.27627628	0.151946955	0.193756147	0.237594970	0.350285575	0.211505398	0.237022672
-2.26926927	0.154135009	0.196012345	0.240124247	0.352394608	0.213727716	0.239319570
-2.26226226	0.156353768	0.198293351	0.242677008	0.354501300	0.215972257	0.241636458
-2.25525526	0.158603598	0.200599364	0.245253344	0.356605341	0.218239173	0.243973415
-2.24824825	0.160884872	0.202930580	0.247853343	0.358706417	0.220528617	0.246330519
-2.24124124	0.163197961	0.205287197	0.250477087	0.360804208	0.222840739	0.248707843
-2.23423423	0.165543240	0.207669407	0.253124654	0.362898392	0.225175688	0.251105458
-2.22722723	0.167921083	0.210077404	0.255796117	0.364988641	0.227533610	0.253523432
-2.22022022	0.170331868	0.212511378	0.258491545	0.367074625	0.229914652	0.255961829
-2.21321321	0.172775971	0.214971519	0.261211002	0.369156008	0.232318956	0.258420709
-2.20620621	0.175253772	0.217458015	0.263954546	0.371232450	0.234746662	0.260900128
-2.19919920	0.177765650	0.219971049	0.266722230	0.373303610	0.237197909	0.263400140
-2.19219219	0.180311985	0.222510806	0.269514102	0.375369139	0.239672833	0.265920792
-2.18518519	0.182893157	0.225077465	0.272330202	0.377428687	0.242171565	0.268462129
-2.17817818	0.185509547	0.227671204	0.275170567	0.379481898	0.244694238	0.271024192
-2.17117117	0.188161537	0.230292198	0.278035224	0.381528415	0.247240978	0.273607014
-2.16416416	0.190849507	0.232940619	0.280924198	0.383567875	0.249811909	0.276210627
-2.15715716	0.193573838	0.235616637	0.283837503	0.385599911	0.252407152	0.278835057
-2.15015015	0.196334910	0.238320416	0.286775149	0.387624154	0.255026825	0.281480325
-2.14314314	0.199133103	0.241052119	0.289737136	0.389640231	0.257671041	0.284146444
-2.13613614	0.201968795	0.243811904	0.292723460	0.391647765	0.260339910	0.286833427
-2.12912913	0.204842363	0.246599925	0.295734107	0.393646375	0.263033538	0.289541276
-2.12212212	0.207754184	0.249416333	0.298769054	0.395635679	0.265752027	0.292269991
-2.11511512	0.210704631	0.252261274	0.301828273	0.397615288	0.268495474	0.295019563
-2.10810811	0.213694077	0.255134889	0.304911724	0.399584814	0.271263972	0.297789979
-2.10110110	0.216722892	0.258037314	0.308019360	0.401543862	0.274057608	0.300581219
-2.09409409	0.219791444	0.260968682	0.311151126	0.403492036	0.276876467	0.303393256
-2.08708709	0.222900096	0.263929118	0.314306956	0.405428938	0.279720624	0.306226056
-2.08008008	0.226049210	0.266918743	0.317486773	0.407354163	0.282590153	0.309079577
-2.07307307	0.229239145	0.269937673	0.320690494	0.409267308	0.285485121	0.311953773
-2.06606607	0.232470255	0.272986015	0.323918021	0.411167965	0.288405587	0.314848587
-2.05905906	0.235742889	0.276063874	0.327169250	0.413055722	0.291351605	0.317763956
-2.05205205	0.239057392	0.279171343	0.330444064	0.414930168	0.294323225	0.320699808
-2.04504505	0.242414105	0.282308513	0.333742333	0.416790886	0.297320487	0.323656063
-2.03803804	0.245813363	0.285475466	0.337063919	0.418637458	0.300343426	0.326632633
-2.03103103	0.249255495	0.288672275	0.340408670	0.420469465	0.303392068	0.329629421
-2.02402402	0.252740824	0.291899008	0.343776422	0.422286485	0.306466433	0.332646320
-2.01701702	0.256269666	0.295155723	0.347166998	0.424088093	0.309566532	0.335683216
-2.01001001	0.259842330	0.298442470	0.350580211	0.425873864	0.312692371	0.338739983
-2.00300300	0.263459119	0.301759290	0.354015856	0.427643368	0.315843943	0.341816487
-1.99599600	0.267120325	0.305106216	0.357473719	0.429396179	0.319021236	0.344912582
-1.98898899	0.270826233	0.308483269	0.360953570	0.431131863	0.322224227	0.348028113
-1.98198198	0.274577120	0.311890464	0.364455164	0.432849989	0.325452884	0.351162914
-1.97497497	0.278373250	0.315327802	0.367978243	0.434550123	0.328707166	0.354316808
-1.96796797	0.282214881	0.318795276	0.371522533	0.436231831	0.331987021	0.357489606
-1.96096096	0.286102256	0.322292867	0.375087744	0.437894676	0.335292389	0.360681110
-1.95395395	0.290035610	0.325820544	0.378673572	0.439538224	0.338623195	0.363891106
-1.94694695	0.294015164	0.329378266	0.382279696	0.441162035	0.341979358	0.367119371
-1.93993994	0.298041127	0.332965979	0.385905777	0.442765672	0.345360781	0.370365669
-1.93293293	0.302113695	0.336583616	0.389551462	0.444348698	0.348767359	0.373629750
-1.92592593	0.306233048	0.340231098	0.393216377	0.445910674	0.352198971	0.376911351
-1.91891892	0.310399355	0.343908330	0.396900134	0.447451160	0.355655488	0.380210197
-1.91191191	0.314612765	0.347615207	0.400602324	0.448969720	0.359136764	0.383525998
-1.90490490	0.318873415	0.351351608	0.404322521	0.450465914	0.362642641	0.386858449
-1.89789790	0.323181423	0.355117395	0.408060280	0.451939306	0.366172948	0.390207233
-1.89089089	0.327536889	0.358912417	0.411815136	0.453389457	0.369727499	0.393572016
-1.88388388	0.331939896	0.362736508	0.415586604	0.454815931	0.373306093	0.396952450
-1.87687688	0.336390506	0.366589485	0.419374180	0.456218292	0.376908515	0.400348170
-1.86986987	0.340888762	0.370471146	0.423177338	0.457596106	0.380534533	0.403758796
-1.86286286	0.345434686	0.374381275	0.426995533	0.458948940	0.384183900	0.407183934
-1.85585586	0.350028276	0.378319637	0.430828197	0.460276362	0.387856353	0.410623169
-1.84884885	0.354669511	0.382285977	0.434674740	0.461577941	0.391551610	0.414076072
-1.84184184	0.359358343	0.386280025	0.438534551	0.462853249	0.395269374	0.417542195
-1.83483483	0.364094701	0.390301489	0.442406996	0.464101859	0.399009329	0.421021075
-1.82782783	0.368878486	0.394350057	0.446291417	0.465323347	0.402771140	0.424512229
-1.82082082	0.373709576	0.398425397	0.450187134	0.466517292	0.406554454	0.428015154
-1.81381381	0.378587818	0.402527157	0.454093442	0.467683273	0.410358898	0.431529332
-1.80680681	0.383513031	0.406654961	0.458009613	0.468820873	0.414184080	0.435054223
-1.79979980	0.388485007	0.410808415	0.461934894	0.469929680	0.418029586	0.438589267
-1.79279279	0.393503502	0.414987097	0.465868506	0.471009282	0.421894982	0.442133887
-1.78578579	0.398568245	0.419190566	0.469809646	0.472059271	0.425779813	0.445687484
-1.77877878	0.403678928	0.423418356	0.473757484	0.473079245	0.429683601	0.449249437
-1.77177177	0.408835211	0.427669974	0.477711165	0.474068802	0.433605846	0.452819106
-1.76476476	0.414036718	0.431944905	0.481669808	0.475027546	0.437546025	0.456395830
-1.75775776	0.419283036	0.436242608	0.485632504	0.475955085	0.441503589	0.459978924
-1.75075075	0.424573714	0.440562513	0.489598317	0.476851032	0.445477969	0.463567682
-1.74374374	0.429908263	0.444904026	0.493566283	0.477715002	0.449468567	0.467161377
-1.73673674	0.435286152	0.449266524	0.497535413	0.478546617	0.453474762	0.470759257
-1.72972973	0.440706809	0.453649357	0.501504686	0.479345503	0.457495907	0.474360547
-1.72272272	0.446169621	0.458051844	0.505473056	0.480111292	0.461531327	0.477964450
-1.71571572	0.451673928	0.462473276	0.509439447	0.480843619	0.465580321	0.481570144
-1.70870871	0.457219026	0.466912915	0.513402753	0.481542128	0.469642160	0.485176783
-1.70170170	0.462804164	0.471369990	0.517361841	0.482206465	0.473716088	0.488783496
-1.69469469	0.468428543	0.475843700	0.521315548	0.482836285	0.477801318	0.492389389
-1.68768769	0.474091314	0.480333212	0.525262680	0.483431247	0.481897035	0.495993542
-1.68068068	0.479791578	0.484837662	0.529202015	0.483991018	0.486002394	0.499595007
-1.67367367	0.485528383	0.489356148	0.533132300	0.484515269	0.490116518	0.503192814
-1.66666667	0.491300724	0.493887741	0.537052254	0.485003680	0.494238502	0.506785966
-1.65965966	0.497107541	0.498431471	0.540960562	0.485455938	0.498367405	0.510373437
-1.65265265	0.502947717	0.502986338	0.544855883	0.485871735	0.502502258	0.513954179
-1.64564565	0.508820078	0.507551304	0.548736843	0.486250773	0.506642056	0.517527114
-1.63863864	0.514723391	0.512125296	0.552602038	0.486592758	0.510785764	0.521091138
-1.63163163	0.520656362	0.516707204	0.556450035	0.486897407	0.514932309	0.524645119
-1.62462462	0.526617637	0.521295879	0.560279368	0.487164443	0.519080587	0.528187900
-1.61761762	0.532605797	0.525890136	0.564088544	0.487393597	0.523229459	0.531718295
-1.61061061	0.538619358	0.530488753	0.567876038	0.487584610	0.527377748	0.535235088
-1.60360360	0.544656773	0.535090466	0.571640295	0.487737230	0.531524244	0.538737040
-1.59659660	0.550716426	0.539693975	0.575379730	0.487851212	0.535667699	0.542222880
-1.58958959	0.556796632	0.544297936	0.579092729	0.487926322	0.539806828	0.545691311
-1.58258258	0.562895639	0.548900969	0.582777648	0.487962336	0.543940311	0.549141008
-1.57557558	0.569011621	0.553501650	0.586432814	0.487959035	0.548066788	0.552570616
-1.56856857	0.575142683	0.558098516	0.590056525	0.487916212	0.552184862	0.555978755
-1.56156156	0.581286855	0.562690063	0.593647050	0.487833670	0.556293097	0.559364014
-1.55455455	0.587442093	0.567274742	0.597202631	0.487711220	0.560390020	0.562724955
-1.54754755	0.593606278	0.571850965	0.600721481	0.487548683	0.564474117	0.566060113
-1.54054054	0.599777214	0.576417100	0.604201788	0.487345890	0.568543836	0.569367993
-1.53353353	0.605952629	0.580971473	0.607641711	0.487102682	0.572597584	0.572647076
-1.52652653	0.612130172	0.585512366	0.611039384	0.486818911	0.576633730	0.575895811
-1.51951952	0.618307412	0.590038019	0.614392916	0.486494437	0.580650601	0.579112623
-1.51251251	0.624481839	0.594546628	0.617700392	0.486129133	0.584646486	0.582295909
-1.50550551	0.630650864	0.599036346	0.620959870	0.485722880	0.588619633	0.585444039
-1.49849850	0.636811814	0.603505282	0.624169390	0.485275572	0.592568248	0.588555356
-1.49149149	0.642961936	0.607951502	0.627326966	0.484787112	0.596490498	0.591628179
-1.48448448	0.649098395	0.612373029	0.630430592	0.484257415	0.600384512	0.594660800
-1.47747748	0.655218272	0.616767842	0.633478241	0.483686406	0.604248374	0.597651485
-1.47047047	0.661318568	0.621133876	0.636467869	0.483074022	0.608080131	0.600598478
-1.46346346	0.667396198	0.625469026	0.639397412	0.482420210	0.611877791	0.603499998
-1.45645646	0.673447996	0.629771140	0.642264789	0.481724930	0.615639319	0.606354238
-1.44944945	0.679470714	0.634038027	0.645067907	0.480988151	0.619362643	0.609159373
-1.44244244	0.685461020	0.638267453	0.647804654	0.480209855	0.623045652	0.611913551
-1.43543544	0.691415500	0.642457141	0.650472908	0.479390035	0.626686195	0.614614904
-1.42842843	0.697330660	0.646604776	0.653070535	0.478528695	0.630282084	0.617261540
-1.42142142	0.703202922	0.650707999	0.655595391	0.477625852	0.633831092	0.619851549
-1.41441441	0.709028632	0.654764414	0.658045324	0.476681533	0.637330958	0.622383002
-1.40740741	0.714804054	0.658771584	0.660418177	0.475695778	0.640779381	0.624853952
-1.40040040	0.720525374	0.662727034	0.662711784	0.474668637	0.644174028	0.627262438
-1.39339339	0.726188704	0.666628255	0.664923981	0.473600174	0.647512529	0.629606481
-1.38638639	0.731790078	0.670472696	0.667052599	0.472490462	0.650792483	0.631884089
-1.37937938	0.737325458	0.674257775	0.669095472	0.471339589	0.654011453	0.634093259
-1.37237237	0.742790736	0.677980875	0.671050436	0.470147651	0.657166973	0.636231975
-1.36536537	0.748181732	0.681639345	0.672915332	0.468914758	0.660256548	0.638298209
-1.35835836	0.753494200	0.685230503	0.674688008	0.467641033	0.663277650	0.640289929
-1.35135135	0.758723831	0.688751637	0.676366321	0.466326607	0.666227728	0.642205094
-1.34434434	0.763866254	0.692200008	0.677948141	0.464971627	0.669104203	0.644041656
-1.33733734	0.768917037	0.695572848	0.679431349	0.463576248	0.671904471	0.645797566
-1.33033033	0.773871695	0.698867364	0.680813846	0.462140639	0.674625907	0.647470771
-1.32332332	0.778725690	0.702080741	0.682093547	0.460664979	0.677265866	0.649059221
-1.31631632	0.783474437	0.705210142	0.683268394	0.459149460	0.679821682	0.650560865
-1.30930931	0.788113306	0.708252710	0.684336347	0.457594285	0.682290673	0.651973657
-1.30230230	0.792637626	0.711205572	0.685295397	0.455999668	0.684670144	0.653295557
-1.29529530	0.797042693	0.714065839	0.686143561	0.454365835	0.686957386	0.654524534
-1.28828829	0.801323768	0.716830610	0.686878890	0.452693022	0.689149682	0.655658564
-1.28128128	0.805476090	0.719496975	0.687499468	0.450981478	0.691244307	0.656695640
-1.27427427	0.809494876	0.722062014	0.688003418	0.449231463	0.693238529	0.657633767
-1.26726727	0.813375327	0.724522804	0.688388902	0.447443245	0.695129618	0.658470967
-1.26026026	0.817112635	0.726876419	0.688654125	0.445617107	0.696914843	0.659205284
-1.25325325	0.820701990	0.729119935	0.688797338	0.443753341	0.698591477	0.659834782
-1.24624625	0.824138583	0.731250431	0.688816842	0.441852249	0.700156801	0.660357551
-1.23923924	0.827417615	0.733264992	0.688710990	0.439914145	0.701608105	0.660771707
-1.23223223	0.830534303	0.735160715	0.688478187	0.437939352	0.702942694	0.661075398
-1.22522523	0.833483886	0.736934710	0.688116899	0.435928205	0.704157889	0.661266804
-1.21821822	0.836261636	0.738584102	0.687625651	0.433881047	0.705251033	0.661344141
-1.21121121	0.838862859	0.740106038	0.687003031	0.431798233	0.706219491	0.661305663
-1.20420420	0.841282909	0.741497688	0.686247696	0.429680128	0.707060660	0.661149665
-1.19719720	0.843517192	0.742756250	0.685358370	0.427527104	0.707771966	0.660874488
-1.19019019	0.845561176	0.743878952	0.684333851	0.425339545	0.708350872	0.660478518
-1.18318318	0.847410398	0.744863059	0.683173010	0.423117844	0.708794881	0.659960195
-1.17617618	0.849060472	0.745705873	0.681874799	0.420862404	0.709101541	0.659318007
-1.16916917	0.850507099	0.746404739	0.680438248	0.418573634	0.709268446	0.658550504
-1.16216216	0.851746076	0.746957050	0.678862471	0.416251956	0.709293248	0.657656290
-1.15515516	0.852773302	0.747360247	0.677146671	0.413897798	0.709173650	0.656634036
-1.14814815	0.853584789	0.747611830	0.675290135	0.411511597	0.708907423	0.655482476
-1.14114114	0.854176672	0.747709353	0.673292245	0.409093798	0.708492399	0.654200413
-1.13413413	0.854545216	0.747650437	0.671152473	0.406644856	0.707926484	0.652786722
-1.12712713	0.854686824	0.747432768	0.668870390	0.404165231	0.707207660	0.651240351
-1.12012012	0.854598049	0.747054104	0.666445664	0.401655393	0.706333986	0.649560329
-1.11311311	0.854275602	0.746512280	0.663878061	0.399115819	0.705303608	0.647745761
-1.10610611	0.853716360	0.745805208	0.661167450	0.396546993	0.704114763	0.645795840
-1.09909910	0.852917374	0.744930885	0.658313807	0.393949406	0.702765779	0.643709840
-1.09209209	0.851875882	0.743887396	0.655317208	0.391323557	0.701255085	0.641487130
-1.08508509	0.850589311	0.742672918	0.652177840	0.388669950	0.699581212	0.639127167
-1.07807808	0.849055293	0.741285724	0.648895996	0.385989097	0.697742800	0.636629501
-1.07107107	0.847271665	0.739724187	0.645472080	0.383281515	0.695738602	0.633993784
-1.06406406	0.845236485	0.737986782	0.641906605	0.380547728	0.693567488	0.631219763
-1.05705706	0.842948033	0.736072093	0.638200197	0.377788266	0.691228447	0.628307287
-1.05005005	0.840404824	0.733978816	0.634353592	0.375003664	0.688720598	0.625256312
-1.04304304	0.837605609	0.731705760	0.630367640	0.372194464	0.686043185	0.622066897
-1.03603604	0.834549386	0.729251851	0.626243303	0.369361209	0.683195590	0.618739209
-1.02902903	0.831235406	0.726616140	0.621981655	0.366504453	0.680177329	0.615273525
-1.02202202	0.827663177	0.723797798	0.617583883	0.363624750	0.676988064	0.611670236
-1.01501502	0.823832469	0.720796126	0.613051286	0.360722662	0.673627596	0.607929841
-1.00800801	0.819743320	0.717610554	0.608385274	0.357798752	0.670095880	0.604052955
-1.00100100	0.815396041	0.714240646	0.603587369	0.354853590	0.666393018	0.600040310
-0.99399399	0.810791217	0.710686099	0.598659201	0.351887750	0.662519268	0.595892750
-0.98698699	0.805929712	0.706946747	0.593602508	0.348901807	0.658475044	0.591611239
-0.97997998	0.800812670	0.703022566	0.588419135	0.345896342	0.654260919	0.587196854
-0.97297297	0.795441517	0.698913668	0.583111032	0.342871939	0.649877628	0.582650794
-0.96596597	0.789817965	0.694620311	0.577680251	0.339829186	0.645326065	0.577974369
-0.95895896	0.783944006	0.690142894	0.572128943	0.336768672	0.640607293	0.573169012
-0.95195195	0.777821916	0.685481959	0.566459361	0.333690990	0.635722535	0.568236266
-0.94494494	0.771454253	0.680638196	0.560673849	0.330596736	0.630673183	0.563177793
-0.93793794	0.764843856	0.675612436	0.554774845	0.327486509	0.625460792	0.557995368
-0.93093093	0.757993838	0.670405658	0.548764876	0.324360908	0.620087084	0.552690879
-0.92392392	0.750907589	0.665018984	0.542646553	0.321220537	0.614553945	0.547266324
-0.91691692	0.743588764	0.659453679	0.536422570	0.318065999	0.608863426	0.541723810
-0.90990991	0.736041286	0.653711154	0.530095700	0.314897902	0.603017738	0.536065551
-0.90290290	0.728269334	0.647792960	0.523668788	0.311716854	0.597019256	0.530293866
-0.89589590	0.720277337	0.641700790	0.517144750	0.308523465	0.590870510	0.524411172
-0.88888889	0.712069971	0.635436473	0.510526567	0.305318345	0.584574186	0.518419989
-0.88188188	0.703652147	0.629001979	0.503817281	0.302102108	0.578133123	0.512322927
-0.87487487	0.695029002	0.622399409	0.497019992	0.298875367	0.571550306	0.506122688
-0.86786787	0.686205893	0.615630999	0.490137848	0.295638737	0.564828865	0.499822062
-0.86086086	0.677188384	0.608699112	0.483174048	0.292392833	0.557972068	0.493423919
-0.85385385	0.667982236	0.601606238	0.476131829	0.289138272	0.550983320	0.486931209
-0.84684685	0.658593396	0.594354993	0.469014467	0.285875671	0.543866148	0.480346952
-0.83983984	0.649027986	0.586948109	0.461825269	0.282605649	0.536624207	0.473674239
-0.83283283	0.639292292	0.579388437	0.454567571	0.279328822	0.529261262	0.466916219
-0.82582583	0.629392749	0.571678940	0.447244727	0.276045811	0.521781190	0.460076100
-0.81881882	0.619335931	0.563822690	0.439860111	0.272757234	0.514187965	0.453157140
-0.81181181	0.609128535	0.555822867	0.432417108	0.269463710	0.506485655	0.446162642
-0.80480480	0.598777375	0.547682751	0.424919111	0.266165860	0.498678412	0.439095945
-0.79779780	0.588289360	0.539405720	0.417369515	0.262864302	0.490770464	0.431960422
-0.79079079	0.577671490	0.530995250	0.409771715	0.259559657	0.482766105	0.424759470
-0.78378378	0.566930838	0.522454906	0.402129099	0.256252546	0.474669684	0.417496504
-0.77677678	0.556074540	0.513788344	0.394445046	0.252943586	0.466485601	0.410174952
-0.76976977	0.545109784	0.504999305	0.386722923	0.249633400	0.458218291	0.402798247
-0.76276276	0.534043799	0.496091615	0.378966080	0.246322606	0.449872218	0.395369818
-0.75575576	0.522883841	0.487069183	0.371177851	0.243011824	0.441451864	0.387893088
-0.74874875	0.511637189	0.477935997	0.363361545	0.239701674	0.432961718	0.380371463
-0.74174174	0.500311135	0.468696126	0.355520452	0.236392776	0.424406268	0.372808331
-0.73473473	0.488912972	0.459353723	0.347657837	0.233085748	0.415789988	0.365207047
-0.72772773	0.477449996	0.449913020	0.339776941	0.229781209	0.407117334	0.357570937
-0.72072072	0.465929493	0.440378333	0.331880983	0.226479780	0.398392727	0.349903286
-0.71371371	0.454358744	0.430754067	0.323973158	0.223182078	0.389620551	0.342207335
-0.70670671	0.442745015	0.421044718	0.316056641	0.219888722	0.380805142	0.334486275
-0.69969970	0.431095565	0.411254881	0.308134588	0.216600331	0.371950780	0.326743247
-0.69269269	0.419417646	0.401389252	0.300210143	0.213317522	0.363061682	0.318981332
-0.68568569	0.407718505	0.391452644	0.292286440	0.210040913	0.354141999	0.311203557
-0.67867868	0.396005393	0.381449994	0.284366609	0.206771124	0.345195806	0.303412884
-0.67167167	0.384285576	0.371386375	0.276453786	0.203508770	0.336227105	0.295612220
-0.66466466	0.372566345	0.361267010	0.268551117	0.200254469	0.327239819	0.287804409
-0.65765766	0.360855029	0.351097290	0.260661773	0.197008839	0.318237796	0.279992238
-0.65065065	0.349159015	0.340882795	0.252788956	0.193772496	0.309224805	0.272178443
-0.64364364	0.337485767	0.330629309	0.244935916	0.190546057	0.300204547	0.264365712
-0.63663664	0.325842847	0.320342848	0.237105960	0.187330139	0.291180661	0.256556691
-0.62962963	0.314237942	0.310029685	0.229302474	0.184125358	0.282156729	0.248753998
-0.62262262	0.302678892	0.299696378	0.221528933	0.180932330	0.273136297	0.240960234
-0.61561562	0.291173721	0.289349802	0.213788926	0.177751670	0.264122888	0.233177996
-0.60860861	0.279730665	0.278997180	0.206086170	0.174583995	0.255120024	0.225409898
-0.60160160	0.268358215	0.268646120	0.198424538	0.171429919	0.246131255	0.217658590
-0.59459459	0.257065147	0.258304653	0.190808075	0.168290057	0.237160185	0.209926785
-0.58758759	0.245860562	0.247981272	0.183241030	0.165165023	0.228210514	0.202217286
-0.58058058	0.234753923	0.237684972	0.175727873	0.162055430	0.219286079	0.194533020
-0.57357357	0.223755098	0.227425293	0.168273327	0.158961893	0.210390903	0.186877076
-0.56656657	0.212874388	0.217212362	0.160882393	0.155885023	0.201529252	0.179252747
-0.55955956	0.202122572	0.207056936	0.153560377	0.152825432	0.192705699	0.171663577
-0.55255255	0.191510932	0.196970439	0.146312914	0.149783731	0.183925198	0.164113414
-0.54554555	0.181051283	0.186965004	0.139146001	0.146760530	0.175193162	0.156606469
-0.53853854	0.170755992	0.177053504	0.132066013	0.143756437	0.166515551	0.149147378
-0.53153153	0.160637993	0.167249581	0.125079733	0.140772060	0.157898972	0.141741273
-0.52452452	0.150710788	0.157567669	0.118194365	0.137808004	0.149350782	0.134393854
-0.51751752	0.140988437	0.148023003	0.111417556	0.134864874	0.140879201	0.127111469
-0.51051051	0.131485535	0.138631619	0.104757401	0.131943273	0.132493428	0.119901196
-0.50350350	0.122217166	0.129410342	0.098222449	0.129043800	0.124203766	0.112770928
-0.49649650	0.113198847	0.120376749	0.091821699	0.126167053	0.116021745	0.105729459
-0.48948949	0.104446438	0.111549115	0.085564586	0.123313629	0.107960244	0.098786568
-0.48248248	0.095976033	0.102946341	0.079460954	0.120484119	0.100033607	0.091953101
-0.47547548	0.087803827	0.094587839	0.073521020	0.117679112	0.092257746	0.085241041
-0.46846847	0.079945942	0.086493402	0.067755323	0.114899195	0.084650222	0.078663570
-0.46146146	0.072418234	0.078683023	0.062174646	0.112144950	0.077230298	0.072235109
-0.45445445	0.065236059	0.071176690	0.056789933	0.109416954	0.070018952	0.065971334
-0.44744745	0.058414011	0.063994131	0.051612178	0.106715780	0.063038827	0.059889160
-0.44044044	0.051965631	0.057154513	0.046652291	0.104041996	0.056314117	0.054006674
-0.43343343	0.045903081	0.050676110	0.041920940	0.101396166	0.049870355	0.048343029
-0.42642643	0.040236805	0.044575911	0.037428375	0.098778844	0.043734098	0.042918250
-0.41941942	0.034975162	0.038869201	0.033184221	0.096190583	0.037932471	0.037752980
-0.41241241	0.030124063	0.033569101	0.029197253	0.093631924	0.032492559	0.032868118
-0.40540541	0.025686607	0.028686082	0.025475141	0.091103403	0.027440629	0.028284361
-0.39839840	0.021662730	0.024227464	0.022024195	0.088605548	0.022801157	0.024021616
-0.39139139	0.018048902	0.020196921	0.018849080	0.086138878	0.018595668	0.020098302
-0.38438438	0.014837868	0.016594007	0.015952539	0.083703903	0.014841384	0.016530507
-0.37737738	0.012018471	0.013413732	0.013335117	0.081301121	0.011549731	0.013331043
-0.37037037	0.009575567	0.010646225	0.010994904	0.078931022	0.008724749	0.010508394
-0.36336336	0.007490069	0.008276506	0.008927312	0.076594084	0.006361520	0.008065616
-0.35635636	0.005739126	0.006284423	0.007124901	0.074290772	0.004444771	0.005999243
-0.34934935	0.004296455	0.004644785	0.005577274	0.072021540	0.002947867	0.004298305
-0.34234234	0.003132850	0.003327726	0.004271062	0.069786828	0.001832476	0.002943593
-0.33533534	0.002216852	0.002299343	0.003190022	0.067587061	0.001049249	0.001907336
-0.32832833	0.001515583	0.001522620	0.002315260	0.065422649	0.000539839	0.001153496
-0.32132132	0.000995702	0.000958627	0.001625604	0.063293988	0.000240553	0.000638908
-0.31431431	0.000624459	0.000567983	0.001098125	0.061201456	0.000087629	0.000315446
-0.30730731	0.000370770	0.000312484	0.000708817	0.059145413	0.000023675	0.000133301
-0.30030030	0.000206235	0.000156789	0.000433399	0.057126204	0.000003955	0.000045200
-0.29329329	0.000106016	0.000069987	0.000248223	0.055144152	0.000000275	0.000011009
-0.28628629	0.000049470	0.000026823	0.000131214	0.053199562	0.000000003	0.000001558
-0.27927928	0.000020450	0.000008371	0.000062751	0.051292716	0.000000000	0.000000079
-0.27227227	0.000007239	0.000001956	0.000026404	0.049423878	0.000000000	0.000000000
-0.26526527	0.000002089	0.000000297	0.000009390	0.047593288	0.000000000	0.000000000
-0.25825826	0.000000456	0.000000022	0.000002655	0.045801163	0.000000000	0.000000000
-0.25125125	0.000000067	0.000000000	0.000000541	0.044047696	0.000000000	0.000000000
-0.24424424	0.000000005	0.000000000	0.000000067	0.042333058	0.000000000	0.000000000
-0.23723724	0.000000000	0.000000000	0.000000004	0.040657390	0.000000000	0.000000000
-0.23023023	0.000000000	0.000000000	0.000000000	0.039020812	0.000000000	0.000000000
-0.22322322	0.000000000	0.000000000	0.000000000	0.037423415	0.000000000	0.000000000
-0.21621622	0.000000000	0.000000000	0.000000000	0.035865262	0.000000000	0.000000000
-0.20920921	0.000000000	0.000000000	0.000000000	0.034346390	0.000000000	0.000000000
-0.20220220	0.000000000	0.000000000	0.000000000	0.032866805	0.000000000	0.000000000
-0.19519520	0.000000000	0.000000000	0.000000000	0.031426486	0.000000000	0.000000000
-0.18818819	0.000000000	0.000000000	0.000000000	0.030025383	0.000000000	0.000000000
-0.18118118	0.000000000	0.000000000	0.000000000	0.028663413	0.000000000	0.000000000
-0.17417417	0.000000000	0.000000000	0.000000000	0.027340465	0.000000000	0.000000000
-0.16716717	0.000000000	0.000000000	0.000000000	0.026056397	0.000000000	0.000000000
-0.16016016	0.000000000	0.000000000	0.000000000	0.024811035	0.000000000	0.000000000
-0.15315315	0.000000000	0.000000000	0.000000000	0.023604174	0.000000000	0.000000000
-0.14614615	0.000000000	0.000000000	0.000000000	0.022435580	0.000000000	0.000000000
-0.13913914	0.000000000	0.000000000	0.000000000	0.021304983	0.000000000	0.000000000
-0.13213213	0.000000000	0.000000000	0.000000000	0.020212086	0.000000000	0.000000000
-0.12512513	0.000000000	0.000000000	0.000000000	0.019156558	0.000000000	0.000000000
-0.11811812	0.000000000	0.000000000	0.000000000	0.018138038	0.000000000	0.000000000
-0.11111111	0.000000000	0.000000000	0.000000000	0.017156133	0.000000000	0.000000000
-0.10410410	0.000000000	0.000000000	0.000000000	0.016210421	0.000000000	0.000000000
-0.09709710	0.000000000	0.000000000	0.000000000	0.015300449	0.000000000	0.000000000
-0.09009009	0.000000000	0.000000000	0.000000000	0.014425733	0.000000000	0.000000000
-0.08308308	0.000000000	0.000000000	0.000000000	0.013585763	0.000000000	0.000000000
-0.07607608	0.000000000	0.000000000	0.000000000	0.012779998	0.000000000	0.000000000
-0.06906907	0.000000000	0.000000000	0.000000000	0.012007870	0.000000000	0.000000000
-0.06206206	0.000000000	0.000000000	0.000000000	0.011268786	0.000000000	0.000000000
-0.05505506	0.000000000	0.000000000	0.000000000	0.010562126	0.000000000	0.000000000
-0.04804805	0.000000000	0.000000000	0.000000000	0.009887244	0.000000000	0.000000000
-0.04104104	0.000000000	0.000000000	0.000000000	0.009243472	0.000000000	0.000000000
-0.03403403	0.000000000	0.000000000	0.000000000	0.008630120	0.000000000	0.000000000
-0.02702703	0.000000000	0.000000000	0.000000000	0.008046476	0.000000000	0.000000000
-0.02002002	0.000000000	0.000000000	0.000000000	0.007491810	0.000000000	0.000000000
-0.01301301	0.000000000	0.000000000	0.000000000	0.006965371	0.000000000	0.000000000
-0.00600601	0.000000000	0.000000000	0.000000000	0.006466393	0.000000000	0.000000000
0.00100100	0.000000000	0.000000000	0.000000000	0.005994097	0.000000000	0.000000000
0.00800801	0.000000000	0.000000000	0.000000000	0.005547687	0.000000000	0.000000000
0.01501502	0.000000000	0.000000000	0.000000000	0.005126357	0.000000000	0.000000000
0.02202202	0.000000000	0.000000000	0.000000000	0.004729291	0.000000000	0.000000000
0.02902903	0.000000000	0.000000000	0.000000000	0.004355664	0.000000000	0.000000000
0.03603604	0.000000000	0.000000000	0.000000000	0.004004648	0.000000000	0.000000000
0.04304304	0.000000000	0.000000000	0.000000000	0.003675405	0.000000000	0.000000000
0.05005005	0.000000000	0.000000000	0.000000000	0.003367100	0.000000000	0.000000000
0.05705706	0.000000000	0.000000000	0.000000000	0.003078893	0.000000000	0.000000000
0.06406406	0.000000000	0.000000000	0.000000000	0.002809948	0.000000000	0.000000000
0.07107107	0.000000000	0.000000000	0.000000000	0.002559431	0.000000000	0.000000000
0.07807808	0.000000000	0.000000000	0.000000000	0.002326513	0.000000000	0.000000000
0.08508509	0.000000000	0.000000000	0.000000000	0.002110371	0.000000000	0.000000000
0.09209209	0.000000000	0.000000000	0.000000000	0.001910192	0.000000000	0.000000000
0.09909910	0.000000000	0.000000000	0.000000000	0.001725173	0.000000000	0.000000000
0.10610611	0.000000000	0.000000000	0.000000000	0.001554523	0.000000000	0.000000000
0.11311311	0.000000000	0.000000000	0.000000000	0.001397463	0.000000000	0.000000000
0.12012012	0.000000000	0.000000000	0.000000000	0.001253233	0.000000000	0.000000000
0.12712713	0.000000000	0.000000000	0.000000000	0.001121085	0.000000000	0.000000000
0.13413413	0.000000000	0.000000000	0.000000000	0.001000294	0.000000000	0.000000000
0.14114114	0.000000000	0.000000000	0.000000000	0.000890150	0.000000000	0.000000000
0.14814815	0.000000000	0.000000000	0.000000000	0.000789968	0.000000000	0.000000000
0.15515516	0.000000000	0.000000000	0.000000000	0.000699081	0.000000000	0.000000000
0.16216216	0.000000000	0.000000000	0.000000000	0.000616848	0.000000000	0.000000000
0.16916917	0.000000000	0.000000000	0.000000000	0.000542649	0.000000000	0.000000000
0.17617618	0.000000000	0.000000000	0.000000000	0.000475891	0.000000000	0.000000000
0.18318318	0.000000000	0.000000000	0.000000000	0.000416003	0.000000000	0.000000000
0.19019019	0.000000000	0.000000000	0.000000000	0.000362443	0.000000000	0.000000000
0.19719720	0.000000000	0.000000000	0.000000000	0.000314693	0.000000000	0.000000000
0.20420420	0.000000000	0.000000000	0.000000000	0.000272261	0.000000000	0.000000000
0.21121121	0.000000000	0.000000000	0.000000000	0.000234682	0.000000000	0.000000000
0.21821822	0.000000000	0.000000000	0.000000000	0.000201518	0.000000000	0.000000000
0.22522523	0.000000000	0.000000000	0.000000000	0.000172356	0.000000000	0.000000000
0.23223223	0.000000000	0.000000000	0.000000000	0.000146809	0.000000000	0.000000000
0.23923924	0.000000000	0.000000000	0.000000000	0.000124516	0.000000000	0.000000000
0.24624625	0.000000000	0.000000000	0.000000000	0.000105142	0.000000000	0.000000000
0.25325325	0.000000000	0.000000000	0.000000000	0.000088375	0.000000000	0.000000000
0.26026026	0.000000000	0.000000000	0.000000000	0.000073928	0.000000000	0.000000000
0.26726727	0.000000000	0.000000000	0.000000000	0.000061536	0.000000000	0.000000000
0.27427427	0.000000000	0.000000000	0.000000000	0.000050958	0.000000000	0.000000000
0.28128128	0.000000000	0.000000000	0.000000000	0.000041971	0.000000000	0.000000000
0.28828829	0.000000000	0.000000000	0.000000000	0.000034376	0.000000000	0.000000000
0.29529530	0.000000000	0.000000000	0.000000000	0.000027991	0.000000000	0.000000000
0.30230230	0.000000000	0.000000000	0.000000000	0.000022654	0.000000000	0.000000000
0.30930931	0.000000000	0.000000000	0.000000000	0.000018218	0.000000000	0.000000000
0.31631632	0.000000000	0.000000000	0.000000000	0.000014554	0.000000000	0.000000000
0.32332332	0.000000000	0.000000000	0.000000000	0.000011546	0.000000000	0.000000000
0.33033033	0.000000000	0.000000000	0.000000000	0.000009093	0.000000000	0.000000000
0.33733734	0.000000000	0.000000000	0.000000000	0.000007108	0.000000000	0.000000000
0.34434434	0.000000000	0.000000000	0.000000000	0.000005511	0.000000000	0.000000000
0.35135135	0.000000000	0.000000000	0.000000000	0.000004238	0.000000000	0.000000000
0.35835836	0.000000000	0.000000000	0.000000000	0.000003230	0.000000000	0.000000000
0.36536537	0.000000000	0.000000000	0.000000000	0.000002440	0.000000000	0.000000000
0.37237237	0.000000000	0.000000000	0.000000000	0.000001825	0.000000000	0.000000000
0.37937938	0.000000000	0.000000000	0.000000000	0.000001351	0.000000000	0.000000000
0.38638639	0.000000000	0.000000000	0.000000000	0.000000989	0.000000000	0.000000000
0.39339339	0.000000000	0.000000000	0.000000000	0.000000716	0.000000000	0.000000000
0.40040040	0.000000000	0.000000000	0.000000000	0.000000513	0.000000000	0.000000000
0.40740741	0.000000000	0.000000000	0.000000000	0.000000362	0.000000000	0.000000000
0.41441441	0.000000000	0.000000000	0.000000000	0.000000252	0.000000000	0.000000000
0.42142142	0.000000000	0.000000000	0.000000000	0.000000173	0.000000000	0.000000000
0.42842843	0.000000000	0.000000000	0.000000000	0.000000117	0.000000000	0.000000000
0.43543544	0.000000000	0.000000000	0.000000000	0.000000078	0.000000000	0.000000000
0.44244244	0.000000000	0.000000000	0.000000000	0.000000051	0.000000000	0.000000000
0.44944945	0.000000000	0.000000000	0.000000000	0.000000033	0.000000000	0.000000000
0.45645646	0.000000000	0.000000000	0.000000000	0.000000021	0.000000000	0.000000000
0.46346346	0.000000000	0.000000000	0.000000000	0.000000013	0.000000000	0.000000000
0.47047047	0.000000000	0.000000000	0.000000000	0.000000008	0.000000000	0.000000000
0.47747748	0.000000000	0.000000000	0.000000000	0.000000005	0.000000000	0.000000000
0.48448448	0.000000000	0.000000000	0.000000000	0.000000003	0.000000000	0.000000000
0.49149149	0.000000000	0.000000000	0.000000000	0.000000001	0.000000000	0.000000000
0.49849850	0.000000000	0.000000000	0.000000000	0.000000001	0.000000000	0.000000000
0.50550551	0.000000000	0.000000000	0.000000000	0.000000000	0.000000000	0.000000000
0.51251251	0.000000000	0.000000000	0.000000000	0.000000000	0.000000000	0.000000000
0.51951952	0.000000000	0.000000000	0.000000000	0.000000000	0.000000000	0.000000000
0.52652653	0.000000000	0.000000000	0.000000000	0.000000000	0.000000000	0.000000000
0.53353353	0.000000000	0.000000000	0.000000000	0.000000000	0.000000000	0.000000000
0.54054054	0.000000000	0.000000000	0.000000000	0.000000000	0.000000000	0.000000000
0.54754755	0.000000000	0.000000000	0.000000000	0.000000000	0.000000000	0.000000000
0.55455455	0.000000000	0.000000000	0.000000000	0.000000000	0.000000000	0.000000000
0.56156156	0.000000000	0.000000000	0.000000000	0.000000000	0.000000000	0.000000000
0.56856857	0.000000000	0.000000000	0.000000000	0.000000000	0.000000000	0.000000000
0.57557558	0.000000000	0.000000000	0.000000000	0.000000000	0.000000000	0.000000000
0.58258258	0.000000000	0.000000000	0.000000000	0.000000000	0.000000000	0.000000000
0.58958959	0.000000000	0.000000000	0.000000000	0.000000000	0.000000000	0.000000000
0.59659660	0.000000000	0.000000000	0.000000000	0.000000000	0.000000000	0.000000000
0.60360360	0.000000000	0.000000000	0.000000000	0.000000000	0.000000000	0.000000000
0.61061061	0.000000000	0.000000000	0.000000000	0.000000000	0.000000000	0.000000000
0.61761762	0.000000000	0.000000000	0.000000000	0.000000000	0.000000000	0.000000000
0.62462462	0.000000000	0.000000000	0.000000000	0.000000000	0.000000000	0.000000000
0.63163163	0.000000000	0.000000000	0.000000000	0.000000000	0.000000000	0.000000000
0.63863864	0.000000000	0.000000000	0.000000000	0.000000000	0.000000000	0.000000000
0.64564565	0.000000000	0.000000000	0.000000000	0.000000000	0.000000000	0.000000000
0.65265265	0.000000000	0.000000000	0.000000000	0.000000000	0.000000000	0.000000000
0.65965966	0.000000000	0.000000000	0.000000000	0.000000000	0.000000000	0.000000000
0.66666667	0.000000000	0.000000000	0.000000000	0.000000000	0.000000000	0.000000000
0.67367367	0.000000000	0.000000000	0.000000000	0.000000000	0.000000000	0.000000000
0.68068068	0.000000000	0.000000000	0.000000000	0.000000000	0.000000000	0.000000000
0.68768769	0.000000000	0.000000000	0.000000000	0.000000000	0.000000000	0.000000000
0.69469469	0.000000000	0.000000000	0.000000000	0.000000000	0.000000000	0.000000000
0.70170170	0.000000000	0.000000000	0.000000000	0.000000000	0.000000000	0.000000000
0.70870871	0.000000000	0.000000000	0.000000000	0.000000000	0.000000000	0.000000000
0.71571572	0.000000000	0.000000000	0.000000000	0.000000000	0.000000000	0.000000000
0.72272272	0.000000000	0.000000000	0.000000000	0.000000000	0.000000000	0.000000000
0.72972973	0.000000000	0.000000000	0.000000000	0.000000000	0.000000000	0.000000000
0.73673674	0.000000000	0.000000000	0.000000000	0.000000000	0.000000000	0.000000000
0.74374374	0.000000000	0.000000000	0.000000000	0.000000000	0.000000000	0.000000000
0.75075075	0.000000000	0.000000000	0.000000000	0.000000000	0.000000000	0.000000000
0.75775776	0.000000000	0.000000000	0.000000000	0.000000000	0.000000000	0.000000000
0.76476476	0.000000000	0.000000000	0.000000000	0.000000000	0.000000000	0.000000000
0.77177177	0.000000000	0.000000000	0.000000000	0.000000000	0.000000000	0.000000000
0.77877878	0.000000000	0.000000000	0.000000000	0.000000000	0.000000000	0.000000000
0.78578579	0.000000000	0.000000000	0.000000000	0.000000000	0.000000000	0.000000000
0.79279279	0.000000000	0.000000000	0.000000000	0.000000000	0.000000000	0.000000000
0.79979980	0.000000000	0.000000000	0.000000000	0.000000000	0.000000000	0.000000000
0.80680681	0.000000000	0.000000000	0.000000000	0.000000000	0.000000000	0.000000000
0.81381381	0.000000000	0.000000000	0.000000000	0.000000000	0.000000000	0.000000000
0.82082082	0.000000000	0.000000000	0.000000000	0.000000000	0.000000000	0.000000000
0.82782783	0.000000000	0.000000000	0.000000000	0.000000000	0.000000000	0.000000000
0.83483483	0.000000000	0.000000000	0.000000000	0.000000000	0.000000000	0.000000000
0.84184184	0.000000000	0.000000000	0.000000000	0.000000000	0.000000000	0.000000000
0.84884885	0.000000000	0.000000000	0.000000000	0.000000000	0.000000000	0.000000000
0.85585586	0.000000000	0.000000000	0.000000000	0.000000000	0.000000000	0.000000000
0.86286286	0.000000000	0.000000000	0.000000000	0.000000000	0.000000000	0.000000000
0.86986987	0.000000000	0.000000000	0.000000000	0.000000000	0.000000000	0.000000000
0.87687688	0.000000000	0.000000000	0.000000000	0.000000000	0.000000000	0.000000000
0.88388388	0.000000000	0.000000000	0.000000000	0.000000000	0.000000000	0.000000000
0.89089089	0.000000000	0.000000000	0.000000000	0.000000000	0.000000000	0.000000000
0.89789790	0.000000000	0.000000000	0.000000000	0.000000000	0.000000000	0.000000000
0.90490490	0.000000000	0.000000000	0.000000000	0.000000000	0.000000000	0.000000000
0.91191191	0.000000000	0.000000000	0.000000000	0.000000000	0.000000000	0.000000000
0.91891892	0.000000000	0.000000000	0.000000000	0.000000000	0.000000000	0.000000000
0.92592593	0.000000000	0.000000000	0.000000000	0.000000000	0.000000000	0.000000000
0.93293293	0.000000000	0.000000000	0.000000000	0.000000000	0.000000000	0.000000000
0.93993994	0.000000000	0.000000000	0.000000000	0.000000000	0.000000000	0.000000000
0.94694695	0.000000000	0.000000000	0.000000000	0.000000000	0.000000000	0.000000000
0.95395395	0.000000000	0.000000000	0.000000000	0.000000000	0.000000000	0.000000000
0.96096096	0.000000000	0.000000000	0.000000000	0.000000000	0.000000000	0.000000000
0.96796797	0.000000000	0.000000000	0.000000000	0.000000000	0.000000000	0.000000000
0.97497497	0.000000000	0.000000000	0.000000000	0.000000000	0.000000000	0.000000000
0.98198198	0.000000000	0.000000000	0.000000000	0.000000000	0.000000000	0.000000000
0.98898899	0.000000000	0.000000000	0.000000000	0.000000000	0.000000000	0.000000000
0.99599600	0.000000000	0.000000000	0.000000000	0.000000000	0.000000000	0.000000000
1.00300300	0.000000000	0.000000000	0.000000000	0.000000000	0.000000000	0.000000000
1.01001001	0.000000000	0.000000000	0.000000000	0.000000000	0.000000000	0.000000000
1.01701702	0.000000000	0.000000000	0.000000000	0.000000000	0.000000000	0.000000000
1.02402402	0.000000000	0.000000000	0.000000000	0.000000000	0.000000000	0.000000000
1.03103103	0.000000000	0.000000000	0.000000000	0.000000000	0.000000000	0.000000000
1.03803804	0.000000000	0.000000000	0.000000000	0.000000000	0.000000000	0.000000000
1.04504505	0.000000000	0.000000000	0.000000000	0.000000000	0.000000000	0.000000000
1.05205205	0.000000000	0.000000000	0.000000000	0.000000000	0.000000000	0.000000000
1.05905906	0.000000000	0.000000000	0.000000000	0.000000000	0.000000000	0.000000000
1.06606607	0.000000000	0.000000000	0.000000000	0.000000000	0.000000000	0.000000000
1.07307307	0.000000000	0.000000000	0.000000000	0.000000000	0.000000000	0.000000000
1.08008008	0.000000000	0.000000000	0.000000000	0.000000000	0.000000000	0.000000000
1.08708709	0.000000000	0.000000000	0.000000000	0.000000000	0.000000000	0.000000000
1.09409409	0.000000000	0.000000000	0.000000000	0.000000000	0.000000000	0.000000000
1.10110110	0.000000000	0.000000000	0.000000000	0.000000000	0.000000000	0.000000000
1.10810811	0.000000000	0.000000000	0.000000000	0.000000000	0.000000000	0.000000000
1.11511512	0.000000000	0.000000000	0.000000000	0.000000000	0.000000000	0.000000000
1.12212212	0.000000000	0.000000000	0.000000000	0.000000000	0.000000000	0.000000000
1.12912913	0.000000000	0.000000000	0.000000000	0.000000000	0.000000000	0.000000000
1.13613614	0.000000000	0.000000000	0.000000000	0.000000000	0.000000000	0.000000000
1.14314314	0.000000000	0.000000000	0.000000000	0.000000000	0.000000000	0.000000000
1.15015015	0.000000000	0.000000000	0.000000000	0.000000000	0.000000000	0.000000000
1.15715716	0.000000000	0.000000000	0.000000000	0.000000000	0.000000000	0.000000000
1.16416416	0.000000000	0.000000000	0.000000000	0.000000000	0.000000000	0.000000000
1.17117117	0.000000000	0.000000000	0.000000000	0.000000000	0.000000000	0.000000000
1.17817818	0.000000000	0.000000000	0.000000000	0.000000000	0.000000000	0.000000000
1.18518519	0.000000000	0.000000000	0.000000000	0.000000000	0.000000000	0.000000000
1.19219219	0.000000000	0.000000000	0.000000000	0.000000000	0.000000000	0.000000000
1.19919920	0.000000000	0.000000000	0.000000000	0.000000000	0.000000000	0.000000000
1.20620621	0.000000000	0.000000000	0.000000000	0.000000000	0.000000000	0.000000000
1.21321321	0.000000000	0.000000000	0.000000000	0.000000000	0.000000000	0.000000000
1.22022022	0.000000000	0.000000000	0.000000000	0.000000000	0.000000000	0.000000000
1.22722723	0.000000000	0.000000000	0.000000000	0.000000000	0.000000000	0.000000000
1.23423423	0.000000000	0.000000000	0.000000000	0.000000000	0.000000000	0.000000000
1.24124124	0.000000000	0.000000000	0.000000000	0.000000000	0.000000000	0.000000000
1.24824825	0.000000000	0.000000000	0.000000000	0.000000000	0.000000000	0.000000000
1.25525526	0.000000000	0.000000000	0.000000000	0.000000000	0.000000000	0.000000000
1.26226226	0.000000000	0.000000000	0.000000000	0.000000000	0.000000000	0.000000000
1.26926927	0.000000000	0.000000000	0.000000000	0.000000000	0.000000000	0.000000000
1.27627628	0.000000000	0.000000000	0.000000000	0.000000000	0.000000000	0.000000000
1.28328328	0.000000000	0.000000000	0.000000000	0.000000000	0.000000000	0.000000000
1.29029029	0.000000000	0.000000000	0.000000000	0.000000000	0.000000000	0.000000000
1.29729730	0.000000000	0.000000000	0.000000000	0.000000000	0.000000000	0.000000000
1.30430430	0.000000000	0.000000000	0.000000000	0.000000000	0.000000000	0.000000000
1.31131131	0.000000000	0.000000000	0.000000000	0.000000000	0.000000000	0.000000000
1.31831832	0.000000000	0.000000000	0.000000000	0.000000000	0.000000000	0.000000000
1.32532533	0.000000000	0.000000000	0.000000000	0.000000000	0.000000000	0.000000000
1.33233233	0.000000000	0.000000000	0.000000000	0.000000000	0.000000000	0.000000000
1.33933934	0.000000000	0.000000000	0.000000000	0.000000000	0.000000000	0.000000000
1.34634635	0.000000000	0.000000000	0.000000000	0.000000000	0.000000000	0.000000000
1.35335335	0.000000000	0.000000000	0.000000000	0.000000000	0.000000000	0.000000000
1.36036036	0.000000000	0.000000000	0.000000000	0.000000000	0.000000000	0.000000000
1.36736737	0.000000000	0.000000000	0.000000000	0.000000000	0.000000000	0.000000000
1.37437437	0.000000000	0.000000000	0.000000000	0.000000000	0.000000000	0.000000000
1.38138138	0.000000000	0.000000000	0.000000000	0.000000000	0.000000000	0.000000000
1.38838839	0.000000000	0.000000000	0.000000000	0.000000000	0.000000000	0.000000000
1.39539540	0.000000000	0.000000000	0.000000000	0.000000000	0.000000000	0.000000000
1.40240240	0.000000000	0.000000000	0.000000000	0.000000000	0.000000000	0.000000000
1.40940941	0.000000000	0.000000000	0.000000000	0.000000000	0.000000000	0.000000000
1.41641642	0.000000000	0.000000000	0.000000000	0.000000000	0.000000000	0.000000000
1.42342342	0.000000000	0.000000000	0.000000000	0.000000000	0.000000000	0.000000000
1.43043043	0.000000000	0.000000000	0.000000000	0.000000000	0.000000000	0.000000000
1.43743744	0.000000000	0.000000000	0.000000000	0.000000000	0.000000000	0.000000000
1.44444444	0.000000000	0.000000000	0.000000000	0.000000000	0.000000000	0.000000000
1.45145145	0.000000000	0.000000000	0.000000000	0.000000000	0.000000000	0.000000000
1.45845846	0.000000000	0.000000000	0.000000000	0.000000000	0.000000000	0.000000000
1.46546547	0.000000000	0.000000000	0.000000000	0.000000000	0.000000000	0.000000000
1.47247247	0.000000000	0.000000000	0.000000000	0.000000000	0.000000000	0.000000000
1.47947948	0.000000000	0.000000000	0.000000000	0.000000000	0.000000000	0.000000000
1.48648649	0.000000000	0.000000000	0.000000000	0.000000000	0.000000000	0.000000000
1.49349349	0.000000000	0.000000000	0.000000000	0.000000000	0.000000000	0.000000000
1.50050050	0.000000000	0.000000000	0.000000000	0.000000000	0.000000000	0.000000000
1.50750751	0.000000000	0.000000000	0.000000000	0.000000000	0.000000000	0.000000000
1.51451451	0.000000000	0.000000000	0.000000000	0.000000000	0.000000000	0.000000000
1.52152152	0.000000000	0.000000000	0.000000000	0.000000000	0.000000000	0.000000000
1.52852853	0.000000000	0.000000000	0.000000000	0.000000000	0.000000000	0.000000000
1.53553554	0.000000000	0.000000000	0.000000000	0.000000000	0.000000000	0.000000000
1.54254254	0.000000000	0.000000000	0.000000000	0.000000000	0.000000000	0.000000000
1.54954955	0.000000000	0.000000000	0.000000000	0.000000000	0.000000000	0.000000000
1.55655656	0.000000000	0.000000000	0.000000000	0.000000000	0.000000000	0.000000000
1.56356356	0.000000000	0.000000000	0.000000000	0.000000000	0.000000000	0.000000000
1.57057057	0.000000000	0.000000000	0.000000000	0.000000000	0.000000000	0.000000000
1.57757758	0.000000000	0.000000000	0.000000000	0.000000000	0.000000000	0.000000000
1.58458458	0.000000000	0.000000000	0.000000000	0.000000000	0.000000000	0.000000000
1.59159159	0.000000000	0.000000000	0.000000000	0.000000000	0.000000000	0.000000000
1.59859860	0.000000000	0.000000000	0.000000000	0.000000000	0.000000000	0.000000000
1.60560561	0.000000000	0.000000000	0.000000000	0.000000000	0.000000000	0.000000000
1.61261261	0.000000000	0.000000000	0.000000000	0.000000000	0.000000000	0.000000000
1.61961962	0.000000000	0.000000000	0.000000000	0.000000000	0.000000000	0.000000000
1.62662663	0.000000000	0.000000000	0.000000000	0.000000000	0.000000000	0.000000000
1.63363363	0.000000000	0.000000000	0.000000000	0.000000000	0.000000000	0.000000000
1.64064064	0.000000000	0.000000000	0.000000000	0.000000000	0.000000000	0.000000000
1.64764765	0.000000000	0.000000000	0.000000000	0.000000000	0.000000000	0.000000000
1.65465465	0.000000000	0.000000000	0.000000000	0.000000000	0.000000000	0.000000000
1.66166166	0.000000000	0.000000000	0.000000000	0.000000000	0.000000000	0.000000000
1.66866867	0.000000000	0.000000000	0.000000000	0.000000000	0.000000000	0.000000000
1.67567568	0.000000000	0.000000000	0.000000000	0.000000000	0.000000000	0.000000000
1.68268268	0.000000000	0.000000000	0.000000000	0.000000000	0.000000000	0.000000000
1.68968969	0.000000000	0.000000000	0.000000000	0.000000000	0.000000000	0.000000000
1.69669670	0.000000000	0.000000000	0.000000000	0.000000000	0.000000000	0.000000000
1.70370370	0.000000000	0.000000000	0.000000000	0.000000000	0.000000000	0.000000000
1.71071071	0.000000000	0.000000000	0.000000000	0.000000000	0.000000000	0.000000000
1.71771772	0.000000000	0.000000000	0.000000000	0.000000000	0.000000000	0.000000000
1.72472472	0.000000000	0.000000000	0.000000000	0.000000000	0.000000000	0.000000000
1.73173173	0.000000000	0.000000000	0.000000000	0.000000000	0.000000000	0.000000000
1.73873874	0.000000000	0.000000000	0.000000000	0.000000000	0.000000000	0.000000000
1.74574575	0.000000000	0.000000000	0.000000000	0.000000000	0.000000000	0.000000000
1.75275275	0.000000000	0.000000000	0.000000000	0.000000000	0.000000000	0.000000000
1.75975976	0.000000000	0.000000000	0.000000000	0.000000000	0.000000000	0.000000000
1.76676677	0.000000000	0.000000000	0.000000000	0.000000000	0.000000000	0.000000000
1.77377377	0.000000000	0.000000000	0.000000000	0.000000000	0.000000000	0.000000000
1.78078078	0.000000000	0.000000000	0.000000000	0.000000000	0.000000000	0.000000000
1.78778779	0.000000000	0.000000000	0.000000000	0.000000000	0.000000000	0.000000000
1.79479479	0.000000000	0.000000000	0.000000000	0.000000000	0.000000000	0.000000000
1.80180180	0.000000000	0.000000000	0.000000000	0.000000000	0.000000000	0.000000000
1.80880881	0.000000000	0.000000000	0.000000000	0.000000000	0.000000000	0.000000000
1.81581582	0.000000000	0.000000000	0.000000000	0.000000000	0.000000000	0.000000000
1.82282282	0.000000000	0.000000000	0.000000000	0.000000000	0.000000000	0.000000000
1.82982983	0.000000000	0.000000000	0.000000000	0.000000000	0.000000000	0.000000000
1.83683684	0.000000000	0.000000000	0.000000000	0.000000000	0.000000000	0.000000000
1.84384384	0.000000000	0.000000000	0.000000000	0.000000000	0.000000000	0.000000000
1.85085085	0.000000000	0.000000000	0.000000000	0.000000000	0.000000000	0.000000000
1.85785786	0.000000000	0.000000000	0.000000000	0.000000000	0.000000000	0.000000000
1.86486486	0.000000000	0.000000000	0.000000000	0.000000000	0.000000000	0.000000000
1.87187187	0.000000000	0.000000000	0.000000000	0.000000000	0.000000000	0.000000000
1.87887888	0.000000000	0.000000000	0.000000000	0.000000000	0.000000000	0.000000000
1.88588589	0.000000000	0.000000000	0.000000000	0.000000000	0.000000000	0.000000000
1.89289289	0.000000000	0.000000000	0.000000000	0.000000000	0.000000000	0.000000000
1.89989990	0.000000000	0.000000000	0.000000000	0.000000000	0.000000000	0.000000000
1.90690691	0.000000000	0.000000000	0.000000000	0.000000000	0.000000000	0.000000000
1.91391391	0.000000000	0.000000000	0.000000000	0.000000000	0.000000000	0.000000000
1.92092092	0.000000000	0.000000000	0.000000000	0.000000000	0.000000000	0.000000000
1.92792793	0.000000000	0.000000000	0.000000000	0.000000000	0.000000000	0.000000000
1.93493493	0.000000000	0.000000000	0.000000000	0.000000000	0.000000000	0.000000000
1.94194194	0.000000000	0.000000000	0.000000000	0.000000000	0.000000000	0.000000000
1.94894895	0.000000000	0.000000000	0.000000000	0.000000000	0.000000000	0.000000000
1.95595596	0.000000000	0.000000000	0.000000000	0.000000000	0.000000000	0.000000000
1.96296296	0.000000000	0.000000000	0.000000000	0.000000000	0.000000000	0.000000000
1.96996997	0.000000000	0.000000000	0.000000000	0.000000000	0.000000000	0.000000000
1.97697698	0.000000000	0.000000000	0.000000000	0.000000000	0.000000000	0.000000000
1.98398398	0.000000000	0.000000000	0.000000000	0.000000000	0.000000000	0.000000000
1.99099099	0.000000000	0.000000000	0.000000000	0.000000000	0.000000000	0.000000000
1.99799800	0.000000000	0.000000000	0.000000000	0.000000000	0.000000000	0.000000000
2.00500501	0.000000000	0.000000000	0.000000000	0.000000000	0.000000000	0.000000000
2.01201201	0.000000000	0.000000000	0.000000000	0.000000000	0.000000000	0.000000000
2.01901902	0.000000000	0.000000000	0.000000000	0.000000000	0.000000000	0.000000000
2.02602603	0.000000000	0.000000000	0.000000000	0.000000000	0.000000000	0.000000000
2.03303303	0.000000000	0.000000000	0.000000000	0.000000000	0.000000000	0.000000000
2.04004004	0.000000000	0.000000000	0.000000000	0.000000000	0.000000000	0.000000000
2.04704705	0.000000000	0.000000000	0.000000000	0.000000000	0.000000000	0.000000000
2.05405405	0.000000000	0.000000000	0.000000000	0.000000000	0.000000000	0.000000000
2.06106106	0.000000000	0.000000000	0.000000000	0.000000000	0.000000000	0.000000000
2.06806807	0.000000000	0.000000000	0.000000000	0.000000000	0.000000000	0.000000000
2.07507508	0.000000000	0.000000000	0.000000000	0.000000000	0.000000000	0.000000000
2.08208208	0.000000000	0.000000000	0.000000000	0.000000000	0.000000000	0.000000000
2.08908909	0.000000000	0.000000000	0.000000000	0.000000000	0.000000000	0.000000000
2.09609610	0.000000000	0.000000000	0.000000000	0.000000000	0.000000000	0.000000000
2.10310310	0.000000000	0.000000000	0.000000000	0.000000000	0.000000000	0.000000000
2.11011011	0.000000000	0.000000000	0.000000000	0.000000000	0.000000000	0.000000000
2.11711712	0.000000000	0.000000000	0.000000000	0.000000000	0.000000000	0.000000000
2.12412412	0.000000000	0.000000000	0.000000000	0.000000000	0.000000000	0.000000000
2.13113113	0.000000000	0.000000000	0.000000000	0.000000000	0.000000000	0.000000000
2.13813814	0.000000000	0.000000000	0.000000000	0.000000000	0.000000000	0.000000000
2.14514515	0.000000000	0.000000000	0.000000000	0.000000000	0.000000000	0.000000000
2.15215215	0.000000000	0.000000000	0.000000000	0.000000000	0.000000000	0.000000000
2.15915916	0.000000000	0.000000000	0.000000000	0.000000000	0.000000000	0.000000000
2.16616617	0.000000000	0.000000000	0.000000000	0.000000000	0.000000000	0.000000000
2.17317317	0.000000000	0.000000000	0.000000000	0.000000000	0.000000000	0.000000000
2.18018018	0.000000000	0.000000000	0.000000000	0.000000000	0.000000000	0.000000000
2.18718719	0.000000000	0.000000000	0.000000000	0.000000000	0.000000000	0.000000000
2.19419419	0.000000000	0.000000000	0.000000000	0.000000000	0.000000000	0.000000000
2.20120120	0.000000000	0.000000000	0.000000000	0.000000000	0.000000000	0.000000000
2.20820821	0.000000000	0.000000000	0.000000000	0.000000000	0.000000000	0.000000000
2.21521522	0.000000000	0.000000000	0.000000000	0.000000000	0.000000000	0.000000000
2.22222222	0.000000000	0.000000000	0.000000000	0.000000000	0.000000000	0.000000000
2.22922923	0.000000000	0.000000000	0.000000000	0.000000000	0.000000000	0.000000000
2.23623624	0.000000000	0.000000000	0.000000000	0.000000000	0.000000000	0.000000000
2.24324324	0.000000000	0.000000000	0.000000000	0.000000000	0.000000000	0.000000000
2.25025025	0.000000000	0.000000000	0.000000000	0.000000000	0.000000000	0.000000000
2.25725726	0.000000000	0.000000000	0.000000000	0.000000000	0.000000000	0.000000000
2.26426426	0.000000000	0.000000000	0.000000000	0.000000000	0.000000000	0.000000000
2.27127127	0.000000000	0.000000000	0.000000000	0.000000000	0.000000000	0.000000000
2.27827828	0.000000000	0.000000000	0.000000000	0.000000000	0.000000000	0.000000000
2.28528529	0.000000000	0.000000000	0.000000000	0.000000000	0.000000000	0.000000000
2.29229229	0.000000000	0.000000000	0.000000000	0.000000000	0.000000000	0.000000000
2.29929930	0.000000000	0.000000000	0.000000000	0.000000000	0.000000000	0.000000000
2.30630631	0.000000000	0.000000000	0.000000000	0.000000000	0.000000000	0.000000000
2.31331331	0.000000000	0.000000000	0.000000000	0.000000000	0.000000000	0.000000000
2.32032032	0.000000000	0.000000000	0.000000000	0.000000000	0.000000000	0.000000000
2.32732733	0.000000000	0.000000000	0.000000000	0.000000000	0.000000000	0.000000000
2.33433433	0.000000000	0.000000000	0.000000000	0.000000000	0.000000000	0.000000000
2.34134134	0.000000000	0.000000000	0.000000000	0.000000000	0.000000000	0.000000000
2.34834835	0.000000000	0.000000000	0.000000000	0.000000000	0.000000000	0.000000000
2.35535536	0.000000000	0.000000000	0.000000000	0.000000000	0.000000000	0.000000000
2.36236236	0.000000000	0.000000000	0.000000000	0.000000000	0.000000000	0.000000000
2.36936937	0.000000000	0.000000000	0.000000000	0.000000000	0.000000000	0.000000000
2.37637638	0.000000000	0.000000000	0.000000000	0.000000000	0.000000000	0.000000000
2.38338338	0.000000000	0.000000000	0.000000000	0.000000000	0.000000000	0.000000000
2.39039039	0.000000000	0.000000000	0.000000000	0.000000000	0.000000000	0.000000000
2.39739740	0.000000000	0.000000000	0.000000000	0.000000000	0.000000000	0.000000000
2.40440440	0.000000000	0.000000000	0.000000000	0.000000000	0.000000000	0.000000000
2.41141141	0.000000000	0.000000000	0.000000000	0.000000000	0.000000000	0.000000000
2.41841842	0.000000000	0.000000000	0.000000000	0.000000000	0.000000000	0.000000000
2.42542543	0.000000000	0.000000000	0.000000000	0.000000000	0.000000000	0.000000000
2.43243243	0.000000000	0.000000000	0.000000000	0.000000000	0.000000000	0.000000000
2.43943944	0.000000000	0.000000000	0.000000000	0.000000000	0.000000000	0.000000000
2.44644645	0.000000000	0.000000000	0.000000000	0.000000000	0.000000000	0.000000000
2.45345345	0.000000000	0.000000000	0.000000000	0.000000000	0.000000000	0.000000000
2.46046046	0.000000000	0.000000000	0.000000000	0.000000000	0.000000000	0.000000000
2.46746747	0.000000000	0.000000000	0.000000000	0.000000000	0.000000000	0.000000000
2.47447447	0.000000000	0.000000000	0.000000000	0.000000000	0.000000000	0.000000000
2.48148148	0.000000000	0.000000000	0.000000000	0.000000000	0.000000000	0.000000000
2.48848849	0.000000000	0.000000000	0.000000000	0.000000000	0.000000000	0.000000000
2.49549550	0.000000000	0.000000000	0.000000000	0.000000000	0.000000000	0.000000000
2.50250250	0.000000000	0.000000000	0.000000000	0.000000000	0.000000000	0.000000000
2.50950951	0.000000000	0.000000000	0.000000000	0.000000000	0.000000000	0.000000000
2.51651652	0.000000000	0.000000000	0.000000000	0.000000000	0.000000000	0.000000000
2.52352352	0.000000000	0.000000000	0.000000000	0.000000000	0.000000000	0.000000000
2.53053053	0.000000000	0.000000000	0.000000000	0.000000000	0.000000000	0.000000000
2.53753754	0.000000000	0.000000000	0.000000000	0.000000000	0.000000000	0.000000000
2.54454454	0.000000000	0.000000000	0.000000000	0.000000000	0.000000000	0.000000000
2.55155155	0.000000000	0.000000000	0.000000000	0.000000000	0.000000000	0.000000000
2.55855856	0.000000000	0.000000000	0.000000000	0.000000000	0.000000000	0.000000000
2.56556557	0.000000000	0.000000000	0.000000000	0.000000000	0.000000000	0.000000000
2.57257257	0.000000000	0.000000000	0.000000000	0.000000000	0.000000000	0.000000000
2.57957958	0.000000000	0.000000000	0.000000000	0.000000000	0.000000000	0.000000000
2.58658659	0.000000000	0.000000000	0.000000000	0.000000000	0.000000000	0.000000000
2.59359359	0.000000000	0.000000000	0.000000000	0.000000000	0.000000000	0.000000000
2.60060060	0.000000000	0.000000000	0.000000000	0.000000000	0.000000000	0.000000000
2.60760761	0.000000000	0.000000000	0.000000000	0.000000000	0.000000000	0.000000000
2.61461461	0.000000000	0.000000000	0.000000000	0.000000000	0.000000000	0.000000000
2.62162162	0.000000000	0.000000000	0.000000000	0.000000000	0.000000000	0.000000000
2.62862863	0.000000000	0.000000000	0.000000000	0.000000000	0.000000000	0.000000000
2.63563564	0.000000000	0.000000000	0.000000000	0.000000000	0.000000000	0.000000000
2.64264264	0.000000000	0.000000000	0.000000000	0.000000000	0.000000000	0.000000000
2.64964965	0.000000000	0.000000000	0.000000000	0.000000000	0.000000000	0.000000000
2.65665666	0.000000000	0.000000000	0.000000000	0.000000000	0.000000000	0.000000000
2.66366366	0.000000000	0.000000000	0.000000000	0.000000000	0.000000000	0.000000000
2.67067067	0.000000000	0.000000000	0.000000000	0.000000000	0.000000000	0.000000000
2.67767768	0.000000000	0.000000000	0.000000000	0.000000000	0.000000000	0.000000000
2.68468468	0.000000000	0.000000000	0.000000000	0.000000000	0.000000000	0.000000000
2.69169169	0.000000000	0.000000000	0.000000000	0.000000000	0.000000000	0.000000000
2.69869870	0.000000000	0.000000000	0.000000000	0.000000000	0.000000000	0.000000000
2.70570571	0.000000000	0.000000000	0.000000000	0.000000000	0.000000000	0.000000000
2.71271271	0.000000000	0.000000000	0.000000000	0.000000000	0.000000000	0.000000000
2.71971972	0.000000000	0.000000000	0.000000000	0.000000000	0.000000000	0.000000000
2.72672673	0.000000000	0.000000000	0.000000000	0.000000000	0.000000000	0.000000000
2.73373373	0.000000000	0.000000000	0.000000000	0.000000000	0.000000000	0.000000000
2.74074074	0.000000000	0.000000000	0.000000000	0.000000000	0.000000000	0.000000000
2.74774775	0.000000000	0.000000000	0.000000000	0.000000000	0.000000000	0.000000000
2.75475475	0.000000000	0.000000000	0.000000000	0.000000000	0.000000000	0.000000000
2.76176176	0.000000000	0.000000000	0.000000000	0.000000000	0.000000000	0.000000000
2.76876877	0.000000000	0.000000000	0.000000000	0.000000000	0.000000000	0.000000000
2.77577578	0.000000000	0.000000000	0.000000000	0.000000000	0.000000000	0.000000000
2.78278278	0.000000000	0.000000000	0.000000000	0.000000000	0.000000000	0.000000000
2.78978979	0.000000000	0.000000000	0.000000000	0.000000000	0.000000000	0.000000000
2.79679680	0.000000000	0.000000000	0.000000000	0.000000000	0.000000000	0.000000000
2.80380380	0.000000000	0.000000000	0.000000000	0.000000000	0.000000000	0.000000000
2.81081081	0.000000000	0.000000000	0.000000000	0.000000000	0.000000000	0.000000000
2.81781782	0.000000000	0.000000000	0.000000000	0.000000000	0.000000000	0.000000000
2.82482482	0.000000000	0.000000000	0.000000000	0.000000000	0.000000000	0.000000000
2.83183183	0.000000000	0.000000000	0.000000000	0.000000000	0.000000000	0.000000000
2.83883884	0.000000000	0.000000000	0.000000000	0.000000000	0.000000000	0.000000000
2.84584585	0.000000000	0.000000000	0.000000000	0.000000000	0.000000000	0.000000000
2.85285285	0.000000000	0.000000000	0.000000000	0.000000000	0.000000000	0.000000000
2.85985986	0.000000000	0.000000000	0.000000000	0.000000000	0.000000000	0.000000000
2.86686687	0.000000000	0.000000000	0.000000000	0.000000000	0.000000000	0.000000000
2.87387387	0.000000000	0.000000000	0.000000000	0.000000000	0.000000000	0.000000000
2.88088088	0.000000000	0.000000000	0.000000000	0.000000000	0.000000000	0.000000000
2.88788789	0.000000000	0.000000000	0.000000000	0.000000000	0.000000000	0.000000000
2.89489489	0.000000000	0.000000000	0.000000000	0.000000000	0.000000000	0.000000000
2.90190190	0.000000000	0.000000000	0.000000000	0.000000000	0.000000000	0.000000000
2.90890891	0.000000000	0.000000000	0.000000000	0.000000000	0.000000000	0.000000000
2.91591592	0.000000000	0.000000000	0.000000000	0.000000000	0.000000000	0.000000000
2.92292292	0.000000000	0.000000000	0.000000000	0.000000000	0.000000000	0.000000000
2.92992993	0.000000000	0.000000000	0.000000000	0.000000000	0.000000000	0.000000000
2.93693694	0.000000000	0.000000000	0.000000000	0.000000000	0.000000000	0.000000000
2.94394394	0.000000000	0.000000000	0.000000000	0.000000000	0.000000000	0.000000000
2.95095095	0.000000000	0.000000000	0.000000000	0.000000000	0.000000000	0.000000000
2.95795796	0.000000000	0.000000000	0.000000000	0.000000000	0.000000000	0.000000000
2.96496496	0.000000000	0.000000000	0.000000000	0.000000000	0.000000000	0.000000000
2.97197197	0.000000000	0.000000000	0.000000000	0.000000000	0.000000000	0.000000000
2.97897898	0.000000000	0.000000000	0.000000000	0.000000000	0.000000000	0.000000000
2.98598599	0.000000000	0.000000000	0.000000000	0.000000000	0.000000000	0.000000000
2.99299299	0.000000000	0.000000000	0.000000000	0.000000000	0.000000000	0.000000000
3.00000000	0.000000000	0.000000000	0.000000000	0.000000000	0.000000000	0.000000000
