-4.000000000	0.006415220	0.002829286	0.005974255	0.002215732	0.005915739	0.004062057
-3.992992993	0.006530330	0.002890777	0.006112495	0.002259042	0.006003913	0.004139559
-3.985985986	0.006647382	0.002953528	0.006253679	0.002303170	0.006093366	0.004218469
-3.978978979	0.006766408	0.003017564	0.006397861	0.002348131	0.006184115	0.004298812
-3.971971972	0.006887436	0.003082908	0.006545100	0.002393941	0.006276179	0.004380611
-3.964964965	0.007010499	0.003149586	0.006695452	0.002440616	0.006369575	0.004463891
-3.957957958	0.007135629	0.003217622	0.006848977	0.002488170	0.006464324	0.004548677
-3.950950951	0.007262856	0.003287043	0.007005735	0.002536619	0.006560443	0.004634996
-3.943943944	0.007392213	0.003357875	0.007165785	0.002585980	0.006657951	0.004722873
-3.936936937	0.007523733	0.003430143	0.007329190	0.002636270	0.006756869	0.004812335
-3.929929930	0.007657450	0.003503876	0.007496012	0.002687504	0.006857215	0.004903407
-3.922922923	0.007793397	0.003579100	0.007666314	0.002739701	0.006959010	0.004996118
-3.915915916	0.007931608	0.003655844	0.007840162	0.002792876	0.007062273	0.005090495
-3.908908909	0.008072117	0.003734136	0.008017621	0.002847049	0.007167026	0.005186567
-3.901901902	0.008214961	0.003814005	0.008198756	0.002902236	0.007273288	0.005284361
-3.894894895	0.008360173	0.003895479	0.008383637	0.002958456	0.007381080	0.005383906
-3.887887888	0.008507792	0.003978590	0.008572331	0.003015728	0.007490425	0.005485232
-3.880880881	0.008657852	0.004063367	0.008764907	0.003074070	0.007601343	0.005588369
-3.873873874	0.008810390	0.004149841	0.008961438	0.003133501	0.007713856	0.005693347
-3.866866867	0.008965446	0.004238044	0.009161993	0.003194042	0.007827987	0.005800197
-3.859859860	0.009123055	0.004328007	0.009366646	0.003255711	0.007943757	0.005908949
-3.852852853	0.009283257	0.004419763	0.009575472	0.003318529	0.008061189	0.006019636
-3.845845846	0.009446091	0.004513344	0.009788544	0.003382517	0.008180306	0.006132289
-3.838838839	0.009611596	0.004608785	0.010005939	0.003447695	0.008301132	0.006246942
-3.831831832	0.009779812	0.004706119	0.010227733	0.003514084	0.008423690	0.006363627
-3.824824825	0.009950780	0.004805380	0.010454006	0.003581706	0.008548003	0.006482378
-3.817817818	0.010124541	0.004906605	0.010684836	0.003650583	0.008674097	0.006603229
-3.810810811	0.010301135	0.005009828	0.010920304	0.003720736	0.008801995	0.006726215
-3.803803804	0.010480606	0.005115086	0.011160492	0.003792190	0.008931722	0.006851371
-3.796796797	0.010662996	0.005222415	0.011405482	0.003864966	0.009063304	0.006978732
-3.789789790	0.010848348	0.005331854	0.011655359	0.003939089	0.009196765	0.007108335
-3.782782783	0.011036706	0.005443440	0.011910207	0.004014581	0.009332132	0.007240216
-3.775775776	0.011228114	0.005557212	0.012170112	0.004091467	0.009469431	0.007374413
-3.768768769	0.011422617	0.005673208	0.012435163	0.004169771	0.009608688	0.007510963
-3.761761762	0.011620261	0.005791470	0.012705448	0.004249519	0.009749929	0.007649905
-3.754754755	0.011821090	0.005912037	0.012981056	0.004330737	0.009893182	0.007791278
-3.747747748	0.012025153	0.006034951	0.013262080	0.004413448	0.010038475	0.007935121
-3.740740741	0.012232496	0.006160254	0.013548610	0.004497681	0.010185835	0.008081474
-3.733733734	0.012443166	0.006287987	0.013840742	0.004583462	0.010335291	0.008230379
-3.726726727	0.012657212	0.006418194	0.014138568	0.004670817	0.010486870	0.008381875
-3.719719720	0.012874683	0.006550919	0.014442187	0.004759774	0.010640603	0.008536006
-3.712712713	0.013095628	0.006686206	0.014751694	0.004850362	0.010796517	0.008692813
-3.705705706	0.013320098	0.006824101	0.015067188	0.004942608	0.010954643	0.008852339
-3.698698699	0.013548143	0.006964649	0.015388770	0.005036542	0.011115010	0.009014629
-3.691691692	0.013779815	0.007107897	0.015716540	0.005132193	0.011277650	0.009179726
-3.684684685	0.014015165	0.007253892	0.016050601	0.005229592	0.011442593	0.009347676
-3.677677678	0.014254245	0.007402682	0.016391056	0.005328767	0.011609869	0.009518523
-3.670670671	0.014497110	0.007554316	0.016738009	0.005429750	0.011779511	0.009692315
-3.663663664	0.014743813	0.007708843	0.017091569	0.005532573	0.011951551	0.009869097
-3.656656657	0.014994409	0.007866313	0.017451841	0.005637267	0.012126020	0.010048919
-3.649649650	0.015248952	0.008026778	0.017818935	0.005743865	0.012302952	0.010231827
-3.642642643	0.015507498	0.008190288	0.018192961	0.005852400	0.012482380	0.010417870
-3.635635636	0.015770103	0.008356898	0.018574030	0.005962904	0.012664337	0.010607099
-3.628628629	0.016036826	0.008526659	0.018962256	0.006075413	0.012848858	0.010799563
-3.621621622	0.016307723	0.008699626	0.019357751	0.006189960	0.013035976	0.010995313
-3.614614615	0.016582853	0.008875854	0.019760632	0.006306580	0.013225727	0.011194402
-3.607607608	0.016862274	0.009055398	0.020171016	0.006425310	0.013418146	0.011396880
-3.600600601	0.017146048	0.009238315	0.020589020	0.006546185	0.013613268	0.011602802
-3.593593594	0.017434233	0.009424662	0.021014764	0.006669242	0.013811130	0.011812221
-3.586586587	0.017726891	0.009614497	0.021448369	0.006794518	0.014011769	0.012025192
-3.579579580	0.018024085	0.009807880	0.021889956	0.006922052	0.014215221	0.012241770
-3.572572573	0.018325875	0.010004870	0.022339650	0.007051882	0.014421524	0.012462011
-3.565565566	0.018632327	0.010205527	0.022797574	0.007184046	0.014630716	0.012685972
-3.558558559	0.018943502	0.010409913	0.023263856	0.007318586	0.014842835	0.012913710
-3.551551552	0.019259467	0.010618092	0.023738622	0.007455541	0.015057921	0.013145284
-3.544544545	0.019580286	0.010830125	0.024222001	0.007594952	0.015276012	0.013380753
-3.537537538	0.019906025	0.011046077	0.024714124	0.007736861	0.015497149	0.013620176
-3.530530531	0.020236752	0.011266014	0.025215121	0.007881310	0.015721372	0.013863615
-3.523523524	0.020572533	0.011490001	0.025725126	0.008028342	0.015948722	0.014111131
-3.516516517	0.020913436	0.011718105	0.026244273	0.008178002	0.016179240	0.014362786
-3.509509510	0.021259531	0.011950394	0.026772696	0.008330332	0.016412968	0.014618643
-3.502502503	0.021610887	0.012186937	0.027310533	0.008485379	0.016649948	0.014878767
-3.495495495	0.021967575	0.012427804	0.027857923	0.008643188	0.016890224	0.015143222
-3.488488488	0.022329665	0.012673064	0.028415003	0.008803805	0.017133838	0.015412073
-3.481481481	0.022697230	0.012922791	0.028981915	0.008967278	0.017380834	0.015685388
-3.474474474	0.023070341	0.013177057	0.029558800	0.009133654	0.017631258	0.015963234
-3.467467467	0.023449073	0.013435934	0.030145803	0.009302982	0.017885153	0.016245678
-3.460460460	0.023833500	0.013699499	0.030743067	0.009475312	0.018142566	0.016532791
-3.453453453	0.024223695	0.013967826	0.031350738	0.009650693	0.018403542	0.016824641
-3.446446446	0.024619736	0.014240991	0.031968963	0.009829176	0.018668128	0.017121300
-3.439439439	0.025021697	0.014519074	0.032597890	0.010010814	0.018936371	0.017422840
-3.432432432	0.025429657	0.014802152	0.033237670	0.010195658	0.019208319	0.017729333
-3.425425425	0.025843693	0.015090304	0.033888452	0.010383762	0.019484020	0.018040852
-3.418418418	0.026263884	0.015383612	0.034550389	0.010575179	0.019763523	0.018357473
-3.411411411	0.026690309	0.015682158	0.035223633	0.010769965	0.020046878	0.018679271
-3.404404404	0.027123048	0.015986023	0.035908339	0.010968176	0.020334134	0.019006321
-3.397397397	0.027562182	0.016295293	0.036604663	0.011169867	0.020625341	0.019338702
-3.390390390	0.028007793	0.016610052	0.037312760	0.011375097	0.020920552	0.019676492
-3.383383383	0.028459964	0.016930385	0.038032789	0.011583923	0.021219817	0.020019769
-3.376376376	0.028918777	0.017256381	0.038764909	0.011796404	0.021523190	0.020368614
-3.369369369	0.029384316	0.017588127	0.039509280	0.012012602	0.021830722	0.020723109
-3.362362362	0.029856667	0.017925713	0.040266062	0.012232575	0.022142468	0.021083334
-3.355355355	0.030335915	0.018269228	0.041035417	0.012456387	0.022458482	0.021449374
-3.348348348	0.030822146	0.018618765	0.041817509	0.012684100	0.022778819	0.021821312
-3.341341341	0.031315448	0.018974415	0.042612502	0.012915777	0.023103534	0.022199233
-3.334334334	0.031815907	0.019336274	0.043420561	0.013151483	0.023432682	0.022583224
-3.327327327	0.032323614	0.019704435	0.044241852	0.013391284	0.023766322	0.022973372
-3.320320320	0.032838657	0.020078995	0.045076541	0.013635246	0.024104510	0.023369764
-3.313313313	0.033361126	0.020460051	0.045924797	0.013883436	0.024447304	0.023772490
-3.306306306	0.033891112	0.020847701	0.046786788	0.014135923	0.024794763	0.024181639
-3.299299299	0.034428708	0.021242044	0.047662685	0.014392776	0.025146946	0.024597304
-3.292292292	0.034974005	0.021643182	0.048552656	0.014654066	0.025503913	0.025019576
-3.285285285	0.035527097	0.022051216	0.049456874	0.014919864	0.025865725	0.025448549
-3.278278278	0.036088078	0.022466248	0.050375511	0.015190242	0.026232443	0.025884316
-3.271271271	0.036657043	0.022888384	0.051308738	0.015465275	0.026604129	0.026326974
-3.264264264	0.037234087	0.023317728	0.052256729	0.015745036	0.026980846	0.026776618
-3.257257257	0.037819306	0.023754387	0.053219659	0.016029601	0.027362657	0.027233346
-3.250250250	0.038412797	0.024198469	0.054197701	0.016319047	0.027749626	0.027697257
-3.243243243	0.039014659	0.024650082	0.055191031	0.016613451	0.028141819	0.028168451
-3.236236236	0.039624990	0.025109337	0.056199824	0.016912893	0.028539300	0.028647027
-3.229229229	0.040243888	0.025576345	0.057224256	0.017217452	0.028942136	0.029133088
-3.222222222	0.040871455	0.026051218	0.058264504	0.017527210	0.029350394	0.029626737
-3.215215215	0.041507790	0.026534071	0.059320744	0.017842248	0.029764141	0.030128077
-3.208208208	0.042152996	0.027025017	0.060393154	0.018162650	0.030183447	0.030637214
-3.201201201	0.042807174	0.027524173	0.061481911	0.018488501	0.030608379	0.031154254
-3.194194194	0.043470427	0.028031657	0.062587193	0.018819887	0.031039008	0.031679304
-3.187187187	0.044142859	0.028547587	0.063709178	0.019156893	0.031475404	0.032212472
-3.180180180	0.044824573	0.029072083	0.064848043	0.019499609	0.031917639	0.032753868
-3.173173173	0.045515676	0.029605265	0.066003967	0.019848123	0.032365785	0.033303603
-3.166166166	0.046216272	0.030147256	0.067177127	0.020202526	0.032819915	0.033861788
-3.159159159	0.046926469	0.030698179	0.068367703	0.020562910	0.033280102	0.034428535
-3.152152152	0.047646372	0.031258159	0.069575871	0.020929368	0.033746422	0.035003960
-3.145145145	0.048376090	0.031827322	0.070801809	0.021301994	0.034218948	0.035588176
-3.138138138	0.049115730	0.032405795	0.072045696	0.021680883	0.034697757	0.036181300
-3.131131131	0.049865402	0.032993705	0.073307708	0.022066133	0.035182926	0.036783449
-3.124124124	0.050625216	0.033591183	0.074588022	0.022457841	0.035674533	0.037394742
-3.117117117	0.051395281	0.034198359	0.075886814	0.022856106	0.036172655	0.038015298
-3.110110110	0.052175708	0.034815365	0.077204261	0.023261030	0.036677373	0.038645237
-3.103103103	0.052966608	0.035442334	0.078540538	0.023672715	0.037188764	0.039284682
-3.096096096	0.053768094	0.036079400	0.079895820	0.024091263	0.037706912	0.039933754
-3.089089089	0.054580278	0.036726699	0.081270280	0.024516780	0.038231897	0.040592579
-3.082082082	0.055403273	0.037384367	0.082664093	0.024949371	0.038763801	0.041261280
-3.075075075	0.056237193	0.038052542	0.084077429	0.025389145	0.039302708	0.041939984
-3.068068068	0.057082152	0.038731363	0.085510461	0.025836209	0.039848701	0.042628819
-3.061061061	0.057938263	0.039420970	0.086963360	0.026290674	0.040401866	0.043327911
-3.054054054	0.058805644	0.040121504	0.088436294	0.026752652	0.040962289	0.044037392
-3.047047047	0.059684408	0.040833109	0.089929431	0.027222256	0.041530055	0.044757391
-3.040040040	0.060574673	0.041555927	0.091442938	0.027699600	0.042105252	0.045488040
-3.033033033	0.061476554	0.042290102	0.092976980	0.028184801	0.042687969	0.046229472
-3.026026026	0.062390169	0.043035782	0.094531722	0.028677975	0.043278294	0.046981820
-3.019019019	0.063315635	0.043793113	0.096107326	0.029179241	0.043876318	0.047745219
-3.012012012	0.064253070	0.044562242	0.097703951	0.029688720	0.044482130	0.048519804
-3.005005005	0.065202591	0.045343319	0.099321758	0.030206534	0.045095823	0.049305713
-2.997997998	0.066164318	0.046136494	0.100960903	0.030732805	0.045717489	0.050103084
-2.990990991	0.067138369	0.046941919	0.102621542	0.031267660	0.046347222	0.050912055
-2.983983984	0.068124863	0.047759745	0.104303826	0.031811223	0.046985115	0.051732766
-2.976976977	0.069123920	0.048590125	0.106007908	0.032363623	0.047631264	0.052565359
-2.969969970	0.070135659	0.049433215	0.107733934	0.032924989	0.048285764	0.053409974
-2.962962963	0.071160200	0.050289169	0.109482053	0.033495452	0.048948712	0.054266756
-2.955955956	0.072197664	0.051158144	0.111252407	0.034075145	0.049620207	0.055135848
-2.948948949	0.073248170	0.052040296	0.113045136	0.034664201	0.050300346	0.056017395
-2.941941942	0.074311839	0.052935785	0.114860381	0.035262757	0.050989229	0.056911543
-2.934934935	0.075388791	0.053844768	0.116698275	0.035870949	0.051686956	0.057818438
-2.927927928	0.076479148	0.054767406	0.118558951	0.036488916	0.052393628	0.058738228
-2.920920921	0.077583030	0.055703860	0.120442539	0.037116798	0.053109347	0.059671061
-2.913913914	0.078700557	0.056654291	0.122349165	0.037754738	0.053834217	0.060617087
-2.906906907	0.079831851	0.057618862	0.124278952	0.038402879	0.054568341	0.061576457
-2.899899900	0.080977033	0.058597736	0.126232018	0.039061366	0.055311823	0.062549321
-2.892892893	0.082136223	0.059591077	0.128208481	0.039730346	0.056064769	0.063535831
-2.885885886	0.083309542	0.060599049	0.130208451	0.040409966	0.056827286	0.064536141
-2.878878879	0.084497110	0.061621820	0.132232036	0.041100379	0.057599480	0.065550403
-2.871871872	0.085699049	0.062659553	0.134279342	0.041801734	0.058381460	0.066578771
-2.864864865	0.086915478	0.063712418	0.136350469	0.042514185	0.059173336	0.067621402
-2.857857858	0.088146517	0.064780579	0.138445511	0.043237888	0.059975215	0.068678450
-2.850850851	0.089392287	0.065864207	0.140564560	0.043972998	0.060787211	0.069750072
-2.843843844	0.090652906	0.066963469	0.142707704	0.044719674	0.061609433	0.070836426
-2.836836837	0.091928494	0.068078535	0.144875024	0.045478077	0.062441996	0.071937668
-2.829829830	0.093219170	0.069209573	0.147066597	0.046248366	0.063285011	0.073053957
-2.822822823	0.094525053	0.070356755	0.149282497	0.047030706	0.064138593	0.074185452
-2.815815816	0.095846259	0.071520250	0.151522791	0.047825262	0.065002857	0.075332313
-2.808808809	0.097182907	0.072700229	0.153787539	0.048632199	0.065877920	0.076494699
-2.801801802	0.098535114	0.073896864	0.156076800	0.049451687	0.066763897	0.077672771
-2.794794795	0.099902996	0.075110325	0.158390623	0.050283894	0.067660907	0.078866689
-2.787787788	0.101286669	0.076340785	0.160729054	0.051128993	0.068569068	0.080076616
-2.780780781	0.102686248	0.077588415	0.163092133	0.051987156	0.069488498	0.081302712
-2.773773774	0.104101847	0.078853387	0.165479893	0.052858559	0.070419319	0.082545140
-2.766766767	0.105533580	0.080135873	0.167892361	0.053743377	0.071361651	0.083804062
-2.759759760	0.106981560	0.081436045	0.170329558	0.054641788	0.072315615	0.085079640
-2.752752753	0.108445899	0.082754075	0.172791498	0.055553973	0.073281335	0.086372037
-2.745745746	0.109926707	0.084090135	0.175278189	0.056480113	0.074258933	0.087681417
-2.738738739	0.111424095	0.085444397	0.177789632	0.057420390	0.075248534	0.089007942
-2.731731732	0.112938172	0.086817033	0.180325820	0.058374989	0.076250263	0.090351775
-2.724724725	0.114469046	0.088208215	0.182886740	0.059344096	0.077264244	0.091713080
-2.717717718	0.116016823	0.089618112	0.185472372	0.060327898	0.078290605	0.093092020
-2.710710711	0.117581609	0.091046896	0.188082687	0.061326586	0.079329473	0.094488757
-2.703703704	0.119163509	0.092494738	0.190717650	0.062340350	0.080380975	0.095903456
-2.696696697	0.120762626	0.093961808	0.193377216	0.063369382	0.081445241	0.097336278
-2.689689690	0.122379061	0.095448274	0.196061336	0.064413877	0.082522398	0.098787387
-2.682682683	0.124012914	0.096954306	0.198769948	0.065474029	0.083612579	0.100256944
-2.675675676	0.125664286	0.098480071	0.201502984	0.066550037	0.084715913	0.101745112
-2.668668669	0.127333272	0.100025738	0.204260370	0.067642097	0.085832531	0.103252053
-2.661661662	0.129019968	0.101591471	0.207042018	0.068750412	0.086962566	0.104777927
-2.654654655	0.130724468	0.103177438	0.209847836	0.069875180	0.088106150	0.106322895
-2.647647648	0.132446865	0.104783803	0.212677721	0.071016607	0.089263417	0.107887117
-2.640640641	0.134187249	0.106410728	0.215531560	0.072174895	0.090434501	0.109470754
-2.633633634	0.135945709	0.108058378	0.218409232	0.073350251	0.091619537	0.111073962
-2.626626627	0.137722330	0.109726912	0.221310607	0.074542882	0.092818658	0.112696901
-2.619619620	0.139517198	0.111416491	0.224235544	0.075752996	0.094032002	0.114339728
-2.612612613	0.141330394	0.113127274	0.227183893	0.076980803	0.095259704	0.116002598
-2.605605606	0.143162000	0.114859417	0.230155494	0.078226513	0.096501901	0.117685668
-2.598598599	0.145012092	0.116613076	0.233150176	0.079490340	0.097758731	0.119389090
-2.591591592	0.146880748	0.118388406	0.236167760	0.080772496	0.099030331	0.121113018
-2.584584585	0.148768039	0.120185557	0.239208055	0.082073196	0.100316839	0.122857604
-2.577577578	0.150674037	0.122004680	0.242270859	0.083392656	0.101618395	0.124622998
-2.570570571	0.152598810	0.123845925	0.245355959	0.084731094	0.102935136	0.126409350
-2.563563564	0.154542423	0.125709437	0.248463133	0.086088726	0.104267203	0.128216806
-2.556556557	0.156504940	0.127595360	0.251592147	0.087465772	0.105614736	0.130045512
-2.549549550	0.158486421	0.129503836	0.254742756	0.088862453	0.106977874	0.131895614
-2.542542543	0.160486922	0.131435006	0.257914703	0.090278988	0.108356758	0.133767254
-2.535535536	0.162506498	0.133389006	0.261107719	0.091715601	0.109751529	0.135660571
-2.528528529	0.164545200	0.135365972	0.264321526	0.093172514	0.111162328	0.137575706
-2.521521522	0.166603077	0.137366034	0.267555833	0.094649950	0.112589296	0.139512795
-2.514514515	0.168680172	0.139389323	0.270810335	0.096148134	0.114032575	0.141471973
-2.507507508	0.170776527	0.141435965	0.274084717	0.097667290	0.115492305	0.143453371
-2.500500501	0.172892181	0.143506083	0.277378653	0.099207646	0.116968629	0.145457121
-2.493493493	0.175027167	0.145599797	0.280691803	0.100769426	0.118461689	0.147483349
-2.486486486	0.177181518	0.147717225	0.284023814	0.102352858	0.119971626	0.149532181
-2.479479479	0.179355259	0.149858481	0.287374322	0.103958170	0.121498582	0.151603740
-2.472472472	0.181548416	0.152023674	0.290742951	0.105585588	0.123042699	0.153698144
-2.465465465	0.183761006	0.154212911	0.294129311	0.107235341	0.124604120	0.155815511
-2.458458458	0.185993047	0.156426296	0.297532999	0.108907657	0.126182984	0.157955954
-2.451451451	0.188244549	0.158663926	0.300953599	0.110602765	0.127779435	0.160119585
-2.444444444	0.190515521	0.160925898	0.304390684	0.112320893	0.129393613	0.162306509
-2.437437437	0.192805964	0.163212303	0.307843811	0.114062270	0.131025660	0.164516833
-2.430430430	0.195115879	0.165523226	0.311312527	0.115827125	0.132675717	0.166750656
-2.423423423	0.197445259	0.167858750	0.314796363	0.117615687	0.134343923	0.169008075
-2.416416416	0.199794094	0.170218954	0.318294839	0.119428183	0.136030420	0.171289183
-2.409409409	0.202162370	0.172603909	0.321807459	0.121264842	0.137735347	0.173594070
-2.402402402	0.204550067	0.175013685	0.325333716	0.123125892	0.139458843	0.175922821
-2.395395395	0.206957160	0.177448345	0.328873089	0.125011559	0.141201047	0.178275517
-2.388388388	0.209383620	0.179907947	0.332425043	0.126922070	0.142962097	0.180652236
-2.381381381	0.211829413	0.182392544	0.335989028	0.128857652	0.144742132	0.183053049
-2.374374374	0.214294498	0.184902183	0.339564485	0.130818529	0.146541287	0.185478025
-2.367367367	0.216778831	0.187436907	0.343150836	0.132804926	0.148359700	0.187927228
-2.360360360	0.219282362	0.189996752	0.346747493	0.134817067	0.150197505	0.190400715
-2.353353353	0.221805035	0.192581749	0.350353853	0.136855173	0.152054838	0.192898540
-2.346346346	0.224346788	0.195191921	0.353969300	0.138919465	0.153931831	0.195420751
-2.339339339	0.226907554	0.197827288	0.357593203	0.141010164	0.155828617	0.197967392
-2.332332332	0.229487261	0.200487862	0.361224920	0.143127488	0.157745329	0.200538500
-2.325325325	0.232085830	0.203173647	0.364863794	0.145271653	0.159682096	0.203134107
-2.318318318	0.234703175	0.205884643	0.368509153	0.147442874	0.161639048	0.205754239
-2.311311311	0.237339206	0.208620841	0.372160314	0.149641365	0.163616313	0.208398917
-2.304304304	0.239993826	0.211382228	0.375816580	0.151867336	0.165614017	0.211068155
-2.297297297	0.242666932	0.214168781	0.379477240	0.154120997	0.167632287	0.213761961
-2.290290290	0.245358413	0.216980470	0.383141570	0.156402555	0.169671246	0.216480337
-2.283283283	0.248068152	0.219817259	0.386808834	0.158712214	0.171731017	0.219223278
-2.276276276	0.250796027	0.222679104	0.390478280	0.161050176	0.173811719	0.221990772
-2.269269269	0.253541908	0.225565952	0.394149147	0.163416641	0.175913473	0.224782800
-2.262262262	0.256305659	0.228477743	0.397820657	0.165811804	0.178036396	0.227599338
-2.255255255	0.259087134	0.231414409	0.401492024	0.168235859	0.180180602	0.230440351
-2.248248248	0.261886184	0.234375873	0.405162445	0.170688996	0.182346205	0.233305801
-2.241241241	0.264702651	0.237362051	0.408831107	0.173171402	0.184533317	0.236195639
-2.234234234	0.267536369	0.240372848	0.412497184	0.175683260	0.186742048	0.239109810
-2.227227227	0.270387166	0.243408162	0.416159840	0.178224750	0.188972503	0.242048250
-2.220220220	0.273254861	0.246467881	0.419818223	0.180796047	0.191224788	0.245010887
-2.213213213	0.276139267	0.249551885	0.423471473	0.183397323	0.193499005	0.247997642
-2.206206206	0.279040188	0.252660043	0.427118717	0.186028746	0.195795254	0.251008426
-2.199199199	0.281957422	0.255792217	0.430759070	0.188690478	0.198113632	0.254043143
-2.192192192	0.284890756	0.258948256	0.434391639	0.191382678	0.200454234	0.257101685
-2.185185185	0.287839973	0.262128003	0.438015517	0.194105498	0.202817151	0.260183939
-2.178178178	0.290804845	0.265331287	0.441629788	0.196859088	0.205202472	0.263289780
-2.171171171	0.293785137	0.268557930	0.445233526	0.199643590	0.207610283	0.266419075
-2.164164164	0.296780605	0.271807742	0.448825794	0.202459142	0.210040666	0.269571681
-2.157157157	0.299790997	0.275080522	0.452405646	0.205305876	0.212493701	0.272747444
-2.150150150	0.302816053	0.278376061	0.455972126	0.208183917	0.214969464	0.275946203
-2.143143143	0.305855504	0.281694136	0.459524272	0.211093386	0.217468027	0.279167784
-2.136136136	0.308909073	0.285034514	0.463061109	0.214034396	0.219989460	0.282412004
-2.129129129	0.311976473	0.288396952	0.466581657	0.217007053	0.222533827	0.285678670
-2.122122122	0.315057410	0.291781195	0.470084926	0.220011458	0.225101189	0.288967577
-2.115115115	0.318151579	0.295186974	0.473569920	0.223047703	0.227691605	0.292278510
-2.108108108	0.321258669	0.298614014	0.477035634	0.226115874	0.230305128	0.295611242
-2.101101101	0.324378356	0.302062022	0.480481059	0.229216048	0.232941806	0.298965538
-2.094094094	0.327510312	0.305530696	0.483905177	0.232348296	0.235601685	0.302341147
-2.087087087	0.330654195	0.309019723	0.487306964	0.235512679	0.238284804	0.305737809
-2.080080080	0.333809656	0.312528776	0.490685394	0.238709251	0.240991200	0.309155253
-2.073073073	0.336976337	0.316057515	0.494039432	0.241938056	0.243720903	0.312593193
-2.066066066	0.340153871	0.319605589	0.497368041	0.245199130	0.246473940	0.316051335
-2.059059059	0.343341880	0.323172634	0.500670177	0.248492501	0.249250331	0.319529369
-2.052052052	0.346539978	0.326758271	0.503944797	0.251818184	0.252050092	0.323026975
-2.045045045	0.349747768	0.330362112	0.507190850	0.255176188	0.254873234	0.326543819
-2.038038038	0.352964846	0.333983753	0.510407286	0.258566508	0.257719762	0.330079554
-2.031031031	0.356190795	0.337622777	0.513593051	0.261989133	0.260589674	0.333633823
-2.024024024	0.359425192	0.341278754	0.516747091	0.265444039	0.263482966	0.337206252
-2.017017017	0.362667602	0.344951241	0.519868349	0.268931190	0.266399623	0.340796456
-2.010010010	0.365917580	0.348639781	0.522955769	0.272450540	0.269339629	0.344404036
-2.003003003	0.369174673	0.352343903	0.526008295	0.276002032	0.272302958	0.348028579
-1.995995996	0.372438418	0.356063124	0.529024872	0.279585596	0.275289579	0.351669659
-1.988988989	0.375708341	0.359796944	0.532004445	0.283201150	0.278299455	0.355326836
-1.981981982	0.378983959	0.363544851	0.534945962	0.286848601	0.281332541	0.358999656
-1.974974975	0.382264780	0.367306319	0.537848374	0.290527840	0.284388786	0.362687651
-1.967967968	0.385550301	0.371080807	0.540710635	0.294238747	0.287468131	0.366390337
-1.960960961	0.388840010	0.374867761	0.543531700	0.297981189	0.290570511	0.370107219
-1.953953954	0.392133384	0.378666611	0.546310533	0.301755018	0.293695854	0.373837785
-1.946946947	0.395429893	0.382476774	0.549046099	0.305560071	0.296844077	0.377581508
-1.939939940	0.398728994	0.386297653	0.551737372	0.309396173	0.300015094	0.381337848
-1.932932933	0.402030137	0.390128634	0.554383329	0.313263132	0.303208806	0.385106250
-1.925925926	0.405332760	0.393969092	0.556982956	0.317160742	0.306425111	0.388886142
-1.918918919	0.408636293	0.397818385	0.559535247	0.321088781	0.309663896	0.392676940
-1.911911912	0.411940156	0.401675856	0.562039202	0.325047010	0.312925038	0.396478043
-1.904904905	0.415243760	0.405540837	0.564493834	0.329035177	0.316208408	0.400288835
-1.897897898	0.418546505	0.409412641	0.566898161	0.333053011	0.319513867	0.404108684
-1.890890891	0.421847782	0.413290570	0.569251214	0.337100223	0.322841268	0.407936945
-1.883883884	0.425146975	0.417173909	0.571552035	0.341176511	0.326190453	0.411772956
-1.876876877	0.428443455	0.421061930	0.573799677	0.345281550	0.329561255	0.415616039
-1.869869870	0.431736587	0.424953889	0.575993206	0.349415002	0.332953499	0.419465502
-1.862862863	0.435025724	0.428849030	0.578131700	0.353576507	0.336366998	0.423320637
-1.855855856	0.438310213	0.432746579	0.580214251	0.357765690	0.339801557	0.427180720
-1.848848849	0.441589389	0.436645752	0.582239967	0.361982153	0.343256968	0.431045012
-1.841841842	0.444862581	0.440545747	0.584207969	0.366225482	0.346733017	0.434912759
-1.834834835	0.448129107	0.444445750	0.586117394	0.370495242	0.350229474	0.438783190
-1.827827828	0.451388278	0.448344931	0.587967397	0.374790978	0.353746103	0.442655520
-1.820820821	0.454639395	0.452242448	0.589757149	0.379112216	0.357282654	0.446528948
-1.813813814	0.457881753	0.456137444	0.591485839	0.383458458	0.360838867	0.450402658
-1.806806807	0.461114637	0.460029049	0.593152674	0.387829190	0.364414470	0.454275816
-1.799799800	0.464337323	0.463916379	0.594756881	0.392223872	0.368009180	0.458147577
-1.792792793	0.467549082	0.467798535	0.596297705	0.396641945	0.371622703	0.462017079
-1.785785786	0.470749175	0.471674607	0.597774414	0.401082829	0.375254731	0.465883443
-1.778778779	0.473936857	0.475543671	0.599186294	0.405545919	0.378904945	0.469745777
-1.771771772	0.477111374	0.479404789	0.600532655	0.410030589	0.382573014	0.473603174
-1.764764765	0.480271967	0.483257013	0.601812827	0.414536190	0.386258593	0.477454712
-1.757757758	0.483417867	0.487099380	0.603026166	0.419062051	0.389961325	0.481299453
-1.750750751	0.486548302	0.490930914	0.604172049	0.423607475	0.393680841	0.485136447
-1.743743744	0.489662490	0.494750630	0.605249877	0.428171745	0.397416759	0.488964728
-1.736736737	0.492759645	0.498557530	0.606259076	0.432754116	0.401168680	0.492783316
-1.729729730	0.495838974	0.502350602	0.607199096	0.437353821	0.404936196	0.496591217
-1.722722723	0.498899678	0.506128825	0.608069416	0.441970069	0.408718883	0.500387423
-1.715715716	0.501940953	0.509891168	0.608869537	0.446602044	0.412516303	0.504170914
-1.708708709	0.504961990	0.513636587	0.609598989	0.451248904	0.416328005	0.507940655
-1.701701702	0.507961972	0.517364029	0.610257327	0.455909782	0.420153522	0.511695599
-1.694694695	0.510940082	0.521072431	0.610844137	0.460583788	0.423992375	0.515434686
-1.687687688	0.513895495	0.524760719	0.611359030	0.465270004	0.427844067	0.519156842
-1.680680681	0.516827382	0.528427812	0.611801647	0.469967487	0.431708091	0.522860983
-1.673673674	0.519734911	0.532072617	0.612171655	0.474675267	0.435583919	0.526546013
-1.666666667	0.522617247	0.535694036	0.612468755	0.479392351	0.439471013	0.530210823
-1.659659660	0.525473549	0.539290960	0.612692673	0.484117717	0.443368817	0.533854293
-1.652652653	0.528302977	0.542862275	0.612843167	0.488850318	0.447276760	0.537475293
-1.645645646	0.531104685	0.546406856	0.612920026	0.493589080	0.451194255	0.541072683
-1.638638639	0.533877825	0.549923574	0.612923067	0.498332903	0.455120701	0.544645311
-1.631631632	0.536621549	0.553411294	0.612852139	0.503080659	0.459055478	0.548192018
-1.624624625	0.539335006	0.556868874	0.612707124	0.507831197	0.462997953	0.551711633
-1.617617618	0.542017342	0.560295165	0.612487932	0.512583335	0.466947475	0.555202978
-1.610610611	0.544667706	0.563689017	0.612194505	0.517335867	0.470903378	0.558664867
-1.603603604	0.547285243	0.567049272	0.611826818	0.522087559	0.474864977	0.562096105
-1.596596597	0.549869100	0.570374770	0.611384878	0.526837153	0.478831572	0.565495490
-1.589589590	0.552418422	0.573664348	0.610868721	0.531583360	0.482802447	0.568861813
-1.582582583	0.554932357	0.576916839	0.610278417	0.536324868	0.486776869	0.572193860
-1.575575576	0.557410052	0.580131074	0.609614069	0.541060338	0.490754086	0.575490411
-1.568568569	0.559850656	0.583305884	0.608875808	0.545788404	0.494733332	0.578750239
-1.561561562	0.562253321	0.586440098	0.608063802	0.550507674	0.498713822	0.581972114
-1.554554555	0.564617200	0.589532544	0.607178246	0.555216730	0.502694753	0.585154801
-1.547547548	0.566941449	0.592582050	0.606219372	0.559914129	0.506675308	0.588297064
-1.540540541	0.569225226	0.595587447	0.605187439	0.564598402	0.510654649	0.591397662
-1.533533534	0.571467694	0.598547566	0.604082740	0.569268054	0.514631924	0.594455353
-1.526526527	0.573668019	0.601461241	0.602905601	0.573921566	0.518606261	0.597468892
-1.519519520	0.575825371	0.604327306	0.601656376	0.578557395	0.522576771	0.600437035
-1.512512513	0.577938927	0.607144603	0.600335452	0.583173972	0.526542549	0.603358538
-1.505505506	0.580007866	0.609911975	0.598943248	0.587769704	0.530502672	0.606232157
-1.498498498	0.582031376	0.612628270	0.597480211	0.592342976	0.534456200	0.609056649
-1.491491491	0.584008648	0.615292344	0.595946821	0.596892150	0.538402173	0.611830773
-1.484484484	0.585938882	0.617903056	0.594343587	0.601415564	0.542339616	0.614553293
-1.477477477	0.587821283	0.620459275	0.592671047	0.605911533	0.546267538	0.617222974
-1.470470470	0.589655066	0.622959875	0.590929770	0.610378354	0.550184927	0.619838587
-1.463463463	0.591439451	0.625403740	0.589120352	0.614814300	0.554090756	0.622398907
-1.456456456	0.593173669	0.627789764	0.587243420	0.619217625	0.557983981	0.624902717
-1.449449449	0.594856959	0.630116848	0.585299626	0.623586561	0.561863540	0.627348804
-1.442442442	0.596488569	0.632383906	0.583289654	0.627919325	0.565728355	0.629735965
-1.435435435	0.598067756	0.634589863	0.581214210	0.632214112	0.569577331	0.632063005
-1.428428428	0.599593790	0.636733656	0.579074030	0.636469101	0.573409355	0.634328737
-1.421421421	0.601065949	0.638814234	0.576869876	0.640682455	0.577223300	0.636531986
-1.414414414	0.602483523	0.640830559	0.574602534	0.644852318	0.581018019	0.638671586
-1.407407407	0.603845814	0.642781611	0.572272816	0.648976823	0.584792353	0.640746385
-1.400400400	0.605152136	0.644666380	0.569881558	0.653054086	0.588545124	0.642755241
-1.393393393	0.606401816	0.646483876	0.567429619	0.657082210	0.592275139	0.644697029
-1.386386386	0.607594193	0.648233123	0.564917882	0.661059287	0.595981190	0.646570636
-1.379379379	0.608728619	0.649913163	0.562347252	0.664983396	0.599662054	0.648374964
-1.372372372	0.609804462	0.651523057	0.559718655	0.668852608	0.603316492	0.650108934
-1.365365365	0.610821102	0.653061882	0.557033039	0.672664984	0.606943250	0.651771481
-1.358358358	0.611777936	0.654528737	0.554291371	0.676418576	0.610541060	0.653361560
-1.351351351	0.612674373	0.655922740	0.551494638	0.680111430	0.614108642	0.654878145
-1.344344344	0.613509842	0.657243030	0.548643845	0.683741586	0.617644699	0.656320227
-1.337337337	0.614283783	0.658488768	0.545740017	0.687307081	0.621147922	0.657686821
-1.330330330	0.614995656	0.659659136	0.542784192	0.690805949	0.624616990	0.658976963
-1.323323323	0.615644936	0.660753340	0.539777429	0.694236219	0.628050568	0.660189709
-1.316316316	0.616231116	0.661770609	0.536720799	0.697595923	0.631447309	0.661324140
-1.309309309	0.616753706	0.662710196	0.533615388	0.700883094	0.634805854	0.662379362
-1.302302302	0.617212234	0.663571379	0.530462298	0.704095765	0.638124835	0.663354504
-1.295295295	0.617606247	0.664353460	0.527262641	0.707231974	0.641402869	0.664248723
-1.288288288	0.617935309	0.665055770	0.524017543	0.710289767	0.644638568	0.665061199
-1.281281281	0.618199003	0.665677664	0.520728140	0.713267192	0.647830530	0.665791144
-1.274274274	0.618396933	0.666218525	0.517395580	0.716162309	0.650977345	0.666437796
-1.267267267	0.618528722	0.666677762	0.514021018	0.718973186	0.654077595	0.667000420
-1.260260260	0.618594010	0.667054816	0.510605620	0.721697905	0.657129854	0.667478315
-1.253253253	0.618592462	0.667349152	0.507150557	0.724334560	0.660132688	0.667870808
-1.246246246	0.618523758	0.667560267	0.503657010	0.726881258	0.663084655	0.668177257
-1.239239239	0.618387603	0.667687687	0.500126162	0.729336126	0.665984309	0.668397054
-1.232232232	0.618183721	0.667730968	0.496559205	0.731697306	0.668830199	0.668529622
-1.225225225	0.617911855	0.667689695	0.492957333	0.733962962	0.671620865	0.668574417
-1.218218218	0.617571774	0.667563486	0.489321742	0.736131280	0.674354848	0.668530931
-1.211211211	0.617163264	0.667351988	0.485653634	0.738200467	0.677030682	0.668398690
-1.204204204	0.616686134	0.667054882	0.481954209	0.740168758	0.679646900	0.668177254
-1.197197197	0.616140216	0.666671876	0.478224669	0.742034414	0.682202033	0.667866219
-1.190190190	0.615525362	0.666202716	0.474466217	0.743795724	0.684694611	0.667465220
-1.183183183	0.614841446	0.665647175	0.470680053	0.745451008	0.687123162	0.666973926
-1.176176176	0.614088367	0.665005060	0.466867376	0.746998618	0.689486218	0.666392045
-1.169169169	0.613266041	0.664276213	0.463029381	0.748436942	0.691782309	0.665719320
-1.162162162	0.612374411	0.663460504	0.459167262	0.749764401	0.694009969	0.664955537
-1.155155155	0.611413439	0.662557839	0.455282206	0.750979455	0.696167735	0.664100517
-1.148148148	0.610383111	0.661568157	0.451375397	0.752080604	0.698254147	0.663154120
-1.141141141	0.609283434	0.660491426	0.447448010	0.753066388	0.700267751	0.662116247
-1.134134134	0.608114436	0.659327652	0.443501217	0.753935391	0.702207098	0.660986837
-1.127127127	0.606876171	0.658076869	0.439536180	0.754686242	0.704070746	0.659765871
-1.120120120	0.605568710	0.656739147	0.435554052	0.755317614	0.705857261	0.658453366
-1.113113113	0.604192150	0.655314586	0.431555981	0.755828230	0.707565218	0.657049382
-1.106106106	0.602746607	0.653803320	0.427543100	0.756216863	0.709193199	0.655554019
-1.099099099	0.601232219	0.652205514	0.423516535	0.756482336	0.710739799	0.653967416
-1.092092092	0.599649146	0.650521365	0.419477400	0.756623526	0.712203625	0.652289752
-1.085085085	0.597997568	0.648751102	0.415426798	0.756639363	0.713583293	0.650521248
-1.078078078	0.596277688	0.646894984	0.411365817	0.756528833	0.714877436	0.648662163
-1.071071071	0.594489727	0.644953303	0.407295535	0.756290982	0.716084698	0.646712797
-1.064064064	0.592633927	0.642926379	0.403217014	0.755924911	0.717203742	0.644673488
-1.057057057	0.590710551	0.640814564	0.399131304	0.755429784	0.718233244	0.642544617
-1.050050050	0.588719881	0.638618237	0.395039438	0.754804825	0.719171899	0.640326600
-1.043043043	0.586662217	0.636337808	0.390942435	0.754049319	0.720018419	0.638019894
-1.036036036	0.584537880	0.633973713	0.386841296	0.753162619	0.720771535	0.635624994
-1.029029029	0.582347207	0.631526420	0.382737009	0.752144139	0.721430000	0.633142434
-1.022022022	0.580090554	0.628996418	0.378630542	0.750993359	0.721992586	0.630572783
-1.015015015	0.577768295	0.626384227	0.374522847	0.749709827	0.722458086	0.627916648
-1.008008008	0.575380819	0.623690389	0.370414857	0.748293159	0.722825318	0.625174673
-1.001001001	0.572928534	0.620915475	0.366307487	0.746743036	0.723093120	0.622347536
-0.993993994	0.570411860	0.618060074	0.362201636	0.745059212	0.723260358	0.619435951
-0.986986987	0.567831235	0.615124804	0.358098179	0.743241506	0.723325920	0.616440665
-0.979979980	0.565187109	0.612110299	0.353997975	0.741289811	0.723288721	0.613362458
-0.972972973	0.562479949	0.609017218	0.349901862	0.739204085	0.723147702	0.610202144
-0.965965966	0.559710230	0.605846239	0.345810658	0.736984361	0.722901830	0.606960566
-0.958958959	0.556878444	0.602598058	0.341725160	0.734630740	0.722550100	0.603638597
-0.951951952	0.553985090	0.599273389	0.337646145	0.732143391	0.722091535	0.600237141
-0.944944945	0.551030680	0.595872962	0.333574368	0.729522557	0.721525188	0.596757128
-0.937937938	0.548015736	0.592397523	0.329510564	0.726768548	0.720850137	0.593199515
-0.930930931	0.544940786	0.588847832	0.325455444	0.723881742	0.720065491	0.589565284
-0.923923924	0.541806368	0.585224660	0.321409700	0.720862588	0.719170389	0.585855442
-0.916916917	0.538613025	0.581528791	0.317374000	0.717711601	0.718163998	0.582071016
-0.909909910	0.535361306	0.577761018	0.313348991	0.714429361	0.717045514	0.578213056
-0.902902903	0.532051765	0.573922142	0.309335297	0.711016515	0.715814161	0.574282631
-0.895895896	0.528684958	0.570012971	0.305333519	0.707473773	0.714469193	0.570280827
-0.888888889	0.525261444	0.566034318	0.301344236	0.703801908	0.713009893	0.566208744
-0.881881882	0.521781782	0.561986999	0.297368005	0.700001753	0.711435569	0.562067500
-0.874874875	0.518246532	0.557871833	0.293405359	0.696074199	0.709745558	0.557858221
-0.867867868	0.514656249	0.553689637	0.289456807	0.692020193	0.707939221	0.553582046
-0.860860861	0.511011488	0.549441228	0.285522838	0.687840735	0.706015944	0.549240120
-0.853853854	0.507312796	0.545127417	0.281603916	0.683536878	0.703975137	0.544833594
-0.846846847	0.503560716	0.540749011	0.277700480	0.679109722	0.701816230	0.540363624
-0.839839840	0.499755782	0.536306807	0.273812950	0.674560410	0.699538673	0.535831365
-0.832832833	0.495898516	0.531801595	0.269941719	0.669890127	0.697141934	0.531237972
-0.825825826	0.491989431	0.527234151	0.266087159	0.665100096	0.694625492	0.526584595
-0.818818819	0.488029025	0.522605234	0.262249618	0.660191571	0.691988841	0.521872377
-0.811811812	0.484017781	0.517915590	0.258429420	0.655165835	0.689231480	0.517102453
-0.804804805	0.479956163	0.513165944	0.254626867	0.650024194	0.686352914	0.512275943
-0.797797798	0.475844616	0.508356996	0.250842236	0.644767970	0.683352645	0.507393953
-0.790790791	0.471683562	0.503489426	0.247075784	0.639398499	0.680230170	0.502457568
-0.783783784	0.467473397	0.498563883	0.243327741	0.633917119	0.676984974	0.497467852
-0.776776777	0.463214493	0.493580986	0.239598316	0.628325168	0.673616522	0.492425842
-0.769769770	0.458907186	0.488541319	0.235887694	0.622623973	0.670124254	0.487332544
-0.762762763	0.454551785	0.483445431	0.232196037	0.616814842	0.666507575	0.482188931
-0.755755756	0.450148556	0.478293829	0.228523485	0.610899057	0.662765844	0.476995935
-0.748748749	0.445697729	0.473086974	0.224870153	0.604877861	0.658898366	0.471754445
-0.741741742	0.441199491	0.467825282	0.221236133	0.598752449	0.654904375	0.466465303
-0.734734735	0.436653977	0.462509113	0.217621497	0.592523954	0.650783024	0.461129296
-0.727727728	0.432061275	0.457138773	0.214026289	0.586193436	0.646533366	0.455747150
-0.720720721	0.427421413	0.451714504	0.210450535	0.579761864	0.642154335	0.450319526
-0.713713714	0.422734361	0.446236483	0.206894234	0.573230104	0.637644723	0.444847014
-0.706706707	0.418000020	0.440704815	0.203357365	0.566598896	0.633003161	0.439330122
-0.699699700	0.413218220	0.435119526	0.199839881	0.559868836	0.628228082	0.433769271
-0.692692693	0.408388713	0.429480558	0.196341714	0.553040353	0.623317691	0.428164785
-0.685685686	0.403511164	0.423787764	0.192862772	0.546113684	0.618269928	0.422516883
-0.678678679	0.398585148	0.418040896	0.189402939	0.539088843	0.613082420	0.416825669
-0.671671672	0.393610135	0.412239603	0.185962079	0.531965587	0.607752424	0.411091118
-0.664664665	0.388585489	0.406383416	0.182540028	0.524743383	0.602276770	0.405313064
-0.657657658	0.383510453	0.400471744	0.179136601	0.517421358	0.596651779	0.399491191
-0.650650651	0.378384139	0.394503859	0.175751588	0.509998256	0.590873178	0.393625010
-0.643643644	0.373205514	0.388478889	0.172384756	0.502472374	0.584935986	0.387713845
-0.636636637	0.367973391	0.382395801	0.169035848	0.494841495	0.578834384	0.381756815
-0.629629630	0.362686409	0.376253388	0.165704581	0.487102812	0.572561555	0.375752810
-0.622622623	0.357343020	0.370050255	0.162390648	0.479252831	0.566109484	0.369700465
-0.615615616	0.351941464	0.363784799	0.159093716	0.471287256	0.559468710	0.363598132
-0.608608609	0.346479753	0.357455189	0.155813428	0.463200861	0.552628017	0.357443847
-0.601601602	0.340955642	0.351059346	0.152549398	0.454987318	0.545574039	0.351235294
-0.594594595	0.335366603	0.344594913	0.149301215	0.446639008	0.538290753	0.344969757
-0.587587588	0.329709791	0.338059230	0.146068441	0.438146765	0.530758820	0.338644072
-0.580580581	0.323982006	0.331449298	0.142850608	0.429499580	0.522954713	0.332254566
-0.573573574	0.318179652	0.324761742	0.139647220	0.420684211	0.514849539	0.325796986
-0.566566567	0.312298682	0.317992765	0.136457751	0.411684699	0.506407435	0.319266414
-0.559559560	0.306334543	0.311138098	0.133281642	0.402481734	0.497583307	0.312657169
-0.552552553	0.300282105	0.304192938	0.130118303	0.393051834	0.488319592	0.305962687
-0.545545546	0.294135575	0.297151878	0.126967111	0.383366246	0.478541465	0.299175369
-0.538538539	0.287888403	0.290008824	0.123827405	0.373389464	0.468149497	0.292286408
-0.531531532	0.281533159	0.282756889	0.120698490	0.363077173	0.457007939	0.285285562
-0.524524525	0.275061393	0.275388280	0.117579627	0.352373339	0.444925054	0.278160883
-0.517517518	0.268463456	0.267894146	0.114470041	0.341205979	0.431617939	0.270898363
-0.510510511	0.261728285	0.260264400	0.111368907	0.329480782	0.416644195	0.263481485
-0.503503504	0.254843132	0.252487500	0.108275357	0.317071147	0.399253633	0.255890652
-0.496496496	0.247793222	0.244550173	0.105188469	0.303801839	0.378010209	0.248102414
-0.489489489	0.240561320	0.236437062	0.102107269	0.289420554	0.349542812	0.240088451
-0.482482482	0.233127164	0.228130287	0.099030722	0.273544547	0.301493602	0.231814173
-0.475475475	0.225466730	0.219608862	0.095957729	0.255549713	0.000000000	0.223236762
-0.468468468	0.217551233	0.210847931	0.092887119	0.234304205	0.000000000	0.214302359
-0.461461461	0.209345776	0.201817742	0.089817645	0.207365844	0.000000000	0.204941901
-0.454454454	0.200807456	0.192482230	0.086747973	0.167250523	0.000000000	0.195064708
-0.447447447	0.191882638	0.182797032	0.083676675	0.000000000	0.000000000	0.184548159
-0.440440440	0.182502925	0.172706590	0.080602215	0.000000000	0.000000000	0.173220122
-0.433433433	0.172578936	0.162139824	0.077522936	0.000000000	0.000000000	0.160826769
-0.426426426	0.161990278	0.151003333	0.074437046	0.000000000	0.000000000	0.146967746
-0.419419419	0.150568378	0.139170202	0.071342594	0.000000000	0.000000000	0.130946537
-0.412412412	0.138064847	0.126460288	0.068237453	0.000000000	0.000000000	0.111344684
-0.405405405	0.124086991	0.112602374	0.065119285	0.000000000	0.000000000	0.084237014
-0.398398398	0.107945979	0.097152261	0.061985506	0.000000000	0.000000000	0.000000000
-0.391391391	0.088208227	0.079280490	0.058833245	0.000000000	0.000000000	0.000000000
-0.384384384	0.060627756	0.057019696	0.055659282	0.000000000	0.000000000	0.000000000
-0.377377377	0.000000000	0.020966820	0.052459975	0.000000000	0.000000000	0.000000000
-0.370370370	0.000000000	0.000000000	0.049231165	0.000000000	0.000000000	0.000000000
-0.363363363	0.000000000	0.000000000	0.045968044	0.000000000	0.000000000	0.000000000
-0.356356356	0.000000000	0.000000000	0.042664981	0.000000000	0.000000000	0.000000000
-0.349349349	0.000000000	0.000000000	0.039315271	0.000000000	0.000000000	0.000000000
-0.342342342	0.000000000	0.000000000	0.035910779	0.000000000	0.000000000	0.000000000
-0.335335335	0.000000000	0.000000000	0.032441404	0.000000000	0.000000000	0.000000000
-0.328328328	0.000000000	0.000000000	0.028894236	0.000000000	0.000000000	0.000000000
-0.321321321	0.000000000	0.000000000	0.025252171	0.000000000	0.000000000	0.000000000
-0.314314314	0.000000000	0.000000000	0.021491427	0.000000000	0.000000000	0.000000000
-0.307307307	0.000000000	0.000000000	0.017576677	0.000000000	0.000000000	0.000000000
-0.300300300	0.000000000	0.000000000	0.013450026	0.000000000	0.000000000	0.000000000
-0.293293293	0.000000000	0.000000000	0.008999584	0.000000000	0.000000000	0.000000000
-0.286286286	0.000000000	0.000000000	0.003915624	0.000000000	0.000000000	0.000000000
-0.279279279	0.000000000	0.000000000	0.000000000	0.000000000	0.000000000	0.000000000
-0.272272272	0.000000000	0.000000000	0.000000000	0.000000000	0.000000000	0.000000000
-0.265265265	0.000000000	0.000000000	0.000000000	0.000000000	0.000000000	0.000000000
-0.258258258	0.000000000	0.000000000	0.000000000	0.000000000	0.000000000	0.000000000
-0.251251251	0.000000000	0.000000000	0.000000000	0.000000000	0.000000000	0.000000000
-0.244244244	0.000000000	0.000000000	0.000000000	0.000000000	0.000000000	0.000000000
-0.237237237	0.000000000	0.000000000	0.000000000	0.000000000	0.000000000	0.000000000
-0.230230230	0.000000000	0.000000000	0.000000000	0.000000000	0.000000000	0.000000000
-0.223223223	0.000000000	0.000000000	0.000000000	0.000000000	0.000000000	0.000000000
-0.216216216	0.000000000	0.000000000	0.000000000	0.000000000	0.000000000	0.000000000
-0.209209209	0.000000000	0.000000000	0.000000000	0.000000000	0.000000000	0.000000000
-0.202202202	0.000000000	0.000000000	0.000000000	0.000000000	0.000000000	0.000000000
-0.195195195	0.000000000	0.000000000	0.000000000	0.000000000	0.000000000	0.000000000
-0.188188188	0.000000000	0.000000000	0.000000000	0.000000000	0.000000000	0.000000000
-0.181181181	0.000000000	0.000000000	0.000000000	0.000000000	0.000000000	0.000000000
-0.174174174	0.000000000	0.000000000	0.000000000	0.000000000	0.000000000	0.000000000
-0.167167167	0.000000000	0.000000000	0.000000000	0.000000000	0.000000000	0.000000000
-0.160160160	0.000000000	0.000000000	0.000000000	0.000000000	0.000000000	0.000000000
-0.153153153	0.000000000	0.000000000	0.000000000	0.000000000	0.000000000	0.000000000
-0.146146146	0.000000000	0.000000000	0.000000000	0.000000000	0.000000000	0.000000000
-0.139139139	0.000000000	0.000000000	0.000000000	0.000000000	0.000000000	0.000000000
-0.132132132	0.000000000	0.000000000	0.000000000	0.000000000	0.000000000	0.000000000
-0.125125125	0.000000000	0.000000000	0.000000000	0.000000000	0.000000000	0.000000000
-0.118118118	0.000000000	0.000000000	0.000000000	0.000000000	0.000000000	0.000000000
-0.111111111	0.000000000	0.000000000	0.000000000	0.000000000	0.000000000	0.000000000
-0.104104104	0.000000000	0.000000000	0.000000000	0.000000000	0.000000000	0.000000000
-0.097097097	0.000000000	0.000000000	0.000000000	0.000000000	0.000000000	0.000000000
-0.090090090	0.000000000	0.000000000	0.000000000	0.000000000	0.000000000	0.000000000
-0.083083083	0.000000000	0.000000000	0.000000000	0.000000000	0.000000000	0.000000000
-0.076076076	0.000000000	0.000000000	0.000000000	0.000000000	0.000000000	0.000000000
-0.069069069	0.000000000	0.000000000	0.000000000	0.000000000	0.000000000	0.000000000
-0.062062062	0.000000000	0.000000000	0.000000000	0.000000000	0.000000000	0.000000000
-0.055055055	0.000000000	0.000000000	0.000000000	0.000000000	0.000000000	0.000000000
-0.048048048	0.000000000	0.000000000	0.000000000	0.000000000	0.000000000	0.000000000
-0.041041041	0.000000000	0.000000000	0.000000000	0.000000000	0.000000000	0.000000000
-0.034034034	0.000000000	0.000000000	0.000000000	0.000000000	0.000000000	0.000000000
-0.027027027	0.000000000	0.000000000	0.000000000	0.000000000	0.000000000	0.000000000
-0.020020020	0.000000000	0.000000000	0.000000000	0.000000000	0.000000000	0.000000000
-0.013013013	0.000000000	0.000000000	0.000000000	0.000000000	0.000000000	0.000000000
-0.006006006	0.000000000	0.000000000	0.000000000	0.000000000	0.000000000	0.000000000
0.001001001	0.000000000	0.000000000	0.000000000	0.000000000	0.000000000	0.000000000
0.008008008	0.000000000	0.000000000	0.000000000	0.000000000	0.000000000	0.000000000
0.015015015	0.000000000	0.000000000	0.000000000	0.000000000	0.000000000	0.000000000
0.022022022	0.000000000	0.000000000	0.000000000	0.000000000	0.000000000	0.000000000
0.029029029	0.000000000	0.000000000	0.000000000	0.000000000	0.000000000	0.000000000
0.036036036	0.000000000	0.000000000	0.000000000	0.000000000	0.000000000	0.000000000
0.043043043	0.000000000	0.000000000	0.000000000	0.000000000	0.000000000	0.000000000
0.050050050	0.000000000	0.000000000	0.000000000	0.000000000	0.000000000	0.000000000
0.057057057	0.000000000	0.000000000	0.000000000	0.000000000	0.000000000	0.000000000
0.064064064	0.000000000	0.000000000	0.000000000	0.000000000	0.000000000	0.000000000
0.071071071	0.000000000	0.000000000	0.000000000	0.000000000	0.000000000	0.000000000
0.078078078	0.000000000	0.000000000	0.000000000	0.000000000	0.000000000	0.000000000
0.085085085	0.000000000	0.000000000	0.000000000	0.000000000	0.000000000	0.000000000
0.092092092	0.000000000	0.000000000	0.000000000	0.000000000	0.000000000	0.000000000
0.099099099	0.000000000	0.000000000	0.000000000	0.000000000	0.000000000	0.000000000
0.106106106	0.000000000	0.000000000	0.000000000	0.000000000	0.000000000	0.000000000
0.113113113	0.000000000	0.000000000	0.000000000	0.000000000	0.000000000	0.000000000
0.120120120	0.000000000	0.000000000	0.000000000	0.000000000	0.000000000	0.000000000
0.127127127	0.000000000	0.000000000	0.000000000	0.000000000	0.000000000	0.000000000
0.134134134	0.000000000	0.000000000	0.000000000	0.000000000	0.000000000	0.000000000
0.141141141	0.000000000	0.000000000	0.000000000	0.000000000	0.000000000	0.000000000
0.148148148	0.000000000	0.000000000	0.000000000	0.000000000	0.000000000	0.000000000
0.155155155	0.000000000	0.000000000	0.000000000	0.000000000	0.000000000	0.000000000
0.162162162	0.000000000	0.000000000	0.000000000	0.000000000	0.000000000	0.000000000
0.169169169	0.000000000	0.000000000	0.000000000	0.000000000	0.000000000	0.000000000
0.176176176	0.000000000	0.000000000	0.000000000	0.000000000	0.000000000	0.000000000
0.183183183	0.000000000	0.000000000	0.000000000	0.000000000	0.000000000	0.000000000
0.190190190	0.000000000	0.000000000	0.000000000	0.000000000	0.000000000	0.000000000
0.197197197	0.000000000	0.000000000	0.000000000	0.000000000	0.000000000	0.000000000
0.204204204	0.000000000	0.000000000	0.000000000	0.000000000	0.000000000	0.000000000
0.211211211	0.000000000	0.000000000	0.000000000	0.000000000	0.000000000	0.000000000
0.218218218	0.000000000	0.000000000	0.000000000	0.000000000	0.000000000	0.000000000
0.225225225	0.000000000	0.000000000	0.000000000	0.000000000	0.000000000	0.000000000
0.232232232	0.000000000	0.000000000	0.000000000	0.000000000	0.000000000	0.000000000
0.239239239	0.000000000	0.000000000	0.000000000	0.000000000	0.000000000	0.000000000
0.246246246	0.000000000	0.000000000	0.000000000	0.000000000	0.000000000	0.000000000
0.253253253	0.000000000	0.000000000	0.000000000	0.000000000	0.000000000	0.000000000
0.260260260	0.000000000	0.000000000	0.000000000	0.000000000	0.000000000	0.000000000
0.267267267	0.000000000	0.000000000	0.000000000	0.000000000	0.000000000	0.000000000
0.274274274	0.000000000	0.000000000	0.000000000	0.000000000	0.000000000	0.000000000
0.281281281	0.000000000	0.000000000	0.000000000	0.000000000	0.000000000	0.000000000
0.288288288	0.000000000	0.000000000	0.000000000	0.000000000	0.000000000	0.000000000
0.295295295	0.000000000	0.000000000	0.000000000	0.000000000	0.000000000	0.000000000
0.302302302	0.000000000	0.000000000	0.000000000	0.000000000	0.000000000	0.000000000
0.309309309	0.000000000	0.000000000	0.000000000	0.000000000	0.000000000	0.000000000
0.316316316	0.000000000	0.000000000	0.000000000	0.000000000	0.000000000	0.000000000
0.323323323	0.000000000	0.000000000	0.000000000	0.000000000	0.000000000	0.000000000
0.330330330	0.000000000	0.000000000	0.000000000	0.000000000	0.000000000	0.000000000
0.337337337	0.000000000	0.000000000	0.000000000	0.000000000	0.000000000	0.000000000
0.344344344	0.000000000	0.000000000	0.000000000	0.000000000	0.000000000	0.000000000
0.351351351	0.000000000	0.000000000	0.000000000	0.000000000	0.000000000	0.000000000
0.358358358	0.000000000	0.000000000	0.000000000	0.000000000	0.000000000	0.000000000
0.365365365	0.000000000	0.000000000	0.000000000	0.000000000	0.000000000	0.000000000
0.372372372	0.000000000	0.000000000	0.000000000	0.000000000	0.000000000	0.000000000
0.379379379	0.000000000	0.000000000	0.000000000	0.000000000	0.000000000	0.000000000
0.386386386	0.000000000	0.000000000	0.000000000	0.000000000	0.000000000	0.000000000
0.393393393	0.000000000	0.000000000	0.000000000	0.000000000	0.000000000	0.000000000
0.400400400	0.000000000	0.000000000	0.000000000	0.000000000	0.000000000	0.000000000
0.407407407	0.000000000	0.000000000	0.000000000	0.000000000	0.000000000	0.000000000
0.414414414	0.000000000	0.000000000	0.000000000	0.000000000	0.000000000	0.000000000
0.421421421	0.000000000	0.000000000	0.000000000	0.000000000	0.000000000	0.000000000
0.428428428	0.000000000	0.000000000	0.000000000	0.000000000	0.000000000	0.000000000
0.435435435	0.000000000	0.000000000	0.000000000	0.000000000	0.000000000	0.000000000
0.442442442	0.000000000	0.000000000	0.000000000	0.000000000	0.000000000	0.000000000
0.449449449	0.000000000	0.000000000	0.000000000	0.000000000	0.000000000	0.000000000
0.456456456	0.000000000	0.000000000	0.000000000	0.000000000	0.000000000	0.000000000
0.463463463	0.000000000	0.000000000	0.000000000	0.000000000	0.000000000	0.000000000
0.470470470	0.000000000	0.000000000	0.000000000	0.000000000	0.000000000	0.000000000
0.477477477	0.000000000	0.000000000	0.000000000	0.000000000	0.000000000	0.000000000
0.484484484	0.000000000	0.000000000	0.000000000	0.000000000	0.000000000	0.000000000
0.491491491	0.000000000	0.000000000	0.000000000	0.000000000	0.000000000	0.000000000
0.498498498	0.000000000	0.000000000	0.000000000	0.000000000	0.000000000	0.000000000
0.505505506	0.000000000	0.000000000	0.000000000	0.000000000	0.000000000	0.000000000
0.512512513	0.000000000	0.000000000	0.000000000	0.000000000	0.000000000	0.000000000
0.519519520	0.000000000	0.000000000	0.000000000	0.000000000	0.000000000	0.000000000
0.526526527	0.000000000	0.000000000	0.000000000	0.000000000	0.000000000	0.000000000
0.533533534	0.000000000	0.000000000	0.000000000	0.000000000	0.000000000	0.000000000
0.540540541	0.000000000	0.000000000	0.000000000	0.000000000	0.000000000	0.000000000
0.547547548	0.000000000	0.000000000	0.000000000	0.000000000	0.000000000	0.000000000
0.554554555	0.000000000	0.000000000	0.000000000	0.000000000	0.000000000	0.000000000
0.561561562	0.000000000	0.000000000	0.000000000	0.000000000	0.000000000	0.000000000
0.568568569	0.000000000	0.000000000	0.000000000	0.000000000	0.000000000	0.000000000
0.575575576	0.000000000	0.000000000	0.000000000	0.000000000	0.000000000	0.000000000
0.582582583	0.000000000	0.000000000	0.000000000	0.000000000	0.000000000	0.000000000
0.589589590	0.000000000	0.000000000	0.000000000	0.000000000	0.000000000	0.000000000
0.596596597	0.000000000	0.000000000	0.000000000	0.000000000	0.000000000	0.000000000
0.603603604	0.000000000	0.000000000	0.000000000	0.000000000	0.000000000	0.000000000
0.610610611	0.000000000	0.000000000	0.000000000	0.000000000	0.000000000	0.000000000
0.617617618	0.000000000	0.000000000	0.000000000	0.000000000	0.000000000	0.000000000
0.624624625	0.000000000	0.000000000	0.000000000	0.000000000	0.000000000	0.000000000
0.631631632	0.000000000	0.000000000	0.000000000	0.000000000	0.000000000	0.000000000
0.638638639	0.000000000	0.000000000	0.000000000	0.000000000	0.000000000	0.000000000
0.645645646	0.000000000	0.000000000	0.000000000	0.000000000	0.000000000	0.000000000
0.652652653	0.000000000	0.000000000	0.000000000	0.000000000	0.000000000	0.000000000
0.659659660	0.000000000	0.000000000	0.000000000	0.000000000	0.000000000	0.000000000
0.666666667	0.000000000	0.000000000	0.000000000	0.000000000	0.000000000	0.000000000
0.673673674	0.000000000	0.000000000	0.000000000	0.000000000	0.000000000	0.000000000
0.680680681	0.000000000	0.000000000	0.000000000	0.000000000	0.000000000	0.000000000
0.687687688	0.000000000	0.000000000	0.000000000	0.000000000	0.000000000	0.000000000
0.694694695	0.000000000	0.000000000	0.000000000	0.000000000	0.000000000	0.000000000
0.701701702	0.000000000	0.000000000	0.000000000	0.000000000	0.000000000	0.000000000
0.708708709	0.000000000	0.000000000	0.000000000	0.000000000	0.000000000	0.000000000
0.715715716	0.000000000	0.000000000	0.000000000	0.000000000	0.000000000	0.000000000
0.722722723	0.000000000	0.000000000	0.000000000	0.000000000	0.000000000	0.000000000
0.729729730	0.000000000	0.000000000	0.000000000	0.000000000	0.000000000	0.000000000
0.736736737	0.000000000	0.000000000	0.000000000	0.000000000	0.000000000	0.000000000
0.743743744	0.000000000	0.000000000	0.000000000	0.000000000	0.000000000	0.000000000
0.750750751	0.000000000	0.000000000	0.000000000	0.000000000	0.000000000	0.000000000
0.757757758	0.000000000	0.000000000	0.000000000	0.000000000	0.000000000	0.000000000
0.764764765	0.000000000	0.000000000	0.000000000	0.000000000	0.000000000	0.000000000
0.771771772	0.000000000	0.000000000	0.000000000	0.000000000	0.000000000	0.000000000
0.778778779	0.000000000	0.000000000	0.000000000	0.000000000	0.000000000	0.000000000
0.785785786	0.000000000	0.000000000	0.000000000	0.000000000	0.000000000	0.000000000
0.792792793	0.000000000	0.000000000	0.000000000	0.000000000	0.000000000	0.000000000
0.799799800	0.000000000	0.000000000	0.000000000	0.000000000	0.000000000	0.000000000
0.806806807	0.000000000	0.000000000	0.000000000	0.000000000	0.000000000	0.000000000
0.813813814	0.000000000	0.000000000	0.000000000	0.000000000	0.000000000	0.000000000
0.820820821	0.000000000	0.000000000	0.000000000	0.000000000	0.000000000	0.000000000
0.827827828	0.000000000	0.000000000	0.000000000	0.000000000	0.000000000	0.000000000
0.834834835	0.000000000	0.000000000	0.000000000	0.000000000	0.000000000	0.000000000
0.841841842	0.000000000	0.000000000	0.000000000	0.000000000	0.000000000	0.000000000
0.848848849	0.000000000	0.000000000	0.000000000	0.000000000	0.000000000	0.000000000
0.855855856	0.000000000	0.000000000	0.000000000	0.000000000	0.000000000	0.000000000
0.862862863	0.000000000	0.000000000	0.000000000	0.000000000	0.000000000	0.000000000
0.869869870	0.000000000	0.000000000	0.000000000	0.000000000	0.000000000	0.000000000
0.876876877	0.000000000	0.000000000	0.000000000	0.000000000	0.000000000	0.000000000
0.883883884	0.000000000	0.000000000	0.000000000	0.000000000	0.000000000	0.000000000
0.890890891	0.000000000	0.000000000	0.000000000	0.000000000	0.000000000	0.000000000
0.897897898	0.000000000	0.000000000	0.000000000	0.000000000	0.000000000	0.000000000
0.904904905	0.000000000	0.000000000	0.000000000	0.000000000	0.000000000	0.000000000
0.911911912	0.000000000	0.000000000	0.000000000	0.000000000	0.000000000	0.000000000
0.918918919	0.000000000	0.000000000	0.000000000	0.000000000	0.000000000	0.000000000
0.925925926	0.000000000	0.000000000	0.000000000	0.000000000	0.000000000	0.000000000
0.932932933	0.000000000	0.000000000	0.000000000	0.000000000	0.000000000	0.000000000
0.939939940	0.000000000	0.000000000	0.000000000	0.000000000	0.000000000	0.000000000
0.946946947	0.000000000	0.000000000	0.000000000	0.000000000	0.000000000	0.000000000
0.953953954	0.000000000	0.000000000	0.000000000	0.000000000	0.000000000	0.000000000
0.960960961	0.000000000	0.000000000	0.000000000	0.000000000	0.000000000	0.000000000
0.967967968	0.000000000	0.000000000	0.000000000	0.000000000	0.000000000	0.000000000
0.974974975	0.000000000	0.000000000	0.000000000	0.000000000	0.000000000	0.000000000
0.981981982	0.000000000	0.000000000	0.000000000	0.000000000	0.000000000	0.000000000
0.988988989	0.000000000	0.000000000	0.000000000	0.000000000	0.000000000	0.000000000
0.995995996	0.000000000	0.000000000	0.000000000	0.000000000	0.000000000	0.000000000
1.003003003	0.000000000	0.000000000	0.000000000	0.000000000	0.000000000	0.000000000
1.010010010	0.000000000	0.000000000	0.000000000	0.000000000	0.000000000	0.000000000
1.017017017	0.000000000	0.000000000	0.000000000	0.000000000	0.000000000	0.000000000
1.024024024	0.000000000	0.000000000	0.000000000	0.000000000	0.000000000	0.000000000
1.031031031	0.000000000	0.000000000	0.000000000	0.000000000	0.000000000	0.000000000
1.038038038	0.000000000	0.000000000	0.000000000	0.000000000	0.000000000	0.000000000
1.045045045	0.000000000	0.000000000	0.000000000	0.000000000	0.000000000	0.000000000
1.052052052	0.000000000	0.000000000	0.000000000	0.000000000	0.000000000	0.000000000
1.059059059	0.000000000	0.000000000	0.000000000	0.000000000	0.000000000	0.000000000
1.066066066	0.000000000	0.000000000	0.000000000	0.000000000	0.000000000	0.000000000
1.073073073	0.000000000	0.000000000	0.000000000	0.000000000	0.000000000	0.000000000
1.080080080	0.000000000	0.000000000	0.000000000	0.000000000	0.000000000	0.000000000
1.087087087	0.000000000	0.000000000	0.000000000	0.000000000	0.000000000	0.000000000
1.094094094	0.000000000	0.000000000	0.000000000	0.000000000	0.000000000	0.000000000
1.101101101	0.000000000	0.000000000	0.000000000	0.000000000	0.000000000	0.000000000
1.108108108	0.000000000	0.000000000	0.000000000	0.000000000	0.000000000	0.000000000
1.115115115	0.000000000	0.000000000	0.000000000	0.000000000	0.000000000	0.000000000
1.122122122	0.000000000	0.000000000	0.000000000	0.000000000	0.000000000	0.000000000
1.129129129	0.000000000	0.000000000	0.000000000	0.000000000	0.000000000	0.000000000
1.136136136	0.000000000	0.000000000	0.000000000	0.000000000	0.000000000	0.000000000
1.143143143	0.000000000	0.000000000	0.000000000	0.000000000	0.000000000	0.000000000
1.150150150	0.000000000	0.000000000	0.000000000	0.000000000	0.000000000	0.000000000
1.157157157	0.000000000	0.000000000	0.000000000	0.000000000	0.000000000	0.000000000
1.164164164	0.000000000	0.000000000	0.000000000	0.000000000	0.000000000	0.000000000
1.171171171	0.000000000	0.000000000	0.000000000	0.000000000	0.000000000	0.000000000
1.178178178	0.000000000	0.000000000	0.000000000	0.000000000	0.000000000	0.000000000
1.185185185	0.000000000	0.000000000	0.000000000	0.000000000	0.000000000	0.000000000
1.192192192	0.000000000	0.000000000	0.000000000	0.000000000	0.000000000	0.000000000
1.199199199	0.000000000	0.000000000	0.000000000	0.000000000	0.000000000	0.000000000
1.206206206	0.000000000	0.000000000	0.000000000	0.000000000	0.000000000	0.000000000
1.213213213	0.000000000	0.000000000	0.000000000	0.000000000	0.000000000	0.000000000
1.220220220	0.000000000	0.000000000	0.000000000	0.000000000	0.000000000	0.000000000
1.227227227	0.000000000	0.000000000	0.000000000	0.000000000	0.000000000	0.000000000
1.234234234	0.000000000	0.000000000	0.000000000	0.000000000	0.000000000	0.000000000
1.241241241	0.000000000	0.000000000	0.000000000	0.000000000	0.000000000	0.000000000
1.248248248	0.000000000	0.000000000	0.000000000	0.000000000	0.000000000	0.000000000
1.255255255	0.000000000	0.000000000	0.000000000	0.000000000	0.000000000	0.000000000
1.262262262	0.000000000	0.000000000	0.000000000	0.000000000	0.000000000	0.000000000
1.269269269	0.000000000	0.000000000	0.000000000	0.000000000	0.000000000	0.000000000
1.276276276	0.000000000	0.000000000	0.000000000	0.000000000	0.000000000	0.000000000
1.283283283	0.000000000	0.000000000	0.000000000	0.000000000	0.000000000	0.000000000
1.290290290	0.000000000	0.000000000	0.000000000	0.000000000	0.000000000	0.000000000
1.297297297	0.000000000	0.000000000	0.000000000	0.000000000	0.000000000	0.000000000
1.304304304	0.000000000	0.000000000	0.000000000	0.000000000	0.000000000	0.000000000
1.311311311	0.000000000	0.000000000	0.000000000	0.000000000	0.000000000	0.000000000
1.318318318	0.000000000	0.000000000	0.000000000	0.000000000	0.000000000	0.000000000
1.325325325	0.000000000	0.000000000	0.000000000	0.000000000	0.000000000	0.000000000
1.332332332	0.000000000	0.000000000	0.000000000	0.000000000	0.000000000	0.000000000
1.339339339	0.000000000	0.000000000	0.000000000	0.000000000	0.000000000	0.000000000
1.346346346	0.000000000	0.000000000	0.000000000	0.000000000	0.000000000	0.000000000
1.353353353	0.000000000	0.000000000	0.000000000	0.000000000	0.000000000	0.000000000
1.360360360	0.000000000	0.000000000	0.000000000	0.000000000	0.000000000	0.000000000
1.367367367	0.000000000	0.000000000	0.000000000	0.000000000	0.000000000	0.000000000
1.374374374	0.000000000	0.000000000	0.000000000	0.000000000	0.000000000	0.000000000
1.381381381	0.000000000	0.000000000	0.000000000	0.000000000	0.000000000	0.000000000
1.388388388	0.000000000	0.000000000	0.000000000	0.000000000	0.000000000	0.000000000
1.395395395	0.000000000	0.000000000	0.000000000	0.000000000	0.000000000	0.000000000
1.402402402	0.000000000	0.000000000	0.000000000	0.000000000	0.000000000	0.000000000
1.409409409	0.000000000	0.000000000	0.000000000	0.000000000	0.000000000	0.000000000
1.416416416	0.000000000	0.000000000	0.000000000	0.000000000	0.000000000	0.000000000
1.423423423	0.000000000	0.000000000	0.000000000	0.000000000	0.000000000	0.000000000
1.430430430	0.000000000	0.000000000	0.000000000	0.000000000	0.000000000	0.000000000
1.437437437	0.000000000	0.000000000	0.000000000	0.000000000	0.000000000	0.000000000
1.444444444	0.000000000	0.000000000	0.000000000	0.000000000	0.000000000	0.000000000
1.451451451	0.000000000	0.000000000	0.000000000	0.000000000	0.000000000	0.000000000
1.458458458	0.000000000	0.000000000	0.000000000	0.000000000	0.000000000	0.000000000
1.465465465	0.000000000	0.000000000	0.000000000	0.000000000	0.000000000	0.000000000
1.472472472	0.000000000	0.000000000	0.000000000	0.000000000	0.000000000	0.000000000
1.479479479	0.000000000	0.000000000	0.000000000	0.000000000	0.000000000	0.000000000
1.486486486	0.000000000	0.000000000	0.000000000	0.000000000	0.000000000	0.000000000
1.493493493	0.000000000	0.000000000	0.000000000	0.000000000	0.000000000	0.000000000
1.500500501	0.000000000	0.000000000	0.000000000	0.000000000	0.000000000	0.000000000
1.507507508	0.000000000	0.000000000	0.000000000	0.000000000	0.000000000	0.000000000
1.514514515	0.000000000	0.000000000	0.000000000	0.000000000	0.000000000	0.000000000
1.521521522	0.000000000	0.000000000	0.000000000	0.000000000	0.000000000	0.000000000
1.528528529	0.000000000	0.000000000	0.000000000	0.000000000	0.000000000	0.000000000
1.535535536	0.000000000	0.000000000	0.000000000	0.000000000	0.000000000	0.000000000
1.542542543	0.000000000	0.000000000	0.000000000	0.000000000	0.000000000	0.000000000
1.549549550	0.000000000	0.000000000	0.000000000	0.000000000	0.000000000	0.000000000
1.556556557	0.000000000	0.000000000	0.000000000	0.000000000	0.000000000	0.000000000
1.563563564	0.000000000	0.000000000	0.000000000	0.000000000	0.000000000	0.000000000
1.570570571	0.000000000	0.000000000	0.000000000	0.000000000	0.000000000	0.000000000
1.577577578	0.000000000	0.000000000	0.000000000	0.000000000	0.000000000	0.000000000
1.584584585	0.000000000	0.000000000	0.000000000	0.000000000	0.000000000	0.000000000
1.591591592	0.000000000	0.000000000	0.000000000	0.000000000	0.000000000	0.000000000
1.598598599	0.000000000	0.000000000	0.000000000	0.000000000	0.000000000	0.000000000
1.605605606	0.000000000	0.000000000	0.000000000	0.000000000	0.000000000	0.000000000
1.612612613	0.000000000	0.000000000	0.000000000	0.000000000	0.000000000	0.000000000
1.619619620	0.000000000	0.000000000	0.000000000	0.000000000	0.000000000	0.000000000
1.626626627	0.000000000	0.000000000	0.000000000	0.000000000	0.000000000	0.000000000
1.633633634	0.000000000	0.000000000	0.000000000	0.000000000	0.000000000	0.000000000
1.640640641	0.000000000	0.000000000	0.000000000	0.000000000	0.000000000	0.000000000
1.647647648	0.000000000	0.000000000	0.000000000	0.000000000	0.000000000	0.000000000
1.654654655	0.000000000	0.000000000	0.000000000	0.000000000	0.000000000	0.000000000
1.661661662	0.000000000	0.000000000	0.000000000	0.000000000	0.000000000	0.000000000
1.668668669	0.000000000	0.000000000	0.000000000	0.000000000	0.000000000	0.000000000
1.675675676	0.000000000	0.000000000	0.000000000	0.000000000	0.000000000	0.000000000
1.682682683	0.000000000	0.000000000	0.000000000	0.000000000	0.000000000	0.000000000
1.689689690	0.000000000	0.000000000	0.000000000	0.000000000	0.000000000	0.000000000
1.696696697	0.000000000	0.000000000	0.000000000	0.000000000	0.000000000	0.000000000
1.703703704	0.000000000	0.000000000	0.000000000	0.000000000	0.000000000	0.000000000
1.710710711	0.000000000	0.000000000	0.000000000	0.000000000	0.000000000	0.000000000
1.717717718	0.000000000	0.000000000	0.000000000	0.000000000	0.000000000	0.000000000
1.724724725	0.000000000	0.000000000	0.000000000	0.000000000	0.000000000	0.000000000
1.731731732	0.000000000	0.000000000	0.000000000	0.000000000	0.000000000	0.000000000
1.738738739	0.000000000	0.000000000	0.000000000	0.000000000	0.000000000	0.000000000
1.745745746	0.000000000	0.000000000	0.000000000	0.000000000	0.000000000	0.000000000
1.752752753	0.000000000	0.000000000	0.000000000	0.000000000	0.000000000	0.000000000
1.759759760	0.000000000	0.000000000	0.000000000	0.000000000	0.000000000	0.000000000
1.766766767	0.000000000	0.000000000	0.000000000	0.000000000	0.000000000	0.000000000
1.773773774	0.000000000	0.000000000	0.000000000	0.000000000	0.000000000	0.000000000
1.780780781	0.000000000	0.000000000	0.000000000	0.000000000	0.000000000	0.000000000
1.787787788	0.000000000	0.000000000	0.000000000	0.000000000	0.000000000	0.000000000
1.794794795	0.000000000	0.000000000	0.000000000	0.000000000	0.000000000	0.000000000
1.801801802	0.000000000	0.000000000	0.000000000	0.000000000	0.000000000	0.000000000
1.808808809	0.000000000	0.000000000	0.000000000	0.000000000	0.000000000	0.000000000
1.815815816	0.000000000	0.000000000	0.000000000	0.000000000	0.000000000	0.000000000
1.822822823	0.000000000	0.000000000	0.000000000	0.000000000	0.000000000	0.000000000
1.829829830	0.000000000	0.000000000	0.000000000	0.000000000	0.000000000	0.000000000
1.836836837	0.000000000	0.000000000	0.000000000	0.000000000	0.000000000	0.000000000
1.843843844	0.000000000	0.000000000	0.000000000	0.000000000	0.000000000	0.000000000
1.850850851	0.000000000	0.000000000	0.000000000	0.000000000	0.000000000	0.000000000
1.857857858	0.000000000	0.000000000	0.000000000	0.000000000	0.000000000	0.000000000
1.864864865	0.000000000	0.000000000	0.000000000	0.000000000	0.000000000	0.000000000
1.871871872	0.000000000	0.000000000	0.000000000	0.000000000	0.000000000	0.000000000
1.878878879	0.000000000	0.000000000	0.000000000	0.000000000	0.000000000	0.000000000
1.885885886	0.000000000	0.000000000	0.000000000	0.000000000	0.000000000	0.000000000
1.892892893	0.000000000	0.000000000	0.000000000	0.000000000	0.000000000	0.000000000
1.899899900	0.000000000	0.000000000	0.000000000	0.000000000	0.000000000	0.000000000
1.906906907	0.000000000	0.000000000	0.000000000	0.000000000	0.000000000	0.000000000
1.913913914	0.000000000	0.000000000	0.000000000	0.000000000	0.000000000	0.000000000
1.920920921	0.000000000	0.000000000	0.000000000	0.000000000	0.000000000	0.000000000
1.927927928	0.000000000	0.000000000	0.000000000	0.000000000	0.000000000	0.000000000
1.934934935	0.000000000	0.000000000	0.000000000	0.000000000	0.000000000	0.000000000
1.941941942	0.000000000	0.000000000	0.000000000	0.000000000	0.000000000	0.000000000
1.948948949	0.000000000	0.000000000	0.000000000	0.000000000	0.000000000	0.000000000
1.955955956	0.000000000	0.000000000	0.000000000	0.000000000	0.000000000	0.000000000
1.962962963	0.000000000	0.000000000	0.000000000	0.000000000	0.000000000	0.000000000
1.969969970	0.000000000	0.000000000	0.000000000	0.000000000	0.000000000	0.000000000
1.976976977	0.000000000	0.000000000	0.000000000	0.000000000	0.000000000	0.000000000
1.983983984	0.000000000	0.000000000	0.000000000	0.000000000	0.000000000	0.000000000
1.990990991	0.000000000	0.000000000	0.000000000	0.000000000	0.000000000	0.000000000
1.997997998	0.000000000	0.000000000	0.000000000	0.000000000	0.000000000	0.000000000
2.005005005	0.000000000	0.000000000	0.000000000	0.000000000	0.000000000	0.000000000
2.012012012	0.000000000	0.000000000	0.000000000	0.000000000	0.000000000	0.000000000
2.019019019	0.000000000	0.000000000	0.000000000	0.000000000	0.000000000	0.000000000
2.026026026	0.000000000	0.000000000	0.000000000	0.000000000	0.000000000	0.000000000
2.033033033	0.000000000	0.000000000	0.000000000	0.000000000	0.000000000	0.000000000
2.040040040	0.000000000	0.000000000	0.000000000	0.000000000	0.000000000	0.000000000
2.047047047	0.000000000	0.000000000	0.000000000	0.000000000	0.000000000	0.000000000
2.054054054	0.000000000	0.000000000	0.000000000	0.000000000	0.000000000	0.000000000
2.061061061	0.000000000	0.000000000	0.000000000	0.000000000	0.000000000	0.000000000
2.068068068	0.000000000	0.000000000	0.000000000	0.000000000	0.000000000	0.000000000
2.075075075	0.000000000	0.000000000	0.000000000	0.000000000	0.000000000	0.000000000
2.082082082	0.000000000	0.000000000	0.000000000	0.000000000	0.000000000	0.000000000
2.089089089	0.000000000	0.000000000	0.000000000	0.000000000	0.000000000	0.000000000
2.096096096	0.000000000	0.000000000	0.000000000	0.000000000	0.000000000	0.000000000
2.103103103	0.000000000	0.000000000	0.000000000	0.000000000	0.000000000	0.000000000
2.110110110	0.000000000	0.000000000	0.000000000	0.000000000	0.000000000	0.000000000
2.117117117	0.000000000	0.000000000	0.000000000	0.000000000	0.000000000	0.000000000
2.124124124	0.000000000	0.000000000	0.000000000	0.000000000	0.000000000	0.000000000
2.131131131	0.000000000	0.000000000	0.000000000	0.000000000	0.000000000	0.000000000
2.138138138	0.000000000	0.000000000	0.000000000	0.000000000	0.000000000	0.000000000
2.145145145	0.000000000	0.000000000	0.000000000	0.000000000	0.000000000	0.000000000
2.152152152	0.000000000	0.000000000	0.000000000	0.000000000	0.000000000	0.000000000
2.159159159	0.000000000	0.000000000	0.000000000	0.000000000	0.000000000	0.000000000
2.166166166	0.000000000	0.000000000	0.000000000	0.000000000	0.000000000	0.000000000
2.173173173	0.000000000	0.000000000	0.000000000	0.000000000	0.000000000	0.000000000
2.180180180	0.000000000	0.000000000	0.000000000	0.000000000	0.000000000	0.000000000
2.187187187	0.000000000	0.000000000	0.000000000	0.000000000	0.000000000	0.000000000
2.194194194	0.000000000	0.000000000	0.000000000	0.000000000	0.000000000	0.000000000
2.201201201	0.000000000	0.000000000	0.000000000	0.000000000	0.000000000	0.000000000
2.208208208	0.000000000	0.000000000	0.000000000	0.000000000	0.000000000	0.000000000
2.215215215	0.000000000	0.000000000	0.000000000	0.000000000	0.000000000	0.000000000
2.222222222	0.000000000	0.000000000	0.000000000	0.000000000	0.000000000	0.000000000
2.229229229	0.000000000	0.000000000	0.000000000	0.000000000	0.000000000	0.000000000
2.236236236	0.000000000	0.000000000	0.000000000	0.000000000	0.000000000	0.000000000
2.243243243	0.000000000	0.000000000	0.000000000	0.000000000	0.000000000	0.000000000
2.250250250	0.000000000	0.000000000	0.000000000	0.000000000	0.000000000	0.000000000
2.257257257	0.000000000	0.000000000	0.000000000	0.000000000	0.000000000	0.000000000
2.264264264	0.000000000	0.000000000	0.000000000	0.000000000	0.000000000	0.000000000
2.271271271	0.000000000	0.000000000	0.000000000	0.000000000	0.000000000	0.000000000
2.278278278	0.000000000	0.000000000	0.000000000	0.000000000	0.000000000	0.000000000
2.285285285	0.000000000	0.000000000	0.000000000	0.000000000	0.000000000	0.000000000
2.292292292	0.000000000	0.000000000	0.000000000	0.000000000	0.000000000	0.000000000
2.299299299	0.000000000	0.000000000	0.000000000	0.000000000	0.000000000	0.000000000
2.306306306	0.000000000	0.000000000	0.000000000	0.000000000	0.000000000	0.000000000
2.313313313	0.000000000	0.000000000	0.000000000	0.000000000	0.000000000	0.000000000
2.320320320	0.000000000	0.000000000	0.000000000	0.000000000	0.000000000	0.000000000
2.327327327	0.000000000	0.000000000	0.000000000	0.000000000	0.000000000	0.000000000
2.334334334	0.000000000	0.000000000	0.000000000	0.000000000	0.000000000	0.000000000
2.341341341	0.000000000	0.000000000	0.000000000	0.000000000	0.000000000	0.000000000
2.348348348	0.000000000	0.000000000	0.000000000	0.000000000	0.000000000	0.000000000
2.355355355	0.000000000	0.000000000	0.000000000	0.000000000	0.000000000	0.000000000
2.362362362	0.000000000	0.000000000	0.000000000	0.000000000	0.000000000	0.000000000
2.369369369	0.000000000	0.000000000	0.000000000	0.000000000	0.000000000	0.000000000
2.376376376	0.000000000	0.000000000	0.000000000	0.000000000	0.000000000	0.000000000
2.383383383	0.000000000	0.000000000	0.000000000	0.000000000	0.000000000	0.000000000
2.390390390	0.000000000	0.000000000	0.000000000	0.000000000	0.000000000	0.000000000
2.397397397	0.000000000	0.000000000	0.000000000	0.000000000	0.000000000	0.000000000
2.404404404	0.000000000	0.000000000	0.000000000	0.000000000	0.000000000	0.000000000
2.411411411	0.000000000	0.000000000	0.000000000	0.000000000	0.000000000	0.000000000
2.418418418	0.000000000	0.000000000	0.000000000	0.000000000	0.000000000	0.000000000
2.425425425	0.000000000	0.000000000	0.000000000	0.000000000	0.000000000	0.000000000
2.432432432	0.000000000	0.000000000	0.000000000	0.000000000	0.000000000	0.000000000
2.439439439	0.000000000	0.000000000	0.000000000	0.000000000	0.000000000	0.000000000
2.446446446	0.000000000	0.000000000	0.000000000	0.000000000	0.000000000	0.000000000
2.453453453	0.000000000	0.000000000	0.000000000	0.000000000	0.000000000	0.000000000
2.460460460	0.000000000	0.000000000	0.000000000	0.000000000	0.000000000	0.000000000
2.467467467	0.000000000	0.000000000	0.000000000	0.000000000	0.000000000	0.000000000
2.474474474	0.000000000	0.000000000	0.000000000	0.000000000	0.000000000	0.000000000
2.481481481	0.000000000	0.000000000	0.000000000	0.000000000	0.000000000	0.000000000
2.488488488	0.000000000	0.000000000	0.000000000	0.000000000	0.000000000	0.000000000
2.495495495	0.000000000	0.000000000	0.000000000	0.000000000	0.000000000	0.000000000
2.502502503	0.000000000	0.000000000	0.000000000	0.000000000	0.000000000	0.000000000
2.509509510	0.000000000	0.000000000	0.000000000	0.000000000	0.000000000	0.000000000
2.516516517	0.000000000	0.000000000	0.000000000	0.000000000	0.000000000	0.000000000
2.523523524	0.000000000	0.000000000	0.000000000	0.000000000	0.000000000	0.000000000
2.530530531	0.000000000	0.000000000	0.000000000	0.000000000	0.000000000	0.000000000
2.537537538	0.000000000	0.000000000	0.000000000	0.000000000	0.000000000	0.000000000
2.544544545	0.000000000	0.000000000	0.000000000	0.000000000	0.000000000	0.000000000
2.551551552	0.000000000	0.000000000	0.000000000	0.000000000	0.000000000	0.000000000
2.558558559	0.000000000	0.000000000	0.000000000	0.000000000	0.000000000	0.000000000
2.565565566	0.000000000	0.000000000	0.000000000	0.000000000	0.000000000	0.000000000
2.572572573	0.000000000	0.000000000	0.000000000	0.000000000	0.000000000	0.000000000
2.579579580	0.000000000	0.000000000	0.000000000	0.000000000	0.000000000	0.000000000
2.586586587	0.000000000	0.000000000	0.000000000	0.000000000	0.000000000	0.000000000
2.593593594	0.000000000	0.000000000	0.000000000	0.000000000	0.000000000	0.000000000
2.600600601	0.000000000	0.000000000	0.000000000	0.000000000	0.000000000	0.000000000
2.607607608	0.000000000	0.000000000	0.000000000	0.000000000	0.000000000	0.000000000
2.614614615	0.000000000	0.000000000	0.000000000	0.000000000	0.000000000	0.000000000
2.621621622	0.000000000	0.000000000	0.000000000	0.000000000	0.000000000	0.000000000
2.628628629	0.000000000	0.000000000	0.000000000	0.000000000	0.000000000	0.000000000
2.635635636	0.000000000	0.000000000	0.000000000	0.000000000	0.000000000	0.000000000
2.642642643	0.000000000	0.000000000	0.000000000	0.000000000	0.000000000	0.000000000
2.649649650	0.000000000	0.000000000	0.000000000	0.000000000	0.000000000	0.000000000
2.656656657	0.000000000	0.000000000	0.000000000	0.000000000	0.000000000	0.000000000
2.663663664	0.000000000	0.000000000	0.000000000	0.000000000	0.000000000	0.000000000
2.670670671	0.000000000	0.000000000	0.000000000	0.000000000	0.000000000	0.000000000
2.677677678	0.000000000	0.000000000	0.000000000	0.000000000	0.000000000	0.000000000
2.684684685	0.000000000	0.000000000	0.000000000	0.000000000	0.000000000	0.000000000
2.691691692	0.000000000	0.000000000	0.000000000	0.000000000	0.000000000	0.000000000
2.698698699	0.000000000	0.000000000	0.000000000	0.000000000	0.000000000	0.000000000
2.705705706	0.000000000	0.000000000	0.000000000	0.000000000	0.000000000	0.000000000
2.712712713	0.000000000	0.000000000	0.000000000	0.000000000	0.000000000	0.000000000
2.719719720	0.000000000	0.000000000	0.000000000	0.000000000	0.000000000	0.000000000
2.726726727	0.000000000	0.000000000	0.000000000	0.000000000	0.000000000	0.000000000
2.733733734	0.000000000	0.000000000	0.000000000	0.000000000	0.000000000	0.000000000
2.740740741	0.000000000	0.000000000	0.000000000	0.000000000	0.000000000	0.000000000
2.747747748	0.000000000	0.000000000	0.000000000	0.000000000	0.000000000	0.000000000
2.754754755	0.000000000	0.000000000	0.000000000	0.000000000	0.000000000	0.000000000
2.761761762	0.000000000	0.000000000	0.000000000	0.000000000	0.000000000	0.000000000
2.768768769	0.000000000	0.000000000	0.000000000	0.000000000	0.000000000	0.000000000
2.775775776	0.000000000	0.000000000	0.000000000	0.000000000	0.000000000	0.000000000
2.782782783	0.000000000	0.000000000	0.000000000	0.000000000	0.000000000	0.000000000
2.789789790	0.000000000	0.000000000	0.000000000	0.000000000	0.000000000	0.000000000
2.796796797	0.000000000	0.000000000	0.000000000	0.000000000	0.000000000	0.000000000
2.803803804	0.000000000	0.000000000	0.000000000	0.000000000	0.000000000	0.000000000
2.810810811	0.000000000	0.000000000	0.000000000	0.000000000	0.000000000	0.000000000
2.817817818	0.000000000	0.000000000	0.000000000	0.000000000	0.000000000	0.000000000
2.824824825	0.000000000	0.000000000	0.000000000	0.000000000	0.000000000	0.000000000
2.831831832	0.000000000	0.000000000	0.000000000	0.000000000	0.000000000	0.000000000
2.838838839	0.000000000	0.000000000	0.000000000	0.000000000	0.000000000	0.000000000
2.845845846	0.000000000	0.000000000	0.000000000	0.000000000	0.000000000	0.000000000
2.852852853	0.000000000	0.000000000	0.000000000	0.000000000	0.000000000	0.000000000
2.859859860	0.000000000	0.000000000	0.000000000	0.000000000	0.000000000	0.000000000
2.866866867	0.000000000	0.000000000	0.000000000	0.000000000	0.000000000	0.000000000
2.873873874	0.000000000	0.000000000	0.000000000	0.000000000	0.000000000	0.000000000
2.880880881	0.000000000	0.000000000	0.000000000	0.000000000	0.000000000	0.000000000
2.887887888	0.000000000	0.000000000	0.000000000	0.000000000	0.000000000	0.000000000
2.894894895	0.000000000	0.000000000	0.000000000	0.000000000	0.000000000	0.000000000
2.901901902	0.000000000	0.000000000	0.000000000	0.000000000	0.000000000	0.000000000
2.908908909	0.000000000	0.000000000	0.000000000	0.000000000	0.000000000	0.000000000
2.915915916	0.000000000	0.000000000	0.000000000	0.000000000	0.000000000	0.000000000
2.922922923	0.000000000	0.000000000	0.000000000	0.000000000	0.000000000	0.000000000
2.929929930	0.000000000	0.000000000	0.000000000	0.000000000	0.000000000	0.000000000
2.936936937	0.000000000	0.000000000	0.000000000	0.000000000	0.000000000	0.000000000
2.943943944	0.000000000	0.000000000	0.000000000	0.000000000	0.000000000	0.000000000
2.950950951	0.000000000	0.000000000	0.000000000	0.000000000	0.000000000	0.000000000
2.957957958	0.000000000	0.000000000	0.000000000	0.000000000	0.000000000	0.000000000
2.964964965	0.000000000	0.000000000	0.000000000	0.000000000	0.000000000	0.000000000
2.971971972	0.000000000	0.000000000	0.000000000	0.000000000	0.000000000	0.000000000
2.978978979	0.000000000	0.000000000	0.000000000	0.000000000	0.000000000	0.000000000
2.985985986	0.000000000	0.000000000	0.000000000	0.000000000	0.000000000	0.000000000
2.992992993	0.000000000	0.000000000	0.000000000	0.000000000	0.000000000	0.000000000
3.000000000	0.000000000	0.000000000	0.000000000	0.000000000	0.000000000	0.000000000
