-4.00000000	0.003806810	0.006301000	0.008224249	0.032238459	0.013652512	0.016558078
-3.99299299	0.003862121	0.006385042	0.008342387	0.032656966	0.013802205	0.016754906
-3.98598599	0.003918269	0.006470243	0.008462260	0.033080532	0.013953642	0.016954159
-3.97897898	0.003975266	0.006556622	0.008583893	0.033509209	0.014106846	0.017155868
-3.97197197	0.004033125	0.006644193	0.008707313	0.033943052	0.014261838	0.017360064
-3.96496496	0.004091861	0.006732974	0.008832546	0.034382115	0.014418640	0.017566779
-3.95795796	0.004151486	0.006822983	0.008959619	0.034826453	0.014577273	0.017776044
-3.95095095	0.004212016	0.006914236	0.009088560	0.035276119	0.014737761	0.017987891
-3.94394394	0.004273463	0.007006751	0.009219397	0.035731171	0.014900127	0.018202354
-3.93693694	0.004335842	0.007100547	0.009352157	0.036191663	0.015064393	0.018419464
-3.92992993	0.004399169	0.007195641	0.009486870	0.036657652	0.015230583	0.018639256
-3.92292292	0.004463457	0.007292051	0.009623564	0.037129194	0.015398720	0.018861763
-3.91591592	0.004528722	0.007389798	0.009762269	0.037606346	0.015568830	0.019087019
-3.90890891	0.004594979	0.007488899	0.009903015	0.038089167	0.015740934	0.019315060
-3.90190190	0.004662245	0.007589374	0.010045831	0.038577712	0.015915060	0.019545920
-3.89489489	0.004730534	0.007691242	0.010190750	0.039072041	0.016091231	0.019779634
-3.88788789	0.004799863	0.007794523	0.010337802	0.039572212	0.016269472	0.020016240
-3.88088088	0.004870248	0.007899238	0.010487019	0.040078284	0.016449810	0.020255773
-3.87387387	0.004941706	0.008005406	0.010638432	0.040590317	0.016632270	0.020498270
-3.86686687	0.005014253	0.008113049	0.010792076	0.041108369	0.016816878	0.020743769
-3.85985986	0.005087908	0.008222187	0.010947983	0.041632501	0.017003661	0.020992308
-3.85285285	0.005162686	0.008332842	0.011106186	0.042162773	0.017192646	0.021243924
-3.84584585	0.005238607	0.008445035	0.011266720	0.042699247	0.017383861	0.021498657
-3.83883884	0.005315688	0.008558788	0.011429619	0.043241983	0.017577331	0.021756547
-3.83183183	0.005393947	0.008674124	0.011594919	0.043791042	0.017773087	0.022017631
-3.82482482	0.005473403	0.008791064	0.011762654	0.044346487	0.017971155	0.022281952
-3.81781782	0.005554075	0.008909632	0.011932863	0.044908380	0.018171565	0.022549550
-3.81081081	0.005635982	0.009029851	0.012105580	0.045476783	0.018374346	0.022820466
-3.80380380	0.005719144	0.009151745	0.012280844	0.046051759	0.018579527	0.023094742
-3.79679680	0.005803580	0.009275338	0.012458692	0.046633372	0.018787137	0.023372420
-3.78978979	0.005889311	0.009400652	0.012639163	0.047221684	0.018997208	0.023653543
-3.78278278	0.005976356	0.009527715	0.012822295	0.047816761	0.019209769	0.023938155
-3.77577578	0.006064738	0.009656549	0.013008128	0.048418666	0.019424852	0.024226300
-3.76876877	0.006154476	0.009787180	0.013196703	0.049027463	0.019642487	0.024518021
-3.76176176	0.006245593	0.009919635	0.013388059	0.049643218	0.019862707	0.024813364
-3.75475475	0.006338110	0.010053939	0.013582238	0.050265996	0.020085544	0.025112375
-3.74774775	0.006432049	0.010190118	0.013779283	0.050895862	0.020311030	0.025415100
-3.74074074	0.006527434	0.010328200	0.013979235	0.051532883	0.020539199	0.025721586
-3.73373373	0.006624287	0.010468211	0.014182137	0.052177123	0.020770083	0.026031879
-3.72672673	0.006722630	0.010610179	0.014388034	0.052828651	0.021003716	0.026346027
-3.71971972	0.006822489	0.010754131	0.014596970	0.053487531	0.021240134	0.026664080
-3.71271271	0.006923886	0.010900097	0.014808989	0.054153831	0.021479370	0.026986087
-3.70570571	0.007026847	0.011048106	0.015024138	0.054827619	0.021721459	0.027312096
-3.69869870	0.007131396	0.011198185	0.015242462	0.055508962	0.021966438	0.027642158
-3.69169169	0.007237559	0.011350365	0.015464010	0.056197927	0.022214341	0.027976324
-3.68468468	0.007345360	0.011504675	0.015688828	0.056894583	0.022465207	0.028314646
-3.67767768	0.007454827	0.011661147	0.015916965	0.057598997	0.022719071	0.028657176
-3.67067067	0.007565985	0.011819811	0.016148470	0.058311238	0.022975972	0.029003967
-3.66366366	0.007678861	0.011980699	0.016383392	0.059031375	0.023235946	0.029355071
-3.65665666	0.007793483	0.012143842	0.016621784	0.059759477	0.023499033	0.029710544
-3.64964965	0.007909879	0.012309272	0.016863695	0.060495612	0.023765272	0.030070439
-3.64264264	0.008028077	0.012477022	0.017109177	0.061239850	0.024034701	0.030434813
-3.63563564	0.008148105	0.012647125	0.017358284	0.061992261	0.024307361	0.030803721
-3.62862863	0.008269992	0.012819616	0.017611069	0.062752913	0.024583292	0.031177221
-3.62162162	0.008393769	0.012994527	0.017867587	0.063521877	0.024862535	0.031555369
-3.61461461	0.008519465	0.013171894	0.018127891	0.064299222	0.025145131	0.031938224
-3.60760761	0.008647111	0.013351752	0.018392039	0.065085019	0.025431123	0.032325844
-3.60060060	0.008776738	0.013534136	0.018660087	0.065879337	0.025720553	0.032718290
-3.59359359	0.008908378	0.013719083	0.018932093	0.066682247	0.026013464	0.033115621
-3.58658659	0.009042063	0.013906629	0.019208114	0.067493820	0.026309900	0.033517899
-3.57957958	0.009177824	0.014096811	0.019488210	0.068314125	0.026609905	0.033925185
-3.57257257	0.009315696	0.014289667	0.019772440	0.069143234	0.026913523	0.034337542
-3.56556557	0.009455713	0.014485236	0.020060867	0.069981216	0.027220799	0.034755033
-3.55855856	0.009597907	0.014683555	0.020353551	0.070828143	0.027531781	0.035177722
-3.55155155	0.009742315	0.014884665	0.020650554	0.071684086	0.027846514	0.035605674
-3.54454454	0.009888972	0.015088605	0.020951942	0.072549114	0.028165045	0.036038953
-3.53753754	0.010037912	0.015295415	0.021257777	0.073423299	0.028487422	0.036477628
-3.53053053	0.010189174	0.015505138	0.021568126	0.074306712	0.028813693	0.036921764
-3.52352352	0.010342793	0.015717813	0.021883054	0.075199423	0.029143907	0.037371429
-3.51651652	0.010498808	0.015933484	0.022202628	0.076101502	0.029478114	0.037826693
-3.50950951	0.010657258	0.016152194	0.022526918	0.077013021	0.029816363	0.038287624
-3.50250250	0.010818180	0.016373985	0.022855991	0.077934050	0.030158705	0.038754294
-3.49549550	0.010981614	0.016598902	0.023189918	0.078864660	0.030505193	0.039226772
-3.48848849	0.011147601	0.016826990	0.023528770	0.079804920	0.030855877	0.039705131
-3.48148148	0.011316182	0.017058294	0.023872619	0.080754901	0.031210810	0.040189445
-3.47447447	0.011487397	0.017292859	0.024221538	0.081714673	0.031570047	0.040679785
-3.46746747	0.011661289	0.017530733	0.024575602	0.082684306	0.031933641	0.041176228
-3.46046046	0.011837902	0.017771962	0.024934884	0.083663870	0.032301646	0.041678848
-3.45345345	0.012017277	0.018016595	0.025299462	0.084653435	0.032674118	0.042187722
-3.44644645	0.012199461	0.018264680	0.025669412	0.085653069	0.033051114	0.042702927
-3.43943944	0.012384497	0.018516266	0.026044814	0.086662842	0.033432690	0.043224540
-3.43243243	0.012572431	0.018771404	0.026425745	0.087682822	0.033818904	0.043752641
-3.42542543	0.012763310	0.019030145	0.026812288	0.088713079	0.034209813	0.044287309
-3.41841842	0.012957181	0.019292538	0.027204523	0.089753680	0.034605478	0.044828625
-3.41141141	0.013154092	0.019558638	0.027602533	0.090804694	0.035005957	0.045376672
-3.40440440	0.013354091	0.019828496	0.028006402	0.091866187	0.035411311	0.045931530
-3.39739740	0.013557228	0.020102166	0.028416215	0.092938228	0.035821603	0.046493285
-3.39039039	0.013763553	0.020379703	0.028832059	0.094020883	0.036236892	0.047062020
-3.38338338	0.013973117	0.020661162	0.029254020	0.095114219	0.036657244	0.047637820
-3.37637638	0.014185973	0.020946599	0.029682187	0.096218301	0.037082720	0.048220773
-3.36936937	0.014402172	0.021236069	0.030116650	0.097333196	0.037513386	0.048810965
-3.36236236	0.014621769	0.021529632	0.030557501	0.098458967	0.037949306	0.049408485
-3.35535536	0.014844818	0.021827345	0.031004830	0.099595681	0.038390547	0.050013421
-3.34834835	0.015071373	0.022129268	0.031458733	0.100743400	0.038837176	0.050625865
-3.34134134	0.015301493	0.022435459	0.031919303	0.101902188	0.039289260	0.051245908
-3.33433433	0.015535232	0.022745981	0.032386637	0.103072108	0.039746868	0.051873641
-3.32732733	0.015772650	0.023060894	0.032860831	0.104253222	0.040210069	0.052509158
-3.32032032	0.016013806	0.023380262	0.033341986	0.105445592	0.040678933	0.053152553
-3.31331331	0.016258759	0.023704147	0.033830199	0.106649279	0.041153532	0.053803922
-3.30630631	0.016507570	0.024032615	0.034325574	0.107864342	0.041633938	0.054463361
-3.29929930	0.016760301	0.024365729	0.034828213	0.109090842	0.042120224	0.055130967
-3.29229229	0.017017015	0.024703556	0.035338219	0.110328837	0.042612462	0.055806839
-3.28528529	0.017277775	0.025046163	0.035855698	0.111578384	0.043110729	0.056491076
-3.27827828	0.017542646	0.025393618	0.036380757	0.112839541	0.043615099	0.057183780
-3.27127127	0.017811695	0.025745990	0.036913504	0.114112364	0.044125650	0.057885050
-3.26426426	0.018084988	0.026103349	0.037454049	0.115396908	0.044642459	0.058594991
-3.25725726	0.018362593	0.026465764	0.038002503	0.116693227	0.045165603	0.059313705
-3.25025025	0.018644579	0.026833309	0.038558978	0.118001376	0.045695164	0.060041298
-3.24324324	0.018931017	0.027206056	0.039123588	0.119321405	0.046231221	0.060777876
-3.23623624	0.019221977	0.027584078	0.039696450	0.120653368	0.046773855	0.061523546
-3.22922923	0.019517532	0.027967450	0.040277679	0.121997313	0.047323149	0.062278415
-3.22222222	0.019817755	0.028356248	0.040867395	0.123353290	0.047879187	0.063042594
-3.21521522	0.020122721	0.028750549	0.041465717	0.124721347	0.048442053	0.063816191
-3.20820821	0.020432507	0.029150431	0.042072768	0.126101531	0.049011831	0.064599320
-3.20120120	0.020747189	0.029555972	0.042688669	0.127493888	0.049588610	0.065392093
-3.19419419	0.021066845	0.029967253	0.043313547	0.128898461	0.050172475	0.066194622
-3.18718719	0.021391555	0.030384354	0.043947526	0.130315295	0.050763517	0.067007024
-3.18018018	0.021721399	0.030807358	0.044590736	0.131744430	0.051361824	0.067829414
-3.17317317	0.022056461	0.031236349	0.045243306	0.133185907	0.051967487	0.068661910
-3.16616617	0.022396823	0.031671410	0.045905366	0.134639766	0.052580598	0.069504628
-3.15915916	0.022742570	0.032112627	0.046577050	0.136106042	0.053201251	0.070357690
-3.15215215	0.023093787	0.032560086	0.047258491	0.137584774	0.053829538	0.071221216
-3.14514515	0.023450563	0.033013877	0.047949827	0.139075994	0.054465556	0.072095327
-3.13813814	0.023812985	0.033474087	0.048651194	0.140579737	0.055109400	0.072980146
-3.13113113	0.024181145	0.033940808	0.049362733	0.142096032	0.055761169	0.073875797
-3.12412412	0.024555133	0.034414130	0.050084585	0.143624911	0.056420960	0.074782406
-3.11711712	0.024935043	0.034894146	0.050816891	0.145166400	0.057088873	0.075700099
-3.11011011	0.025320968	0.035380951	0.051559798	0.146720527	0.057765010	0.076629003
-3.10310310	0.025713006	0.035874639	0.052313452	0.148287314	0.058449473	0.077569248
-3.09609610	0.026111252	0.036375307	0.053078000	0.149866785	0.059142364	0.078520962
-3.08908909	0.026515806	0.036883053	0.053853592	0.151458961	0.059843789	0.079484278
-3.08208208	0.026926769	0.037397976	0.054640381	0.153063859	0.060553853	0.080459327
-3.07507508	0.027344241	0.037920176	0.055438520	0.154681497	0.061272663	0.081446242
-3.06806807	0.027768328	0.038449755	0.056248164	0.156311890	0.062000328	0.082445159
-3.06106106	0.028199133	0.038986816	0.057069470	0.157955050	0.062736958	0.083456213
-3.05405405	0.028636765	0.039531463	0.057902598	0.159610986	0.063482662	0.084479540
-3.04704705	0.029081330	0.040083803	0.058747707	0.161279709	0.064237553	0.085515279
-3.04004004	0.029532939	0.040643941	0.059604961	0.162961223	0.065001744	0.086563569
-3.03303303	0.029991705	0.041211988	0.060474525	0.164655532	0.065775350	0.087624551
-3.02602603	0.030457739	0.041788052	0.061356564	0.166362638	0.066558487	0.088698365
-3.01901902	0.030931158	0.042372245	0.062251247	0.168082540	0.067351273	0.089785154
-3.01201201	0.031412079	0.042964680	0.063158744	0.169815234	0.068153825	0.090885062
-3.00500501	0.031900620	0.043565472	0.064079227	0.171560715	0.068966264	0.091998234
-2.99799800	0.032396901	0.044174736	0.065012871	0.173318973	0.069788711	0.093124815
-2.99099099	0.032901046	0.044792589	0.065959850	0.175089999	0.070621289	0.094264954
-2.98398398	0.033413178	0.045419150	0.066920343	0.176873778	0.071464122	0.095418798
-2.97697698	0.033933423	0.046054539	0.067894530	0.178670294	0.072317334	0.096586496
-2.96996997	0.034461910	0.046698879	0.068882592	0.180479527	0.073181054	0.097768198
-2.96296296	0.034998768	0.047352292	0.069884712	0.182301457	0.074055409	0.098964057
-2.95595596	0.035544129	0.048014904	0.070901077	0.184136057	0.074940528	0.100174224
-2.94894895	0.036098128	0.048686840	0.071931873	0.185983301	0.075836544	0.101398853
-2.94194194	0.036660899	0.049368229	0.072977291	0.187843158	0.076743587	0.102638099
-2.93493493	0.037232581	0.050059201	0.074037521	0.189715593	0.077661792	0.103892117
-2.92792793	0.037813314	0.050759887	0.075112756	0.191600571	0.078591295	0.105161065
-2.92092092	0.038403240	0.051470420	0.076203193	0.193498050	0.079532232	0.106445098
-2.91391391	0.039002503	0.052190935	0.077309028	0.195407989	0.080484741	0.107744377
-2.90690691	0.039611248	0.052921567	0.078430460	0.197330341	0.081448962	0.109059060
-2.89989990	0.040229625	0.053662455	0.079567690	0.199265055	0.082425036	0.110389308
-2.89289289	0.040857785	0.054413738	0.080720921	0.201212080	0.083413106	0.111735283
-2.88588589	0.041495879	0.055175558	0.081890359	0.203171358	0.084413316	0.113097146
-2.87887888	0.042144063	0.055948058	0.083076210	0.205142830	0.085425811	0.114475061
-2.87187187	0.042802495	0.056731382	0.084278683	0.207126431	0.086450739	0.115869191
-2.86486486	0.043471333	0.057525677	0.085497989	0.209122096	0.087488247	0.117279703
-2.85785786	0.044150740	0.058331092	0.086734339	0.211129753	0.088538487	0.118706760
-2.85085085	0.044840880	0.059147776	0.087987950	0.213149327	0.089601610	0.120150530
-2.84384384	0.045541919	0.059975881	0.089259037	0.215180741	0.090677769	0.121611179
-2.83683684	0.046254026	0.060815561	0.090547818	0.217223913	0.091767118	0.123088876
-2.82982983	0.046977374	0.061666971	0.091854514	0.219278757	0.092869814	0.124583789
-2.82282282	0.047712134	0.062530269	0.093179347	0.221345182	0.093986015	0.126096087
-2.81581582	0.048458485	0.063405613	0.094522540	0.223423095	0.095115880	0.127625940
-2.80880881	0.049216605	0.064293166	0.095884320	0.225512399	0.096259569	0.129173518
-2.80180180	0.049986674	0.065193089	0.097264912	0.227612990	0.097417244	0.130738992
-2.79479479	0.050768877	0.066105547	0.098664548	0.229724764	0.098589071	0.132322533
-2.78778779	0.051563401	0.067030707	0.100083457	0.231847610	0.099775213	0.133924313
-2.78078078	0.052370434	0.067968737	0.101521873	0.233981413	0.100975838	0.135544504
-2.77377377	0.053190167	0.068919808	0.102980029	0.236126054	0.102191114	0.137183279
-2.76676677	0.054022796	0.069884092	0.104458162	0.238281410	0.103421212	0.138840811
-2.75975976	0.054868516	0.070861762	0.105956510	0.240447353	0.104666303	0.140517273
-2.75275275	0.055727529	0.071852996	0.107475311	0.242623751	0.105926559	0.142212839
-2.74574575	0.056600035	0.072857972	0.109014807	0.244810467	0.107202155	0.143927681
-2.73873874	0.057486241	0.073876869	0.110575240	0.247007360	0.108493268	0.145661973
-2.73173173	0.058386354	0.074909868	0.112156854	0.249214284	0.109800074	0.147415889
-2.72472472	0.059300584	0.075957156	0.113759894	0.251431089	0.111122754	0.149189604
-2.71771772	0.060229146	0.077018916	0.115384607	0.253657618	0.112461487	0.150983289
-2.71071071	0.061172255	0.078095337	0.117031241	0.255893711	0.113816455	0.152797120
-2.70370370	0.062130131	0.079186608	0.118700045	0.258139205	0.115187842	0.154631269
-2.69669670	0.063102995	0.080292923	0.120391271	0.260393928	0.116575833	0.156485909
-2.68968969	0.064091073	0.081414473	0.122105170	0.262657705	0.117980614	0.158361213
-2.68268268	0.065094593	0.082551456	0.123841995	0.264930358	0.119402374	0.160257353
-2.67567568	0.066113784	0.083704068	0.125602001	0.267211700	0.120841301	0.162174501
-2.66866867	0.067148882	0.084872510	0.127385442	0.269501543	0.122297586	0.164112828
-2.66166166	0.068200122	0.086056983	0.129192575	0.271799691	0.123771421	0.166072505
-2.65465465	0.069267745	0.087257691	0.131023657	0.274105944	0.125262999	0.168053702
-2.64764765	0.070351993	0.088474840	0.132878946	0.276420096	0.126772516	0.170056587
-2.64064064	0.071453112	0.089708637	0.134758700	0.278741937	0.128300168	0.172081329
-2.63363363	0.072571351	0.090959292	0.136663179	0.281071251	0.129846152	0.174128094
-2.62662663	0.073706962	0.092227017	0.138592643	0.283407817	0.131410666	0.176197049
-2.61961962	0.074860199	0.093512024	0.140547352	0.285751408	0.132993911	0.178288359
-2.61261261	0.076031320	0.094814531	0.142527567	0.288101793	0.134596088	0.180402186
-2.60560561	0.077220587	0.096134754	0.144533549	0.290458733	0.136217399	0.182538693
-2.59859860	0.078428264	0.097472913	0.146565561	0.292821987	0.137858048	0.184698041
-2.59159159	0.079654619	0.098829229	0.148623862	0.295191307	0.139518240	0.186880389
-2.58458458	0.080899921	0.100203925	0.150708715	0.297566438	0.141198181	0.189085893
-2.57757758	0.082164444	0.101597227	0.152820382	0.299947121	0.142898077	0.191314708
-2.57057057	0.083448465	0.103009362	0.154959123	0.302333092	0.144618137	0.193566989
-2.56356356	0.084752264	0.104440559	0.157125200	0.304724081	0.146358569	0.195842886
-2.55655656	0.086076123	0.105891048	0.159318873	0.307119811	0.148119583	0.198142549
-2.54954955	0.087420330	0.107361063	0.161540402	0.309520001	0.149901391	0.200466122
-2.54254254	0.088785172	0.108850838	0.163790046	0.311924365	0.151704203	0.202813752
-2.53553554	0.090170943	0.110360609	0.166068064	0.314332609	0.153528233	0.205185578
-2.52852853	0.091577938	0.111890614	0.168374712	0.316744436	0.155373693	0.207581739
-2.52152152	0.093006455	0.113441094	0.170710248	0.319159541	0.157240798	0.210002371
-2.51451451	0.094456797	0.115012290	0.173074927	0.321577616	0.159129763	0.212447606
-2.50750751	0.095929268	0.116604445	0.175469001	0.323998345	0.161040801	0.214917573
-2.50050050	0.097424176	0.118217804	0.177892722	0.326421407	0.162974130	0.217412398
-2.49349349	0.098941831	0.119852614	0.180346341	0.328846475	0.164929964	0.219932202
-2.48648649	0.100482549	0.121509122	0.182830106	0.331273219	0.166908522	0.222477104
-2.47947948	0.102046647	0.123187579	0.185344263	0.333701300	0.168910019	0.225047217
-2.47247247	0.103634443	0.124888236	0.187889055	0.336130376	0.170934673	0.227642653
-2.46546547	0.105246262	0.126611345	0.190464724	0.338560097	0.172982701	0.230263515
-2.45845846	0.106882429	0.128357160	0.193071507	0.340990109	0.175054321	0.232909905
-2.45145145	0.108543273	0.130125938	0.195709640	0.343420052	0.177149749	0.235581921
-2.44444444	0.110229126	0.131917934	0.198379355	0.345849561	0.179269203	0.238279651
-2.43743744	0.111940324	0.133733408	0.201080881	0.348278265	0.181412901	0.241003184
-2.43043043	0.113677202	0.135572617	0.203814443	0.350705787	0.183581058	0.243752599
-2.42342342	0.115440103	0.137435823	0.206580262	0.353131746	0.185773893	0.246527972
-2.41641642	0.117229368	0.139323287	0.209378555	0.355555755	0.187991619	0.249329371
-2.40940941	0.119045343	0.141235272	0.212209536	0.357977421	0.190234453	0.252156861
-2.40240240	0.120888377	0.143172041	0.215073411	0.360396347	0.192502610	0.255010497
-2.39539540	0.122758820	0.145133858	0.217970385	0.362812128	0.194796303	0.257890330
-2.38838839	0.124657026	0.147120989	0.220900655	0.365224357	0.197115746	0.260796405
-2.38138138	0.126583350	0.149133699	0.223864413	0.367632621	0.199461149	0.263728756
-2.37437437	0.128538151	0.151172256	0.226861847	0.370036501	0.201832725	0.266687413
-2.36736737	0.130521789	0.153236925	0.229893137	0.372435573	0.204230681	0.269672398
-2.36036036	0.132534626	0.155327975	0.232958457	0.374829409	0.206655227	0.272683725
-2.35335335	0.134577028	0.157445674	0.236057974	0.377217576	0.209106567	0.275721399
-2.34634635	0.136649360	0.159590290	0.239191849	0.379599634	0.211584907	0.278785416
-2.33933934	0.138751992	0.161762090	0.242360235	0.381975142	0.214090450	0.281875766
-2.33233233	0.140885294	0.163961344	0.245563278	0.384343652	0.216623394	0.284992428
-2.32532533	0.143049637	0.166188319	0.248801113	0.386704711	0.219183940	0.288135372
-2.31831832	0.145245397	0.168443285	0.252073871	0.389057863	0.221772282	0.291304559
-2.31131131	0.147472947	0.170726508	0.255381670	0.391402646	0.224388614	0.294499938
-2.30430430	0.149732665	0.173038256	0.258724622	0.393738597	0.227033126	0.297721451
-2.29729730	0.152024928	0.175378796	0.262102827	0.396065243	0.229706005	0.300969027
-2.29029029	0.154350115	0.177748393	0.265516376	0.398382114	0.232407436	0.304242584
-2.28328328	0.156708606	0.180147314	0.268965349	0.400688730	0.235137598	0.307542032
-2.27627628	0.159100781	0.182575823	0.272449816	0.402984611	0.237896670	0.310867264
-2.26926927	0.161527022	0.185034182	0.275969835	0.405269271	0.240684825	0.314218167
-2.26226226	0.163987710	0.187522654	0.279525452	0.407542222	0.243502232	0.317594610
-2.25525526	0.166483227	0.190041499	0.283116701	0.409802971	0.246349055	0.320996454
-2.24824825	0.169013956	0.192590975	0.286743603	0.412051023	0.249225455	0.324423544
-2.24124124	0.171580277	0.195171339	0.290406167	0.414285880	0.252131589	0.327875713
-2.23423423	0.174182573	0.197782846	0.294104386	0.416507040	0.255067605	0.331352781
-2.22722723	0.176821225	0.200425750	0.297838241	0.418713997	0.258033651	0.334854551
-2.22022022	0.179496613	0.203100299	0.301607697	0.420906246	0.261029864	0.338380814
-2.21321321	0.182209117	0.205806741	0.305412705	0.423083275	0.264056380	0.341931346
-2.20620621	0.184959115	0.208545322	0.309253198	0.425244572	0.267113326	0.345505906
-2.19919920	0.187746983	0.211316283	0.313129095	0.427389623	0.270200822	0.349104238
-2.19219219	0.190573097	0.214119862	0.317040296	0.429517911	0.273318984	0.352726071
-2.18518519	0.193437831	0.216956294	0.320986685	0.431628917	0.276467918	0.356371116
-2.17817818	0.196341554	0.219825811	0.324968129	0.433722121	0.279647725	0.360039068
-2.17117117	0.199284636	0.222728639	0.328984473	0.435797001	0.282858496	0.363729603
-2.16416416	0.202267442	0.225665001	0.333035545	0.437853033	0.286100317	0.367442381
-2.15715716	0.205290334	0.228635115	0.337121154	0.439889693	0.289373261	0.371177044
-2.15015015	0.208353673	0.231639195	0.341241086	0.441906455	0.292677397	0.374933213
-2.14314314	0.211457812	0.234677449	0.345395109	0.443902793	0.296012782	0.378710492
-2.13613614	0.214603104	0.237750080	0.349582966	0.445878180	0.299379463	0.382508465
-2.12912913	0.217789894	0.240857285	0.353804380	0.447832088	0.302777479	0.386326696
-2.12212212	0.221018526	0.243999255	0.358059051	0.449763990	0.306206858	0.390164727
-2.11511512	0.224289334	0.247176174	0.362346654	0.451673359	0.309667616	0.394022081
-2.10810811	0.227602651	0.250388222	0.366666840	0.453559667	0.313159759	0.397898261
-2.10110110	0.230958802	0.253635568	0.371019235	0.455422387	0.316683281	0.401792745
-2.09409409	0.234358104	0.256918376	0.375403442	0.457260994	0.320238163	0.405704990
-2.08708709	0.237800869	0.260236803	0.379819033	0.459074961	0.323824376	0.409634432
-2.08008008	0.241287402	0.263590995	0.384265555	0.460863766	0.327441875	0.413580482
-2.07307307	0.244817998	0.266981092	0.388742530	0.462626886	0.331090604	0.417542528
-2.06606607	0.248392947	0.270407224	0.393249447	0.464363798	0.334770490	0.421519935
-2.05905906	0.252012527	0.273869512	0.397785768	0.466073986	0.338481447	0.425512042
-2.05205205	0.255677007	0.277368067	0.402350926	0.467756930	0.342223376	0.429518166
-2.04504505	0.259386649	0.280902989	0.406944322	0.469412117	0.345996160	0.433537595
-2.03803804	0.263141701	0.284474370	0.411565326	0.471039035	0.349799666	0.437569595
-2.03103103	0.266942403	0.288082288	0.416213277	0.472637174	0.353633744	0.441613404
-2.02402402	0.270788981	0.291726811	0.420887480	0.474206029	0.357498229	0.445668234
-2.01701702	0.274681651	0.295407995	0.425587207	0.475745095	0.361392936	0.449733270
-2.01001001	0.278620614	0.299125882	0.430311697	0.477253875	0.365317663	0.453807670
-2.00300300	0.282606060	0.302880503	0.435060152	0.478731873	0.369272188	0.457890565
-1.99599600	0.286638163	0.306671875	0.439831741	0.480178598	0.373256270	0.461981057
-1.98898899	0.290717083	0.310499999	0.444625595	0.481593563	0.377269648	0.466078221
-1.98198198	0.294842965	0.314364864	0.449440808	0.482976286	0.381312039	0.470181102
-1.97497497	0.299015937	0.318266443	0.454276439	0.484326289	0.385383140	0.474288718
-1.96796797	0.303236112	0.322204692	0.459131506	0.485643102	0.389482626	0.478400054
-1.96096096	0.307503583	0.326179553	0.464004989	0.486926256	0.393610147	0.482514071
-1.95395395	0.311818426	0.330190949	0.468895829	0.488175291	0.397765333	0.486629694
-1.94694695	0.316180698	0.334238786	0.473802927	0.489389753	0.401947786	0.490745824
-1.93993994	0.320590435	0.338322955	0.478725143	0.490569192	0.406157087	0.494861327
-1.93293293	0.325047654	0.342443323	0.483661295	0.491713166	0.410392789	0.498975040
-1.92592593	0.329552350	0.346599742	0.488610160	0.492821241	0.414654419	0.503085770
-1.91891892	0.334104495	0.350792042	0.493570473	0.493892986	0.418941479	0.507192293
-1.91191191	0.338704037	0.355020032	0.498540926	0.494927982	0.423253441	0.511293353
-1.90490490	0.343350901	0.359283502	0.503520166	0.495925815	0.427589751	0.515387663
-1.89789790	0.348044987	0.363582218	0.508506798	0.496886079	0.431949823	0.519473905
-1.89089089	0.352786169	0.367915924	0.513499382	0.497808375	0.436333044	0.523550729
-1.88388388	0.357574294	0.372284340	0.518496433	0.498692315	0.440738770	0.527616756
-1.87687688	0.362409180	0.376687164	0.523496423	0.499537518	0.445166323	0.531670573
-1.86986987	0.367290617	0.381124066	0.528497777	0.500343611	0.449614997	0.535710737
-1.86286286	0.372218366	0.385594693	0.533498873	0.501110232	0.454084050	0.539735772
-1.85585586	0.377192156	0.390098665	0.538498045	0.501837027	0.458572708	0.543744173
-1.84884885	0.382211683	0.394635575	0.543493582	0.502523652	0.463080163	0.547734404
-1.84184184	0.387276614	0.399204987	0.548483725	0.503169771	0.467605571	0.551704895
-1.83483483	0.392386577	0.403806439	0.553466668	0.503775062	0.472148053	0.555654050
-1.82782783	0.397541168	0.408439439	0.558440562	0.504339209	0.476706693	0.559580239
-1.82082082	0.402739947	0.413103462	0.563403508	0.504861910	0.481280538	0.563481803
-1.81381381	0.407982435	0.417797956	0.568353563	0.505342870	0.485868597	0.567357054
-1.80680681	0.413268115	0.422522335	0.573288738	0.505781809	0.490469839	0.571204275
-1.79979980	0.418596432	0.427275983	0.578206996	0.506178454	0.495083197	0.575021718
-1.79279279	0.423966788	0.432058246	0.583106257	0.506532548	0.499707560	0.578807610
-1.78578579	0.429378546	0.436868442	0.587984395	0.506843840	0.504341778	0.582560147
-1.77877878	0.434831022	0.441705850	0.592839239	0.507112096	0.508984660	0.586277501
-1.77177177	0.440323493	0.446569714	0.597668572	0.507337090	0.513634972	0.589957815
-1.76476476	0.445855186	0.451459244	0.602470136	0.507518610	0.518291437	0.593599207
-1.75775776	0.451425285	0.456373609	0.607241628	0.507656456	0.522952734	0.597199770
-1.75075075	0.457032924	0.461311942	0.611980705	0.507750441	0.527617501	0.600757575
-1.74374374	0.462677190	0.466273339	0.616684978	0.507800390	0.532284327	0.604270668
-1.73673674	0.468357118	0.471256853	0.621352022	0.507806140	0.536951759	0.607737072
-1.72972973	0.474071694	0.476261499	0.625979370	0.507767542	0.541618298	0.611154790
-1.72272272	0.479819850	0.481286249	0.630564517	0.507684459	0.546282397	0.614521806
-1.71571572	0.485600466	0.486330035	0.635104920	0.507556769	0.550942464	0.617836083
-1.70870871	0.491412366	0.491391746	0.639598002	0.507384362	0.555596858	0.621095569
-1.70170170	0.497254318	0.496470226	0.644041149	0.507167142	0.560243894	0.624298193
-1.69469469	0.503125035	0.501564277	0.648431715	0.506905025	0.564881836	0.627441871
-1.68768769	0.509023171	0.506672656	0.652767022	0.506597944	0.569508900	0.630524505
-1.68068068	0.514947319	0.511794073	0.657044364	0.506245841	0.574123256	0.633543986
-1.67367367	0.520896015	0.516927193	0.661261004	0.505848677	0.578723023	0.636498192
-1.66666667	0.526867732	0.522070635	0.665414181	0.505406423	0.583306273	0.639384995
-1.65965966	0.532860881	0.527222970	0.669501110	0.504919066	0.587871027	0.642202260
-1.65265265	0.538873810	0.532382721	0.673518983	0.504386605	0.592415260	0.644947845
-1.64564565	0.544904801	0.537548362	0.677464974	0.503809057	0.596936897	0.647619607
-1.63863864	0.550952074	0.542718319	0.681336239	0.503186449	0.601433812	0.650215400
-1.63163163	0.557013781	0.547890970	0.685129918	0.502518824	0.605903834	0.652733079
-1.62462462	0.563088006	0.553064640	0.688843142	0.501806239	0.610344743	0.655170502
-1.61761762	0.569172769	0.558237606	0.692473029	0.501048766	0.614754268	0.657525534
-1.61061061	0.575266018	0.563408094	0.696016695	0.500246490	0.619130095	0.659796043
-1.60360360	0.581365634	0.568574280	0.699471247	0.499399510	0.623469859	0.661979911
-1.59659660	0.587469427	0.573734287	0.702833795	0.498507941	0.627771151	0.664075028
-1.58958959	0.593575137	0.578886188	0.706101452	0.497571910	0.632031515	0.666079300
-1.58258258	0.599680435	0.584028005	0.709271335	0.496591559	0.636248451	0.667990651
-1.57557558	0.605782918	0.589157708	0.712340571	0.495567045	0.640419413	0.669807022
-1.56856857	0.611880114	0.594273215	0.715306299	0.494498537	0.644541814	0.671526376
-1.56156156	0.617969478	0.599372394	0.718165675	0.493386221	0.648613024	0.673146702
-1.55455455	0.624048393	0.604453061	0.720915876	0.492230294	0.652630371	0.674666016
-1.54754755	0.630114169	0.609512980	0.723554100	0.491030967	0.656591144	0.676082361
-1.54054054	0.636164047	0.614549866	0.726077574	0.489788467	0.660492596	0.677393817
-1.53353353	0.642195194	0.619561383	0.728483557	0.488503032	0.664331939	0.678598496
-1.52652653	0.648204705	0.624545143	0.730769341	0.487174916	0.668106354	0.679694549
-1.51951952	0.654189605	0.629498712	0.732932259	0.485804385	0.671812986	0.680680171
-1.51251251	0.660146847	0.634419603	0.734969687	0.484391717	0.675448951	0.681553596
-1.50550551	0.666073315	0.639305286	0.736879048	0.482937205	0.679011334	0.682313109
-1.49849850	0.671965822	0.644153179	0.738657817	0.481441155	0.682497194	0.682957044
-1.49149149	0.677821113	0.648960655	0.740303525	0.479903884	0.685903563	0.683483787
-1.48448448	0.683635866	0.653725043	0.741813763	0.478325725	0.689227455	0.683891779
-1.47747748	0.689406692	0.658443626	0.743186185	0.476707019	0.692465860	0.684179523
-1.47047047	0.695130136	0.663113644	0.744418516	0.475048124	0.695615754	0.684345579
-1.46346346	0.700802678	0.667732296	0.745508551	0.473349406	0.698674096	0.684388576
-1.45645646	0.706420740	0.672296739	0.746454163	0.471611245	0.701637837	0.684307207
-1.44944945	0.711980678	0.676804094	0.747253307	0.469834033	0.704503919	0.684100237
-1.44244244	0.717478793	0.681251441	0.747904023	0.468018173	0.707269278	0.683766504
-1.43543544	0.722911328	0.685635827	0.748404440	0.466164078	0.709930851	0.683304922
-1.42842843	0.728274472	0.689954265	0.748752780	0.464272174	0.712485575	0.682714482
-1.42142142	0.733564363	0.694203738	0.748947364	0.462342898	0.714930396	0.681994257
-1.41441441	0.738777086	0.698381195	0.748986612	0.460376695	0.717262268	0.681143406
-1.40740741	0.743908685	0.702483564	0.748869053	0.458374023	0.719478160	0.680161171
-1.40040040	0.748955156	0.706507743	0.748593322	0.456335348	0.721575058	0.679046886
-1.39339339	0.753912456	0.710450612	0.748158167	0.454261148	0.723549972	0.677799973
-1.38638639	0.758776506	0.714309028	0.747562453	0.452151910	0.725399937	0.676419949
-1.37937938	0.763543192	0.718079833	0.746805163	0.450008128	0.727122022	0.674906427
-1.37237237	0.768208371	0.721759856	0.745885405	0.447830307	0.728713329	0.673259118
-1.36536537	0.772767875	0.725345912	0.744802409	0.445618962	0.730171002	0.671477830
-1.35835836	0.777217512	0.728834812	0.743555537	0.443374614	0.731492231	0.669562476
-1.35135135	0.781553075	0.732223360	0.742144281	0.441097794	0.732674255	0.667513068
-1.34434434	0.785770344	0.735508359	0.740568264	0.438789039	0.733714370	0.665329726
-1.33733734	0.789865089	0.738686617	0.738827249	0.436448895	0.734609931	0.663012673
-1.33033033	0.793833077	0.741754945	0.736921135	0.434077915	0.735358360	0.660562243
-1.32332332	0.797670080	0.744710165	0.734849959	0.431676660	0.735957148	0.657978873
-1.31631632	0.801371873	0.747549113	0.732613901	0.429245695	0.736403864	0.655263113
-1.30930931	0.804934246	0.750268642	0.730213285	0.426785595	0.736696158	0.652415621
-1.30230230	0.808353005	0.752865625	0.727648575	0.424296937	0.736831766	0.649437166
-1.29529530	0.811623982	0.755336965	0.724920382	0.421780308	0.736808516	0.646328627
-1.28828829	0.814743038	0.757679589	0.722029461	0.419236298	0.736624334	0.643090995
-1.28128128	0.817706069	0.759890464	0.718976713	0.416665502	0.736277248	0.639725369
-1.27427427	0.820509013	0.761966591	0.715763184	0.414068521	0.735765394	0.636232961
-1.26726727	0.823147857	0.763905017	0.712390064	0.411445961	0.735087022	0.632615093
-1.26026026	0.825618642	0.765702834	0.708858688	0.408798431	0.734240499	0.628873195
-1.25325325	0.827917471	0.767357187	0.705170535	0.406126543	0.733224317	0.625008806
-1.24624625	0.830040514	0.768865278	0.701327224	0.403430916	0.732037093	0.621023573
-1.23923924	0.831984016	0.770224369	0.697330518	0.400712169	0.730677582	0.616919249
-1.23223223	0.833744303	0.771431789	0.693182317	0.397970926	0.729144672	0.612697691
-1.22522523	0.835317789	0.772484935	0.688884658	0.395207813	0.727437398	0.608360861
-1.21821822	0.836700983	0.773381282	0.684439712	0.392423459	0.725554939	0.603910821
-1.21121121	0.837890496	0.774118383	0.679849785	0.389618495	0.723496625	0.599349731
-1.20420420	0.838883048	0.774693873	0.675117308	0.386793552	0.721261944	0.594679849
-1.19719720	0.839675473	0.775105480	0.670244841	0.383949266	0.718850540	0.589903528
-1.19019019	0.840264730	0.775351022	0.665235065	0.381086271	0.716262221	0.585023211
-1.18318318	0.840647904	0.775428416	0.660090780	0.378205205	0.713496961	0.580041431
-1.17617618	0.840822218	0.775335680	0.654814902	0.375306703	0.710554903	0.574960806
-1.16916917	0.840785036	0.775070939	0.649410455	0.372391404	0.707436361	0.569784036
-1.16216216	0.840533871	0.774632427	0.643880572	0.369459945	0.704141824	0.564513902
-1.15515516	0.840066391	0.774018496	0.638228486	0.366512964	0.700671957	0.559153257
-1.14814815	0.839380426	0.773227612	0.632457527	0.363551098	0.697027603	0.553705029
-1.14114114	0.838473971	0.772258368	0.626571116	0.360574984	0.693209785	0.548172212
-1.13413413	0.837345198	0.771109478	0.620572762	0.357585256	0.689219706	0.542557863
-1.12712713	0.835992452	0.769779789	0.614466054	0.354582550	0.685058750	0.536865099
-1.12012012	0.834414266	0.768268279	0.608254657	0.351567498	0.680728483	0.531097093
-1.11311311	0.832609361	0.766574064	0.601942304	0.348540732	0.676230654	0.525257068
-1.10610611	0.830576649	0.764696397	0.595532796	0.345502881	0.671567190	0.519348293
-1.09909910	0.828315242	0.762634672	0.589029988	0.342454573	0.666740200	0.513374078
-1.09209209	0.825824455	0.760388430	0.582437791	0.339396433	0.661751971	0.507337772
-1.08508509	0.823103805	0.757957357	0.575760159	0.336329083	0.656604967	0.501242753
-1.07807808	0.820153021	0.755341285	0.569001088	0.333253142	0.651301827	0.495092427
-1.07107107	0.816972044	0.752540200	0.562164608	0.330169229	0.645845361	0.488890225
-1.06406406	0.813561028	0.749554239	0.555254777	0.327077956	0.640238548	0.482639593
-1.05705706	0.809920345	0.746383691	0.548275675	0.323979934	0.634484533	0.476343988
-1.05005005	0.806050584	0.743028999	0.541231398	0.320875769	0.628586620	0.470006878
-1.04304304	0.801952555	0.739490763	0.534126051	0.317766064	0.622548273	0.463631732
-1.03603604	0.797627288	0.735769735	0.526963745	0.314651420	0.616373105	0.457222016
-1.02902903	0.793076035	0.731866826	0.519748588	0.311532430	0.610064878	0.450781189
-1.02202202	0.788300268	0.727783101	0.512484680	0.308409685	0.603627493	0.444312700
-1.01501502	0.783301678	0.723519779	0.505176108	0.305283773	0.597064987	0.437819979
-1.00800801	0.778082177	0.719078234	0.497826943	0.302155275	0.590381524	0.431306434
-1.00100100	0.772643894	0.714459995	0.490441227	0.299024768	0.583581392	0.424775451
-0.99399399	0.766989173	0.709666740	0.483022979	0.295892826	0.576668991	0.418230381
-0.98698699	0.761120573	0.704700300	0.475576178	0.292760015	0.569648830	0.411674542
-0.97997998	0.755040862	0.699562655	0.468104769	0.289626899	0.562525514	0.405111213
-0.97297297	0.748753014	0.694255930	0.460612651	0.286494035	0.555303742	0.398543630
-0.96596597	0.742260206	0.688782394	0.453103676	0.283361975	0.547988295	0.391974979
-0.95895896	0.735565817	0.683144461	0.445581643	0.280231266	0.540584027	0.385408398
-0.95195195	0.728673415	0.677344680	0.438050299	0.277102450	0.533095858	0.378846969
-0.94494494	0.721586761	0.671385738	0.430513327	0.273976062	0.525528763	0.372293715
-0.93793794	0.714309796	0.665270455	0.422974350	0.270852633	0.517887767	0.365751598
-0.93093093	0.706846641	0.659001778	0.415436925	0.267732688	0.510177929	0.359223515
-0.92392392	0.699201588	0.652582781	0.407904541	0.264616746	0.502404340	0.352712296
-0.91691692	0.691379093	0.646016659	0.400380614	0.261505319	0.494572108	0.346220698
-0.90990991	0.683383769	0.639306724	0.392868488	0.258398915	0.486686351	0.339751409
-0.90290290	0.675220383	0.632456402	0.385371433	0.255298036	0.478752188	0.333307038
-0.89589590	0.666893844	0.625469228	0.377892640	0.252203175	0.470774729	0.326890118
-0.88888889	0.658409197	0.618348840	0.370435223	0.249114824	0.462759065	0.320503103
-0.88188188	0.649771618	0.611098978	0.363002215	0.246033464	0.454710260	0.314148367
-0.87487487	0.640986402	0.603723477	0.355596572	0.242959574	0.446633340	0.307828199
-0.86786787	0.632058958	0.596226260	0.348221167	0.239893623	0.438533288	0.301544808
-0.86086086	0.622994803	0.588611341	0.340878793	0.236836078	0.430415032	0.295300317
-0.85385385	0.613799550	0.580882811	0.333572162	0.233787396	0.422283438	0.289096763
-0.84684685	0.604478903	0.573044842	0.326303905	0.230748030	0.414143301	0.282936100
-0.83983984	0.595038649	0.565101674	0.319076575	0.227718427	0.405999339	0.276820194
-0.83283283	0.585484653	0.557057618	0.311892645	0.224699026	0.397856183	0.270750827
-0.82582583	0.575822845	0.548917047	0.304754510	0.221690262	0.389718372	0.264729696
-0.81881882	0.566059219	0.540684393	0.297664489	0.218692562	0.381590348	0.258758412
-0.81181181	0.556199823	0.532364143	0.290624825	0.215706347	0.373476445	0.252838503
-0.80480480	0.546250755	0.523960834	0.283637691	0.212732032	0.365380889	0.246971414
-0.79779780	0.536218154	0.515479051	0.276705185	0.209770028	0.357307786	0.241158508
-0.79079079	0.526108199	0.506923420	0.269829338	0.206820736	0.349261126	0.235401068
-0.78378378	0.515927097	0.498298609	0.263012116	0.203884553	0.341244771	0.229700298
-0.77677678	0.505681087	0.489609320	0.256255420	0.200961870	0.333262457	0.224057325
-0.76976977	0.495376428	0.480860288	0.249561087	0.198053071	0.325317788	0.218473203
-0.76276276	0.485019401	0.472056279	0.242930900	0.195158533	0.317414235	0.212948911
-0.75575576	0.474616304	0.463202087	0.236366583	0.192278630	0.309555135	0.207485362
-0.74874875	0.464173447	0.454302530	0.229869809	0.189413726	0.301743688	0.202083398
-0.74174174	0.453697155	0.445362448	0.223442202	0.186564182	0.293982961	0.196743799
-0.73473473	0.443193763	0.436386706	0.217085337	0.183730351	0.286275882	0.191467284
-0.72772773	0.432669618	0.427380186	0.210800748	0.180912581	0.278625248	0.186254511
-0.72072072	0.422131078	0.418347787	0.204589927	0.178111213	0.271033723	0.181106088
-0.71371371	0.411584509	0.409294429	0.198454331	0.175326583	0.263503843	0.176022569
-0.70670671	0.401036295	0.400225046	0.192395379	0.172559020	0.256038016	0.171004460
-0.69969970	0.390492829	0.391144590	0.186414461	0.169808848	0.248638530	0.166052225
-0.69269269	0.379960525	0.382058026	0.180512939	0.167076385	0.241307559	0.161166288
-0.68568569	0.369445813	0.372970340	0.174692147	0.164361941	0.234047164	0.156347037
-0.67867868	0.358955149	0.363886529	0.168953396	0.161665823	0.226859303	0.151594827
-0.67167167	0.348495014	0.354811609	0.163297977	0.158988330	0.219745840	0.146909987
-0.66466466	0.338071917	0.345750612	0.157727160	0.156329756	0.212708549	0.142292822
-0.65765766	0.327692406	0.336708590	0.152242199	0.153690388	0.205749127	0.137743617
-0.65065065	0.317363064	0.327690609	0.146844331	0.151070509	0.198869203	0.133262643
-0.64364364	0.307090521	0.318701759	0.141534779	0.148470394	0.192070347	0.128850160
-0.63663664	0.296881450	0.309747147	0.136314753	0.145890314	0.185354083	0.124506421
-0.62962963	0.286742581	0.300831901	0.131185446	0.143330532	0.178721901	0.120231675
-0.62262262	0.276680695	0.291961170	0.126148043	0.140791308	0.172175269	0.116026175
-0.61561562	0.266702634	0.283140126	0.121203711	0.138272893	0.165715647	0.111890179
-0.60860861	0.256815300	0.274373962	0.116353606	0.135775533	0.159344502	0.107823951
-0.60160160	0.247025658	0.265667893	0.111598866	0.133299471	0.153063319	0.103827771
-0.59459459	0.237340737	0.257027156	0.106940614	0.130844939	0.146873619	0.099901934
-0.58758759	0.227767629	0.248457009	0.102379951	0.128412167	0.140776973	0.096046755
-0.58058058	0.218313485	0.239962728	0.097917958	0.126001378	0.134775016	0.092262568
-0.57357357	0.208985514	0.231549608	0.093555690	0.123612788	0.128869464	0.088549734
-0.56656657	0.199790974	0.223222960	0.089294174	0.121246608	0.123062127	0.084908641
-0.55955956	0.190737168	0.214988104	0.085134402	0.118903043	0.117354924	0.081339705
-0.55255255	0.181831432	0.206850371	0.081077329	0.116582292	0.111749897	0.077843371
-0.54554555	0.173081119	0.198815093	0.077123868	0.114284547	0.106249224	0.074420114
-0.53853854	0.164493587	0.190887599	0.073274880	0.112009995	0.100855229	0.071070443
-0.53153153	0.156076180	0.183073208	0.069531173	0.109758816	0.095570392	0.067794892
-0.52452452	0.147836204	0.175377222	0.065893493	0.107531185	0.090397359	0.064594030
-0.51751752	0.139780904	0.167804913	0.062362517	0.105327270	0.085338943	0.061468451
-0.51051051	0.131917432	0.160361518	0.058938844	0.103147231	0.080398133	0.058418775
-0.50350350	0.124252819	0.153052223	0.055622992	0.100991226	0.075578086	0.055445644
-0.49649650	0.116793935	0.145882149	0.052415385	0.098859402	0.070882127	0.052549718
-0.48948949	0.109547452	0.138856343	0.049316346	0.096751904	0.066313740	0.049731673
-0.48248248	0.102519801	0.131979755	0.046326093	0.094668866	0.061876550	0.046992190
-0.47547548	0.095717122	0.125257225	0.043444724	0.092610418	0.057574308	0.044331953
-0.46846847	0.089145223	0.118693465	0.040672213	0.090576685	0.053410861	0.041751642
-0.46146146	0.082809517	0.112293034	0.038008404	0.088567782	0.049390127	0.039251920
-0.45445445	0.076714978	0.106060321	0.035452996	0.086583819	0.045516046	0.036833429
-0.44744745	0.070866079	0.099999522	0.033005543	0.084624899	0.041792545	0.034496777
-0.44044044	0.065266734	0.094114613	0.030665444	0.082691119	0.038223475	0.032242530
-0.43343343	0.059920245	0.088409329	0.028431935	0.080782568	0.034812556	0.030071196
-0.42642643	0.054829240	0.082887137	0.026304087	0.078899329	0.031563304	0.027983219
-0.41941942	0.049995622	0.077551208	0.024280799	0.077041476	0.028478960	0.025978962
-0.41241241	0.045420511	0.072404393	0.022360794	0.075209079	0.025562404	0.024058694
-0.40540541	0.041104196	0.067449195	0.020542617	0.073402199	0.022816069	0.022222579
-0.39839840	0.037046091	0.062687745	0.018824635	0.071620890	0.020241847	0.020470660
-0.39139139	0.033244696	0.058121769	0.017205031	0.069865199	0.017840999	0.018802847
-0.38438438	0.029697563	0.053752571	0.015681813	0.068135165	0.015614055	0.017218903
-0.37737738	0.026401277	0.049581003	0.014252808	0.066430820	0.013560726	0.015718431
-0.37037037	0.023351438	0.045607445	0.012915675	0.064752190	0.011679815	0.014300863
-0.36336336	0.020542664	0.041831783	0.011667900	0.063099291	0.009969138	0.012965444
-0.35635636	0.017968599	0.038253393	0.010506811	0.061472133	0.008425458	0.011711230
-0.34934935	0.015621939	0.034871121	0.009429586	0.059870718	0.007044439	0.010537070
-0.34234234	0.013494464	0.031683275	0.008433258	0.058295041	0.005820614	0.009441606
-0.33533534	0.011577096	0.028687615	0.007514730	0.056745088	0.004747387	0.008423264
-0.32832833	0.009859964	0.025881348	0.006670788	0.055220839	0.003817057	0.007480255
-0.32132132	0.008332483	0.023261129	0.005898117	0.053722263	0.003020881	0.006610570
-0.31431431	0.006983453	0.020823066	0.005193313	0.052249326	0.002349169	0.005811985
-0.30730731	0.005801161	0.018562728	0.004552903	0.050801981	0.001791420	0.005082067
-0.30030030	0.004773507	0.016475164	0.003973360	0.049380177	0.001336493	0.004418181
-0.29329329	0.003888131	0.014554922	0.003451125	0.047983854	0.000972815	0.003817503
-0.28628629	0.003132547	0.012796076	0.002982624	0.046612942	0.000688619	0.003277033
-0.27927928	0.002494289	0.011192259	0.002564291	0.045267367	0.000472208	0.002793616
-0.27227227	0.001961052	0.009736702	0.002192580	0.043947043	0.000312227	0.002363961
-0.26526527	0.001520831	0.008422276	0.001863996	0.042651878	0.000197936	0.001984666
-0.25825826	0.001162060	0.007241544	0.001575102	0.041381772	0.000119470	0.001652243
-0.25125125	0.000873734	0.006186812	0.001322548	0.040136618	0.000068057	0.001363153
-0.24424424	0.000645526	0.005250187	0.001103084	0.038916299	0.000036186	0.001113829
-0.23723724	0.000467878	0.004423641	0.000913575	0.037720691	0.000017702	0.000900714
-0.23023023	0.000332082	0.003699074	0.000751021	0.036549663	0.000007817	0.000720295
-0.22322322	0.000230332	0.003068378	0.000612564	0.035403075	0.000003037	0.000569130
-0.21621622	0.000155750	0.002523506	0.000495507	0.034280779	0.000001001	0.000443887
-0.20920921	0.000102398	0.002056536	0.000397317	0.033182620	0.000000265	0.000341372
-0.20220220	0.000065249	0.001659739	0.000315637	0.032108437	0.000000052	0.000258558
-0.19519520	0.000040150	0.001325636	0.000248290	0.031058057	0.000000007	0.000192610
-0.18818819	0.000023756	0.001047061	0.000193278	0.030031304	0.000000000	0.000140907
-0.18118118	0.000013447	0.000817207	0.000148788	0.029027991	0.000000000	0.000101059
-0.17417417	0.000007238	0.000629679	0.000113189	0.028047927	0.000000000	0.000070919
-0.16716717	0.000003678	0.000478526	0.000085024	0.027090912	0.000000000	0.000048587
-0.16016016	0.000001749	0.000358276	0.000063010	0.026156737	0.000000000	0.000032415
-0.15315315	0.000000770	0.000263955	0.000046024	0.025245191	0.000000000	0.000020997
-0.14614615	0.000000309	0.000191095	0.000033100	0.024356050	0.000000000	0.000013160
-0.13913914	0.000000112	0.000135744	0.000023411	0.023489089	0.000000000	0.000007948
-0.13213213	0.000000035	0.000094449	0.000016263	0.022644072	0.000000000	0.000004604
-0.12512513	0.000000010	0.000064245	0.000011080	0.021820760	0.000000000	0.000002543
-0.11811812	0.000000002	0.000042628	0.000007393	0.021018905	0.000000000	0.000001331
-0.11111111	0.000000000	0.000027521	0.000004821	0.020238254	0.000000000	0.000000654
-0.10410410	0.000000000	0.000017239	0.000003067	0.019478549	0.000000000	0.000000299
-0.09709710	0.000000000	0.000010442	0.000001900	0.018739525	0.000000000	0.000000125
-0.09009009	0.000000000	0.000006093	0.000001142	0.018020912	0.000000000	0.000000048
-0.08308308	0.000000000	0.000003409	0.000000665	0.017322434	0.000000000	0.000000016
-0.07607608	0.000000000	0.000001819	0.000000373	0.016643812	0.000000000	0.000000005
-0.06906907	0.000000000	0.000000920	0.000000202	0.015984759	0.000000000	0.000000001
-0.06206206	0.000000000	0.000000438	0.000000104	0.015344986	0.000000000	0.000000000
-0.05505506	0.000000000	0.000000194	0.000000051	0.014724198	0.000000000	0.000000000
-0.04804805	0.000000000	0.000000079	0.000000024	0.014122096	0.000000000	0.000000000
-0.04104104	0.000000000	0.000000029	0.000000010	0.013538378	0.000000000	0.000000000
-0.03403403	0.000000000	0.000000010	0.000000004	0.012972739	0.000000000	0.000000000
-0.02702703	0.000000000	0.000000003	0.000000002	0.012424867	0.000000000	0.000000000
-0.02002002	0.000000000	0.000000001	0.000000001	0.011894450	0.000000000	0.000000000
-0.01301301	0.000000000	0.000000000	0.000000000	0.011381172	0.000000000	0.000000000
-0.00600601	0.000000000	0.000000000	0.000000000	0.010884714	0.000000000	0.000000000
0.00100100	0.000000000	0.000000000	0.000000000	0.010404757	0.000000000	0.000000000
0.00800801	0.000000000	0.000000000	0.000000000	0.009940976	0.000000000	0.000000000
0.01501502	0.000000000	0.000000000	0.000000000	0.009493047	0.000000000	0.000000000
0.02202202	0.000000000	0.000000000	0.000000000	0.009060644	0.000000000	0.000000000
0.02902903	0.000000000	0.000000000	0.000000000	0.008643439	0.000000000	0.000000000
0.03603604	0.000000000	0.000000000	0.000000000	0.008241102	0.000000000	0.000000000
0.04304304	0.000000000	0.000000000	0.000000000	0.007853306	0.000000000	0.000000000
0.05005005	0.000000000	0.000000000	0.000000000	0.007479720	0.000000000	0.000000000
0.05705706	0.000000000	0.000000000	0.000000000	0.007120013	0.000000000	0.000000000
0.06406406	0.000000000	0.000000000	0.000000000	0.006773857	0.000000000	0.000000000
0.07107107	0.000000000	0.000000000	0.000000000	0.006440921	0.000000000	0.000000000
0.07807808	0.000000000	0.000000000	0.000000000	0.006120878	0.000000000	0.000000000
0.08508509	0.000000000	0.000000000	0.000000000	0.005813398	0.000000000	0.000000000
0.09209209	0.000000000	0.000000000	0.000000000	0.005518156	0.000000000	0.000000000
0.09909910	0.000000000	0.000000000	0.000000000	0.005234825	0.000000000	0.000000000
0.10610611	0.000000000	0.000000000	0.000000000	0.004963084	0.000000000	0.000000000
0.11311311	0.000000000	0.000000000	0.000000000	0.004702610	0.000000000	0.000000000
0.12012012	0.000000000	0.000000000	0.000000000	0.004453085	0.000000000	0.000000000
0.12712713	0.000000000	0.000000000	0.000000000	0.004214190	0.000000000	0.000000000
0.13413413	0.000000000	0.000000000	0.000000000	0.003985614	0.000000000	0.000000000
0.14114114	0.000000000	0.000000000	0.000000000	0.003767044	0.000000000	0.000000000
0.14814815	0.000000000	0.000000000	0.000000000	0.003558173	0.000000000	0.000000000
0.15515516	0.000000000	0.000000000	0.000000000	0.003358696	0.000000000	0.000000000
0.16216216	0.000000000	0.000000000	0.000000000	0.003168313	0.000000000	0.000000000
0.16916917	0.000000000	0.000000000	0.000000000	0.002986727	0.000000000	0.000000000
0.17617618	0.000000000	0.000000000	0.000000000	0.002813645	0.000000000	0.000000000
0.18318318	0.000000000	0.000000000	0.000000000	0.002648777	0.000000000	0.000000000
0.19019019	0.000000000	0.000000000	0.000000000	0.002491841	0.000000000	0.000000000
0.19719720	0.000000000	0.000000000	0.000000000	0.002342556	0.000000000	0.000000000
0.20420420	0.000000000	0.000000000	0.000000000	0.002200647	0.000000000	0.000000000
0.21121121	0.000000000	0.000000000	0.000000000	0.002065844	0.000000000	0.000000000
0.21821822	0.000000000	0.000000000	0.000000000	0.001937882	0.000000000	0.000000000
0.22522523	0.000000000	0.000000000	0.000000000	0.001816500	0.000000000	0.000000000
0.23223223	0.000000000	0.000000000	0.000000000	0.001701445	0.000000000	0.000000000
0.23923924	0.000000000	0.000000000	0.000000000	0.001592466	0.000000000	0.000000000
0.24624625	0.000000000	0.000000000	0.000000000	0.001489320	0.000000000	0.000000000
0.25325325	0.000000000	0.000000000	0.000000000	0.001391767	0.000000000	0.000000000
0.26026026	0.000000000	0.000000000	0.000000000	0.001299577	0.000000000	0.000000000
0.26726727	0.000000000	0.000000000	0.000000000	0.001212521	0.000000000	0.000000000
0.27427427	0.000000000	0.000000000	0.000000000	0.001130377	0.000000000	0.000000000
0.28128128	0.000000000	0.000000000	0.000000000	0.001052932	0.000000000	0.000000000
0.28828829	0.000000000	0.000000000	0.000000000	0.000979974	0.000000000	0.000000000
0.29529530	0.000000000	0.000000000	0.000000000	0.000911300	0.000000000	0.000000000
0.30230230	0.000000000	0.000000000	0.000000000	0.000846712	0.000000000	0.000000000
0.30930931	0.000000000	0.000000000	0.000000000	0.000786018	0.000000000	0.000000000
0.31631632	0.000000000	0.000000000	0.000000000	0.000729031	0.000000000	0.000000000
0.32332332	0.000000000	0.000000000	0.000000000	0.000675573	0.000000000	0.000000000
0.33033033	0.000000000	0.000000000	0.000000000	0.000625467	0.000000000	0.000000000
0.33733734	0.000000000	0.000000000	0.000000000	0.000578545	0.000000000	0.000000000
0.34434434	0.000000000	0.000000000	0.000000000	0.000534646	0.000000000	0.000000000
0.35135135	0.000000000	0.000000000	0.000000000	0.000493610	0.000000000	0.000000000
0.35835836	0.000000000	0.000000000	0.000000000	0.000455288	0.000000000	0.000000000
0.36536537	0.000000000	0.000000000	0.000000000	0.000419533	0.000000000	0.000000000
0.37237237	0.000000000	0.000000000	0.000000000	0.000386205	0.000000000	0.000000000
0.37937938	0.000000000	0.000000000	0.000000000	0.000355169	0.000000000	0.000000000
0.38638639	0.000000000	0.000000000	0.000000000	0.000326296	0.000000000	0.000000000
0.39339339	0.000000000	0.000000000	0.000000000	0.000299461	0.000000000	0.000000000
0.40040040	0.000000000	0.000000000	0.000000000	0.000274547	0.000000000	0.000000000
0.40740741	0.000000000	0.000000000	0.000000000	0.000251439	0.000000000	0.000000000
0.41441441	0.000000000	0.000000000	0.000000000	0.000230028	0.000000000	0.000000000
0.42142142	0.000000000	0.000000000	0.000000000	0.000210211	0.000000000	0.000000000
0.42842843	0.000000000	0.000000000	0.000000000	0.000191889	0.000000000	0.000000000
0.43543544	0.000000000	0.000000000	0.000000000	0.000174966	0.000000000	0.000000000
0.44244244	0.000000000	0.000000000	0.000000000	0.000159355	0.000000000	0.000000000
0.44944945	0.000000000	0.000000000	0.000000000	0.000144968	0.000000000	0.000000000
0.45645646	0.000000000	0.000000000	0.000000000	0.000131725	0.000000000	0.000000000
0.46346346	0.000000000	0.000000000	0.000000000	0.000119549	0.000000000	0.000000000
0.47047047	0.000000000	0.000000000	0.000000000	0.000108367	0.000000000	0.000000000
0.47747748	0.000000000	0.000000000	0.000000000	0.000098110	0.000000000	0.000000000
0.48448448	0.000000000	0.000000000	0.000000000	0.000088713	0.000000000	0.000000000
0.49149149	0.000000000	0.000000000	0.000000000	0.000080114	0.000000000	0.000000000
0.49849850	0.000000000	0.000000000	0.000000000	0.000072255	0.000000000	0.000000000
0.50550551	0.000000000	0.000000000	0.000000000	0.000065082	0.000000000	0.000000000
0.51251251	0.000000000	0.000000000	0.000000000	0.000058544	0.000000000	0.000000000
0.51951952	0.000000000	0.000000000	0.000000000	0.000052590	0.000000000	0.000000000
0.52652653	0.000000000	0.000000000	0.000000000	0.000047178	0.000000000	0.000000000
0.53353353	0.000000000	0.000000000	0.000000000	0.000042263	0.000000000	0.000000000
0.54054054	0.000000000	0.000000000	0.000000000	0.000037807	0.000000000	0.000000000
0.54754755	0.000000000	0.000000000	0.000000000	0.000033772	0.000000000	0.000000000
0.55455455	0.000000000	0.000000000	0.000000000	0.000030123	0.000000000	0.000000000
0.56156156	0.000000000	0.000000000	0.000000000	0.000026829	0.000000000	0.000000000
0.56856857	0.000000000	0.000000000	0.000000000	0.000023858	0.000000000	0.000000000
0.57557558	0.000000000	0.000000000	0.000000000	0.000021184	0.000000000	0.000000000
0.58258258	0.000000000	0.000000000	0.000000000	0.000018780	0.000000000	0.000000000
0.58958959	0.000000000	0.000000000	0.000000000	0.000016623	0.000000000	0.000000000
0.59659660	0.000000000	0.000000000	0.000000000	0.000014689	0.000000000	0.000000000
0.60360360	0.000000000	0.000000000	0.000000000	0.000012959	0.000000000	0.000000000
0.61061061	0.000000000	0.000000000	0.000000000	0.000011414	0.000000000	0.000000000
0.61761762	0.000000000	0.000000000	0.000000000	0.000010036	0.000000000	0.000000000
0.62462462	0.000000000	0.000000000	0.000000000	0.000008809	0.000000000	0.000000000
0.63163163	0.000000000	0.000000000	0.000000000	0.000007718	0.000000000	0.000000000
0.63863864	0.000000000	0.000000000	0.000000000	0.000006750	0.000000000	0.000000000
0.64564565	0.000000000	0.000000000	0.000000000	0.000005893	0.000000000	0.000000000
0.65265265	0.000000000	0.000000000	0.000000000	0.000005135	0.000000000	0.000000000
0.65965966	0.000000000	0.000000000	0.000000000	0.000004466	0.000000000	0.000000000
0.66666667	0.000000000	0.000000000	0.000000000	0.000003877	0.000000000	0.000000000
0.67367367	0.000000000	0.000000000	0.000000000	0.000003359	0.000000000	0.000000000
0.68068068	0.000000000	0.000000000	0.000000000	0.000002904	0.000000000	0.000000000
0.68768769	0.000000000	0.000000000	0.000000000	0.000002506	0.000000000	0.000000000
0.69469469	0.000000000	0.000000000	0.000000000	0.000002158	0.000000000	0.000000000
0.70170170	0.000000000	0.000000000	0.000000000	0.000001854	0.000000000	0.000000000
0.70870871	0.000000000	0.000000000	0.000000000	0.000001590	0.000000000	0.000000000
0.71571572	0.000000000	0.000000000	0.000000000	0.000001360	0.000000000	0.000000000
0.72272272	0.000000000	0.000000000	0.000000000	0.000001161	0.000000000	0.000000000
0.72972973	0.000000000	0.000000000	0.000000000	0.000000989	0.000000000	0.000000000
0.73673674	0.000000000	0.000000000	0.000000000	0.000000840	0.000000000	0.000000000
0.74374374	0.000000000	0.000000000	0.000000000	0.000000712	0.000000000	0.000000000
0.75075075	0.000000000	0.000000000	0.000000000	0.000000602	0.000000000	0.000000000
0.75775776	0.000000000	0.000000000	0.000000000	0.000000508	0.000000000	0.000000000
0.76476476	0.000000000	0.000000000	0.000000000	0.000000427	0.000000000	0.000000000
0.77177177	0.000000000	0.000000000	0.000000000	0.000000359	0.000000000	0.000000000
0.77877878	0.000000000	0.000000000	0.000000000	0.000000300	0.000000000	0.000000000
0.78578579	0.000000000	0.000000000	0.000000000	0.000000251	0.000000000	0.000000000
0.79279279	0.000000000	0.000000000	0.000000000	0.000000209	0.000000000	0.000000000
0.79979980	0.000000000	0.000000000	0.000000000	0.000000173	0.000000000	0.000000000
0.80680681	0.000000000	0.000000000	0.000000000	0.000000143	0.000000000	0.000000000
0.81381381	0.000000000	0.000000000	0.000000000	0.000000118	0.000000000	0.000000000
0.82082082	0.000000000	0.000000000	0.000000000	0.000000097	0.000000000	0.000000000
0.82782783	0.000000000	0.000000000	0.000000000	0.000000080	0.000000000	0.000000000
0.83483483	0.000000000	0.000000000	0.000000000	0.000000065	0.000000000	0.000000000
0.84184184	0.000000000	0.000000000	0.000000000	0.000000053	0.000000000	0.000000000
0.84884885	0.000000000	0.000000000	0.000000000	0.000000043	0.000000000	0.000000000
0.85585586	0.000000000	0.000000000	0.000000000	0.000000035	0.000000000	0.000000000
0.86286286	0.000000000	0.000000000	0.000000000	0.000000028	0.000000000	0.000000000
0.86986987	0.000000000	0.000000000	0.000000000	0.000000023	0.000000000	0.000000000
0.87687688	0.000000000	0.000000000	0.000000000	0.000000018	0.000000000	0.000000000
0.88388388	0.000000000	0.000000000	0.000000000	0.000000015	0.000000000	0.000000000
0.89089089	0.000000000	0.000000000	0.000000000	0.000000012	0.000000000	0.000000000
0.89789790	0.000000000	0.000000000	0.000000000	0.000000009	0.000000000	0.000000000
0.90490490	0.000000000	0.000000000	0.000000000	0.000000007	0.000000000	0.000000000
0.91191191	0.000000000	0.000000000	0.000000000	0.000000006	0.000000000	0.000000000
0.91891892	0.000000000	0.000000000	0.000000000	0.000000004	0.000000000	0.000000000
0.92592593	0.000000000	0.000000000	0.000000000	0.000000003	0.000000000	0.000000000
0.93293293	0.000000000	0.000000000	0.000000000	0.000000003	0.000000000	0.000000000
0.93993994	0.000000000	0.000000000	0.000000000	0.000000002	0.000000000	0.000000000
0.94694695	0.000000000	0.000000000	0.000000000	0.000000002	0.000000000	0.000000000
0.95395395	0.000000000	0.000000000	0.000000000	0.000000001	0.000000000	0.000000000
0.96096096	0.000000000	0.000000000	0.000000000	0.000000001	0.000000000	0.000000000
0.96796797	0.000000000	0.000000000	0.000000000	0.000000001	0.000000000	0.000000000
0.97497497	0.000000000	0.000000000	0.000000000	0.000000001	0.000000000	0.000000000
0.98198198	0.000000000	0.000000000	0.000000000	0.000000000	0.000000000	0.000000000
0.98898899	0.000000000	0.000000000	0.000000000	0.000000000	0.000000000	0.000000000
0.99599600	0.000000000	0.000000000	0.000000000	0.000000000	0.000000000	0.000000000
1.00300300	0.000000000	0.000000000	0.000000000	0.000000000	0.000000000	0.000000000
1.01001001	0.000000000	0.000000000	0.000000000	0.000000000	0.000000000	0.000000000
1.01701702	0.000000000	0.000000000	0.000000000	0.000000000	0.000000000	0.000000000
1.02402402	0.000000000	0.000000000	0.000000000	0.000000000	0.000000000	0.000000000
1.03103103	0.000000000	0.000000000	0.000000000	0.000000000	0.000000000	0.000000000
1.03803804	0.000000000	0.000000000	0.000000000	0.000000000	0.000000000	0.000000000
1.04504505	0.000000000	0.000000000	0.000000000	0.000000000	0.000000000	0.000000000
1.05205205	0.000000000	0.000000000	0.000000000	0.000000000	0.000000000	0.000000000
1.05905906	0.000000000	0.000000000	0.000000000	0.000000000	0.000000000	0.000000000
1.06606607	0.000000000	0.000000000	0.000000000	0.000000000	0.000000000	0.000000000
1.07307307	0.000000000	0.000000000	0.000000000	0.000000000	0.000000000	0.000000000
1.08008008	0.000000000	0.000000000	0.000000000	0.000000000	0.000000000	0.000000000
1.08708709	0.000000000	0.000000000	0.000000000	0.000000000	0.000000000	0.000000000
1.09409409	0.000000000	0.000000000	0.000000000	0.000000000	0.000000000	0.000000000
1.10110110	0.000000000	0.000000000	0.000000000	0.000000000	0.000000000	0.000000000
1.10810811	0.000000000	0.000000000	0.000000000	0.000000000	0.000000000	0.000000000
1.11511512	0.000000000	0.000000000	0.000000000	0.000000000	0.000000000	0.000000000
1.12212212	0.000000000	0.000000000	0.000000000	0.000000000	0.000000000	0.000000000
1.12912913	0.000000000	0.000000000	0.000000000	0.000000000	0.000000000	0.000000000
1.13613614	0.000000000	0.000000000	0.000000000	0.000000000	0.000000000	0.000000000
1.14314314	0.000000000	0.000000000	0.000000000	0.000000000	0.000000000	0.000000000
1.15015015	0.000000000	0.000000000	0.000000000	0.000000000	0.000000000	0.000000000
1.15715716	0.000000000	0.000000000	0.000000000	0.000000000	0.000000000	0.000000000
1.16416416	0.000000000	0.000000000	0.000000000	0.000000000	0.000000000	0.000000000
1.17117117	0.000000000	0.000000000	0.000000000	0.000000000	0.000000000	0.000000000
1.17817818	0.000000000	0.000000000	0.000000000	0.000000000	0.000000000	0.000000000
1.18518519	0.000000000	0.000000000	0.000000000	0.000000000	0.000000000	0.000000000
1.19219219	0.000000000	0.000000000	0.000000000	0.000000000	0.000000000	0.000000000
1.19919920	0.000000000	0.000000000	0.000000000	0.000000000	0.000000000	0.000000000
1.20620621	0.000000000	0.000000000	0.000000000	0.000000000	0.000000000	0.000000000
1.21321321	0.000000000	0.000000000	0.000000000	0.000000000	0.000000000	0.000000000
1.22022022	0.000000000	0.000000000	0.000000000	0.000000000	0.000000000	0.000000000
1.22722723	0.000000000	0.000000000	0.000000000	0.000000000	0.000000000	0.000000000
1.23423423	0.000000000	0.000000000	0.000000000	0.000000000	0.000000000	0.000000000
1.24124124	0.000000000	0.000000000	0.000000000	0.000000000	0.000000000	0.000000000
1.24824825	0.000000000	0.000000000	0.000000000	0.000000000	0.000000000	0.000000000
1.25525526	0.000000000	0.000000000	0.000000000	0.000000000	0.000000000	0.000000000
1.26226226	0.000000000	0.000000000	0.000000000	0.000000000	0.000000000	0.000000000
1.26926927	0.000000000	0.000000000	0.000000000	0.000000000	0.000000000	0.000000000
1.27627628	0.000000000	0.000000000	0.000000000	0.000000000	0.000000000	0.000000000
1.28328328	0.000000000	0.000000000	0.000000000	0.000000000	0.000000000	0.000000000
1.29029029	0.000000000	0.000000000	0.000000000	0.000000000	0.000000000	0.000000000
1.29729730	0.000000000	0.000000000	0.000000000	0.000000000	0.000000000	0.000000000
1.30430430	0.000000000	0.000000000	0.000000000	0.000000000	0.000000000	0.000000000
1.31131131	0.000000000	0.000000000	0.000000000	0.000000000	0.000000000	0.000000000
1.31831832	0.000000000	0.000000000	0.000000000	0.000000000	0.000000000	0.000000000
1.32532533	0.000000000	0.000000000	0.000000000	0.000000000	0.000000000	0.000000000
1.33233233	0.000000000	0.000000000	0.000000000	0.000000000	0.000000000	0.000000000
1.33933934	0.000000000	0.000000000	0.000000000	0.000000000	0.000000000	0.000000000
1.34634635	0.000000000	0.000000000	0.000000000	0.000000000	0.000000000	0.000000000
1.35335335	0.000000000	0.000000000	0.000000000	0.000000000	0.000000000	0.000000000
1.36036036	0.000000000	0.000000000	0.000000000	0.000000000	0.000000000	0.000000000
1.36736737	0.000000000	0.000000000	0.000000000	0.000000000	0.000000000	0.000000000
1.37437437	0.000000000	0.000000000	0.000000000	0.000000000	0.000000000	0.000000000
1.38138138	0.000000000	0.000000000	0.000000000	0.000000000	0.000000000	0.000000000
1.38838839	0.000000000	0.000000000	0.000000000	0.000000000	0.000000000	0.000000000
1.39539540	0.000000000	0.000000000	0.000000000	0.000000000	0.000000000	0.000000000
1.40240240	0.000000000	0.000000000	0.000000000	0.000000000	0.000000000	0.000000000
1.40940941	0.000000000	0.000000000	0.000000000	0.000000000	0.000000000	0.000000000
1.41641642	0.000000000	0.000000000	0.000000000	0.000000000	0.000000000	0.000000000
1.42342342	0.000000000	0.000000000	0.000000000	0.000000000	0.000000000	0.000000000
1.43043043	0.000000000	0.000000000	0.000000000	0.000000000	0.000000000	0.000000000
1.43743744	0.000000000	0.000000000	0.000000000	0.000000000	0.000000000	0.000000000
1.44444444	0.000000000	0.000000000	0.000000000	0.000000000	0.000000000	0.000000000
1.45145145	0.000000000	0.000000000	0.000000000	0.000000000	0.000000000	0.000000000
1.45845846	0.000000000	0.000000000	0.000000000	0.000000000	0.000000000	0.000000000
1.46546547	0.000000000	0.000000000	0.000000000	0.000000000	0.000000000	0.000000000
1.47247247	0.000000000	0.000000000	0.000000000	0.000000000	0.000000000	0.000000000
1.47947948	0.000000000	0.000000000	0.000000000	0.000000000	0.000000000	0.000000000
1.48648649	0.000000000	0.000000000	0.000000000	0.000000000	0.000000000	0.000000000
1.49349349	0.000000000	0.000000000	0.000000000	0.000000000	0.000000000	0.000000000
1.50050050	0.000000000	0.000000000	0.000000000	0.000000000	0.000000000	0.000000000
1.50750751	0.000000000	0.000000000	0.000000000	0.000000000	0.000000000	0.000000000
1.51451451	0.000000000	0.000000000	0.000000000	0.000000000	0.000000000	0.000000000
1.52152152	0.000000000	0.000000000	0.000000000	0.000000000	0.000000000	0.000000000
1.52852853	0.000000000	0.000000000	0.000000000	0.000000000	0.000000000	0.000000000
1.53553554	0.000000000	0.000000000	0.000000000	0.000000000	0.000000000	0.000000000
1.54254254	0.000000000	0.000000000	0.000000000	0.000000000	0.000000000	0.000000000
1.54954955	0.000000000	0.000000000	0.000000000	0.000000000	0.000000000	0.000000000
1.55655656	0.000000000	0.000000000	0.000000000	0.000000000	0.000000000	0.000000000
1.56356356	0.000000000	0.000000000	0.000000000	0.000000000	0.000000000	0.000000000
1.57057057	0.000000000	0.000000000	0.000000000	0.000000000	0.000000000	0.000000000
1.57757758	0.000000000	0.000000000	0.000000000	0.000000000	0.000000000	0.000000000
1.58458458	0.000000000	0.000000000	0.000000000	0.000000000	0.000000000	0.000000000
1.59159159	0.000000000	0.000000000	0.000000000	0.000000000	0.000000000	0.000000000
1.59859860	0.000000000	0.000000000	0.000000000	0.000000000	0.000000000	0.000000000
1.60560561	0.000000000	0.000000000	0.000000000	0.000000000	0.000000000	0.000000000
1.61261261	0.000000000	0.000000000	0.000000000	0.000000000	0.000000000	0.000000000
1.61961962	0.000000000	0.000000000	0.000000000	0.000000000	0.000000000	0.000000000
1.62662663	0.000000000	0.000000000	0.000000000	0.000000000	0.000000000	0.000000000
1.63363363	0.000000000	0.000000000	0.000000000	0.000000000	0.000000000	0.000000000
1.64064064	0.000000000	0.000000000	0.000000000	0.000000000	0.000000000	0.000000000
1.64764765	0.000000000	0.000000000	0.000000000	0.000000000	0.000000000	0.000000000
1.65465465	0.000000000	0.000000000	0.000000000	0.000000000	0.000000000	0.000000000
1.66166166	0.000000000	0.000000000	0.000000000	0.000000000	0.000000000	0.000000000
1.66866867	0.000000000	0.000000000	0.000000000	0.000000000	0.000000000	0.000000000
1.67567568	0.000000000	0.000000000	0.000000000	0.000000000	0.000000000	0.000000000
1.68268268	0.000000000	0.000000000	0.000000000	0.000000000	0.000000000	0.000000000
1.68968969	0.000000000	0.000000000	0.000000000	0.000000000	0.000000000	0.000000000
1.69669670	0.000000000	0.000000000	0.000000000	0.000000000	0.000000000	0.000000000
1.70370370	0.000000000	0.000000000	0.000000000	0.000000000	0.000000000	0.000000000
1.71071071	0.000000000	0.000000000	0.000000000	0.000000000	0.000000000	0.000000000
1.71771772	0.000000000	0.000000000	0.000000000	0.000000000	0.000000000	0.000000000
1.72472472	0.000000000	0.000000000	0.000000000	0.000000000	0.000000000	0.000000000
1.73173173	0.000000000	0.000000000	0.000000000	0.000000000	0.000000000	0.000000000
1.73873874	0.000000000	0.000000000	0.000000000	0.000000000	0.000000000	0.000000000
1.74574575	0.000000000	0.000000000	0.000000000	0.000000000	0.000000000	0.000000000
1.75275275	0.000000000	0.000000000	0.000000000	0.000000000	0.000000000	0.000000000
1.75975976	0.000000000	0.000000000	0.000000000	0.000000000	0.000000000	0.000000000
1.76676677	0.000000000	0.000000000	0.000000000	0.000000000	0.000000000	0.000000000
1.77377377	0.000000000	0.000000000	0.000000000	0.000000000	0.000000000	0.000000000
1.78078078	0.000000000	0.000000000	0.000000000	0.000000000	0.000000000	0.000000000
1.78778779	0.000000000	0.000000000	0.000000000	0.000000000	0.000000000	0.000000000
1.79479479	0.000000000	0.000000000	0.000000000	0.000000000	0.000000000	0.000000000
1.80180180	0.000000000	0.000000000	0.000000000	0.000000000	0.000000000	0.000000000
1.80880881	0.000000000	0.000000000	0.000000000	0.000000000	0.000000000	0.000000000
1.81581582	0.000000000	0.000000000	0.000000000	0.000000000	0.000000000	0.000000000
1.82282282	0.000000000	0.000000000	0.000000000	0.000000000	0.000000000	0.000000000
1.82982983	0.000000000	0.000000000	0.000000000	0.000000000	0.000000000	0.000000000
1.83683684	0.000000000	0.000000000	0.000000000	0.000000000	0.000000000	0.000000000
1.84384384	0.000000000	0.000000000	0.000000000	0.000000000	0.000000000	0.000000000
1.85085085	0.000000000	0.000000000	0.000000000	0.000000000	0.000000000	0.000000000
1.85785786	0.000000000	0.000000000	0.000000000	0.000000000	0.000000000	0.000000000
1.86486486	0.000000000	0.000000000	0.000000000	0.000000000	0.000000000	0.000000000
1.87187187	0.000000000	0.000000000	0.000000000	0.000000000	0.000000000	0.000000000
1.87887888	0.000000000	0.000000000	0.000000000	0.000000000	0.000000000	0.000000000
1.88588589	0.000000000	0.000000000	0.000000000	0.000000000	0.000000000	0.000000000
1.89289289	0.000000000	0.000000000	0.000000000	0.000000000	0.000000000	0.000000000
1.89989990	0.000000000	0.000000000	0.000000000	0.000000000	0.000000000	0.000000000
1.90690691	0.000000000	0.000000000	0.000000000	0.000000000	0.000000000	0.000000000
1.91391391	0.000000000	0.000000000	0.000000000	0.000000000	0.000000000	0.000000000
1.92092092	0.000000000	0.000000000	0.000000000	0.000000000	0.000000000	0.000000000
1.92792793	0.000000000	0.000000000	0.000000000	0.000000000	0.000000000	0.000000000
1.93493493	0.000000000	0.000000000	0.000000000	0.000000000	0.000000000	0.000000000
1.94194194	0.000000000	0.000000000	0.000000000	0.000000000	0.000000000	0.000000000
1.94894895	0.000000000	0.000000000	0.000000000	0.000000000	0.000000000	0.000000000
1.95595596	0.000000000	0.000000000	0.000000000	0.000000000	0.000000000	0.000000000
1.96296296	0.000000000	0.000000000	0.000000000	0.000000000	0.000000000	0.000000000
1.96996997	0.000000000	0.000000000	0.000000000	0.000000000	0.000000000	0.000000000
1.97697698	0.000000000	0.000000000	0.000000000	0.000000000	0.000000000	0.000000000
1.98398398	0.000000000	0.000000000	0.000000000	0.000000000	0.000000000	0.000000000
1.99099099	0.000000000	0.000000000	0.000000000	0.000000000	0.000000000	0.000000000
1.99799800	0.000000000	0.000000000	0.000000000	0.000000000	0.000000000	0.000000000
2.00500501	0.000000000	0.000000000	0.000000000	0.000000000	0.000000000	0.000000000
2.01201201	0.000000000	0.000000000	0.000000000	0.000000000	0.000000000	0.000000000
2.01901902	0.000000000	0.000000000	0.000000000	0.000000000	0.000000000	0.000000000
2.02602603	0.000000000	0.000000000	0.000000000	0.000000000	0.000000000	0.000000000
2.03303303	0.000000000	0.000000000	0.000000000	0.000000000	0.000000000	0.000000000
2.04004004	0.000000000	0.000000000	0.000000000	0.000000000	0.000000000	0.000000000
2.04704705	0.000000000	0.000000000	0.000000000	0.000000000	0.000000000	0.000000000
2.05405405	0.000000000	0.000000000	0.000000000	0.000000000	0.000000000	0.000000000
2.06106106	0.000000000	0.000000000	0.000000000	0.000000000	0.000000000	0.000000000
2.06806807	0.000000000	0.000000000	0.000000000	0.000000000	0.000000000	0.000000000
2.07507508	0.000000000	0.000000000	0.000000000	0.000000000	0.000000000	0.000000000
2.08208208	0.000000000	0.000000000	0.000000000	0.000000000	0.000000000	0.000000000
2.08908909	0.000000000	0.000000000	0.000000000	0.000000000	0.000000000	0.000000000
2.09609610	0.000000000	0.000000000	0.000000000	0.000000000	0.000000000	0.000000000
2.10310310	0.000000000	0.000000000	0.000000000	0.000000000	0.000000000	0.000000000
2.11011011	0.000000000	0.000000000	0.000000000	0.000000000	0.000000000	0.000000000
2.11711712	0.000000000	0.000000000	0.000000000	0.000000000	0.000000000	0.000000000
2.12412412	0.000000000	0.000000000	0.000000000	0.000000000	0.000000000	0.000000000
2.13113113	0.000000000	0.000000000	0.000000000	0.000000000	0.000000000	0.000000000
2.13813814	0.000000000	0.000000000	0.000000000	0.000000000	0.000000000	0.000000000
2.14514515	0.000000000	0.000000000	0.000000000	0.000000000	0.000000000	0.000000000
2.15215215	0.000000000	0.000000000	0.000000000	0.000000000	0.000000000	0.000000000
2.15915916	0.000000000	0.000000000	0.000000000	0.000000000	0.000000000	0.000000000
2.16616617	0.000000000	0.000000000	0.000000000	0.000000000	0.000000000	0.000000000
2.17317317	0.000000000	0.000000000	0.000000000	0.000000000	0.000000000	0.000000000
2.18018018	0.000000000	0.000000000	0.000000000	0.000000000	0.000000000	0.000000000
2.18718719	0.000000000	0.000000000	0.000000000	0.000000000	0.000000000	0.000000000
2.19419419	0.000000000	0.000000000	0.000000000	0.000000000	0.000000000	0.000000000
2.20120120	0.000000000	0.000000000	0.000000000	0.000000000	0.000000000	0.000000000
2.20820821	0.000000000	0.000000000	0.000000000	0.000000000	0.000000000	0.000000000
2.21521522	0.000000000	0.000000000	0.000000000	0.000000000	0.000000000	0.000000000
2.22222222	0.000000000	0.000000000	0.000000000	0.000000000	0.000000000	0.000000000
2.22922923	0.000000000	0.000000000	0.000000000	0.000000000	0.000000000	0.000000000
2.23623624	0.000000000	0.000000000	0.000000000	0.000000000	0.000000000	0.000000000
2.24324324	0.000000000	0.000000000	0.000000000	0.000000000	0.000000000	0.000000000
2.25025025	0.000000000	0.000000000	0.000000000	0.000000000	0.000000000	0.000000000
2.25725726	0.000000000	0.000000000	0.000000000	0.000000000	0.000000000	0.000000000
2.26426426	0.000000000	0.000000000	0.000000000	0.000000000	0.000000000	0.000000000
2.27127127	0.000000000	0.000000000	0.000000000	0.000000000	0.000000000	0.000000000
2.27827828	0.000000000	0.000000000	0.000000000	0.000000000	0.000000000	0.000000000
2.28528529	0.000000000	0.000000000	0.000000000	0.000000000	0.000000000	0.000000000
2.29229229	0.000000000	0.000000000	0.000000000	0.000000000	0.000000000	0.000000000
2.29929930	0.000000000	0.000000000	0.000000000	0.000000000	0.000000000	0.000000000
2.30630631	0.000000000	0.000000000	0.000000000	0.000000000	0.000000000	0.000000000
2.31331331	0.000000000	0.000000000	0.000000000	0.000000000	0.000000000	0.000000000
2.32032032	0.000000000	0.000000000	0.000000000	0.000000000	0.000000000	0.000000000
2.32732733	0.000000000	0.000000000	0.000000000	0.000000000	0.000000000	0.000000000
2.33433433	0.000000000	0.000000000	0.000000000	0.000000000	0.000000000	0.000000000
2.34134134	0.000000000	0.000000000	0.000000000	0.000000000	0.000000000	0.000000000
2.34834835	0.000000000	0.000000000	0.000000000	0.000000000	0.000000000	0.000000000
2.35535536	0.000000000	0.000000000	0.000000000	0.000000000	0.000000000	0.000000000
2.36236236	0.000000000	0.000000000	0.000000000	0.000000000	0.000000000	0.000000000
2.36936937	0.000000000	0.000000000	0.000000000	0.000000000	0.000000000	0.000000000
2.37637638	0.000000000	0.000000000	0.000000000	0.000000000	0.000000000	0.000000000
2.38338338	0.000000000	0.000000000	0.000000000	0.000000000	0.000000000	0.000000000
2.39039039	0.000000000	0.000000000	0.000000000	0.000000000	0.000000000	0.000000000
2.39739740	0.000000000	0.000000000	0.000000000	0.000000000	0.000000000	0.000000000
2.40440440	0.000000000	0.000000000	0.000000000	0.000000000	0.000000000	0.000000000
2.41141141	0.000000000	0.000000000	0.000000000	0.000000000	0.000000000	0.000000000
2.41841842	0.000000000	0.000000000	0.000000000	0.000000000	0.000000000	0.000000000
2.42542543	0.000000000	0.000000000	0.000000000	0.000000000	0.000000000	0.000000000
2.43243243	0.000000000	0.000000000	0.000000000	0.000000000	0.000000000	0.000000000
2.43943944	0.000000000	0.000000000	0.000000000	0.000000000	0.000000000	0.000000000
2.44644645	0.000000000	0.000000000	0.000000000	0.000000000	0.000000000	0.000000000
2.45345345	0.000000000	0.000000000	0.000000000	0.000000000	0.000000000	0.000000000
2.46046046	0.000000000	0.000000000	0.000000000	0.000000000	0.000000000	0.000000000
2.46746747	0.000000000	0.000000000	0.000000000	0.000000000	0.000000000	0.000000000
2.47447447	0.000000000	0.000000000	0.000000000	0.000000000	0.000000000	0.000000000
2.48148148	0.000000000	0.000000000	0.000000000	0.000000000	0.000000000	0.000000000
2.48848849	0.000000000	0.000000000	0.000000000	0.000000000	0.000000000	0.000000000
2.49549550	0.000000000	0.000000000	0.000000000	0.000000000	0.000000000	0.000000000
2.50250250	0.000000000	0.000000000	0.000000000	0.000000000	0.000000000	0.000000000
2.50950951	0.000000000	0.000000000	0.000000000	0.000000000	0.000000000	0.000000000
2.51651652	0.000000000	0.000000000	0.000000000	0.000000000	0.000000000	0.000000000
2.52352352	0.000000000	0.000000000	0.000000000	0.000000000	0.000000000	0.000000000
2.53053053	0.000000000	0.000000000	0.000000000	0.000000000	0.000000000	0.000000000
2.53753754	0.000000000	0.000000000	0.000000000	0.000000000	0.000000000	0.000000000
2.54454454	0.000000000	0.000000000	0.000000000	0.000000000	0.000000000	0.000000000
2.55155155	0.000000000	0.000000000	0.000000000	0.000000000	0.000000000	0.000000000
2.55855856	0.000000000	0.000000000	0.000000000	0.000000000	0.000000000	0.000000000
2.56556557	0.000000000	0.000000000	0.000000000	0.000000000	0.000000000	0.000000000
2.57257257	0.000000000	0.000000000	0.000000000	0.000000000	0.000000000	0.000000000
2.57957958	0.000000000	0.000000000	0.000000000	0.000000000	0.000000000	0.000000000
2.58658659	0.000000000	0.000000000	0.000000000	0.000000000	0.000000000	0.000000000
2.59359359	0.000000000	0.000000000	0.000000000	0.000000000	0.000000000	0.000000000
2.60060060	0.000000000	0.000000000	0.000000000	0.000000000	0.000000000	0.000000000
2.60760761	0.000000000	0.000000000	0.000000000	0.000000000	0.000000000	0.000000000
2.61461461	0.000000000	0.000000000	0.000000000	0.000000000	0.000000000	0.000000000
2.62162162	0.000000000	0.000000000	0.000000000	0.000000000	0.000000000	0.000000000
2.62862863	0.000000000	0.000000000	0.000000000	0.000000000	0.000000000	0.000000000
2.63563564	0.000000000	0.000000000	0.000000000	0.000000000	0.000000000	0.000000000
2.64264264	0.000000000	0.000000000	0.000000000	0.000000000	0.000000000	0.000000000
2.64964965	0.000000000	0.000000000	0.000000000	0.000000000	0.000000000	0.000000000
2.65665666	0.000000000	0.000000000	0.000000000	0.000000000	0.000000000	0.000000000
2.66366366	0.000000000	0.000000000	0.000000000	0.000000000	0.000000000	0.000000000
2.67067067	0.000000000	0.000000000	0.000000000	0.000000000	0.000000000	0.000000000
2.67767768	0.000000000	0.000000000	0.000000000	0.000000000	0.000000000	0.000000000
2.68468468	0.000000000	0.000000000	0.000000000	0.000000000	0.000000000	0.000000000
2.69169169	0.000000000	0.000000000	0.000000000	0.000000000	0.000000000	0.000000000
2.69869870	0.000000000	0.000000000	0.000000000	0.000000000	0.000000000	0.000000000
2.70570571	0.000000000	0.000000000	0.000000000	0.000000000	0.000000000	0.000000000
2.71271271	0.000000000	0.000000000	0.000000000	0.000000000	0.000000000	0.000000000
2.71971972	0.000000000	0.000000000	0.000000000	0.000000000	0.000000000	0.000000000
2.72672673	0.000000000	0.000000000	0.000000000	0.000000000	0.000000000	0.000000000
2.73373373	0.000000000	0.000000000	0.000000000	0.000000000	0.000000000	0.000000000
2.74074074	0.000000000	0.000000000	0.000000000	0.000000000	0.000000000	0.000000000
2.74774775	0.000000000	0.000000000	0.000000000	0.000000000	0.000000000	0.000000000
2.75475475	0.000000000	0.000000000	0.000000000	0.000000000	0.000000000	0.000000000
2.76176176	0.000000000	0.000000000	0.000000000	0.000000000	0.000000000	0.000000000
2.76876877	0.000000000	0.000000000	0.000000000	0.000000000	0.000000000	0.000000000
2.77577578	0.000000000	0.000000000	0.000000000	0.000000000	0.000000000	0.000000000
2.78278278	0.000000000	0.000000000	0.000000000	0.000000000	0.000000000	0.000000000
2.78978979	0.000000000	0.000000000	0.000000000	0.000000000	0.000000000	0.000000000
2.79679680	0.000000000	0.000000000	0.000000000	0.000000000	0.000000000	0.000000000
2.80380380	0.000000000	0.000000000	0.000000000	0.000000000	0.000000000	0.000000000
2.81081081	0.000000000	0.000000000	0.000000000	0.000000000	0.000000000	0.000000000
2.81781782	0.000000000	0.000000000	0.000000000	0.000000000	0.000000000	0.000000000
2.82482482	0.000000000	0.000000000	0.000000000	0.000000000	0.000000000	0.000000000
2.83183183	0.000000000	0.000000000	0.000000000	0.000000000	0.000000000	0.000000000
2.83883884	0.000000000	0.000000000	0.000000000	0.000000000	0.000000000	0.000000000
2.84584585	0.000000000	0.000000000	0.000000000	0.000000000	0.000000000	0.000000000
2.85285285	0.000000000	0.000000000	0.000000000	0.000000000	0.000000000	0.000000000
2.85985986	0.000000000	0.000000000	0.000000000	0.000000000	0.000000000	0.000000000
2.86686687	0.000000000	0.000000000	0.000000000	0.000000000	0.000000000	0.000000000
2.87387387	0.000000000	0.000000000	0.000000000	0.000000000	0.000000000	0.000000000
2.88088088	0.000000000	0.000000000	0.000000000	0.000000000	0.000000000	0.000000000
2.88788789	0.000000000	0.000000000	0.000000000	0.000000000	0.000000000	0.000000000
2.89489489	0.000000000	0.000000000	0.000000000	0.000000000	0.000000000	0.000000000
2.90190190	0.000000000	0.000000000	0.000000000	0.000000000	0.000000000	0.000000000
2.90890891	0.000000000	0.000000000	0.000000000	0.000000000	0.000000000	0.000000000
2.91591592	0.000000000	0.000000000	0.000000000	0.000000000	0.000000000	0.000000000
2.92292292	0.000000000	0.000000000	0.000000000	0.000000000	0.000000000	0.000000000
2.92992993	0.000000000	0.000000000	0.000000000	0.000000000	0.000000000	0.000000000
2.93693694	0.000000000	0.000000000	0.000000000	0.000000000	0.000000000	0.000000000
2.94394394	0.000000000	0.000000000	0.000000000	0.000000000	0.000000000	0.000000000
2.95095095	0.000000000	0.000000000	0.000000000	0.000000000	0.000000000	0.000000000
2.95795796	0.000000000	0.000000000	0.000000000	0.000000000	0.000000000	0.000000000
2.96496496	0.000000000	0.000000000	0.000000000	0.000000000	0.000000000	0.000000000
2.97197197	0.000000000	0.000000000	0.000000000	0.000000000	0.000000000	0.000000000
2.97897898	0.000000000	0.000000000	0.000000000	0.000000000	0.000000000	0.000000000
2.98598599	0.000000000	0.000000000	0.000000000	0.000000000	0.000000000	0.000000000
2.99299299	0.000000000	0.000000000	0.000000000	0.000000000	0.000000000	0.000000000
3.00000000	0.000000000	0.000000000	0.000000000	0.000000000	0.000000000	0.000000000
