-4.00000000	0.006246951	0.013066793	0.016437997	0.045353419	0.017092153	0.023836222
-3.99299299	0.006325840	0.013199498	0.016617921	0.045821299	0.017262029	0.024055366
-3.98598599	0.006405787	0.013333654	0.016799924	0.046293823	0.017433733	0.024276684
-3.97897898	0.006486804	0.013469278	0.016984031	0.046771032	0.017607286	0.024500199
-3.97197197	0.006568908	0.013606386	0.017170267	0.047252969	0.017782710	0.024725933
-3.96496496	0.006652113	0.013744996	0.017358658	0.047739676	0.017960025	0.024953910
-3.95795796	0.006736435	0.013885125	0.017549230	0.048231193	0.018139254	0.025184153
-3.95095095	0.006821891	0.014026791	0.017742009	0.048727565	0.018320419	0.025416687
-3.94394394	0.006908495	0.014170012	0.017937021	0.049228833	0.018503542	0.025651535
-3.93693694	0.006996265	0.014314806	0.018134294	0.049735041	0.018688645	0.025888722
-3.92992993	0.007085216	0.014461191	0.018333855	0.050246231	0.018875752	0.026128273
-3.92292292	0.007175366	0.014609187	0.018535731	0.050762448	0.019064886	0.026370212
-3.91591592	0.007266732	0.014758811	0.018739950	0.051283733	0.019256070	0.026614565
-3.90890891	0.007359330	0.014910083	0.018946541	0.051810133	0.019449327	0.026861356
-3.90190190	0.007453178	0.015063022	0.019155532	0.052341690	0.019644682	0.027110613
-3.89489489	0.007548295	0.015217649	0.019366952	0.052878449	0.019842159	0.027362360
-3.88788789	0.007644697	0.015373981	0.019580830	0.053420456	0.020041783	0.027616624
-3.88088088	0.007742404	0.015532040	0.019797197	0.053967753	0.020243578	0.027873432
-3.87387387	0.007841433	0.015691846	0.020016081	0.054520388	0.020447570	0.028132810
-3.86686687	0.007941804	0.015853418	0.020237514	0.055078405	0.020653783	0.028394786
-3.85985986	0.008043536	0.016016779	0.020461526	0.055641849	0.020862245	0.028659387
-3.85285285	0.008146648	0.016181949	0.020688149	0.056210767	0.021072980	0.028926640
-3.84584585	0.008251159	0.016348949	0.020917414	0.056785205	0.021286016	0.029196575
-3.83883884	0.008357091	0.016517800	0.021149352	0.057365208	0.021501379	0.029469218
-3.83183183	0.008464462	0.016688525	0.021383996	0.057950824	0.021719096	0.029744599
-3.82482482	0.008573295	0.016861146	0.021621379	0.058542100	0.021939194	0.030022747
-3.81781782	0.008683608	0.017035684	0.021861534	0.059139081	0.022161702	0.030303691
-3.81081081	0.008795424	0.017212163	0.022104495	0.059741816	0.022386646	0.030587461
-3.80380380	0.008908765	0.017390605	0.022350294	0.060350351	0.022614057	0.030874086
-3.79679680	0.009023651	0.017571033	0.022598968	0.060964734	0.022843961	0.031163597
-3.78978979	0.009140105	0.017753472	0.022850549	0.061585014	0.023076389	0.031456023
-3.78278278	0.009258150	0.017937944	0.023105074	0.062211238	0.023311370	0.031751397
-3.77577578	0.009377809	0.018124474	0.023362578	0.062843453	0.023548933	0.032049750
-3.76876877	0.009499103	0.018313085	0.023623097	0.063481710	0.023789109	0.032351112
-3.76176176	0.009622058	0.018503803	0.023886668	0.064126055	0.024031929	0.032655515
-3.75475475	0.009746697	0.018696653	0.024153326	0.064776539	0.024277422	0.032962993
-3.74774775	0.009873043	0.018891659	0.024423111	0.065433209	0.024525621	0.033273577
-3.74074074	0.010001122	0.019088848	0.024696059	0.066096116	0.024776557	0.033587301
-3.73373373	0.010130959	0.019288244	0.024972209	0.066765307	0.025030262	0.033904197
-3.72672673	0.010262578	0.019489875	0.025251599	0.067440834	0.025286768	0.034224300
-3.71971972	0.010396005	0.019693766	0.025534268	0.068122744	0.025546108	0.034547642
-3.71271271	0.010531267	0.019899945	0.025820257	0.068811089	0.025808316	0.034874260
-3.70570571	0.010668390	0.020108438	0.026109606	0.069505918	0.026073425	0.035204187
-3.69869870	0.010807401	0.020319273	0.026402354	0.070207281	0.026341468	0.035537458
-3.69169169	0.010948326	0.020532478	0.026698543	0.070915228	0.026612482	0.035874109
-3.68468468	0.011091194	0.020748081	0.026998215	0.071629810	0.026886499	0.036214175
-3.67767768	0.011236033	0.020966111	0.027301411	0.072351077	0.027163555	0.036557694
-3.67067067	0.011382871	0.021186596	0.027608175	0.073079080	0.027443687	0.036904701
-3.66366366	0.011531736	0.021409565	0.027918550	0.073813869	0.027726930	0.037255233
-3.65665666	0.011682659	0.021635049	0.028232578	0.074555496	0.028013321	0.037609329
-3.64964965	0.011835669	0.021863076	0.028550304	0.075304011	0.028302896	0.037967025
-3.64264264	0.011990796	0.022093678	0.028871774	0.076059465	0.028595694	0.038328360
-3.63563564	0.012148071	0.022326885	0.029197031	0.076821909	0.028891752	0.038693372
-3.62862863	0.012307525	0.022562727	0.029526122	0.077591395	0.029191108	0.039062101
-3.62162162	0.012469190	0.022801237	0.029859093	0.078367974	0.029493801	0.039434585
-3.61461461	0.012633097	0.023042446	0.030195991	0.079151696	0.029799870	0.039810865
-3.60760761	0.012799279	0.023286386	0.030536864	0.079942615	0.030109356	0.040190981
-3.60060060	0.012967770	0.023533090	0.030881758	0.080740780	0.030422298	0.040574973
-3.59359359	0.013138602	0.023782592	0.031230724	0.081546243	0.030738737	0.040962883
-3.58658659	0.013311809	0.024034923	0.031583809	0.082359057	0.031058715	0.041354752
-3.57957958	0.013487427	0.024290119	0.031941064	0.083179271	0.031382272	0.041750622
-3.57257257	0.013665490	0.024548212	0.032302538	0.084006939	0.031709452	0.042150536
-3.56556557	0.013846034	0.024809239	0.032668284	0.084842111	0.032040296	0.042554536
-3.55855856	0.014029095	0.025073234	0.033038351	0.085684840	0.032374849	0.042962665
-3.55155155	0.014214709	0.025340232	0.033412793	0.086535176	0.032713153	0.043374968
-3.54454454	0.014402914	0.025610270	0.033791661	0.087393171	0.033055254	0.043791488
-3.53753754	0.014593747	0.025883383	0.034175010	0.088258876	0.033401195	0.044212270
-3.53053053	0.014787247	0.026159609	0.034562893	0.089132344	0.033751023	0.044637360
-3.52352352	0.014983452	0.026438985	0.034955365	0.090013624	0.034104782	0.045066802
-3.51651652	0.015182403	0.026721548	0.035352481	0.090902770	0.034462520	0.045500643
-3.50950951	0.015384138	0.027007337	0.035754296	0.091799831	0.034824284	0.045938930
-3.50250250	0.015588699	0.027296391	0.036160867	0.092704859	0.035190121	0.046381709
-3.49549550	0.015796128	0.027588748	0.036572252	0.093617906	0.035560078	0.046829028
-3.48848849	0.016006464	0.027884448	0.036988508	0.094539021	0.035934206	0.047280935
-3.48148148	0.016219753	0.028183531	0.037409694	0.095468256	0.036312553	0.047737479
-3.47447447	0.016436035	0.028486037	0.037835868	0.096405661	0.036695168	0.048198708
-3.46746747	0.016655356	0.028792009	0.038267091	0.097351287	0.037082103	0.048664671
-3.46046046	0.016877759	0.029101487	0.038703423	0.098305184	0.037473409	0.049135420
-3.45345345	0.017103290	0.029414514	0.039144926	0.099267402	0.037869137	0.049611004
-3.44644645	0.017331995	0.029731131	0.039591661	0.100237991	0.038269339	0.050091474
-3.43943944	0.017563919	0.030051383	0.040043691	0.101217002	0.038674068	0.050576882
-3.43243243	0.017799111	0.030375312	0.040501079	0.102204482	0.039083378	0.051067280
-3.42542543	0.018037617	0.030702963	0.040963889	0.103200483	0.039497323	0.051562720
-3.41841842	0.018279487	0.031034381	0.041432187	0.104205052	0.039915958	0.052063256
-3.41141141	0.018524770	0.031369611	0.041906037	0.105218239	0.040339338	0.052568942
-3.40440440	0.018773515	0.031708699	0.042385507	0.106240091	0.040767520	0.053079830
-3.39739740	0.019025774	0.032051690	0.042870662	0.107270658	0.041200560	0.053595977
-3.39039039	0.019281598	0.032398632	0.043361572	0.108309987	0.041638515	0.054117438
-3.38338338	0.019541039	0.032749573	0.043858303	0.109358124	0.042081444	0.054644267
-3.37637638	0.019804150	0.033104561	0.044360927	0.110415119	0.042529406	0.055176522
-3.36936937	0.020070986	0.033463643	0.044869512	0.111481017	0.042982460	0.055714260
-3.36236236	0.020341601	0.033826870	0.045384130	0.112555865	0.043440666	0.056257538
-3.35535536	0.020616050	0.034194291	0.045904852	0.113639708	0.043904085	0.056806414
-3.34834835	0.020894391	0.034565957	0.046431751	0.114732593	0.044372779	0.057360947
-3.34134134	0.021176678	0.034941918	0.046964901	0.115834564	0.044846810	0.057921196
-3.33433433	0.021462972	0.035322227	0.047504374	0.116945666	0.045326241	0.058487221
-3.32732733	0.021753331	0.035706935	0.048050247	0.118065944	0.045811136	0.059059082
-3.32032032	0.022047814	0.036096096	0.048602594	0.119195440	0.046301561	0.059636840
-3.31331331	0.022346482	0.036489763	0.049161493	0.120334199	0.046797579	0.060220557
-3.30630631	0.022649397	0.036887990	0.049727020	0.121482262	0.047299257	0.060810295
-3.29929930	0.022956621	0.037290832	0.050299255	0.122639673	0.047806661	0.061406116
-3.29229229	0.023268217	0.037698345	0.050878276	0.123806471	0.048319861	0.062008085
-3.28528529	0.023584250	0.038110585	0.051464162	0.124982698	0.048838923	0.062616265
-3.27827828	0.023904785	0.038527608	0.052056996	0.126168395	0.049363917	0.063230721
-3.27127127	0.024229888	0.038949473	0.052656858	0.127363601	0.049894914	0.063851517
-3.26426426	0.024559627	0.039376236	0.053263831	0.128568355	0.050431983	0.064478720
-3.25725726	0.024894069	0.039807959	0.053877999	0.129782694	0.050975197	0.065112397
-3.25025025	0.025233285	0.040244699	0.054499445	0.131006657	0.051524628	0.065752613
-3.24324324	0.025577343	0.040686517	0.055128256	0.132240280	0.052080349	0.066399438
-3.23623624	0.025926316	0.041133475	0.055764516	0.133483599	0.052642434	0.067052939
-3.22922923	0.026280275	0.041585633	0.056408314	0.134736650	0.053210959	0.067713185
-3.22222222	0.026639294	0.042043055	0.057059736	0.135999466	0.053785999	0.068380246
-3.21521522	0.027003448	0.042505804	0.057718873	0.137272081	0.054367630	0.069054193
-3.20820821	0.027372812	0.042973944	0.058385813	0.138554528	0.054955931	0.069735095
-3.20120120	0.027747463	0.043447539	0.059060647	0.139846838	0.055550980	0.070423026
-3.19419419	0.028127478	0.043926656	0.059743467	0.141149043	0.056152855	0.071118056
-3.18718719	0.028512937	0.044411359	0.060434365	0.142461172	0.056761638	0.071820259
-3.18018018	0.028903919	0.044901717	0.061133436	0.143783253	0.057377410	0.072529708
-3.17317317	0.029300506	0.045397798	0.061840773	0.145115315	0.058000251	0.073246478
-3.16616617	0.029702781	0.045899669	0.062556471	0.146457385	0.058630246	0.073970643
-3.15915916	0.030110827	0.046407401	0.063280628	0.147809487	0.059267479	0.074702279
-3.15215215	0.030524728	0.046921063	0.064013340	0.149171648	0.059912033	0.075441462
-3.14514515	0.030944572	0.047440727	0.064754706	0.150543890	0.060563995	0.076188269
-3.13813814	0.031370445	0.047966465	0.065504825	0.151926235	0.061223451	0.076942777
-3.13113113	0.031802437	0.048498350	0.066263796	0.153318706	0.061890489	0.077705066
-3.12412412	0.032240636	0.049036454	0.067031723	0.154721321	0.062565198	0.078475213
-3.11711712	0.032685135	0.049580853	0.067808705	0.156134099	0.063247668	0.079253298
-3.11011011	0.033136026	0.050131622	0.068594848	0.157557058	0.063937988	0.080039401
-3.10310310	0.033593403	0.050688837	0.069390254	0.158990213	0.064636250	0.080833604
-3.09609610	0.034057361	0.051252575	0.070195029	0.160433581	0.065342548	0.081635988
-3.08908909	0.034527997	0.051822914	0.071009280	0.161887173	0.066056974	0.082446635
-3.08208208	0.035005409	0.052399933	0.071833112	0.163351001	0.066779622	0.083265628
-3.07507508	0.035489696	0.052983712	0.072666635	0.164825077	0.067510590	0.084093052
-3.06806807	0.035980960	0.053574332	0.073509958	0.166309409	0.068249973	0.084928990
-3.06106106	0.036479302	0.054171873	0.074363190	0.167804005	0.068997868	0.085773527
-3.05405405	0.036984827	0.054776419	0.075226443	0.169308870	0.069754375	0.086626749
-3.04704705	0.037497640	0.055388053	0.076099829	0.170824008	0.070519594	0.087488743
-3.04004004	0.038017847	0.056006860	0.076983461	0.172349424	0.071293624	0.088359595
-3.03303303	0.038545558	0.056632924	0.077877453	0.173885116	0.072076569	0.089239394
-3.02602603	0.039080881	0.057266333	0.078781921	0.175431085	0.072868530	0.090128228
-3.01901902	0.039623929	0.057907173	0.079696980	0.176987329	0.073669612	0.091026186
-3.01201201	0.040174815	0.058555532	0.080622748	0.178553843	0.074479920	0.091933358
-3.00500501	0.040733652	0.059211501	0.081559343	0.180130621	0.075299560	0.092849835
-2.99799800	0.041300558	0.059875169	0.082506884	0.181717655	0.076128639	0.093775708
-2.99099099	0.041875650	0.060546627	0.083465491	0.183314935	0.076967266	0.094711068
-2.98398398	0.042459048	0.061225969	0.084435286	0.184922450	0.077815550	0.095656009
-2.97697698	0.043050874	0.061913286	0.085416390	0.186540186	0.078673602	0.096610623
-2.96996997	0.043651249	0.062608674	0.086408927	0.188168128	0.079541532	0.097575005
-2.96296296	0.044260300	0.063312228	0.087413021	0.189806257	0.080419455	0.098549249
-2.95595596	0.044878151	0.064024044	0.088428798	0.191454554	0.081307484	0.099533450
-2.94894895	0.045504932	0.064744219	0.089456382	0.193112997	0.082205735	0.100527705
-2.94194194	0.046140772	0.065472853	0.090495902	0.194781562	0.083114322	0.101532109
-2.93493493	0.046785804	0.066210045	0.091547485	0.196460222	0.084033364	0.102546761
-2.92792793	0.047440160	0.066955895	0.092611261	0.198148949	0.084962979	0.103571758
-2.92092092	0.048103977	0.067710505	0.093687359	0.199847712	0.085903287	0.104607199
-2.91391391	0.048777391	0.068473979	0.094775911	0.201556478	0.086854408	0.105653183
-2.90690691	0.049460542	0.069246419	0.095877048	0.203275212	0.087816465	0.106709809
-2.89989990	0.050153571	0.070027932	0.096990903	0.205003874	0.088789580	0.107777179
-2.89289289	0.050856621	0.070818622	0.098117610	0.206742426	0.089773878	0.108855393
-2.88588589	0.051569836	0.071618598	0.099257303	0.208490823	0.090769484	0.109944552
-2.87887888	0.052293365	0.072427968	0.100410119	0.210249020	0.091776525	0.111044761
-2.87187187	0.053027355	0.073246841	0.101576193	0.212016970	0.092795129	0.112156120
-2.86486486	0.053771958	0.074075329	0.102755663	0.213794621	0.093825423	0.113278734
-2.85785786	0.054527326	0.074913542	0.103948668	0.215581920	0.094867540	0.114412707
-2.85085085	0.055293615	0.075761594	0.105155346	0.217378811	0.095921608	0.115558143
-2.84384384	0.056070982	0.076619598	0.106375837	0.219185235	0.096987762	0.116715148
-2.83683684	0.056859586	0.077487672	0.107610281	0.221001131	0.098066135	0.117883827
-2.82982983	0.057659587	0.078365929	0.108858822	0.222826433	0.099156861	0.119064287
-2.82282282	0.058471151	0.079254489	0.110121600	0.224661074	0.100260076	0.120256634
-2.81581582	0.059294442	0.080153470	0.111398759	0.226504984	0.101375918	0.121460976
-2.80880881	0.060129627	0.081062992	0.112690443	0.228358089	0.102504525	0.122677421
-2.80180180	0.060976878	0.081983177	0.113996797	0.230220313	0.103646035	0.123906077
-2.79479479	0.061836365	0.082914146	0.115317965	0.232091577	0.104800590	0.125147053
-2.78778779	0.062708264	0.083856023	0.116654094	0.233971797	0.105968331	0.126400458
-2.78078078	0.063592750	0.084808933	0.118005330	0.235860889	0.107149402	0.127666402
-2.77377377	0.064490003	0.085773002	0.119371822	0.237758763	0.108343945	0.128944995
-2.76676677	0.065400204	0.086748358	0.120753716	0.239665326	0.109552107	0.130236348
-2.75975976	0.066323537	0.087735127	0.122151161	0.241580484	0.110774033	0.131540572
-2.75275275	0.067260186	0.088733441	0.123564308	0.243504137	0.112009871	0.132857777
-2.74574575	0.068210341	0.089743430	0.124993304	0.245436184	0.113259769	0.134188076
-2.73873874	0.069174191	0.090765226	0.126438300	0.247376518	0.114523877	0.135531581
-2.73173173	0.070151929	0.091798962	0.127899448	0.249325031	0.115802346	0.136888403
-2.72472472	0.071143751	0.092844773	0.129376898	0.251281609	0.117095326	0.138258657
-2.71771772	0.072149854	0.093902794	0.130870801	0.253246137	0.118402972	0.139642454
-2.71071071	0.073170438	0.094973163	0.132381310	0.255218495	0.119725437	0.141039909
-2.70370370	0.074205706	0.096056018	0.133908577	0.257198560	0.121062876	0.142451133
-2.69669670	0.075255862	0.097151497	0.135452754	0.259186204	0.122415444	0.143876242
-2.68968969	0.076321114	0.098259742	0.137013994	0.261181296	0.123783299	0.145315348
-2.68268268	0.077401671	0.099380894	0.138592450	0.263183703	0.125166600	0.146768567
-2.67567568	0.078497745	0.100515096	0.140188276	0.265193286	0.126565503	0.148236011
-2.66866867	0.079609553	0.101662494	0.141801624	0.267209902	0.127980171	0.149717795
-2.66166166	0.080737309	0.102823231	0.143432649	0.269233406	0.129410763	0.151214033
-2.65465465	0.081881236	0.103997455	0.145081503	0.271263648	0.130857441	0.152724840
-2.64764765	0.083041553	0.105185314	0.146748340	0.273300474	0.132320368	0.154250329
-2.64064064	0.084218488	0.106386956	0.148433314	0.275343726	0.133799708	0.155790616
-2.63363363	0.085412266	0.107602532	0.150136577	0.277393242	0.135295625	0.157345813
-2.62662663	0.086623117	0.108832194	0.151858283	0.279448856	0.136808284	0.158916036
-2.61961962	0.087851275	0.110076093	0.153598585	0.281510398	0.138337851	0.160501398
-2.61261261	0.089096974	0.111334385	0.155357635	0.283577695	0.139884494	0.162102014
-2.60560561	0.090360451	0.112607223	0.157135586	0.285650567	0.141448379	0.163717995
-2.59859860	0.091641946	0.113894764	0.158932589	0.287728833	0.143029675	0.165349457
-2.59159159	0.092941703	0.115197165	0.160748796	0.289812305	0.144628552	0.166996511
-2.58458458	0.094259966	0.116514585	0.162584358	0.291900794	0.146245178	0.168659270
-2.57757758	0.095596983	0.117847183	0.164439425	0.293994103	0.147879724	0.170337847
-2.57057057	0.096953004	0.119195119	0.166314146	0.296092033	0.149532361	0.172032354
-2.56356356	0.098328282	0.120558555	0.168208670	0.298194381	0.151203260	0.173742901
-2.55655656	0.099723072	0.121937655	0.170123146	0.300300937	0.152892593	0.175469600
-2.54954955	0.101137632	0.123332582	0.172057720	0.302411491	0.154600533	0.177212561
-2.54254254	0.102572223	0.124743500	0.174012539	0.304525823	0.156327252	0.178971893
-2.53553554	0.104027107	0.126170576	0.175987746	0.306643715	0.158072923	0.180747706
-2.52852853	0.105502550	0.127613977	0.177983487	0.308764939	0.159837720	0.182540107
-2.52152152	0.106998819	0.129073871	0.179999904	0.310889265	0.161621816	0.184349204
-2.51451451	0.108516185	0.130550425	0.182037138	0.313016458	0.163425385	0.186175103
-2.50750751	0.110054921	0.132043812	0.184095328	0.315146280	0.165248602	0.188017910
-2.50050050	0.111615300	0.133554200	0.186174614	0.317278486	0.167091640	0.189877730
-2.49349349	0.113197602	0.135081762	0.188275131	0.319412828	0.168954675	0.191754665
-2.48648649	0.114802106	0.136626670	0.190397014	0.321549054	0.170837879	0.193648820
-2.47947948	0.116429094	0.138189098	0.192540398	0.323686906	0.172741427	0.195560294
-2.47247247	0.118078851	0.139769220	0.194705412	0.325826123	0.174665493	0.197489188
-2.46546547	0.119751663	0.141367211	0.196892185	0.327966437	0.176610251	0.199435601
-2.45845846	0.121447820	0.142983246	0.199100846	0.330107577	0.178575875	0.201399630
-2.45145145	0.123167612	0.144617502	0.201331517	0.332249269	0.180562536	0.203381370
-2.44444444	0.124911334	0.146270156	0.203584322	0.334391232	0.182570409	0.205380917
-2.43743744	0.126679280	0.147941387	0.205859380	0.336533182	0.184599666	0.207398362
-2.43043043	0.128471748	0.149631371	0.208156807	0.338674828	0.186650477	0.209433797
-2.42342342	0.130289038	0.151340289	0.210476719	0.340815878	0.188723013	0.211487310
-2.41641642	0.132131451	0.153068319	0.212819226	0.342956033	0.190817446	0.213558990
-2.40940941	0.133999290	0.154815642	0.215184436	0.345094990	0.192933944	0.215648921
-2.40240240	0.135892862	0.156582438	0.217572454	0.347232442	0.195072675	0.217757187
-2.39539540	0.137812472	0.158368888	0.219983382	0.349368076	0.197233807	0.219883869
-2.38838839	0.139758430	0.160175174	0.222417318	0.351501577	0.199417506	0.222029045
-2.38138138	0.141731045	0.162001475	0.224874357	0.353632624	0.201623937	0.224192793
-2.37437437	0.143730631	0.163847975	0.227354588	0.355760891	0.203853262	0.226375186
-2.36736737	0.145757499	0.165714855	0.229858098	0.357886049	0.206105645	0.228576295
-2.36036036	0.147811966	0.167602297	0.232384971	0.360007763	0.208381245	0.230796190
-2.35335335	0.149894346	0.169510483	0.234935283	0.362125696	0.210680221	0.233034937
-2.34634635	0.152004957	0.171439595	0.237509109	0.364239503	0.213002731	0.235292598
-2.33933934	0.154144118	0.173389816	0.240106519	0.366348839	0.215348928	0.237569234
-2.33233233	0.156312148	0.175361326	0.242727574	0.368453352	0.217718966	0.239864903
-2.32532533	0.158509366	0.177354307	0.245372337	0.370552686	0.220112995	0.242179657
-2.31831832	0.160736095	0.179368942	0.248040859	0.372646481	0.222531164	0.244513548
-2.31131131	0.162992655	0.181405411	0.250733190	0.374734374	0.224973617	0.246866623
-2.30430430	0.165279369	0.183463894	0.253449373	0.376815997	0.227440499	0.249238924
-2.29729730	0.167596559	0.185544572	0.256189444	0.378890978	0.229931950	0.251630492
-2.29029029	0.169944548	0.187647623	0.258953436	0.380958940	0.232448106	0.254041363
-2.28328328	0.172323659	0.189773228	0.261741373	0.383019504	0.234989102	0.256471568
-2.27627628	0.174734215	0.191921564	0.264553274	0.385072286	0.237555069	0.258921135
-2.26926927	0.177176538	0.194092808	0.267389150	0.387116899	0.240146133	0.261390087
-2.26226226	0.179650951	0.196287136	0.270249008	0.389152952	0.242762419	0.263878444
-2.25525526	0.182157775	0.198504724	0.273132844	0.391180049	0.245404047	0.266386220
-2.24824825	0.184697331	0.200745746	0.276040651	0.393197792	0.248071133	0.268913424
-2.24124124	0.187269940	0.203010373	0.278972410	0.395205779	0.250763787	0.271460061
-2.23423423	0.189875920	0.205298778	0.281928097	0.397203605	0.253482119	0.274026131
-2.22722723	0.192515589	0.207611131	0.284907681	0.399190862	0.256226229	0.276611629
-2.22022022	0.195189264	0.209947600	0.287911119	0.401167136	0.258996217	0.279216543
-2.21321321	0.197897258	0.212308350	0.290938363	0.403132014	0.261792174	0.281840857
-2.20620621	0.200639885	0.214693548	0.293989355	0.405085077	0.264614189	0.284484549
-2.19919920	0.203417455	0.217103356	0.297064028	0.407025903	0.267462344	0.287147591
-2.19219219	0.206230276	0.219537934	0.300162304	0.408954070	0.270336715	0.289829949
-2.18518519	0.209078653	0.221997440	0.303284099	0.410869150	0.273237374	0.292531582
-2.17817818	0.211962889	0.224482031	0.306429316	0.412770713	0.276164383	0.295252445
-2.17117117	0.214883282	0.226991860	0.309597850	0.414658329	0.279117801	0.297992482
-2.16416416	0.217840128	0.229527078	0.312789584	0.416531562	0.282097680	0.300751635
-2.15715716	0.220833720	0.232087833	0.316004392	0.418389976	0.285104063	0.303529836
-2.15015015	0.223864345	0.234674270	0.319242135	0.420233132	0.288136989	0.306327010
-2.14314314	0.226932286	0.237286530	0.322502664	0.422060590	0.291196486	0.309143077
-2.13613614	0.230037824	0.239924751	0.325785820	0.423871905	0.294282576	0.311977945
-2.12912913	0.233181230	0.242589070	0.329091430	0.425666635	0.297395274	0.314831519
-2.12212212	0.236362774	0.245279617	0.332419308	0.427444333	0.300534584	0.317703692
-2.11511512	0.239582719	0.247996519	0.335769258	0.429204550	0.303700505	0.320594352
-2.10810811	0.242841320	0.250739901	0.339141071	0.430946838	0.306893022	0.323503376
-2.10110110	0.246138829	0.253509880	0.342534524	0.432670747	0.310112116	0.326430634
-2.09409409	0.249475488	0.256306573	0.345949380	0.434375824	0.313357755	0.329375986
-2.08708709	0.252851534	0.259130089	0.349385390	0.436061618	0.316629899	0.332339283
-2.08008008	0.256267195	0.261980532	0.352842290	0.437727676	0.319928495	0.335320367
-2.07307307	0.259722691	0.264858005	0.356319802	0.439373543	0.323253484	0.338319071
-2.06606607	0.263218235	0.267762601	0.359817634	0.440998765	0.326604791	0.341335217
-2.05905906	0.266754028	0.270694410	0.363335477	0.442602889	0.329982334	0.344368617
-2.05205205	0.270330265	0.273653515	0.366873009	0.444185458	0.333386016	0.347419074
-2.04504505	0.273947130	0.276639995	0.370429891	0.445746020	0.336815730	0.350486379
-2.03803804	0.277604794	0.279653921	0.374005769	0.447284119	0.340271355	0.353570312
-2.03103103	0.281303422	0.282695359	0.377600273	0.448799302	0.343752760	0.356670645
-2.02402402	0.285043162	0.285764365	0.381213014	0.450291114	0.347259798	0.359787133
-2.01701702	0.288824155	0.288860993	0.384843589	0.451759105	0.350792310	0.362919526
-2.01001001	0.292646526	0.291985287	0.388491575	0.453202822	0.354350121	0.366067556
-2.00300300	0.296510390	0.295137282	0.392156535	0.454621815	0.357933045	0.369230948
-1.99599600	0.300415846	0.298317008	0.395838010	0.456015634	0.361540878	0.372409412
-1.98898899	0.304362979	0.301524486	0.399535527	0.457383833	0.365173402	0.375602646
-1.98198198	0.308351860	0.304759729	0.403248589	0.458725966	0.368830384	0.378810334
-1.97497497	0.312382545	0.308022740	0.406976686	0.460041588	0.372511575	0.382032148
-1.96796797	0.316455073	0.311313514	0.410719285	0.461330258	0.376216706	0.385267748
-1.96096096	0.320569466	0.314632037	0.414475835	0.462591538	0.379945496	0.388516777
-1.95395395	0.324725730	0.317978285	0.418245763	0.463824989	0.383697644	0.391778867
-1.94694695	0.328923852	0.321352225	0.422028479	0.465030178	0.387472831	0.395053633
-1.93993994	0.333163800	0.324753811	0.425823370	0.466206675	0.391270720	0.398340679
-1.93293293	0.337445523	0.328182990	0.429629803	0.467354051	0.395090954	0.401639591
-1.92592593	0.341768950	0.331639696	0.433447125	0.468471881	0.398933159	0.404949942
-1.91891892	0.346133990	0.335123852	0.437274660	0.469559746	0.402796940	0.408271289
-1.91191191	0.350540529	0.338635370	0.441111710	0.470617229	0.406681881	0.411603172
-1.90490490	0.354988429	0.342174149	0.444957556	0.471643915	0.410587545	0.414945118
-1.89789790	0.359477534	0.345740076	0.448811458	0.472639398	0.414513476	0.418296635
-1.89089089	0.364007658	0.349333026	0.452672650	0.473603272	0.418459194	0.421657217
-1.88388388	0.368578594	0.352952861	0.456540347	0.474535139	0.422424197	0.425026340
-1.87687688	0.373190110	0.356599427	0.460413738	0.475434604	0.426407961	0.428403463
-1.86986987	0.377841943	0.360272560	0.464291989	0.476301277	0.430409939	0.431788028
-1.86286286	0.382533809	0.363972078	0.468174246	0.477134776	0.434429557	0.435179461
-1.85585586	0.387265390	0.367697787	0.472059626	0.477934721	0.438466221	0.438577166
-1.84884885	0.392036344	0.371449477	0.475947225	0.478700740	0.442519309	0.441980535
-1.84184184	0.396846294	0.375226920	0.479836115	0.479432468	0.446588176	0.445388937
-1.83483483	0.401694838	0.379029877	0.483725342	0.480129543	0.450672149	0.448801724
-1.82782783	0.406581537	0.382858089	0.487613929	0.480791613	0.454770529	0.452218230
-1.82082082	0.411505923	0.386711280	0.491500874	0.481418330	0.458882591	0.455637769
-1.81381381	0.416467493	0.390589158	0.495385149	0.482009356	0.463007583	0.459059637
-1.80680681	0.421465710	0.394491413	0.499265702	0.482564356	0.467144722	0.462483109
-1.79979980	0.426500001	0.398417718	0.503141456	0.483083006	0.471293200	0.465907442
-1.79279279	0.431569758	0.402367724	0.507011308	0.483564989	0.475452179	0.469331871
-1.78578579	0.436674334	0.406341067	0.510874132	0.484009993	0.479620789	0.472755613
-1.77877878	0.441813045	0.410337359	0.514728772	0.484417719	0.483798135	0.476177864
-1.77177177	0.446985168	0.414356196	0.518574053	0.484787871	0.487983287	0.479597800
-1.76476476	0.452189938	0.418397151	0.522408769	0.485120166	0.492175287	0.483014574
-1.75775776	0.457426552	0.422459777	0.526231691	0.485414326	0.496373144	0.486427322
-1.75075075	0.462694161	0.426543605	0.530041566	0.485670085	0.500575835	0.489835155
-1.74374374	0.467991877	0.430648144	0.533837113	0.485887183	0.504782306	0.493237166
-1.73673674	0.473318766	0.434772880	0.537617028	0.486065371	0.508991469	0.496632425
-1.72972973	0.478673849	0.438917278	0.541379981	0.486204411	0.513202204	0.500019982
-1.72272272	0.484056100	0.443080776	0.545124617	0.486304072	0.517413357	0.503398864
-1.71571572	0.489464448	0.447262793	0.548849558	0.486364133	0.521623739	0.506768077
-1.70870871	0.494897775	0.451462718	0.552553397	0.486384385	0.525832128	0.510126605
-1.70170170	0.500354911	0.455679918	0.556234708	0.486364628	0.530037268	0.513473411
-1.69469469	0.505834639	0.459913736	0.559892038	0.486304673	0.534237864	0.516807435
-1.68768769	0.511335691	0.464163485	0.563523911	0.486204340	0.538432591	0.520127597
-1.68068068	0.516856747	0.468428455	0.567128827	0.486063462	0.542620084	0.523432793
-1.67367367	0.522396435	0.472707907	0.570705263	0.485881881	0.546798945	0.526721898
-1.66666667	0.527953329	0.477001075	0.574251675	0.485659452	0.550967738	0.529993766
-1.65965966	0.533525951	0.481307166	0.577766493	0.485396039	0.555124991	0.533247227
-1.65265265	0.539112766	0.485625357	0.581248129	0.485091519	0.559269195	0.536481092
-1.64564565	0.544712185	0.489954796	0.584694973	0.484745780	0.563398805	0.539694149
-1.63863864	0.550322562	0.494294604	0.588105392	0.484358722	0.567512240	0.542885162
-1.63163163	0.555942194	0.498643870	0.591477735	0.483930256	0.571607879	0.546052879
-1.62462462	0.561569322	0.503001652	0.594810331	0.483460305	0.575684067	0.549196021
-1.61761762	0.567202126	0.507366980	0.598101489	0.482948805	0.579739110	0.552313292
-1.61061061	0.572838728	0.511738849	0.601349502	0.482395704	0.583771278	0.555403373
-1.60360360	0.578477192	0.516116225	0.604552645	0.481800961	0.587778803	0.558464924
-1.59659660	0.584115520	0.520498042	0.607709174	0.481164548	0.591759880	0.561496587
-1.58958959	0.589751656	0.524883199	0.610817332	0.480486450	0.595712669	0.564496980
-1.58258258	0.595383481	0.529270564	0.613875347	0.479766665	0.599635292	0.567464706
-1.57557558	0.601008815	0.533658972	0.616881431	0.479005201	0.603525835	0.570398344
-1.56856857	0.606625419	0.538047221	0.619833786	0.478202081	0.607382346	0.573296457
-1.56156156	0.612230990	0.542434080	0.622730599	0.477357341	0.611202842	0.576157587
-1.55455455	0.617823163	0.546818279	0.625570048	0.476471027	0.614985299	0.578980260
-1.54754755	0.623399515	0.551198515	0.628350302	0.475543202	0.618727663	0.581762982
-1.54054054	0.628957556	0.555573449	0.631069519	0.474573938	0.622427844	0.584504245
-1.53353353	0.634494738	0.559941709	0.633725852	0.473563322	0.626083716	0.587202520
-1.52652653	0.640008450	0.564301885	0.636317448	0.472511453	0.629693124	0.589856265
-1.51951952	0.645496020	0.568652531	0.638842446	0.471418443	0.633253877	0.592463923
-1.51251251	0.650954715	0.572992165	0.641298985	0.470284419	0.636763755	0.595023919
-1.50550551	0.656381743	0.577319270	0.643685202	0.469109517	0.640220507	0.597534667
-1.49849850	0.661774249	0.581632292	0.645999232	0.467893890	0.643621851	0.599994566
-1.49149149	0.667129322	0.585929638	0.648239211	0.466637701	0.646965477	0.602402004
-1.48448448	0.672443991	0.590209681	0.650403279	0.465341127	0.650249048	0.604755355
-1.47747748	0.677715227	0.594470756	0.652489578	0.464004357	0.653470199	0.607052985
-1.47047047	0.682939945	0.598711161	0.654496259	0.462627595	0.656626542	0.609293248
-1.46346346	0.688115005	0.602929157	0.656421477	0.461211056	0.659715663	0.611474489
-1.45645646	0.693237212	0.607122968	0.658263399	0.459754966	0.662735127	0.613595046
-1.44944945	0.698303317	0.611290781	0.660020202	0.458259568	0.665682478	0.615653251
-1.44244244	0.703310023	0.615430746	0.661690075	0.456725113	0.668555240	0.617647428
-1.43543544	0.708253979	0.619540978	0.663271224	0.455151868	0.671350919	0.619575897
-1.42842843	0.713131788	0.623619554	0.664761868	0.453540109	0.674067007	0.621436976
-1.42142142	0.717940009	0.627664513	0.666160249	0.451890128	0.676700981	0.623228979
-1.41441441	0.722675152	0.631673862	0.667464626	0.450202225	0.679250306	0.624950221
-1.40740741	0.727333689	0.635645569	0.668673282	0.448476716	0.681712438	0.626599014
-1.40040040	0.731912052	0.639577568	0.669784524	0.446713925	0.684084823	0.628173676
-1.39339339	0.736406633	0.643467757	0.670796687	0.444914190	0.686364904	0.629672526
-1.38638639	0.740813794	0.647314002	0.671708133	0.443077861	0.688550120	0.631093886
-1.37937938	0.745129862	0.651114133	0.672517256	0.441205298	0.690637910	0.632436087
-1.37237237	0.749351135	0.654865946	0.673222482	0.439296872	0.692625715	0.633697467
-1.36536537	0.753473889	0.658567206	0.673822273	0.437352967	0.694510979	0.634876371
-1.35835836	0.757494375	0.662215645	0.674315128	0.435373975	0.696291156	0.635971159
-1.35135135	0.761408824	0.665808963	0.674699586	0.433360301	0.697963708	0.636980200
-1.34434434	0.765213455	0.669344832	0.674974226	0.431312360	0.699526112	0.637901878
-1.33733734	0.768904473	0.672820891	0.675137673	0.429230577	0.700975861	0.638734596
-1.33033033	0.772478076	0.676234753	0.675188597	0.427115386	0.702310466	0.639476770
-1.32332332	0.775930459	0.679584001	0.675125716	0.424967232	0.703527462	0.640126840
-1.31631632	0.779257818	0.682866193	0.674947799	0.422786571	0.704624412	0.640683265
-1.30930931	0.782456352	0.686078861	0.674653668	0.420573865	0.705598904	0.641144529
-1.30230230	0.785522272	0.689219512	0.674242198	0.418329588	0.706448563	0.641509140
-1.29529530	0.788451802	0.692285632	0.673712323	0.416054220	0.707171048	0.641775636
-1.28828829	0.791241186	0.695274682	0.673063036	0.413748254	0.707764061	0.641942580
-1.28128128	0.793886690	0.698184105	0.672293389	0.411412187	0.708225345	0.642008572
-1.27427427	0.796384612	0.701011324	0.671402499	0.409046527	0.708552693	0.641972241
-1.26726727	0.798731282	0.703753746	0.670389548	0.406651787	0.708743949	0.641832253
-1.26026026	0.800923070	0.706408760	0.669253785	0.404228491	0.708797013	0.641587312
-1.25325325	0.802956394	0.708973744	0.667994528	0.401777168	0.708709843	0.641236162
-1.24624625	0.804827720	0.711446061	0.666611166	0.399298354	0.708480464	0.640777588
-1.23923924	0.806533570	0.713823065	0.665103161	0.396792593	0.708106965	0.640210419
-1.23223223	0.808070531	0.716102102	0.663470050	0.394260435	0.707587510	0.639533531
-1.22522523	0.809435255	0.718280509	0.661711444	0.391702434	0.706920338	0.638745847
-1.21821822	0.810624469	0.720355621	0.659827035	0.389119153	0.706103768	0.637846342
-1.21121121	0.811634982	0.722324769	0.657816593	0.386511160	0.705136203	0.636834042
-1.20420420	0.812463685	0.724185286	0.655679967	0.383879025	0.704016136	0.635708028
-1.19719720	0.813107565	0.725934504	0.653417092	0.381223327	0.702742150	0.634467438
-1.19019019	0.813563704	0.727569762	0.651027982	0.378544648	0.701312929	0.633111468
-1.18318318	0.813829290	0.729088403	0.648512740	0.375843574	0.699727254	0.631639375
-1.17617618	0.813901619	0.730487782	0.645871551	0.373120695	0.697984013	0.630050479
-1.16916917	0.813778106	0.731765264	0.643104688	0.370376605	0.696082204	0.628344165
-1.16216216	0.813456286	0.732918229	0.640212511	0.367611901	0.694020936	0.626519885
-1.15515516	0.812933823	0.733944072	0.637195469	0.364827184	0.691799435	0.624577157
-1.14814815	0.812208514	0.734840211	0.634054100	0.362023056	0.689417050	0.622515573
-1.14114114	0.811278299	0.735604083	0.630789028	0.359200124	0.686873252	0.620334794
-1.13413413	0.810141258	0.736233152	0.627400970	0.356358995	0.684167641	0.618034557
-1.12712713	0.808795627	0.736724907	0.623890730	0.353500279	0.681299949	0.615614674
-1.12012012	0.807239795	0.737076870	0.620259204	0.350624586	0.678270041	0.613075034
-1.11311311	0.805472314	0.737286597	0.616507375	0.347732530	0.675077922	0.610415604
-1.10610611	0.803491902	0.737351679	0.612636317	0.344824722	0.671723736	0.607636431
-1.09909910	0.801297448	0.737269745	0.608647191	0.341901778	0.668207772	0.604737644
-1.09209209	0.798888018	0.737038469	0.604541250	0.338964310	0.664530465	0.601719454
-1.08508509	0.796262856	0.736655568	0.600319830	0.336012934	0.660692397	0.598582156
-1.07807808	0.793421394	0.736118808	0.595984357	0.333048264	0.656694303	0.595326128
-1.07107107	0.790363248	0.735426006	0.591536341	0.330070912	0.652537069	0.591951836
-1.06406406	0.787088227	0.734575034	0.586977376	0.327081492	0.648221737	0.588459830
-1.05705706	0.783596336	0.733563819	0.582309142	0.324080615	0.643749502	0.584850747
-1.05005005	0.779887776	0.732390348	0.577533398	0.321068890	0.639121720	0.581125313
-1.04304304	0.775962947	0.731052674	0.572651984	0.318046928	0.634339900	0.577284339
-1.03603604	0.771822454	0.729548911	0.567666817	0.315015333	0.629405712	0.573328725
-1.02902903	0.767467102	0.727877246	0.562579891	0.311974712	0.624320983	0.569259460
-1.02202202	0.762897903	0.726035935	0.557393276	0.308925666	0.619087698	0.565077618
-1.01501502	0.758116075	0.724023309	0.552109112	0.305868794	0.613708000	0.560784363
-1.00800801	0.753123040	0.721837775	0.546729606	0.302804693	0.608184188	0.556380945
-1.00100100	0.747920429	0.719477820	0.541257038	0.299733957	0.602518717	0.551868698
-0.99399399	0.742510075	0.716942014	0.535693745	0.296657177	0.596714195	0.547249046
-0.98698699	0.736894018	0.714229012	0.530042132	0.293574938	0.590773381	0.542523495
-0.97997998	0.731074502	0.711337554	0.524304658	0.290487825	0.584699186	0.537693634
-0.97297297	0.725053968	0.708266472	0.518483839	0.287396416	0.578494664	0.532761135
-0.96596597	0.718835060	0.705014688	0.512582244	0.284301287	0.572163014	0.527727750
-0.95895896	0.712420617	0.701581220	0.506602488	0.281203008	0.565707574	0.522595311
-0.95195195	0.705813668	0.697965181	0.500547235	0.278102147	0.559131818	0.517365726
-0.94494494	0.699017433	0.694165783	0.494419189	0.274999264	0.552439351	0.512040979
-0.93793794	0.692035317	0.690182338	0.488221093	0.271894918	0.545633904	0.506623125
-0.93093093	0.684870903	0.686014258	0.481955726	0.268789660	0.538719328	0.501114291
-0.92392392	0.677527949	0.681661064	0.475625897	0.265684038	0.531699591	0.495516671
-0.91691692	0.670010381	0.677122377	0.469234443	0.262578594	0.524578770	0.489832523
-0.90990991	0.662322290	0.672397928	0.462784226	0.259473865	0.517361044	0.484064169
-0.90290290	0.654467921	0.667487556	0.456278126	0.256370383	0.510050687	0.478213988
-0.89589590	0.646451670	0.662391211	0.449719042	0.253268673	0.502652066	0.472284415
-0.88888889	0.638278074	0.657108952	0.443109883	0.250169257	0.495169624	0.466277937
-0.88188188	0.629951806	0.651640952	0.436453571	0.247072650	0.487607881	0.460197089
-0.87487487	0.621477666	0.645987497	0.429753029	0.243979361	0.479971422	0.454044452
-0.86786787	0.612860573	0.640148991	0.423011185	0.240889893	0.472264888	0.447822647
-0.86086086	0.604105556	0.634125949	0.416230964	0.237804746	0.464492969	0.441534331
-0.85385385	0.595217747	0.627919007	0.409415286	0.234724411	0.456660394	0.435182194
-0.84684685	0.586202375	0.621528918	0.402567062	0.231649375	0.448771921	0.428768957
-0.83983984	0.577064749	0.614956554	0.395689194	0.228580118	0.440832330	0.422297361
-0.83283283	0.567810260	0.608202910	0.388784566	0.225517116	0.432846413	0.415770169
-0.82582583	0.558444365	0.601269101	0.381856047	0.222460837	0.424818962	0.409190162
-0.81881882	0.548972581	0.594156367	0.374906485	0.219411746	0.416754761	0.402560128
-0.81181181	0.539400479	0.586866072	0.367938706	0.216370298	0.408658578	0.395882863
-0.80480480	0.529733671	0.579399709	0.360955511	0.213336947	0.400535151	0.389161167
-0.79779780	0.519977807	0.571758898	0.353959674	0.210312138	0.392389182	0.382397837
-0.79079079	0.510138564	0.563945394	0.346953941	0.207296313	0.384225328	0.375595663
-0.78378378	0.500221643	0.555961083	0.339941028	0.204289905	0.376048186	0.368757427
-0.77677678	0.490232758	0.547807991	0.332923621	0.201293345	0.367862290	0.361885893
-0.76976977	0.480177636	0.539488285	0.325904374	0.198307057	0.359672101	0.354983812
-0.76276276	0.470062003	0.531004279	0.318885909	0.195331459	0.351481993	0.348053908
-0.75575576	0.459891591	0.522358437	0.311870816	0.192366966	0.343296252	0.341098883
-0.74874875	0.449672124	0.513553378	0.304861653	0.189413985	0.335119064	0.334121412
-0.74174174	0.439409323	0.504591887	0.297860950	0.186472920	0.326954509	0.327124136
-0.73473473	0.429108898	0.495476917	0.290871206	0.183544169	0.318806553	0.320109666
-0.72772773	0.418776553	0.486211602	0.283894891	0.180628126	0.310679044	0.313080576
-0.72072072	0.408417984	0.476799263	0.276934454	0.177725181	0.302575707	0.306039405
-0.71371371	0.398038880	0.467243419	0.269992317	0.174835718	0.294500135	0.298988656
-0.70670671	0.387644928	0.457547803	0.263070886	0.171960117	0.286455795	0.291930794
-0.69969970	0.377241817	0.447716371	0.256172551	0.169098753	0.278446015	0.284868246
-0.69269269	0.366835244	0.437753318	0.249299691	0.166251999	0.270473991	0.277803407
-0.68568569	0.356430920	0.427663097	0.242454679	0.163420222	0.262542783	0.270738639
-0.67867868	0.346034581	0.417450435	0.235639888	0.160603787	0.254655320	0.263676272
-0.67167167	0.335651998	0.407120354	0.228857696	0.157803054	0.246814399	0.256618614
-0.66466466	0.325288990	0.396678194	0.222110494	0.155018379	0.239022695	0.249567953
-0.65765766	0.314951436	0.386129636	0.215400692	0.152250116	0.231282762	0.242526562
-0.65065065	0.304645292	0.375480728	0.208730728	0.149498615	0.223597050	0.235496712
-0.64364364	0.294376607	0.364737918	0.202103073	0.146764223	0.215967909	0.228480676
-0.63663664	0.284151541	0.353908079	0.195520244	0.144047285	0.208397604	0.221480745
-0.62962963	0.273976388	0.342998544	0.188984812	0.141348142	0.200888335	0.214499237
-0.62262262	0.263857594	0.332017143	0.182499408	0.138667132	0.193442253	0.207538514
-0.61561562	0.253801777	0.320972238	0.176066738	0.136004593	0.186061480	0.200600998
-0.60860861	0.243815756	0.309872760	0.169689588	0.133360857	0.178748141	0.193689188
-0.60160160	0.233906568	0.298728256	0.163370839	0.130736257	0.171504383	0.186805682
-0.59459459	0.224081497	0.287548922	0.157113472	0.128131122	0.164332416	0.179953199
-0.58758759	0.214348091	0.276345652	0.150920584	0.125545780	0.157234541	0.173134605
-0.58058058	0.204714190	0.265130080	0.144795393	0.122980557	0.150213195	0.166352939
-0.57357357	0.195187944	0.253914618	0.138741248	0.120435776	0.143270992	0.159611441
-0.56656657	0.185777831	0.242712502	0.132761641	0.117911760	0.136410768	0.152913588
-0.55955956	0.176492675	0.231537831	0.126860210	0.115408829	0.129635632	0.146263124
-0.55255255	0.167341659	0.220405597	0.121040752	0.112927303	0.122949025	0.139664097
-0.54554555	0.158334330	0.209331724	0.115307221	0.110467499	0.116354768	0.133120896
-0.53853854	0.149480602	0.198333084	0.109663737	0.108029733	0.109857128	0.126638287
-0.53153153	0.140790752	0.187427520	0.104114587	0.105614319	0.103460875	0.120221460
-0.52452452	0.132275404	0.176633846	0.098664221	0.103221572	0.097171343	0.113876058
-0.51751752	0.123945512	0.165971842	0.093317253	0.100851802	0.090994494	0.107608225
-0.51051051	0.115812322	0.155462230	0.088078451	0.098505320	0.084936969	0.101424637
-0.50350350	0.107887329	0.145126632	0.082952728	0.096182435	0.079006143	0.095332539
-0.49649650	0.100182218	0.134987507	0.077945128	0.093883453	0.073210167	0.089339775
-0.48948949	0.092708789	0.125068060	0.073060806	0.091608682	0.067557999	0.083454809
-0.48248248	0.085478872	0.115392124	0.068305007	0.089358424	0.062059424	0.077686744
-0.47547548	0.078504219	0.105984012	0.063683034	0.087132981	0.056725040	0.072045324
-0.46846847	0.071796378	0.096868324	0.059200218	0.084932654	0.051566234	0.066540924
-0.46146146	0.065366557	0.088069729	0.054861872	0.082757740	0.046595115	0.061184526
-0.45445445	0.059225464	0.079612689	0.050673249	0.080608535	0.041824409	0.055987673
-0.44744745	0.053383127	0.071521147	0.046639488	0.078485331	0.037267313	0.050962399
-0.44044044	0.047848712	0.063818170	0.042765556	0.076388419	0.032937288	0.046121129
-0.43343343	0.042630312	0.056525540	0.039056179	0.074318086	0.028847798	0.041476552
-0.42642643	0.037734735	0.049663309	0.035515777	0.072274616	0.025011982	0.037041453
-0.41941942	0.033167289	0.043249304	0.032148381	0.070258288	0.021442254	0.032828512
-0.41241241	0.028931554	0.037298612	0.028957557	0.068269379	0.018149837	0.028850052
-0.40540541	0.025029178	0.031823034	0.025946320	0.066308160	0.015144231	0.025117750
-0.39839840	0.021459668	0.026830535	0.023117046	0.064374899	0.012432618	0.021642302
-0.39139139	0.018220219	0.022324708	0.020471387	0.062469857	0.010019242	0.018433043
-0.38438438	0.015305569	0.018304273	0.018010183	0.060593291	0.007904766	0.015497535
-0.37737738	0.012707889	0.014762639	0.015733381	0.058745450	0.006085663	0.012841127
-0.37037037	0.010416745	0.011687579	0.013639960	0.056926580	0.004553687	0.010466494
-0.36336336	0.008419101	0.009061027	0.011727862	0.055136916	0.003295492	0.008373195
-0.35635636	0.006699413	0.006859075	0.009993943	0.053376689	0.002292476	0.006557253
-0.34934935	0.005239799	0.005052185	0.008433930	0.051646119	0.001520933	0.005010812
-0.34234234	0.004020288	0.003605673	0.007042407	0.049945418	0.000952606	0.003721893
-0.33533534	0.003019172	0.002480484	0.005812820	0.048274791	0.000555701	0.002674316
-0.32832833	0.002213430	0.001634287	0.004737505	0.046634431	0.000296405	0.001847825
-0.32132132	0.001579242	0.001022870	0.003807750	0.045024522	0.000140854	0.001218471
-0.31431431	0.001092556	0.000601807	0.003013891	0.043445234	0.000057407	0.000759311
-0.30730731	0.000729696	0.000328287	0.002345426	0.041896730	0.000018923	0.000441417
-0.30030030	0.000467987	0.000162989	0.001791184	0.040379156	0.000004580	0.000235223
-0.29329329	0.000286347	0.000071780	0.001339500	0.038892649	0.000000684	0.000112113
-0.28628629	0.000165810	0.000027025	0.000978438	0.037437328	0.000000044	0.000046121
-0.27927928	0.000089945	0.000008229	0.000696025	0.036013303	0.000000000	0.000015511
-0.27227227	0.000045116	0.000001855	0.000480498	0.034620663	0.000000000	0.000003905
-0.26526527	0.000020573	0.000000266	0.000320561	0.033259487	0.000000000	0.000000630
-0.25825826	0.000008337	0.000000018	0.000205627	0.031929833	0.000000000	0.000000048
-0.25125125	0.000002910	0.000000000	0.000126041	0.030631746	0.000000000	0.000000001
-0.24424424	0.000000837	0.000000000	0.000073263	0.029365250	0.000000000	0.000000000
-0.23723724	0.000000186	0.000000000	0.000039997	0.028130352	0.000000000	0.000000000
-0.23023023	0.000000029	0.000000000	0.000020259	0.026927041	0.000000000	0.000000000
-0.22322322	0.000000003	0.000000000	0.000009370	0.025755285	0.000000000	0.000000000
-0.21621622	0.000000000	0.000000000	0.000003874	0.024615034	0.000000000	0.000000000
-0.20920921	0.000000000	0.000000000	0.000001391	0.023506216	0.000000000	0.000000000
-0.20220220	0.000000000	0.000000000	0.000000417	0.022428738	0.000000000	0.000000000
-0.19519520	0.000000000	0.000000000	0.000000098	0.021382485	0.000000000	0.000000000
-0.18818819	0.000000000	0.000000000	0.000000016	0.020367322	0.000000000	0.000000000
-0.18118118	0.000000000	0.000000000	0.000000002	0.019383090	0.000000000	0.000000000
-0.17417417	0.000000000	0.000000000	0.000000000	0.018429608	0.000000000	0.000000000
-0.16716717	0.000000000	0.000000000	0.000000000	0.017506672	0.000000000	0.000000000
-0.16016016	0.000000000	0.000000000	0.000000000	0.016614055	0.000000000	0.000000000
-0.15315315	0.000000000	0.000000000	0.000000000	0.015751508	0.000000000	0.000000000
-0.14614615	0.000000000	0.000000000	0.000000000	0.014918756	0.000000000	0.000000000
-0.13913914	0.000000000	0.000000000	0.000000000	0.014115502	0.000000000	0.000000000
-0.13213213	0.000000000	0.000000000	0.000000000	0.013341426	0.000000000	0.000000000
-0.12512513	0.000000000	0.000000000	0.000000000	0.012596185	0.000000000	0.000000000
-0.11811812	0.000000000	0.000000000	0.000000000	0.011879412	0.000000000	0.000000000
-0.11111111	0.000000000	0.000000000	0.000000000	0.011190717	0.000000000	0.000000000
-0.10410410	0.000000000	0.000000000	0.000000000	0.010529689	0.000000000	0.000000000
-0.09709710	0.000000000	0.000000000	0.000000000	0.009895894	0.000000000	0.000000000
-0.09009009	0.000000000	0.000000000	0.000000000	0.009288876	0.000000000	0.000000000
-0.08308308	0.000000000	0.000000000	0.000000000	0.008708159	0.000000000	0.000000000
-0.07607608	0.000000000	0.000000000	0.000000000	0.008153246	0.000000000	0.000000000
-0.06906907	0.000000000	0.000000000	0.000000000	0.007623620	0.000000000	0.000000000
-0.06206206	0.000000000	0.000000000	0.000000000	0.007118747	0.000000000	0.000000000
-0.05505506	0.000000000	0.000000000	0.000000000	0.006638072	0.000000000	0.000000000
-0.04804805	0.000000000	0.000000000	0.000000000	0.006181026	0.000000000	0.000000000
-0.04104104	0.000000000	0.000000000	0.000000000	0.005747023	0.000000000	0.000000000
-0.03403403	0.000000000	0.000000000	0.000000000	0.005335461	0.000000000	0.000000000
-0.02702703	0.000000000	0.000000000	0.000000000	0.004945727	0.000000000	0.000000000
-0.02002002	0.000000000	0.000000000	0.000000000	0.004577192	0.000000000	0.000000000
-0.01301301	0.000000000	0.000000000	0.000000000	0.004229220	0.000000000	0.000000000
-0.00600601	0.000000000	0.000000000	0.000000000	0.003901161	0.000000000	0.000000000
0.00100100	0.000000000	0.000000000	0.000000000	0.003592360	0.000000000	0.000000000
0.00800801	0.000000000	0.000000000	0.000000000	0.003302153	0.000000000	0.000000000
0.01501502	0.000000000	0.000000000	0.000000000	0.003029872	0.000000000	0.000000000
0.02202202	0.000000000	0.000000000	0.000000000	0.002774844	0.000000000	0.000000000
0.02902903	0.000000000	0.000000000	0.000000000	0.002536394	0.000000000	0.000000000
0.03603604	0.000000000	0.000000000	0.000000000	0.002313847	0.000000000	0.000000000
0.04304304	0.000000000	0.000000000	0.000000000	0.002106527	0.000000000	0.000000000
0.05005005	0.000000000	0.000000000	0.000000000	0.001913762	0.000000000	0.000000000
0.05705706	0.000000000	0.000000000	0.000000000	0.001734882	0.000000000	0.000000000
0.06406406	0.000000000	0.000000000	0.000000000	0.001569225	0.000000000	0.000000000
0.07107107	0.000000000	0.000000000	0.000000000	0.001416132	0.000000000	0.000000000
0.07807808	0.000000000	0.000000000	0.000000000	0.001274957	0.000000000	0.000000000
0.08508509	0.000000000	0.000000000	0.000000000	0.001145061	0.000000000	0.000000000
0.09209209	0.000000000	0.000000000	0.000000000	0.001025817	0.000000000	0.000000000
0.09909910	0.000000000	0.000000000	0.000000000	0.000916610	0.000000000	0.000000000
0.10610611	0.000000000	0.000000000	0.000000000	0.000816839	0.000000000	0.000000000
0.11311311	0.000000000	0.000000000	0.000000000	0.000725919	0.000000000	0.000000000
0.12012012	0.000000000	0.000000000	0.000000000	0.000643280	0.000000000	0.000000000
0.12712713	0.000000000	0.000000000	0.000000000	0.000568371	0.000000000	0.000000000
0.13413413	0.000000000	0.000000000	0.000000000	0.000500656	0.000000000	0.000000000
0.14114114	0.000000000	0.000000000	0.000000000	0.000439621	0.000000000	0.000000000
0.14814815	0.000000000	0.000000000	0.000000000	0.000384771	0.000000000	0.000000000
0.15515516	0.000000000	0.000000000	0.000000000	0.000335630	0.000000000	0.000000000
0.16216216	0.000000000	0.000000000	0.000000000	0.000291745	0.000000000	0.000000000
0.16916917	0.000000000	0.000000000	0.000000000	0.000252682	0.000000000	0.000000000
0.17617618	0.000000000	0.000000000	0.000000000	0.000218031	0.000000000	0.000000000
0.18318318	0.000000000	0.000000000	0.000000000	0.000187402	0.000000000	0.000000000
0.19019019	0.000000000	0.000000000	0.000000000	0.000160428	0.000000000	0.000000000
0.19719720	0.000000000	0.000000000	0.000000000	0.000136763	0.000000000	0.000000000
0.20420420	0.000000000	0.000000000	0.000000000	0.000116084	0.000000000	0.000000000
0.21121121	0.000000000	0.000000000	0.000000000	0.000098088	0.000000000	0.000000000
0.21821822	0.000000000	0.000000000	0.000000000	0.000082494	0.000000000	0.000000000
0.22522523	0.000000000	0.000000000	0.000000000	0.000069042	0.000000000	0.000000000
0.23223223	0.000000000	0.000000000	0.000000000	0.000057491	0.000000000	0.000000000
0.23923924	0.000000000	0.000000000	0.000000000	0.000047620	0.000000000	0.000000000
0.24624625	0.000000000	0.000000000	0.000000000	0.000039227	0.000000000	0.000000000
0.25325325	0.000000000	0.000000000	0.000000000	0.000032129	0.000000000	0.000000000
0.26026026	0.000000000	0.000000000	0.000000000	0.000026157	0.000000000	0.000000000
0.26726727	0.000000000	0.000000000	0.000000000	0.000021163	0.000000000	0.000000000
0.27427427	0.000000000	0.000000000	0.000000000	0.000017011	0.000000000	0.000000000
0.28128128	0.000000000	0.000000000	0.000000000	0.000013580	0.000000000	0.000000000
0.28828829	0.000000000	0.000000000	0.000000000	0.000010764	0.000000000	0.000000000
0.29529530	0.000000000	0.000000000	0.000000000	0.000008468	0.000000000	0.000000000
0.30230230	0.000000000	0.000000000	0.000000000	0.000006610	0.000000000	0.000000000
0.30930931	0.000000000	0.000000000	0.000000000	0.000005117	0.000000000	0.000000000
0.31631632	0.000000000	0.000000000	0.000000000	0.000003927	0.000000000	0.000000000
0.32332332	0.000000000	0.000000000	0.000000000	0.000002987	0.000000000	0.000000000
0.33033033	0.000000000	0.000000000	0.000000000	0.000002250	0.000000000	0.000000000
0.33733734	0.000000000	0.000000000	0.000000000	0.000001678	0.000000000	0.000000000
0.34434434	0.000000000	0.000000000	0.000000000	0.000001238	0.000000000	0.000000000
0.35135135	0.000000000	0.000000000	0.000000000	0.000000903	0.000000000	0.000000000
0.35835836	0.000000000	0.000000000	0.000000000	0.000000651	0.000000000	0.000000000
0.36536537	0.000000000	0.000000000	0.000000000	0.000000464	0.000000000	0.000000000
0.37237237	0.000000000	0.000000000	0.000000000	0.000000326	0.000000000	0.000000000
0.37937938	0.000000000	0.000000000	0.000000000	0.000000226	0.000000000	0.000000000
0.38638639	0.000000000	0.000000000	0.000000000	0.000000154	0.000000000	0.000000000
0.39339339	0.000000000	0.000000000	0.000000000	0.000000103	0.000000000	0.000000000
0.40040040	0.000000000	0.000000000	0.000000000	0.000000068	0.000000000	0.000000000
0.40740741	0.000000000	0.000000000	0.000000000	0.000000044	0.000000000	0.000000000
0.41441441	0.000000000	0.000000000	0.000000000	0.000000028	0.000000000	0.000000000
0.42142142	0.000000000	0.000000000	0.000000000	0.000000018	0.000000000	0.000000000
0.42842843	0.000000000	0.000000000	0.000000000	0.000000011	0.000000000	0.000000000
0.43543544	0.000000000	0.000000000	0.000000000	0.000000006	0.000000000	0.000000000
0.44244244	0.000000000	0.000000000	0.000000000	0.000000004	0.000000000	0.000000000
0.44944945	0.000000000	0.000000000	0.000000000	0.000000002	0.000000000	0.000000000
0.45645646	0.000000000	0.000000000	0.000000000	0.000000001	0.000000000	0.000000000
0.46346346	0.000000000	0.000000000	0.000000000	0.000000001	0.000000000	0.000000000
0.47047047	0.000000000	0.000000000	0.000000000	0.000000000	0.000000000	0.000000000
0.47747748	0.000000000	0.000000000	0.000000000	0.000000000	0.000000000	0.000000000
0.48448448	0.000000000	0.000000000	0.000000000	0.000000000	0.000000000	0.000000000
0.49149149	0.000000000	0.000000000	0.000000000	0.000000000	0.000000000	0.000000000
0.49849850	0.000000000	0.000000000	0.000000000	0.000000000	0.000000000	0.000000000
0.50550551	0.000000000	0.000000000	0.000000000	0.000000000	0.000000000	0.000000000
0.51251251	0.000000000	0.000000000	0.000000000	0.000000000	0.000000000	0.000000000
0.51951952	0.000000000	0.000000000	0.000000000	0.000000000	0.000000000	0.000000000
0.52652653	0.000000000	0.000000000	0.000000000	0.000000000	0.000000000	0.000000000
0.53353353	0.000000000	0.000000000	0.000000000	0.000000000	0.000000000	0.000000000
0.54054054	0.000000000	0.000000000	0.000000000	0.000000000	0.000000000	0.000000000
0.54754755	0.000000000	0.000000000	0.000000000	0.000000000	0.000000000	0.000000000
0.55455455	0.000000000	0.000000000	0.000000000	0.000000000	0.000000000	0.000000000
0.56156156	0.000000000	0.000000000	0.000000000	0.000000000	0.000000000	0.000000000
0.56856857	0.000000000	0.000000000	0.000000000	0.000000000	0.000000000	0.000000000
0.57557558	0.000000000	0.000000000	0.000000000	0.000000000	0.000000000	0.000000000
0.58258258	0.000000000	0.000000000	0.000000000	0.000000000	0.000000000	0.000000000
0.58958959	0.000000000	0.000000000	0.000000000	0.000000000	0.000000000	0.000000000
0.59659660	0.000000000	0.000000000	0.000000000	0.000000000	0.000000000	0.000000000
0.60360360	0.000000000	0.000000000	0.000000000	0.000000000	0.000000000	0.000000000
0.61061061	0.000000000	0.000000000	0.000000000	0.000000000	0.000000000	0.000000000
0.61761762	0.000000000	0.000000000	0.000000000	0.000000000	0.000000000	0.000000000
0.62462462	0.000000000	0.000000000	0.000000000	0.000000000	0.000000000	0.000000000
0.63163163	0.000000000	0.000000000	0.000000000	0.000000000	0.000000000	0.000000000
0.63863864	0.000000000	0.000000000	0.000000000	0.000000000	0.000000000	0.000000000
0.64564565	0.000000000	0.000000000	0.000000000	0.000000000	0.000000000	0.000000000
0.65265265	0.000000000	0.000000000	0.000000000	0.000000000	0.000000000	0.000000000
0.65965966	0.000000000	0.000000000	0.000000000	0.000000000	0.000000000	0.000000000
0.66666667	0.000000000	0.000000000	0.000000000	0.000000000	0.000000000	0.000000000
0.67367367	0.000000000	0.000000000	0.000000000	0.000000000	0.000000000	0.000000000
0.68068068	0.000000000	0.000000000	0.000000000	0.000000000	0.000000000	0.000000000
0.68768769	0.000000000	0.000000000	0.000000000	0.000000000	0.000000000	0.000000000
0.69469469	0.000000000	0.000000000	0.000000000	0.000000000	0.000000000	0.000000000
0.70170170	0.000000000	0.000000000	0.000000000	0.000000000	0.000000000	0.000000000
0.70870871	0.000000000	0.000000000	0.000000000	0.000000000	0.000000000	0.000000000
0.71571572	0.000000000	0.000000000	0.000000000	0.000000000	0.000000000	0.000000000
0.72272272	0.000000000	0.000000000	0.000000000	0.000000000	0.000000000	0.000000000
0.72972973	0.000000000	0.000000000	0.000000000	0.000000000	0.000000000	0.000000000
0.73673674	0.000000000	0.000000000	0.000000000	0.000000000	0.000000000	0.000000000
0.74374374	0.000000000	0.000000000	0.000000000	0.000000000	0.000000000	0.000000000
0.75075075	0.000000000	0.000000000	0.000000000	0.000000000	0.000000000	0.000000000
0.75775776	0.000000000	0.000000000	0.000000000	0.000000000	0.000000000	0.000000000
0.76476476	0.000000000	0.000000000	0.000000000	0.000000000	0.000000000	0.000000000
0.77177177	0.000000000	0.000000000	0.000000000	0.000000000	0.000000000	0.000000000
0.77877878	0.000000000	0.000000000	0.000000000	0.000000000	0.000000000	0.000000000
0.78578579	0.000000000	0.000000000	0.000000000	0.000000000	0.000000000	0.000000000
0.79279279	0.000000000	0.000000000	0.000000000	0.000000000	0.000000000	0.000000000
0.79979980	0.000000000	0.000000000	0.000000000	0.000000000	0.000000000	0.000000000
0.80680681	0.000000000	0.000000000	0.000000000	0.000000000	0.000000000	0.000000000
0.81381381	0.000000000	0.000000000	0.000000000	0.000000000	0.000000000	0.000000000
0.82082082	0.000000000	0.000000000	0.000000000	0.000000000	0.000000000	0.000000000
0.82782783	0.000000000	0.000000000	0.000000000	0.000000000	0.000000000	0.000000000
0.83483483	0.000000000	0.000000000	0.000000000	0.000000000	0.000000000	0.000000000
0.84184184	0.000000000	0.000000000	0.000000000	0.000000000	0.000000000	0.000000000
0.84884885	0.000000000	0.000000000	0.000000000	0.000000000	0.000000000	0.000000000
0.85585586	0.000000000	0.000000000	0.000000000	0.000000000	0.000000000	0.000000000
0.86286286	0.000000000	0.000000000	0.000000000	0.000000000	0.000000000	0.000000000
0.86986987	0.000000000	0.000000000	0.000000000	0.000000000	0.000000000	0.000000000
0.87687688	0.000000000	0.000000000	0.000000000	0.000000000	0.000000000	0.000000000
0.88388388	0.000000000	0.000000000	0.000000000	0.000000000	0.000000000	0.000000000
0.89089089	0.000000000	0.000000000	0.000000000	0.000000000	0.000000000	0.000000000
0.89789790	0.000000000	0.000000000	0.000000000	0.000000000	0.000000000	0.000000000
0.90490490	0.000000000	0.000000000	0.000000000	0.000000000	0.000000000	0.000000000
0.91191191	0.000000000	0.000000000	0.000000000	0.000000000	0.000000000	0.000000000
0.91891892	0.000000000	0.000000000	0.000000000	0.000000000	0.000000000	0.000000000
0.92592593	0.000000000	0.000000000	0.000000000	0.000000000	0.000000000	0.000000000
0.93293293	0.000000000	0.000000000	0.000000000	0.000000000	0.000000000	0.000000000
0.93993994	0.000000000	0.000000000	0.000000000	0.000000000	0.000000000	0.000000000
0.94694695	0.000000000	0.000000000	0.000000000	0.000000000	0.000000000	0.000000000
0.95395395	0.000000000	0.000000000	0.000000000	0.000000000	0.000000000	0.000000000
0.96096096	0.000000000	0.000000000	0.000000000	0.000000000	0.000000000	0.000000000
0.96796797	0.000000000	0.000000000	0.000000000	0.000000000	0.000000000	0.000000000
0.97497497	0.000000000	0.000000000	0.000000000	0.000000000	0.000000000	0.000000000
0.98198198	0.000000000	0.000000000	0.000000000	0.000000000	0.000000000	0.000000000
0.98898899	0.000000000	0.000000000	0.000000000	0.000000000	0.000000000	0.000000000
0.99599600	0.000000000	0.000000000	0.000000000	0.000000000	0.000000000	0.000000000
1.00300300	0.000000000	0.000000000	0.000000000	0.000000000	0.000000000	0.000000000
1.01001001	0.000000000	0.000000000	0.000000000	0.000000000	0.000000000	0.000000000
1.01701702	0.000000000	0.000000000	0.000000000	0.000000000	0.000000000	0.000000000
1.02402402	0.000000000	0.000000000	0.000000000	0.000000000	0.000000000	0.000000000
1.03103103	0.000000000	0.000000000	0.000000000	0.000000000	0.000000000	0.000000000
1.03803804	0.000000000	0.000000000	0.000000000	0.000000000	0.000000000	0.000000000
1.04504505	0.000000000	0.000000000	0.000000000	0.000000000	0.000000000	0.000000000
1.05205205	0.000000000	0.000000000	0.000000000	0.000000000	0.000000000	0.000000000
1.05905906	0.000000000	0.000000000	0.000000000	0.000000000	0.000000000	0.000000000
1.06606607	0.000000000	0.000000000	0.000000000	0.000000000	0.000000000	0.000000000
1.07307307	0.000000000	0.000000000	0.000000000	0.000000000	0.000000000	0.000000000
1.08008008	0.000000000	0.000000000	0.000000000	0.000000000	0.000000000	0.000000000
1.08708709	0.000000000	0.000000000	0.000000000	0.000000000	0.000000000	0.000000000
1.09409409	0.000000000	0.000000000	0.000000000	0.000000000	0.000000000	0.000000000
1.10110110	0.000000000	0.000000000	0.000000000	0.000000000	0.000000000	0.000000000
1.10810811	0.000000000	0.000000000	0.000000000	0.000000000	0.000000000	0.000000000
1.11511512	0.000000000	0.000000000	0.000000000	0.000000000	0.000000000	0.000000000
1.12212212	0.000000000	0.000000000	0.000000000	0.000000000	0.000000000	0.000000000
1.12912913	0.000000000	0.000000000	0.000000000	0.000000000	0.000000000	0.000000000
1.13613614	0.000000000	0.000000000	0.000000000	0.000000000	0.000000000	0.000000000
1.14314314	0.000000000	0.000000000	0.000000000	0.000000000	0.000000000	0.000000000
1.15015015	0.000000000	0.000000000	0.000000000	0.000000000	0.000000000	0.000000000
1.15715716	0.000000000	0.000000000	0.000000000	0.000000000	0.000000000	0.000000000
1.16416416	0.000000000	0.000000000	0.000000000	0.000000000	0.000000000	0.000000000
1.17117117	0.000000000	0.000000000	0.000000000	0.000000000	0.000000000	0.000000000
1.17817818	0.000000000	0.000000000	0.000000000	0.000000000	0.000000000	0.000000000
1.18518519	0.000000000	0.000000000	0.000000000	0.000000000	0.000000000	0.000000000
1.19219219	0.000000000	0.000000000	0.000000000	0.000000000	0.000000000	0.000000000
1.19919920	0.000000000	0.000000000	0.000000000	0.000000000	0.000000000	0.000000000
1.20620621	0.000000000	0.000000000	0.000000000	0.000000000	0.000000000	0.000000000
1.21321321	0.000000000	0.000000000	0.000000000	0.000000000	0.000000000	0.000000000
1.22022022	0.000000000	0.000000000	0.000000000	0.000000000	0.000000000	0.000000000
1.22722723	0.000000000	0.000000000	0.000000000	0.000000000	0.000000000	0.000000000
1.23423423	0.000000000	0.000000000	0.000000000	0.000000000	0.000000000	0.000000000
1.24124124	0.000000000	0.000000000	0.000000000	0.000000000	0.000000000	0.000000000
1.24824825	0.000000000	0.000000000	0.000000000	0.000000000	0.000000000	0.000000000
1.25525526	0.000000000	0.000000000	0.000000000	0.000000000	0.000000000	0.000000000
1.26226226	0.000000000	0.000000000	0.000000000	0.000000000	0.000000000	0.000000000
1.26926927	0.000000000	0.000000000	0.000000000	0.000000000	0.000000000	0.000000000
1.27627628	0.000000000	0.000000000	0.000000000	0.000000000	0.000000000	0.000000000
1.28328328	0.000000000	0.000000000	0.000000000	0.000000000	0.000000000	0.000000000
1.29029029	0.000000000	0.000000000	0.000000000	0.000000000	0.000000000	0.000000000
1.29729730	0.000000000	0.000000000	0.000000000	0.000000000	0.000000000	0.000000000
1.30430430	0.000000000	0.000000000	0.000000000	0.000000000	0.000000000	0.000000000
1.31131131	0.000000000	0.000000000	0.000000000	0.000000000	0.000000000	0.000000000
1.31831832	0.000000000	0.000000000	0.000000000	0.000000000	0.000000000	0.000000000
1.32532533	0.000000000	0.000000000	0.000000000	0.000000000	0.000000000	0.000000000
1.33233233	0.000000000	0.000000000	0.000000000	0.000000000	0.000000000	0.000000000
1.33933934	0.000000000	0.000000000	0.000000000	0.000000000	0.000000000	0.000000000
1.34634635	0.000000000	0.000000000	0.000000000	0.000000000	0.000000000	0.000000000
1.35335335	0.000000000	0.000000000	0.000000000	0.000000000	0.000000000	0.000000000
1.36036036	0.000000000	0.000000000	0.000000000	0.000000000	0.000000000	0.000000000
1.36736737	0.000000000	0.000000000	0.000000000	0.000000000	0.000000000	0.000000000
1.37437437	0.000000000	0.000000000	0.000000000	0.000000000	0.000000000	0.000000000
1.38138138	0.000000000	0.000000000	0.000000000	0.000000000	0.000000000	0.000000000
1.38838839	0.000000000	0.000000000	0.000000000	0.000000000	0.000000000	0.000000000
1.39539540	0.000000000	0.000000000	0.000000000	0.000000000	0.000000000	0.000000000
1.40240240	0.000000000	0.000000000	0.000000000	0.000000000	0.000000000	0.000000000
1.40940941	0.000000000	0.000000000	0.000000000	0.000000000	0.000000000	0.000000000
1.41641642	0.000000000	0.000000000	0.000000000	0.000000000	0.000000000	0.000000000
1.42342342	0.000000000	0.000000000	0.000000000	0.000000000	0.000000000	0.000000000
1.43043043	0.000000000	0.000000000	0.000000000	0.000000000	0.000000000	0.000000000
1.43743744	0.000000000	0.000000000	0.000000000	0.000000000	0.000000000	0.000000000
1.44444444	0.000000000	0.000000000	0.000000000	0.000000000	0.000000000	0.000000000
1.45145145	0.000000000	0.000000000	0.000000000	0.000000000	0.000000000	0.000000000
1.45845846	0.000000000	0.000000000	0.000000000	0.000000000	0.000000000	0.000000000
1.46546547	0.000000000	0.000000000	0.000000000	0.000000000	0.000000000	0.000000000
1.47247247	0.000000000	0.000000000	0.000000000	0.000000000	0.000000000	0.000000000
1.47947948	0.000000000	0.000000000	0.000000000	0.000000000	0.000000000	0.000000000
1.48648649	0.000000000	0.000000000	0.000000000	0.000000000	0.000000000	0.000000000
1.49349349	0.000000000	0.000000000	0.000000000	0.000000000	0.000000000	0.000000000
1.50050050	0.000000000	0.000000000	0.000000000	0.000000000	0.000000000	0.000000000
1.50750751	0.000000000	0.000000000	0.000000000	0.000000000	0.000000000	0.000000000
1.51451451	0.000000000	0.000000000	0.000000000	0.000000000	0.000000000	0.000000000
1.52152152	0.000000000	0.000000000	0.000000000	0.000000000	0.000000000	0.000000000
1.52852853	0.000000000	0.000000000	0.000000000	0.000000000	0.000000000	0.000000000
1.53553554	0.000000000	0.000000000	0.000000000	0.000000000	0.000000000	0.000000000
1.54254254	0.000000000	0.000000000	0.000000000	0.000000000	0.000000000	0.000000000
1.54954955	0.000000000	0.000000000	0.000000000	0.000000000	0.000000000	0.000000000
1.55655656	0.000000000	0.000000000	0.000000000	0.000000000	0.000000000	0.000000000
1.56356356	0.000000000	0.000000000	0.000000000	0.000000000	0.000000000	0.000000000
1.57057057	0.000000000	0.000000000	0.000000000	0.000000000	0.000000000	0.000000000
1.57757758	0.000000000	0.000000000	0.000000000	0.000000000	0.000000000	0.000000000
1.58458458	0.000000000	0.000000000	0.000000000	0.000000000	0.000000000	0.000000000
1.59159159	0.000000000	0.000000000	0.000000000	0.000000000	0.000000000	0.000000000
1.59859860	0.000000000	0.000000000	0.000000000	0.000000000	0.000000000	0.000000000
1.60560561	0.000000000	0.000000000	0.000000000	0.000000000	0.000000000	0.000000000
1.61261261	0.000000000	0.000000000	0.000000000	0.000000000	0.000000000	0.000000000
1.61961962	0.000000000	0.000000000	0.000000000	0.000000000	0.000000000	0.000000000
1.62662663	0.000000000	0.000000000	0.000000000	0.000000000	0.000000000	0.000000000
1.63363363	0.000000000	0.000000000	0.000000000	0.000000000	0.000000000	0.000000000
1.64064064	0.000000000	0.000000000	0.000000000	0.000000000	0.000000000	0.000000000
1.64764765	0.000000000	0.000000000	0.000000000	0.000000000	0.000000000	0.000000000
1.65465465	0.000000000	0.000000000	0.000000000	0.000000000	0.000000000	0.000000000
1.66166166	0.000000000	0.000000000	0.000000000	0.000000000	0.000000000	0.000000000
1.66866867	0.000000000	0.000000000	0.000000000	0.000000000	0.000000000	0.000000000
1.67567568	0.000000000	0.000000000	0.000000000	0.000000000	0.000000000	0.000000000
1.68268268	0.000000000	0.000000000	0.000000000	0.000000000	0.000000000	0.000000000
1.68968969	0.000000000	0.000000000	0.000000000	0.000000000	0.000000000	0.000000000
1.69669670	0.000000000	0.000000000	0.000000000	0.000000000	0.000000000	0.000000000
1.70370370	0.000000000	0.000000000	0.000000000	0.000000000	0.000000000	0.000000000
1.71071071	0.000000000	0.000000000	0.000000000	0.000000000	0.000000000	0.000000000
1.71771772	0.000000000	0.000000000	0.000000000	0.000000000	0.000000000	0.000000000
1.72472472	0.000000000	0.000000000	0.000000000	0.000000000	0.000000000	0.000000000
1.73173173	0.000000000	0.000000000	0.000000000	0.000000000	0.000000000	0.000000000
1.73873874	0.000000000	0.000000000	0.000000000	0.000000000	0.000000000	0.000000000
1.74574575	0.000000000	0.000000000	0.000000000	0.000000000	0.000000000	0.000000000
1.75275275	0.000000000	0.000000000	0.000000000	0.000000000	0.000000000	0.000000000
1.75975976	0.000000000	0.000000000	0.000000000	0.000000000	0.000000000	0.000000000
1.76676677	0.000000000	0.000000000	0.000000000	0.000000000	0.000000000	0.000000000
1.77377377	0.000000000	0.000000000	0.000000000	0.000000000	0.000000000	0.000000000
1.78078078	0.000000000	0.000000000	0.000000000	0.000000000	0.000000000	0.000000000
1.78778779	0.000000000	0.000000000	0.000000000	0.000000000	0.000000000	0.000000000
1.79479479	0.000000000	0.000000000	0.000000000	0.000000000	0.000000000	0.000000000
1.80180180	0.000000000	0.000000000	0.000000000	0.000000000	0.000000000	0.000000000
1.80880881	0.000000000	0.000000000	0.000000000	0.000000000	0.000000000	0.000000000
1.81581582	0.000000000	0.000000000	0.000000000	0.000000000	0.000000000	0.000000000
1.82282282	0.000000000	0.000000000	0.000000000	0.000000000	0.000000000	0.000000000
1.82982983	0.000000000	0.000000000	0.000000000	0.000000000	0.000000000	0.000000000
1.83683684	0.000000000	0.000000000	0.000000000	0.000000000	0.000000000	0.000000000
1.84384384	0.000000000	0.000000000	0.000000000	0.000000000	0.000000000	0.000000000
1.85085085	0.000000000	0.000000000	0.000000000	0.000000000	0.000000000	0.000000000
1.85785786	0.000000000	0.000000000	0.000000000	0.000000000	0.000000000	0.000000000
1.86486486	0.000000000	0.000000000	0.000000000	0.000000000	0.000000000	0.000000000
1.87187187	0.000000000	0.000000000	0.000000000	0.000000000	0.000000000	0.000000000
1.87887888	0.000000000	0.000000000	0.000000000	0.000000000	0.000000000	0.000000000
1.88588589	0.000000000	0.000000000	0.000000000	0.000000000	0.000000000	0.000000000
1.89289289	0.000000000	0.000000000	0.000000000	0.000000000	0.000000000	0.000000000
1.89989990	0.000000000	0.000000000	0.000000000	0.000000000	0.000000000	0.000000000
1.90690691	0.000000000	0.000000000	0.000000000	0.000000000	0.000000000	0.000000000
1.91391391	0.000000000	0.000000000	0.000000000	0.000000000	0.000000000	0.000000000
1.92092092	0.000000000	0.000000000	0.000000000	0.000000000	0.000000000	0.000000000
1.92792793	0.000000000	0.000000000	0.000000000	0.000000000	0.000000000	0.000000000
1.93493493	0.000000000	0.000000000	0.000000000	0.000000000	0.000000000	0.000000000
1.94194194	0.000000000	0.000000000	0.000000000	0.000000000	0.000000000	0.000000000
1.94894895	0.000000000	0.000000000	0.000000000	0.000000000	0.000000000	0.000000000
1.95595596	0.000000000	0.000000000	0.000000000	0.000000000	0.000000000	0.000000000
1.96296296	0.000000000	0.000000000	0.000000000	0.000000000	0.000000000	0.000000000
1.96996997	0.000000000	0.000000000	0.000000000	0.000000000	0.000000000	0.000000000
1.97697698	0.000000000	0.000000000	0.000000000	0.000000000	0.000000000	0.000000000
1.98398398	0.000000000	0.000000000	0.000000000	0.000000000	0.000000000	0.000000000
1.99099099	0.000000000	0.000000000	0.000000000	0.000000000	0.000000000	0.000000000
1.99799800	0.000000000	0.000000000	0.000000000	0.000000000	0.000000000	0.000000000
2.00500501	0.000000000	0.000000000	0.000000000	0.000000000	0.000000000	0.000000000
2.01201201	0.000000000	0.000000000	0.000000000	0.000000000	0.000000000	0.000000000
2.01901902	0.000000000	0.000000000	0.000000000	0.000000000	0.000000000	0.000000000
2.02602603	0.000000000	0.000000000	0.000000000	0.000000000	0.000000000	0.000000000
2.03303303	0.000000000	0.000000000	0.000000000	0.000000000	0.000000000	0.000000000
2.04004004	0.000000000	0.000000000	0.000000000	0.000000000	0.000000000	0.000000000
2.04704705	0.000000000	0.000000000	0.000000000	0.000000000	0.000000000	0.000000000
2.05405405	0.000000000	0.000000000	0.000000000	0.000000000	0.000000000	0.000000000
2.06106106	0.000000000	0.000000000	0.000000000	0.000000000	0.000000000	0.000000000
2.06806807	0.000000000	0.000000000	0.000000000	0.000000000	0.000000000	0.000000000
2.07507508	0.000000000	0.000000000	0.000000000	0.000000000	0.000000000	0.000000000
2.08208208	0.000000000	0.000000000	0.000000000	0.000000000	0.000000000	0.000000000
2.08908909	0.000000000	0.000000000	0.000000000	0.000000000	0.000000000	0.000000000
2.09609610	0.000000000	0.000000000	0.000000000	0.000000000	0.000000000	0.000000000
2.10310310	0.000000000	0.000000000	0.000000000	0.000000000	0.000000000	0.000000000
2.11011011	0.000000000	0.000000000	0.000000000	0.000000000	0.000000000	0.000000000
2.11711712	0.000000000	0.000000000	0.000000000	0.000000000	0.000000000	0.000000000
2.12412412	0.000000000	0.000000000	0.000000000	0.000000000	0.000000000	0.000000000
2.13113113	0.000000000	0.000000000	0.000000000	0.000000000	0.000000000	0.000000000
2.13813814	0.000000000	0.000000000	0.000000000	0.000000000	0.000000000	0.000000000
2.14514515	0.000000000	0.000000000	0.000000000	0.000000000	0.000000000	0.000000000
2.15215215	0.000000000	0.000000000	0.000000000	0.000000000	0.000000000	0.000000000
2.15915916	0.000000000	0.000000000	0.000000000	0.000000000	0.000000000	0.000000000
2.16616617	0.000000000	0.000000000	0.000000000	0.000000000	0.000000000	0.000000000
2.17317317	0.000000000	0.000000000	0.000000000	0.000000000	0.000000000	0.000000000
2.18018018	0.000000000	0.000000000	0.000000000	0.000000000	0.000000000	0.000000000
2.18718719	0.000000000	0.000000000	0.000000000	0.000000000	0.000000000	0.000000000
2.19419419	0.000000000	0.000000000	0.000000000	0.000000000	0.000000000	0.000000000
2.20120120	0.000000000	0.000000000	0.000000000	0.000000000	0.000000000	0.000000000
2.20820821	0.000000000	0.000000000	0.000000000	0.000000000	0.000000000	0.000000000
2.21521522	0.000000000	0.000000000	0.000000000	0.000000000	0.000000000	0.000000000
2.22222222	0.000000000	0.000000000	0.000000000	0.000000000	0.000000000	0.000000000
2.22922923	0.000000000	0.000000000	0.000000000	0.000000000	0.000000000	0.000000000
2.23623624	0.000000000	0.000000000	0.000000000	0.000000000	0.000000000	0.000000000
2.24324324	0.000000000	0.000000000	0.000000000	0.000000000	0.000000000	0.000000000
2.25025025	0.000000000	0.000000000	0.000000000	0.000000000	0.000000000	0.000000000
2.25725726	0.000000000	0.000000000	0.000000000	0.000000000	0.000000000	0.000000000
2.26426426	0.000000000	0.000000000	0.000000000	0.000000000	0.000000000	0.000000000
2.27127127	0.000000000	0.000000000	0.000000000	0.000000000	0.000000000	0.000000000
2.27827828	0.000000000	0.000000000	0.000000000	0.000000000	0.000000000	0.000000000
2.28528529	0.000000000	0.000000000	0.000000000	0.000000000	0.000000000	0.000000000
2.29229229	0.000000000	0.000000000	0.000000000	0.000000000	0.000000000	0.000000000
2.29929930	0.000000000	0.000000000	0.000000000	0.000000000	0.000000000	0.000000000
2.30630631	0.000000000	0.000000000	0.000000000	0.000000000	0.000000000	0.000000000
2.31331331	0.000000000	0.000000000	0.000000000	0.000000000	0.000000000	0.000000000
2.32032032	0.000000000	0.000000000	0.000000000	0.000000000	0.000000000	0.000000000
2.32732733	0.000000000	0.000000000	0.000000000	0.000000000	0.000000000	0.000000000
2.33433433	0.000000000	0.000000000	0.000000000	0.000000000	0.000000000	0.000000000
2.34134134	0.000000000	0.000000000	0.000000000	0.000000000	0.000000000	0.000000000
2.34834835	0.000000000	0.000000000	0.000000000	0.000000000	0.000000000	0.000000000
2.35535536	0.000000000	0.000000000	0.000000000	0.000000000	0.000000000	0.000000000
2.36236236	0.000000000	0.000000000	0.000000000	0.000000000	0.000000000	0.000000000
2.36936937	0.000000000	0.000000000	0.000000000	0.000000000	0.000000000	0.000000000
2.37637638	0.000000000	0.000000000	0.000000000	0.000000000	0.000000000	0.000000000
2.38338338	0.000000000	0.000000000	0.000000000	0.000000000	0.000000000	0.000000000
2.39039039	0.000000000	0.000000000	0.000000000	0.000000000	0.000000000	0.000000000
2.39739740	0.000000000	0.000000000	0.000000000	0.000000000	0.000000000	0.000000000
2.40440440	0.000000000	0.000000000	0.000000000	0.000000000	0.000000000	0.000000000
2.41141141	0.000000000	0.000000000	0.000000000	0.000000000	0.000000000	0.000000000
2.41841842	0.000000000	0.000000000	0.000000000	0.000000000	0.000000000	0.000000000
2.42542543	0.000000000	0.000000000	0.000000000	0.000000000	0.000000000	0.000000000
2.43243243	0.000000000	0.000000000	0.000000000	0.000000000	0.000000000	0.000000000
2.43943944	0.000000000	0.000000000	0.000000000	0.000000000	0.000000000	0.000000000
2.44644645	0.000000000	0.000000000	0.000000000	0.000000000	0.000000000	0.000000000
2.45345345	0.000000000	0.000000000	0.000000000	0.000000000	0.000000000	0.000000000
2.46046046	0.000000000	0.000000000	0.000000000	0.000000000	0.000000000	0.000000000
2.46746747	0.000000000	0.000000000	0.000000000	0.000000000	0.000000000	0.000000000
2.47447447	0.000000000	0.000000000	0.000000000	0.000000000	0.000000000	0.000000000
2.48148148	0.000000000	0.000000000	0.000000000	0.000000000	0.000000000	0.000000000
2.48848849	0.000000000	0.000000000	0.000000000	0.000000000	0.000000000	0.000000000
2.49549550	0.000000000	0.000000000	0.000000000	0.000000000	0.000000000	0.000000000
2.50250250	0.000000000	0.000000000	0.000000000	0.000000000	0.000000000	0.000000000
2.50950951	0.000000000	0.000000000	0.000000000	0.000000000	0.000000000	0.000000000
2.51651652	0.000000000	0.000000000	0.000000000	0.000000000	0.000000000	0.000000000
2.52352352	0.000000000	0.000000000	0.000000000	0.000000000	0.000000000	0.000000000
2.53053053	0.000000000	0.000000000	0.000000000	0.000000000	0.000000000	0.000000000
2.53753754	0.000000000	0.000000000	0.000000000	0.000000000	0.000000000	0.000000000
2.54454454	0.000000000	0.000000000	0.000000000	0.000000000	0.000000000	0.000000000
2.55155155	0.000000000	0.000000000	0.000000000	0.000000000	0.000000000	0.000000000
2.55855856	0.000000000	0.000000000	0.000000000	0.000000000	0.000000000	0.000000000
2.56556557	0.000000000	0.000000000	0.000000000	0.000000000	0.000000000	0.000000000
2.57257257	0.000000000	0.000000000	0.000000000	0.000000000	0.000000000	0.000000000
2.57957958	0.000000000	0.000000000	0.000000000	0.000000000	0.000000000	0.000000000
2.58658659	0.000000000	0.000000000	0.000000000	0.000000000	0.000000000	0.000000000
2.59359359	0.000000000	0.000000000	0.000000000	0.000000000	0.000000000	0.000000000
2.60060060	0.000000000	0.000000000	0.000000000	0.000000000	0.000000000	0.000000000
2.60760761	0.000000000	0.000000000	0.000000000	0.000000000	0.000000000	0.000000000
2.61461461	0.000000000	0.000000000	0.000000000	0.000000000	0.000000000	0.000000000
2.62162162	0.000000000	0.000000000	0.000000000	0.000000000	0.000000000	0.000000000
2.62862863	0.000000000	0.000000000	0.000000000	0.000000000	0.000000000	0.000000000
2.63563564	0.000000000	0.000000000	0.000000000	0.000000000	0.000000000	0.000000000
2.64264264	0.000000000	0.000000000	0.000000000	0.000000000	0.000000000	0.000000000
2.64964965	0.000000000	0.000000000	0.000000000	0.000000000	0.000000000	0.000000000
2.65665666	0.000000000	0.000000000	0.000000000	0.000000000	0.000000000	0.000000000
2.66366366	0.000000000	0.000000000	0.000000000	0.000000000	0.000000000	0.000000000
2.67067067	0.000000000	0.000000000	0.000000000	0.000000000	0.000000000	0.000000000
2.67767768	0.000000000	0.000000000	0.000000000	0.000000000	0.000000000	0.000000000
2.68468468	0.000000000	0.000000000	0.000000000	0.000000000	0.000000000	0.000000000
2.69169169	0.000000000	0.000000000	0.000000000	0.000000000	0.000000000	0.000000000
2.69869870	0.000000000	0.000000000	0.000000000	0.000000000	0.000000000	0.000000000
2.70570571	0.000000000	0.000000000	0.000000000	0.000000000	0.000000000	0.000000000
2.71271271	0.000000000	0.000000000	0.000000000	0.000000000	0.000000000	0.000000000
2.71971972	0.000000000	0.000000000	0.000000000	0.000000000	0.000000000	0.000000000
2.72672673	0.000000000	0.000000000	0.000000000	0.000000000	0.000000000	0.000000000
2.73373373	0.000000000	0.000000000	0.000000000	0.000000000	0.000000000	0.000000000
2.74074074	0.000000000	0.000000000	0.000000000	0.000000000	0.000000000	0.000000000
2.74774775	0.000000000	0.000000000	0.000000000	0.000000000	0.000000000	0.000000000
2.75475475	0.000000000	0.000000000	0.000000000	0.000000000	0.000000000	0.000000000
2.76176176	0.000000000	0.000000000	0.000000000	0.000000000	0.000000000	0.000000000
2.76876877	0.000000000	0.000000000	0.000000000	0.000000000	0.000000000	0.000000000
2.77577578	0.000000000	0.000000000	0.000000000	0.000000000	0.000000000	0.000000000
2.78278278	0.000000000	0.000000000	0.000000000	0.000000000	0.000000000	0.000000000
2.78978979	0.000000000	0.000000000	0.000000000	0.000000000	0.000000000	0.000000000
2.79679680	0.000000000	0.000000000	0.000000000	0.000000000	0.000000000	0.000000000
2.80380380	0.000000000	0.000000000	0.000000000	0.000000000	0.000000000	0.000000000
2.81081081	0.000000000	0.000000000	0.000000000	0.000000000	0.000000000	0.000000000
2.81781782	0.000000000	0.000000000	0.000000000	0.000000000	0.000000000	0.000000000
2.82482482	0.000000000	0.000000000	0.000000000	0.000000000	0.000000000	0.000000000
2.83183183	0.000000000	0.000000000	0.000000000	0.000000000	0.000000000	0.000000000
2.83883884	0.000000000	0.000000000	0.000000000	0.000000000	0.000000000	0.000000000
2.84584585	0.000000000	0.000000000	0.000000000	0.000000000	0.000000000	0.000000000
2.85285285	0.000000000	0.000000000	0.000000000	0.000000000	0.000000000	0.000000000
2.85985986	0.000000000	0.000000000	0.000000000	0.000000000	0.000000000	0.000000000
2.86686687	0.000000000	0.000000000	0.000000000	0.000000000	0.000000000	0.000000000
2.87387387	0.000000000	0.000000000	0.000000000	0.000000000	0.000000000	0.000000000
2.88088088	0.000000000	0.000000000	0.000000000	0.000000000	0.000000000	0.000000000
2.88788789	0.000000000	0.000000000	0.000000000	0.000000000	0.000000000	0.000000000
2.89489489	0.000000000	0.000000000	0.000000000	0.000000000	0.000000000	0.000000000
2.90190190	0.000000000	0.000000000	0.000000000	0.000000000	0.000000000	0.000000000
2.90890891	0.000000000	0.000000000	0.000000000	0.000000000	0.000000000	0.000000000
2.91591592	0.000000000	0.000000000	0.000000000	0.000000000	0.000000000	0.000000000
2.92292292	0.000000000	0.000000000	0.000000000	0.000000000	0.000000000	0.000000000
2.92992993	0.000000000	0.000000000	0.000000000	0.000000000	0.000000000	0.000000000
2.93693694	0.000000000	0.000000000	0.000000000	0.000000000	0.000000000	0.000000000
2.94394394	0.000000000	0.000000000	0.000000000	0.000000000	0.000000000	0.000000000
2.95095095	0.000000000	0.000000000	0.000000000	0.000000000	0.000000000	0.000000000
2.95795796	0.000000000	0.000000000	0.000000000	0.000000000	0.000000000	0.000000000
2.96496496	0.000000000	0.000000000	0.000000000	0.000000000	0.000000000	0.000000000
2.97197197	0.000000000	0.000000000	0.000000000	0.000000000	0.000000000	0.000000000
2.97897898	0.000000000	0.000000000	0.000000000	0.000000000	0.000000000	0.000000000
2.98598599	0.000000000	0.000000000	0.000000000	0.000000000	0.000000000	0.000000000
2.99299299	0.000000000	0.000000000	0.000000000	0.000000000	0.000000000	0.000000000
3.00000000	0.000000000	0.000000000	0.000000000	0.000000000	0.000000000	0.000000000
