-4.000000000	0.004774725	0.003537465	0.006776888	0.001467826	0.007376742	0.002735103
-3.992992993	0.004859820	0.003605760	0.006906206	0.001498338	0.007487699	0.002791068
-3.985985986	0.004946358	0.003675316	0.007037842	0.001529464	0.007600271	0.002848128
-3.978978979	0.005034360	0.003746152	0.007171836	0.001561216	0.007714481	0.002906303
-3.971971972	0.005123851	0.003818293	0.007308226	0.001593606	0.007830351	0.002965614
-3.964964965	0.005214854	0.003891760	0.007447052	0.001626647	0.007947905	0.003026081
-3.957957958	0.005307393	0.003966577	0.007588355	0.001660351	0.008067165	0.003087727
-3.950950951	0.005401492	0.004042766	0.007732173	0.001694731	0.008188156	0.003150573
-3.943943944	0.005497176	0.004120352	0.007878550	0.001729800	0.008310902	0.003214640
-3.936936937	0.005594469	0.004199359	0.008027525	0.001765571	0.008435426	0.003279951
-3.929929930	0.005693398	0.004279811	0.008179143	0.001802058	0.008561754	0.003346530
-3.922922923	0.005793988	0.004361733	0.008333445	0.001839275	0.008689910	0.003414399
-3.915915916	0.005896264	0.004445150	0.008490476	0.001877235	0.008819920	0.003483581
-3.908908909	0.006000253	0.004530088	0.008650280	0.001915953	0.008951809	0.003554102
-3.901901902	0.006105983	0.004616574	0.008812900	0.001955443	0.009085604	0.003625985
-3.894894895	0.006213480	0.004704633	0.008978384	0.001995721	0.009221330	0.003699255
-3.887887888	0.006322771	0.004794293	0.009146777	0.002036801	0.009359014	0.003773937
-3.880880881	0.006433885	0.004885581	0.009318126	0.002078698	0.009498683	0.003850057
-3.873873874	0.006546851	0.004978525	0.009492478	0.002121429	0.009640364	0.003927641
-3.866866867	0.006661696	0.005073153	0.009669881	0.002165008	0.009784086	0.004006715
-3.859859860	0.006778450	0.005169493	0.009850384	0.002209453	0.009929875	0.004087307
-3.852852853	0.006897143	0.005267576	0.010034037	0.002254780	0.010077761	0.004169444
-3.845845846	0.007017804	0.005367429	0.010220889	0.002301005	0.010227771	0.004253154
-3.838838839	0.007140464	0.005469084	0.010410992	0.002348146	0.010379936	0.004338464
-3.831831832	0.007265154	0.005572571	0.010604397	0.002396220	0.010534284	0.004425405
-3.824824825	0.007391905	0.005677920	0.010801155	0.002445245	0.010690845	0.004514004
-3.817817818	0.007520748	0.005785164	0.011001321	0.002495238	0.010849650	0.004604293
-3.810810811	0.007651716	0.005894334	0.011204948	0.002546219	0.011010729	0.004696300
-3.803803804	0.007784841	0.006005462	0.011412089	0.002598205	0.011174113	0.004790058
-3.796796797	0.007920156	0.006118582	0.011622800	0.002651216	0.011339834	0.004885596
-3.789789790	0.008057696	0.006233727	0.011837138	0.002705271	0.011507922	0.004982948
-3.782782783	0.008197492	0.006350930	0.012055158	0.002760390	0.011678410	0.005082144
-3.775775776	0.008339581	0.006470227	0.012276917	0.002816593	0.011851332	0.005183219
-3.768768769	0.008483996	0.006591651	0.012502475	0.002873901	0.012026719	0.005286204
-3.761761762	0.008630774	0.006715240	0.012731889	0.002932333	0.012204605	0.005391135
-3.754754755	0.008779949	0.006841028	0.012965220	0.002991911	0.012385023	0.005498045
-3.747747748	0.008931558	0.006969052	0.013202527	0.003052658	0.012568009	0.005606970
-3.740740741	0.009085638	0.007099349	0.013443872	0.003114593	0.012753597	0.005717944
-3.733733734	0.009242226	0.007231958	0.013689317	0.003177741	0.012941821	0.005831005
-3.726726727	0.009401361	0.007366916	0.013938925	0.003242123	0.013132717	0.005946189
-3.719719720	0.009563079	0.007504262	0.014192760	0.003307763	0.013326321	0.006063532
-3.712712713	0.009727420	0.007644035	0.014450885	0.003374684	0.013522669	0.006183074
-3.705705706	0.009894423	0.007786276	0.014713365	0.003442910	0.013721798	0.006304852
-3.698698699	0.010064128	0.007931024	0.014980268	0.003512465	0.013923746	0.006428905
-3.691691692	0.010236575	0.008078322	0.015251660	0.003583374	0.014128550	0.006555274
-3.684684685	0.010411805	0.008228211	0.015527609	0.003655662	0.014336248	0.006683998
-3.677677678	0.010589859	0.008380733	0.015808183	0.003729355	0.014546879	0.006815119
-3.670670671	0.010770780	0.008535932	0.016093451	0.003804479	0.014760482	0.006948678
-3.663663664	0.010954609	0.008693850	0.016383485	0.003881060	0.014977096	0.007084717
-3.656656657	0.011141391	0.008854533	0.016678355	0.003959126	0.015196762	0.007223279
-3.649649650	0.011331167	0.009018025	0.016978133	0.004038703	0.015419520	0.007364408
-3.642642643	0.011523983	0.009184372	0.017282892	0.004119820	0.015645411	0.007508149
-3.635635636	0.011719884	0.009353620	0.017592706	0.004202506	0.015874476	0.007654545
-3.628628629	0.011918913	0.009525816	0.017907650	0.004286788	0.016106758	0.007803643
-3.621621622	0.012121119	0.009701007	0.018227799	0.004372696	0.016342299	0.007955489
-3.614614615	0.012326546	0.009879242	0.018553230	0.004460261	0.016581142	0.008110131
-3.607607608	0.012535241	0.010060570	0.018884020	0.004549513	0.016823331	0.008267615
-3.600600601	0.012747253	0.010245041	0.019220248	0.004640482	0.017068909	0.008427991
-3.593593594	0.012962630	0.010432704	0.019561993	0.004733200	0.017317922	0.008591308
-3.586586587	0.013181421	0.010623611	0.019909334	0.004827699	0.017570414	0.008757615
-3.579579580	0.013403674	0.010817814	0.020262354	0.004924012	0.017826431	0.008926964
-3.572572573	0.013629440	0.011015365	0.020621134	0.005022172	0.018086018	0.009099406
-3.565565566	0.013858771	0.011216318	0.020985758	0.005122212	0.018349224	0.009274994
-3.558558559	0.014091716	0.011420726	0.021356308	0.005224166	0.018616094	0.009453780
-3.551551552	0.014328328	0.011628645	0.021732871	0.005328070	0.018886677	0.009635819
-3.544544545	0.014568660	0.011840130	0.022115531	0.005433959	0.019161022	0.009821165
-3.537537538	0.014812765	0.012055237	0.022504377	0.005541869	0.019439176	0.010009873
-3.530530531	0.015060696	0.012274023	0.022899495	0.005651837	0.019721190	0.010202001
-3.523523524	0.015312509	0.012496547	0.023300974	0.005763899	0.020007113	0.010397606
-3.516516517	0.015568259	0.012722866	0.023708905	0.005878094	0.020296996	0.010596745
-3.509509510	0.015828001	0.012953042	0.024123377	0.005994460	0.020590891	0.010799477
-3.502502503	0.016091792	0.013187133	0.024544482	0.006113036	0.020888849	0.011005862
-3.495495495	0.016359689	0.013425201	0.024972314	0.006233863	0.021190922	0.011215961
-3.488488488	0.016631751	0.013667308	0.025406966	0.006356980	0.021497164	0.011429836
-3.481481481	0.016908036	0.013913516	0.025848533	0.006482429	0.021807628	0.011647548
-3.474474474	0.017188602	0.014163891	0.026297109	0.006610251	0.022122368	0.011869161
-3.467467467	0.017473511	0.014418495	0.026752792	0.006740489	0.022441439	0.012094740
-3.460460460	0.017762823	0.014677394	0.027215680	0.006873187	0.022764896	0.012324350
-3.453453453	0.018056599	0.014940655	0.027685871	0.007008388	0.023092796	0.012558056
-3.446446446	0.018354902	0.015208345	0.028163465	0.007146137	0.023425194	0.012795926
-3.439439439	0.018657794	0.015480532	0.028648563	0.007286480	0.023762149	0.013038028
-3.432432432	0.018965339	0.015757284	0.029141265	0.007429462	0.024103718	0.013284431
-3.425425425	0.019277601	0.016038672	0.029641675	0.007575130	0.024449960	0.013535205
-3.418418418	0.019594646	0.016324767	0.030149897	0.007723533	0.024800934	0.013790421
-3.411411411	0.019916539	0.016615639	0.030666036	0.007874718	0.025156699	0.014050151
-3.404404404	0.020243347	0.016911362	0.031190196	0.008028735	0.025517317	0.014314467
-3.397397397	0.020575137	0.017212009	0.031722484	0.008185634	0.025882848	0.014583444
-3.390390390	0.020911977	0.017517655	0.032263010	0.008345466	0.026253355	0.014857158
-3.383383383	0.021253937	0.017828375	0.032811880	0.008508283	0.026628899	0.015135683
-3.376376376	0.021601085	0.018144245	0.033369205	0.008674136	0.027009543	0.015419097
-3.369369369	0.021953492	0.018465343	0.033935095	0.008843080	0.027395353	0.015707478
-3.362362362	0.022311229	0.018791748	0.034509663	0.009015169	0.027786392	0.016000906
-3.355355355	0.022674368	0.019123538	0.035093021	0.009190458	0.028182724	0.016299461
-3.348348348	0.023042982	0.019460795	0.035685283	0.009369002	0.028584418	0.016603225
-3.341341341	0.023417145	0.019803598	0.036286563	0.009550859	0.028991538	0.016912279
-3.334334334	0.023796930	0.020152032	0.036896978	0.009736087	0.029404152	0.017226707
-3.327327327	0.024182413	0.020506179	0.037516643	0.009924744	0.029822328	0.017546595
-3.320320320	0.024573669	0.020866123	0.038145677	0.010116890	0.030246135	0.017872027
-3.313313313	0.024970776	0.021231950	0.038784198	0.010312586	0.030675642	0.018203092
-3.306306306	0.025373811	0.021603747	0.039432326	0.010511893	0.031110919	0.018539878
-3.299299299	0.025782852	0.021981601	0.040090181	0.010714873	0.031552037	0.018882473
-3.292292292	0.026197979	0.022365601	0.040757886	0.010921591	0.031999068	0.019230968
-3.285285285	0.026619270	0.022755837	0.041435562	0.011132110	0.032452084	0.019585455
-3.278278278	0.027046808	0.023152398	0.042123333	0.011346497	0.032911158	0.019946027
-3.271271271	0.027480674	0.023555378	0.042821323	0.011564818	0.033376363	0.020312778
-3.264264264	0.027920949	0.023964868	0.043529658	0.011787140	0.033847775	0.020685803
-3.257257257	0.028367718	0.024380963	0.044248464	0.012013533	0.034325468	0.021065199
-3.250250250	0.028821065	0.024803759	0.044977868	0.012244065	0.034809519	0.021451064
-3.243243243	0.029281074	0.025233351	0.045717997	0.012478808	0.035300003	0.021843495
-3.236236236	0.029747832	0.025669836	0.046468982	0.012717833	0.035797000	0.022242595
-3.229229229	0.030221424	0.026113313	0.047230952	0.012961214	0.036300586	0.022648463
-3.222222222	0.030701939	0.026563882	0.048004036	0.013209024	0.036810841	0.023061204
-3.215215215	0.031189464	0.027021644	0.048788368	0.013461340	0.037327844	0.023480920
-3.208208208	0.031684089	0.027486699	0.049584079	0.013718237	0.037851677	0.023907718
-3.201201201	0.032185904	0.027959152	0.050391302	0.013979792	0.038382420	0.024341704
-3.194194194	0.032695000	0.028439106	0.051210172	0.014246085	0.038920156	0.024782985
-3.187187187	0.033211468	0.028926666	0.052040823	0.014517196	0.039464967	0.025231671
-3.180180180	0.033735401	0.029421940	0.052883390	0.014793205	0.040016937	0.025687872
-3.173173173	0.034266893	0.029925034	0.053738011	0.015074195	0.040576150	0.026151701
-3.166166166	0.034806037	0.030436057	0.054604821	0.015360250	0.041142692	0.026623270
-3.159159159	0.035352929	0.030955119	0.055483960	0.015651454	0.041716648	0.027102694
-3.152152152	0.035907665	0.031482332	0.056375564	0.015947893	0.042298105	0.027590088
-3.145145145	0.036470341	0.032017808	0.057279774	0.016249655	0.042887151	0.028085570
-3.138138138	0.037041056	0.032561659	0.058196729	0.016556829	0.043483873	0.028589258
-3.131131131	0.037619907	0.033114001	0.059126570	0.016869504	0.044088362	0.029101273
-3.124124124	0.038206995	0.033674950	0.060069438	0.017187772	0.044700707	0.029621735
-3.117117117	0.038802418	0.034244622	0.061025473	0.017511725	0.045320998	0.030150767
-3.110110110	0.039406280	0.034823136	0.061994820	0.017841458	0.045949327	0.030688492
-3.103103103	0.040018681	0.035410611	0.062977620	0.018177065	0.046585786	0.031235038
-3.096096096	0.040639724	0.036007167	0.063974017	0.018518643	0.047230469	0.031790529
-3.089089089	0.041269513	0.036612927	0.064984154	0.018866291	0.047883469	0.032355094
-3.082082082	0.041908151	0.037228014	0.066008176	0.019220108	0.048544880	0.032928863
-3.075075075	0.042555746	0.037852550	0.067046227	0.019580195	0.049214799	0.033511966
-3.068068068	0.043212402	0.038486663	0.068098452	0.019946654	0.049893320	0.034104537
-3.061061061	0.043878226	0.039130478	0.069164998	0.020319589	0.050580542	0.034706708
-3.054054054	0.044553327	0.039784123	0.070246009	0.020699106	0.051276562	0.035318614
-3.047047047	0.045237813	0.040447728	0.071341632	0.021085312	0.051981478	0.035940393
-3.040040040	0.045931793	0.041121421	0.072452013	0.021478313	0.052695390	0.036572182
-3.033033033	0.046635377	0.041805335	0.073577299	0.021878222	0.053418398	0.037214120
-3.026026026	0.047348676	0.042499602	0.074717637	0.022285148	0.054150603	0.037866348
-3.019019019	0.048071803	0.043204356	0.075873173	0.022699204	0.054892106	0.038529009
-3.012012012	0.048804870	0.043919731	0.077044054	0.023120506	0.055643010	0.039202245
-3.005005005	0.049547989	0.044645863	0.078230428	0.023549169	0.056403418	0.039886202
-2.997997998	0.050301276	0.045382890	0.079432442	0.023985311	0.057173434	0.040581027
-2.990990991	0.051064845	0.046130951	0.080650243	0.024429051	0.057953163	0.041286865
-2.983983984	0.051838812	0.046890183	0.081883978	0.024880510	0.058742710	0.042003868
-2.976976977	0.052623292	0.047660729	0.083133794	0.025339810	0.059542181	0.042732185
-2.969969970	0.053418405	0.048442730	0.084399839	0.025807075	0.060351684	0.043471968
-2.962962963	0.054224266	0.049236328	0.085682258	0.026282432	0.061171326	0.044223371
-2.955955956	0.055040995	0.050041669	0.086981199	0.026766007	0.062001215	0.044986548
-2.948948949	0.055868711	0.050858896	0.088296807	0.027257931	0.062841461	0.045761655
-2.941941942	0.056707535	0.051688157	0.089629229	0.027758332	0.063692174	0.046548850
-2.934934935	0.057557586	0.052529598	0.090978609	0.028267345	0.064553465	0.047348291
-2.927927928	0.058418986	0.053383369	0.092345093	0.028785104	0.065425443	0.048160139
-2.920920921	0.059291857	0.054249618	0.093728825	0.029311744	0.066308223	0.048984554
-2.913913914	0.060176322	0.055128497	0.095129950	0.029847404	0.067201916	0.049821700
-2.906906907	0.061072504	0.056020156	0.096548610	0.030392222	0.068106636	0.050671741
-2.899899900	0.061980528	0.056924749	0.097984949	0.030946340	0.069022497	0.051534842
-2.892892893	0.062900516	0.057842429	0.099439108	0.031509902	0.069949614	0.052411169
-2.885885886	0.063832595	0.058773352	0.100911228	0.032083052	0.070888102	0.053300891
-2.878878879	0.064776891	0.059717671	0.102401449	0.032665937	0.071838077	0.054204177
-2.871871872	0.065733528	0.060675545	0.103909912	0.033258705	0.072799656	0.055121197
-2.864864865	0.066702636	0.061647131	0.105436754	0.033861507	0.073772957	0.056052123
-2.857857858	0.067684339	0.062632588	0.106982112	0.034474496	0.074758097	0.056997128
-2.850850851	0.068678767	0.063632074	0.108546122	0.035097825	0.075755194	0.057956386
-2.843843844	0.069686047	0.064645750	0.110128920	0.035731650	0.076764369	0.058930072
-2.836836837	0.070706308	0.065673778	0.111730639	0.036376129	0.077785740	0.059918362
-2.829829830	0.071739680	0.066716319	0.113351412	0.037031421	0.078819428	0.060921435
-2.822822823	0.072786292	0.067773536	0.114991368	0.037697690	0.079865554	0.061939469
-2.815815816	0.073846273	0.068845593	0.116650638	0.038375097	0.080924239	0.062972643
-2.808808809	0.074919755	0.069932655	0.118329349	0.039063809	0.081995605	0.064021138
-2.801801802	0.076006867	0.071034885	0.120027627	0.039763992	0.083079775	0.065085137
-2.794794795	0.077107741	0.072152452	0.121745596	0.040475817	0.084176870	0.066164822
-2.787787788	0.078222508	0.073285520	0.123483379	0.041199453	0.085287015	0.067260377
-2.780780781	0.079351299	0.074434257	0.125241096	0.041935076	0.086410333	0.068371987
-2.773773774	0.080494246	0.075598832	0.127018866	0.042682858	0.087546948	0.069499837
-2.766766767	0.081651482	0.076779411	0.128816805	0.043442979	0.088696985	0.070644114
-2.759759760	0.082823138	0.077976166	0.130635027	0.044215616	0.089860569	0.071805006
-2.752752753	0.084009346	0.079189264	0.132473644	0.045000950	0.091037825	0.072982701
-2.745745746	0.085210239	0.080418875	0.134332766	0.045799165	0.092228879	0.074177387
-2.738738739	0.086425950	0.081665171	0.136212499	0.046610445	0.093433856	0.075389255
-2.731731732	0.087656611	0.082928322	0.138112948	0.047434978	0.094652883	0.076618495
-2.724724725	0.088902354	0.084208500	0.140034214	0.048272951	0.095886086	0.077865298
-2.717717718	0.090163312	0.085505875	0.141976397	0.049124557	0.097133592	0.079129856
-2.710710711	0.091439617	0.086820619	0.143939593	0.049989986	0.098395529	0.080412362
-2.703703704	0.092731403	0.088152906	0.145923894	0.050869435	0.099672022	0.081713007
-2.696696697	0.094038800	0.089502905	0.147929390	0.051763100	0.100963200	0.083031986
-2.689689690	0.095361942	0.090870791	0.149956168	0.052671178	0.102269190	0.084369493
-2.682682683	0.096700960	0.092256736	0.152004313	0.053593872	0.103590119	0.085725720
-2.675675676	0.098055986	0.093660911	0.154073902	0.054531383	0.104926114	0.087100864
-2.668668669	0.099427150	0.095083489	0.156165014	0.055483916	0.106277305	0.088495118
-2.661661662	0.100814585	0.096524644	0.158277720	0.056451677	0.107643817	0.089908677
-2.654654655	0.102218420	0.097984546	0.160412091	0.057434874	0.109025779	0.091341737
-2.647647648	0.103638787	0.099463368	0.162568190	0.058433718	0.110423318	0.092794493
-2.640640641	0.105075814	0.100961282	0.164746079	0.059448420	0.111836561	0.094267140
-2.633633634	0.106529631	0.102478459	0.166945815	0.060479195	0.113265637	0.095759873
-2.626626627	0.108000366	0.104015071	0.169167451	0.061526258	0.114710671	0.097272887
-2.619619620	0.109488149	0.105571288	0.171411036	0.062589827	0.116171791	0.098806377
-2.612612613	0.110993105	0.107147280	0.173676612	0.063670122	0.117649123	0.100360538
-2.605605606	0.112515362	0.108743217	0.175964219	0.064767363	0.119142794	0.101935563
-2.598598599	0.114055045	0.110359268	0.178273893	0.065881775	0.120652929	0.103531648
-2.591591592	0.115612280	0.111995602	0.180605661	0.067013581	0.122179655	0.105148986
-2.584584585	0.117187191	0.113652385	0.182959550	0.068163010	0.123723096	0.106787768
-2.577577578	0.118779902	0.115329785	0.185335578	0.069330288	0.125283377	0.108448188
-2.570570571	0.120390533	0.117027966	0.187733760	0.070515647	0.126860622	0.110130438
-2.563563564	0.122019208	0.118747095	0.190154104	0.071719319	0.128454955	0.111834708
-2.556556557	0.123666045	0.120487334	0.192596614	0.072941536	0.130066499	0.113561187
-2.549549550	0.125331164	0.122248846	0.195061287	0.074182534	0.131695376	0.115310066
-2.542542543	0.127014682	0.124031792	0.197548116	0.075442549	0.133341707	0.117081531
-2.535535536	0.128716716	0.125836333	0.200057085	0.076721821	0.135005614	0.118875770
-2.528528529	0.130437381	0.127662625	0.202588174	0.078020589	0.136687216	0.120692968
-2.521521522	0.132176790	0.129510827	0.205141358	0.079339094	0.138386632	0.122533309
-2.514514515	0.133935056	0.131381093	0.207716602	0.080677580	0.140103981	0.124396975
-2.507507508	0.135712289	0.133273577	0.210313868	0.082036290	0.141839380	0.126284148
-2.500500501	0.137508598	0.135188431	0.212933110	0.083415471	0.143592945	0.128195006
-2.493493493	0.139324090	0.137125804	0.215574275	0.084815369	0.145364790	0.130129729
-2.486486486	0.141158871	0.139085845	0.218237303	0.086236232	0.147155030	0.132088490
-2.479479479	0.143013043	0.141068698	0.220922126	0.087678310	0.148963778	0.134071464
-2.472472472	0.144886710	0.143074508	0.223628672	0.089141855	0.150791143	0.136078822
-2.465465465	0.146779969	0.145103415	0.226356858	0.090627117	0.152637237	0.138110734
-2.458458458	0.148692919	0.147155559	0.229106596	0.092134350	0.154502167	0.140167366
-2.451451451	0.150625656	0.149231074	0.231877788	0.093663807	0.156386041	0.142248883
-2.444444444	0.152578271	0.151330095	0.234670331	0.095215744	0.158288963	0.144355446
-2.437437437	0.154550856	0.153452753	0.237484111	0.096790417	0.160211038	0.146487215
-2.430430430	0.156543500	0.155599174	0.240319010	0.098388082	0.162152367	0.148644345
-2.423423423	0.158556287	0.157769484	0.243174896	0.100008996	0.164113050	0.150826989
-2.416416416	0.160589302	0.159963804	0.246051635	0.101653419	0.166093186	0.153035297
-2.409409409	0.162642624	0.162182252	0.248949079	0.103321608	0.168092871	0.155269416
-2.402402402	0.164716332	0.164424944	0.251867075	0.105013823	0.170112198	0.157529488
-2.395395395	0.166810500	0.166691990	0.254805460	0.106730324	0.172151260	0.159815653
-2.388388388	0.168925201	0.168983499	0.257764060	0.108471371	0.174210147	0.162128047
-2.381381381	0.171060503	0.171299573	0.260742696	0.110237224	0.176288946	0.164466801
-2.374374374	0.173216472	0.173640313	0.263741177	0.112028144	0.178387742	0.166832043
-2.367367367	0.175393170	0.176005815	0.266759303	0.113844393	0.180506618	0.169223895
-2.360360360	0.177590658	0.178396169	0.269796865	0.115686230	0.182645654	0.171642478
-2.353353353	0.179808990	0.180811465	0.272853643	0.117553917	0.184804928	0.174087906
-2.346346346	0.182048219	0.183251783	0.275929410	0.119447715	0.186984513	0.176560288
-2.339339339	0.184308394	0.185717202	0.279023926	0.121367883	0.189184483	0.179059728
-2.332332332	0.186589559	0.188207795	0.282136943	0.123314681	0.191404905	0.181586327
-2.325325325	0.188891756	0.190723630	0.285268202	0.125288370	0.193645846	0.184140179
-2.318318318	0.191215022	0.193264771	0.288417435	0.127289208	0.195907368	0.186721373
-2.311311311	0.193559389	0.195831275	0.291584360	0.129317453	0.198189531	0.189329992
-2.304304304	0.195924888	0.198423194	0.294768689	0.131373362	0.200492391	0.191966113
-2.297297297	0.198311542	0.201040576	0.297970121	0.133457192	0.202816000	0.194629809
-2.290290290	0.200719372	0.203683461	0.301188344	0.135569198	0.205160408	0.197321145
-2.283283283	0.203148394	0.206351884	0.304423036	0.137709634	0.207525659	0.200040179
-2.276276276	0.205598619	0.209045875	0.307673863	0.139878752	0.209911796	0.202786965
-2.269269269	0.208070053	0.211765455	0.310940482	0.142076804	0.212318857	0.205561547
-2.262262262	0.210562699	0.214510641	0.314222535	0.144304039	0.214746874	0.208363965
-2.255255255	0.213076554	0.217281444	0.317519657	0.146560705	0.217195877	0.211194250
-2.248248248	0.215611609	0.220077865	0.320831469	0.148847046	0.219665893	0.214052426
-2.241241241	0.218167850	0.222899900	0.324157580	0.151163308	0.222156942	0.216938510
-2.234234234	0.220745260	0.225747539	0.327497590	0.153509731	0.224669039	0.219852510
-2.227227227	0.223343815	0.228620762	0.330851086	0.155886553	0.227202199	0.222794429
-2.220220220	0.225963484	0.231519544	0.334217641	0.158294012	0.229756426	0.225764257
-2.213213213	0.228604233	0.234443851	0.337596820	0.160732339	0.232331725	0.228761981
-2.206206206	0.231266021	0.237393641	0.340988174	0.163201767	0.234928092	0.231787574
-2.199199199	0.233948801	0.240368865	0.344391243	0.165702521	0.237545519	0.234841004
-2.192192192	0.236652521	0.243369465	0.347805552	0.168234826	0.240183994	0.237922230
-2.185185185	0.239377121	0.246395374	0.351230619	0.170798902	0.242843498	0.241031198
-2.178178178	0.242122538	0.249446518	0.354665946	0.173394965	0.245524007	0.244167848
-2.171171171	0.244888699	0.252522812	0.358111024	0.176023229	0.248225492	0.247332110
-2.164164164	0.247675527	0.255624165	0.361565331	0.178683901	0.250947918	0.250523902
-2.157157157	0.250482937	0.258750473	0.365028335	0.181377186	0.253691244	0.253743133
-2.150150150	0.253310838	0.261901627	0.368499489	0.184103283	0.256455422	0.256989703
-2.143143143	0.256159132	0.265077505	0.371978235	0.186862387	0.259240399	0.260263500
-2.136136136	0.259027715	0.268277977	0.375464004	0.189654688	0.262046115	0.263564399
-2.129129129	0.261916475	0.271502902	0.378956212	0.192480369	0.264872505	0.266892269
-2.122122122	0.264825291	0.274752129	0.382454265	0.195339610	0.267719495	0.270246962
-2.115115115	0.267754038	0.278025498	0.385957555	0.198232584	0.270587006	0.273628324
-2.108108108	0.270702582	0.281322837	0.389465462	0.201159458	0.273474951	0.277036184
-2.101101101	0.273670781	0.284643964	0.392977356	0.204120393	0.276383238	0.280470362
-2.094094094	0.276658486	0.287988686	0.396492592	0.207115543	0.279311766	0.283930667
-2.087087087	0.279665540	0.291356798	0.400010514	0.210145056	0.282260426	0.287416892
-2.080080080	0.282691779	0.294748085	0.403530454	0.213209072	0.285229103	0.290928819
-2.073073073	0.285737028	0.298162321	0.407051731	0.216307725	0.288217674	0.294466218
-2.066066066	0.288801107	0.301599266	0.410573653	0.219441140	0.291226009	0.298028844
-2.059059059	0.291883826	0.305058670	0.414095515	0.222609436	0.294253967	0.301616441
-2.052052052	0.294984987	0.308540270	0.417616603	0.225812721	0.297301403	0.305228738
-2.045045045	0.298104385	0.312043793	0.421136188	0.229051097	0.300368162	0.308865448
-2.038038038	0.301241803	0.315568950	0.424653529	0.232324656	0.303454079	0.312526275
-2.031031031	0.304397019	0.319115442	0.428167878	0.235633483	0.306558982	0.316210905
-2.024024024	0.307569798	0.322682957	0.431678470	0.238977650	0.309682691	0.319919010
-2.017017017	0.310759900	0.326271168	0.435184533	0.242357223	0.312825017	0.323650248
-2.010010010	0.313967074	0.329879738	0.438685282	0.245772256	0.315985759	0.327404262
-2.003003003	0.317191060	0.333508315	0.442179920	0.249222793	0.319164712	0.331180680
-1.995995996	0.320431588	0.337156533	0.445667642	0.252708867	0.322361656	0.334979115
-1.988988989	0.323688380	0.340824014	0.449147629	0.256230502	0.325576366	0.338799164
-1.981981982	0.326961147	0.344510365	0.452619055	0.259787708	0.328808605	0.342640408
-1.974974975	0.330249592	0.348215178	0.456081081	0.263380486	0.332058128	0.346502412
-1.967967968	0.333553407	0.351938035	0.459532859	0.267008823	0.335324678	0.350384727
-1.960960961	0.336872274	0.355678498	0.462973531	0.270672694	0.338607989	0.354286885
-1.953953954	0.340205866	0.359436120	0.466402231	0.274372062	0.341907785	0.358208403
-1.946946947	0.343553846	0.363210437	0.469818080	0.278106878	0.345223779	0.362148782
-1.939939940	0.346915865	0.367000969	0.473220193	0.281877077	0.348555673	0.366107504
-1.932932933	0.350291568	0.370807223	0.476607676	0.285682583	0.351903161	0.370084037
-1.925925926	0.353680585	0.374628692	0.479979624	0.289523304	0.355265923	0.374077831
-1.918918919	0.357082538	0.378464852	0.483335126	0.293399134	0.358643629	0.378088316
-1.911911912	0.360497039	0.382315163	0.486673262	0.297309952	0.362035938	0.382114909
-1.904904905	0.363923688	0.386179074	0.489993105	0.301255624	0.365442499	0.386157006
-1.897897898	0.367362076	0.390056014	0.493293719	0.305235997	0.368862948	0.390213988
-1.890890891	0.370811782	0.393945398	0.496574163	0.309250904	0.372296910	0.394285217
-1.883883884	0.374272375	0.397846628	0.499833488	0.313300162	0.375743997	0.398370036
-1.876876877	0.377743413	0.401759086	0.503070739	0.317383571	0.379203813	0.402467773
-1.869869870	0.381224443	0.405682142	0.506284955	0.321500912	0.382675945	0.406577735
-1.862862863	0.384715002	0.409615147	0.509475169	0.325651952	0.386159972	0.410699214
-1.855855856	0.388214616	0.413557440	0.512640409	0.329836437	0.389655458	0.414831480
-1.848848849	0.391722798	0.417508340	0.515779698	0.334054097	0.393161958	0.418973788
-1.841841842	0.395239053	0.421467154	0.518892055	0.338304642	0.396679010	0.423125374
-1.834834835	0.398762872	0.425433169	0.521976495	0.342587764	0.400206144	0.427285455
-1.827827828	0.402293738	0.429405659	0.525032029	0.346903134	0.403742875	0.431453229
-1.820820821	0.405831121	0.433383882	0.528057664	0.351250406	0.407288705	0.435627877
-1.813813814	0.409374479	0.437367078	0.531052406	0.355629211	0.410843124	0.439808562
-1.806806807	0.412923262	0.441354472	0.534015258	0.360039162	0.414405608	0.443994427
-1.799799800	0.416476906	0.445345273	0.536945222	0.364479848	0.417975622	0.448184598
-1.792792793	0.420034837	0.449338675	0.539841296	0.368950840	0.421552617	0.452378182
-1.785785786	0.423596470	0.453333855	0.542702481	0.373451686	0.425136028	0.456574268
-1.778778779	0.427161209	0.457329973	0.545527775	0.377981910	0.428725281	0.460771927
-1.771771772	0.430728446	0.461326176	0.548316177	0.382541017	0.432319786	0.464970211
-1.764764765	0.434297563	0.465321594	0.551066687	0.387128488	0.435918940	0.469168156
-1.757757758	0.437867930	0.469315340	0.553778306	0.391743779	0.439522128	0.473364778
-1.750750751	0.441438908	0.473306513	0.556450037	0.396386326	0.443128718	0.477559075
-1.743743744	0.445009844	0.477294196	0.559080885	0.401055538	0.446738068	0.481750031
-1.736736737	0.448580077	0.481277458	0.561669859	0.405750801	0.450349521	0.485936607
-1.729729730	0.452148933	0.485255350	0.564215969	0.410471477	0.453962405	0.490117751
-1.722722723	0.455715728	0.489226910	0.566718232	0.415216903	0.457576037	0.494292392
-1.715715716	0.459279767	0.493191162	0.569175667	0.419986391	0.461189717	0.498459443
-1.708708709	0.462840346	0.497147112	0.571587301	0.424779225	0.464802734	0.502617799
-1.701701702	0.466396749	0.501093755	0.573952164	0.429594668	0.468414362	0.506766340
-1.694694695	0.469948249	0.505030070	0.576269295	0.434431953	0.472023862	0.510903928
-1.687687688	0.473494109	0.508955022	0.578537737	0.439290288	0.475630480	0.515029411
-1.680680681	0.477033584	0.512867562	0.580756544	0.444168855	0.479233448	0.519141620
-1.673673674	0.480565915	0.516766628	0.582924775	0.449066807	0.482831988	0.523239371
-1.666666667	0.484090336	0.520651145	0.585041499	0.453983273	0.486425302	0.527321465
-1.659659660	0.487606070	0.524520023	0.587105796	0.458917352	0.490012585	0.531386688
-1.652652653	0.491112331	0.528372161	0.589116754	0.463868116	0.493593014	0.535433812
-1.645645646	0.494608322	0.532206446	0.591073473	0.468834610	0.497165755	0.539461596
-1.638638639	0.498093237	0.536021752	0.592975063	0.473815849	0.500729957	0.543468785
-1.631631632	0.501566262	0.539816940	0.594820647	0.478810824	0.504284761	0.547454108
-1.624624625	0.505026573	0.543590862	0.596609359	0.483818492	0.507829291	0.551416287
-1.617617618	0.508473337	0.547342357	0.598340349	0.488837786	0.511362657	0.555354026
-1.610610611	0.511905713	0.551070255	0.600012779	0.493867608	0.514883961	0.559266021
-1.603603604	0.515322850	0.554773374	0.601625825	0.498906833	0.518392286	0.563150956
-1.596596597	0.518723891	0.558450524	0.603178678	0.503954304	0.521886707	0.567007504
-1.589589590	0.522107968	0.562100505	0.604670546	0.509008839	0.525366285	0.570834327
-1.582582583	0.525474208	0.565722107	0.606100653	0.514069224	0.528830066	0.574630079
-1.575575576	0.528821728	0.569314113	0.607468239	0.519134217	0.532277088	0.578393405
-1.568568569	0.532149640	0.572875297	0.608772563	0.524202548	0.535706374	0.582122940
-1.561561562	0.535457047	0.576404427	0.610012899	0.529272917	0.539116936	0.585817313
-1.554554555	0.538743046	0.579900262	0.611188543	0.534343994	0.542507776	0.589475145
-1.547547548	0.542006727	0.583361557	0.612298810	0.539414421	0.545877881	0.593095050
-1.540540541	0.545247174	0.586787059	0.613343032	0.544482813	0.549226230	0.596675637
-1.533533534	0.548463465	0.590175511	0.614320565	0.549547752	0.552551791	0.600215510
-1.526526527	0.551654672	0.593525651	0.615230784	0.554607797	0.555853519	0.603713269
-1.519519520	0.554819862	0.596836213	0.616073087	0.559661473	0.559130361	0.607167509
-1.512512513	0.557958096	0.600105927	0.616846891	0.564707280	0.562381253	0.610576824
-1.505505506	0.561068431	0.603333522	0.617551640	0.569743689	0.565605121	0.613939803
-1.498498498	0.564149921	0.606517724	0.618186799	0.574769145	0.568800884	0.617255037
-1.491491491	0.567201612	0.609657255	0.618751855	0.579782062	0.571967448	0.620521115
-1.484484484	0.570222550	0.612750839	0.619246323	0.584780830	0.575103713	0.623736626
-1.477477477	0.573211776	0.615797200	0.619669740	0.589763811	0.578208571	0.626900161
-1.470470470	0.576168328	0.618795061	0.620021669	0.594729340	0.581280904	0.630010312
-1.463463463	0.579091241	0.621743147	0.620301698	0.599675727	0.584319588	0.633065675
-1.456456456	0.581979549	0.624640185	0.620509443	0.604601256	0.587323493	0.636064849
-1.449449449	0.584832282	0.627484905	0.620644544	0.609504185	0.590291480	0.639006438
-1.442442442	0.587648471	0.630276041	0.620706669	0.614382749	0.593222404	0.641889051
-1.435435435	0.590427143	0.633012329	0.620695515	0.619235158	0.596115117	0.644711306
-1.428428428	0.593167328	0.635692512	0.620610804	0.624059598	0.598968462	0.647471824
-1.421421421	0.595868052	0.638315339	0.620452287	0.628854233	0.601781281	0.650169239
-1.414414414	0.598528343	0.640879564	0.620219744	0.633617205	0.604552408	0.652802190
-1.407407407	0.601147230	0.643383951	0.619912983	0.638346634	0.607280677	0.655369331
-1.400400400	0.603723741	0.645827270	0.619531842	0.643040618	0.609964915	0.657869324
-1.393393393	0.606256908	0.648208300	0.619076186	0.647697238	0.612603950	0.660300844
-1.386386386	0.608745762	0.650525832	0.618545913	0.652314553	0.615196606	0.662662580
-1.379379379	0.611189339	0.652778665	0.617940947	0.656890605	0.617741705	0.664953234
-1.372372372	0.613586675	0.654965613	0.617261245	0.661423417	0.620238070	0.667171525
-1.365365365	0.615936813	0.657085498	0.616506792	0.665910997	0.622684522	0.669316187
-1.358358358	0.618238796	0.659137158	0.615677605	0.670351337	0.625079884	0.671385971
-1.351351351	0.620491672	0.661119446	0.614773731	0.674742415	0.627422979	0.673379647
-1.344344344	0.622694495	0.663031228	0.613795246	0.679082193	0.629712632	0.675296005
-1.337337337	0.624846323	0.664871385	0.612742259	0.683368623	0.631947670	0.677133853
-1.330330330	0.626946219	0.666638818	0.611614907	0.687599643	0.634126923	0.678892024
-1.323323323	0.628993253	0.668332442	0.610413361	0.691773184	0.636249226	0.680569369
-1.316316316	0.630986501	0.669951192	0.609137820	0.695887166	0.638313416	0.682164766
-1.309309309	0.632925046	0.671494023	0.607788514	0.699939500	0.640318338	0.683677115
-1.302302302	0.634807979	0.672959907	0.606365706	0.703928093	0.642262841	0.685105342
-1.295295295	0.636634397	0.674347840	0.604869686	0.707850844	0.644145781	0.686448399
-1.288288288	0.638403407	0.675656838	0.603300778	0.711705649	0.645966022	0.687705266
-1.281281281	0.640114125	0.676885940	0.601659334	0.715490402	0.647722436	0.688874951
-1.274274274	0.641765674	0.678034209	0.599945738	0.719202995	0.649413904	0.689956489
-1.267267267	0.643357190	0.679100730	0.598160401	0.722841320	0.651039315	0.690948948
-1.260260260	0.644887817	0.680084614	0.596303767	0.726403272	0.652597571	0.691851426
-1.253253253	0.646356710	0.680984998	0.594376308	0.729886746	0.654087583	0.692663051
-1.246246246	0.647763035	0.681801046	0.592378525	0.733289644	0.655508278	0.693382987
-1.239239239	0.649105970	0.682531947	0.590310950	0.736609874	0.656858590	0.694010429
-1.232232232	0.650384704	0.683176920	0.588174141	0.739845351	0.658137472	0.694544607
-1.225225225	0.651598440	0.683735212	0.585968685	0.742993999	0.659343889	0.694984787
-1.218218218	0.652746393	0.684206098	0.583695199	0.746053753	0.660476823	0.695330270
-1.211211211	0.653827790	0.684588885	0.581354326	0.749022562	0.661535269	0.695580394
-1.204204204	0.654841874	0.684882908	0.578946734	0.751898387	0.662518243	0.695734534
-1.197197197	0.655787901	0.685087537	0.576473121	0.754679206	0.663424776	0.695792104
-1.190190190	0.656665140	0.685202170	0.573934209	0.757363014	0.664253918	0.695752557
-1.183183183	0.657472876	0.685226240	0.571330748	0.759947825	0.665004742	0.695615385
-1.176176176	0.658210411	0.685159212	0.568663509	0.762431676	0.665676336	0.695380120
-1.169169169	0.658877059	0.685000584	0.565933292	0.764812623	0.666267813	0.695046334
-1.162162162	0.659472152	0.684749888	0.563140917	0.767088749	0.666778306	0.694613641
-1.155155155	0.659995037	0.684406693	0.560287230	0.769258163	0.667206972	0.694081698
-1.148148148	0.660445080	0.683970599	0.557373098	0.771319000	0.667552991	0.693450201
-1.141141141	0.660821660	0.683441244	0.554399410	0.773269427	0.667815568	0.692718890
-1.134134134	0.661124177	0.682818301	0.551367078	0.775107641	0.667993932	0.691887549
-1.127127127	0.661352044	0.682101478	0.548277033	0.776831870	0.668087339	0.690956004
-1.120120120	0.661504696	0.681290520	0.545130225	0.778440381	0.668095072	0.689924125
-1.113113113	0.661581581	0.680385209	0.541927625	0.779931473	0.668016440	0.688791825
-1.106106106	0.661582170	0.679385363	0.538670220	0.781303487	0.667850782	0.687559061
-1.099099099	0.661505947	0.678290836	0.535359017	0.782554800	0.667597464	0.686225835
-1.092092092	0.661352419	0.677101522	0.531995037	0.783683833	0.667255884	0.684792191
-1.085085085	0.661121107	0.675817349	0.528579318	0.784689049	0.666825468	0.683258221
-1.078078078	0.660811554	0.674438283	0.525112912	0.785568954	0.666305674	0.681624057
-1.071071071	0.660423318	0.672964327	0.521596887	0.786322103	0.665695992	0.679889877
-1.064064064	0.659955980	0.671395522	0.518032321	0.786947095	0.664995943	0.678055903
-1.057057057	0.659409135	0.669731943	0.514420306	0.787442582	0.664205082	0.676122400
-1.050050050	0.658782399	0.667973707	0.510761946	0.787807263	0.663322997	0.674089677
-1.043043043	0.658075406	0.666120961	0.507058352	0.788039889	0.662349310	0.671958085
-1.036036036	0.657287809	0.664173893	0.503310646	0.788139265	0.661283675	0.669728020
-1.029029029	0.656419277	0.662132724	0.499519959	0.788104250	0.660125785	0.667399918
-1.022022022	0.655469499	0.659997713	0.495687429	0.787933758	0.658875365	0.664974258
-1.015015015	0.654438182	0.657769151	0.491814198	0.787626759	0.657532176	0.662451559
-1.008008008	0.653325049	0.655447365	0.487901414	0.787182280	0.656096015	0.659832384
-1.001001001	0.652129842	0.653032717	0.483950231	0.786599408	0.654566717	0.657117331
-0.993993994	0.650852318	0.650525600	0.479961804	0.785877287	0.652944151	0.654307041
-0.986986987	0.649492252	0.647926440	0.475937290	0.785015122	0.651228223	0.651402192
-0.979979980	0.648049435	0.645235695	0.471877846	0.784012178	0.649418876	0.648403498
-0.972972973	0.646523674	0.642453854	0.467784630	0.782867780	0.647516090	0.645311712
-0.965965966	0.644914788	0.639581436	0.463658798	0.781581316	0.645519881	0.642127621
-0.958958959	0.643222615	0.636618987	0.459501504	0.780152235	0.643430303	0.638852046
-0.951951952	0.641447003	0.633567084	0.455313897	0.778580045	0.641247444	0.635485841
-0.944944945	0.639587816	0.630426326	0.451097121	0.776864319	0.638971432	0.632029893
-0.937937938	0.637644928	0.627197343	0.446852314	0.775004690	0.636602428	0.628485117
-0.930930931	0.635618226	0.623880783	0.442580608	0.773000852	0.634140630	0.624852459
-0.923923924	0.633507605	0.620477320	0.438283124	0.770852560	0.631586271	0.621132892
-0.916916917	0.631312972	0.616987649	0.433960976	0.768559629	0.628939618	0.617327414
-0.909909910	0.629034242	0.613412482	0.429615264	0.766121933	0.626200974	0.613437048
-0.902902903	0.626671336	0.609752550	0.425247077	0.763539404	0.623370673	0.609462837
-0.895895896	0.624224180	0.606008600	0.420857492	0.760812030	0.620449084	0.605405847
-0.888888889	0.621692707	0.602181391	0.416447569	0.757939856	0.617436605	0.601267161
-0.881881882	0.619076850	0.598271695	0.412018352	0.754922979	0.614333666	0.597047879
-0.874874875	0.616376546	0.594280293	0.407570868	0.751761548	0.611140726	0.592749114
-0.867867868	0.613591730	0.590207972	0.403106125	0.748455763	0.607858272	0.588371991
-0.860860861	0.610722334	0.586055525	0.398625112	0.745005869	0.604486817	0.583917644
-0.853853854	0.607768286	0.581823746	0.394128794	0.741412155	0.601026899	0.579387215
-0.846846847	0.604729509	0.577513426	0.389618114	0.737674952	0.597479078	0.574781849
-0.839839840	0.601605915	0.573125355	0.385093992	0.733794628	0.593843936	0.570102691
-0.832832833	0.598397406	0.568660314	0.380557318	0.729771582	0.590122072	0.565350887
-0.825825826	0.595103869	0.564119073	0.376008959	0.725606246	0.586314103	0.560527574
-0.818818819	0.591725174	0.559502388	0.371449750	0.721299073	0.582420657	0.555633886
-0.811811812	0.588261171	0.554810996	0.366880496	0.716850536	0.578442373	0.550670940
-0.804804805	0.584711685	0.550045614	0.362301968	0.712261121	0.574379898	0.545639841
-0.797797798	0.581076517	0.545206929	0.357714905	0.707531321	0.570233880	0.540541673
-0.790790791	0.577355434	0.540295597	0.353120008	0.702661628	0.566004968	0.535377498
-0.783783784	0.573548167	0.535312239	0.348517941	0.697652526	0.561693804	0.530148348
-0.776776777	0.569654408	0.530257431	0.343909327	0.692504482	0.557301022	0.524855226
-0.769769770	0.565673804	0.525131703	0.339294747	0.687217936	0.552827239	0.519499093
-0.762762763	0.561605950	0.519935529	0.334674738	0.681793292	0.548273049	0.514080871
-0.755755756	0.557450384	0.514669321	0.330049789	0.676230905	0.543639019	0.508601432
-0.748748749	0.553206582	0.509333424	0.325420341	0.670531070	0.538925680	0.503061594
-0.741741742	0.548873949	0.503928103	0.320786783	0.664694004	0.534133519	0.497462116
-0.734734735	0.544451811	0.498453537	0.316149446	0.658719836	0.529262970	0.491803684
-0.727727728	0.539939407	0.492909810	0.311508608	0.652608582	0.524314402	0.486086915
-0.720720721	0.535335880	0.487296897	0.306864481	0.646360134	0.519288110	0.480312337
-0.713713714	0.530640267	0.481614656	0.302217215	0.639974229	0.514184300	0.474480388
-0.706706707	0.525851484	0.475862811	0.297566891	0.633450432	0.509003075	0.468591404
-0.699699700	0.520968319	0.470040941	0.292913516	0.626788102	0.503744418	0.462645606
-0.692692693	0.515989412	0.464148459	0.288257019	0.619986365	0.498408174	0.456643091
-0.685685686	0.510913246	0.458184600	0.283597249	0.613044073	0.492994025	0.450583818
-0.678678679	0.505738120	0.452148396	0.278933965	0.605959768	0.487501469	0.444467596
-0.671671672	0.500462140	0.446038652	0.274266831	0.598731632	0.481929787	0.438294061
-0.664664665	0.495083187	0.439853927	0.269595411	0.591357433	0.476278013	0.432062669
-0.657657658	0.489598900	0.433592495	0.264919160	0.583834464	0.470544892	0.425772665
-0.650650651	0.484006642	0.427252319	0.260237418	0.576159466	0.464728836	0.419423069
-0.643643644	0.478303471	0.420831010	0.255549395	0.568328548	0.458827868	0.413012644
-0.636636637	0.472486102	0.414325779	0.250854166	0.560337081	0.452839557	0.406539875
-0.629629630	0.466550864	0.407733391	0.246150656	0.552179581	0.446760946	0.400002926
-0.622622623	0.460493654	0.401050103	0.241437630	0.543849570	0.440588450	0.393399612
-0.615615616	0.454309881	0.394271593	0.236713671	0.535339398	0.434317755	0.386727350
-0.608608609	0.447994397	0.387392875	0.231977170	0.526640043	0.427943672	0.379983108
-0.601601602	0.441541425	0.380408208	0.227226298	0.517740853	0.421459969	0.373163351
-0.594594595	0.434944468	0.373310973	0.222458991	0.508629236	0.414859164	0.366263966
-0.587587588	0.428196206	0.366093533	0.217672916	0.499290274	0.408132254	0.359280187
-0.580580581	0.421288366	0.358747064	0.212865442	0.489706231	0.401268380	0.352206494
-0.573573574	0.414211575	0.351261347	0.208033605	0.479855929	0.394254390	0.345036499
-0.566566567	0.406955177	0.343624507	0.203174061	0.469713952	0.387074265	0.337762806
-0.559559560	0.399507013	0.335822696	0.198283038	0.459249584	0.379708368	0.330376847
-0.552552553	0.391853152	0.327839685	0.193356270	0.448425411	0.372132410	0.322868667
-0.545545546	0.383977551	0.319656350	0.188388929	0.437195419	0.364316045	0.315226673
-0.538538539	0.375861636	0.311249999	0.183375531	0.425502354	0.356220868	0.307437315
-0.531531532	0.367483770	0.302593497	0.178309828	0.413273981	0.347797535	0.299484673
-0.524524525	0.358818568	0.293654091	0.173184674	0.400417614	0.338981441	0.291349945
-0.517517518	0.349836006	0.284391805	0.167991856	0.386811852	0.329686045	0.283010769
-0.510510511	0.340500241	0.274757212	0.162721886	0.372293599	0.319792050	0.274440330
-0.503503504	0.330768022	0.264688236	0.157363727	0.356636633	0.309128918	0.265606161
-0.496496496	0.320586505	0.254105448	0.151904448	0.339513996	0.297441039	0.256468497
-0.489489489	0.309890168	0.242904863	0.146328770	0.320426585	0.284319944	0.246977967
-0.482482482	0.298596350	0.230946449	0.140618448	0.298552276	0.269050509	0.237072250
-0.475475475	0.286598563	0.218034754	0.134751449	0.272374307	0.250190822	0.226671109
-0.468468468	0.273756082	0.203883945	0.128700787	0.238511439	0.223995224	0.215668677
-0.461461461	0.259876935	0.188048708	0.122432861	0.185678986	0.171222081	0.203920948
-0.454454454	0.244688384	0.169769377	0.115905009	0.000000000	0.000000000	0.191224244
-0.447447447	0.227781576	0.147552088	0.109061734	0.000000000	0.000000000	0.177275233
-0.440440440	0.208496250	0.117579399	0.101828656	0.000000000	0.000000000	0.161588828
-0.433433433	0.185641596	0.057999056	0.094102216	0.000000000	0.000000000	0.143303345
-0.426426426	0.156636327	0.000000000	0.085730807	0.000000000	0.000000000	0.120599861
-0.419419419	0.113209942	0.000000000	0.076476608	0.000000000	0.000000000	0.088008614
-0.412412412	0.000000000	0.000000000	0.065926640	0.000000000	0.000000000	0.000000000
-0.405405405	0.000000000	0.000000000	0.053233793	0.000000000	0.000000000	0.000000000
-0.398398398	0.000000000	0.000000000	0.035956371	0.000000000	0.000000000	0.000000000
-0.391391391	0.000000000	0.000000000	0.000000000	0.000000000	0.000000000	0.000000000
-0.384384384	0.000000000	0.000000000	0.000000000	0.000000000	0.000000000	0.000000000
-0.377377377	0.000000000	0.000000000	0.000000000	0.000000000	0.000000000	0.000000000
-0.370370370	0.000000000	0.000000000	0.000000000	0.000000000	0.000000000	0.000000000
-0.363363363	0.000000000	0.000000000	0.000000000	0.000000000	0.000000000	0.000000000
-0.356356356	0.000000000	0.000000000	0.000000000	0.000000000	0.000000000	0.000000000
-0.349349349	0.000000000	0.000000000	0.000000000	0.000000000	0.000000000	0.000000000
-0.342342342	0.000000000	0.000000000	0.000000000	0.000000000	0.000000000	0.000000000
-0.335335335	0.000000000	0.000000000	0.000000000	0.000000000	0.000000000	0.000000000
-0.328328328	0.000000000	0.000000000	0.000000000	0.000000000	0.000000000	0.000000000
-0.321321321	0.000000000	0.000000000	0.000000000	0.000000000	0.000000000	0.000000000
-0.314314314	0.000000000	0.000000000	0.000000000	0.000000000	0.000000000	0.000000000
-0.307307307	0.000000000	0.000000000	0.000000000	0.000000000	0.000000000	0.000000000
-0.300300300	0.000000000	0.000000000	0.000000000	0.000000000	0.000000000	0.000000000
-0.293293293	0.000000000	0.000000000	0.000000000	0.000000000	0.000000000	0.000000000
-0.286286286	0.000000000	0.000000000	0.000000000	0.000000000	0.000000000	0.000000000
-0.279279279	0.000000000	0.000000000	0.000000000	0.000000000	0.000000000	0.000000000
-0.272272272	0.000000000	0.000000000	0.000000000	0.000000000	0.000000000	0.000000000
-0.265265265	0.000000000	0.000000000	0.000000000	0.000000000	0.000000000	0.000000000
-0.258258258	0.000000000	0.000000000	0.000000000	0.000000000	0.000000000	0.000000000
-0.251251251	0.000000000	0.000000000	0.000000000	0.000000000	0.000000000	0.000000000
-0.244244244	0.000000000	0.000000000	0.000000000	0.000000000	0.000000000	0.000000000
-0.237237237	0.000000000	0.000000000	0.000000000	0.000000000	0.000000000	0.000000000
-0.230230230	0.000000000	0.000000000	0.000000000	0.000000000	0.000000000	0.000000000
-0.223223223	0.000000000	0.000000000	0.000000000	0.000000000	0.000000000	0.000000000
-0.216216216	0.000000000	0.000000000	0.000000000	0.000000000	0.000000000	0.000000000
-0.209209209	0.000000000	0.000000000	0.000000000	0.000000000	0.000000000	0.000000000
-0.202202202	0.000000000	0.000000000	0.000000000	0.000000000	0.000000000	0.000000000
-0.195195195	0.000000000	0.000000000	0.000000000	0.000000000	0.000000000	0.000000000
-0.188188188	0.000000000	0.000000000	0.000000000	0.000000000	0.000000000	0.000000000
-0.181181181	0.000000000	0.000000000	0.000000000	0.000000000	0.000000000	0.000000000
-0.174174174	0.000000000	0.000000000	0.000000000	0.000000000	0.000000000	0.000000000
-0.167167167	0.000000000	0.000000000	0.000000000	0.000000000	0.000000000	0.000000000
-0.160160160	0.000000000	0.000000000	0.000000000	0.000000000	0.000000000	0.000000000
-0.153153153	0.000000000	0.000000000	0.000000000	0.000000000	0.000000000	0.000000000
-0.146146146	0.000000000	0.000000000	0.000000000	0.000000000	0.000000000	0.000000000
-0.139139139	0.000000000	0.000000000	0.000000000	0.000000000	0.000000000	0.000000000
-0.132132132	0.000000000	0.000000000	0.000000000	0.000000000	0.000000000	0.000000000
-0.125125125	0.000000000	0.000000000	0.000000000	0.000000000	0.000000000	0.000000000
-0.118118118	0.000000000	0.000000000	0.000000000	0.000000000	0.000000000	0.000000000
-0.111111111	0.000000000	0.000000000	0.000000000	0.000000000	0.000000000	0.000000000
-0.104104104	0.000000000	0.000000000	0.000000000	0.000000000	0.000000000	0.000000000
-0.097097097	0.000000000	0.000000000	0.000000000	0.000000000	0.000000000	0.000000000
-0.090090090	0.000000000	0.000000000	0.000000000	0.000000000	0.000000000	0.000000000
-0.083083083	0.000000000	0.000000000	0.000000000	0.000000000	0.000000000	0.000000000
-0.076076076	0.000000000	0.000000000	0.000000000	0.000000000	0.000000000	0.000000000
-0.069069069	0.000000000	0.000000000	0.000000000	0.000000000	0.000000000	0.000000000
-0.062062062	0.000000000	0.000000000	0.000000000	0.000000000	0.000000000	0.000000000
-0.055055055	0.000000000	0.000000000	0.000000000	0.000000000	0.000000000	0.000000000
-0.048048048	0.000000000	0.000000000	0.000000000	0.000000000	0.000000000	0.000000000
-0.041041041	0.000000000	0.000000000	0.000000000	0.000000000	0.000000000	0.000000000
-0.034034034	0.000000000	0.000000000	0.000000000	0.000000000	0.000000000	0.000000000
-0.027027027	0.000000000	0.000000000	0.000000000	0.000000000	0.000000000	0.000000000
-0.020020020	0.000000000	0.000000000	0.000000000	0.000000000	0.000000000	0.000000000
-0.013013013	0.000000000	0.000000000	0.000000000	0.000000000	0.000000000	0.000000000
-0.006006006	0.000000000	0.000000000	0.000000000	0.000000000	0.000000000	0.000000000
0.001001001	0.000000000	0.000000000	0.000000000	0.000000000	0.000000000	0.000000000
0.008008008	0.000000000	0.000000000	0.000000000	0.000000000	0.000000000	0.000000000
0.015015015	0.000000000	0.000000000	0.000000000	0.000000000	0.000000000	0.000000000
0.022022022	0.000000000	0.000000000	0.000000000	0.000000000	0.000000000	0.000000000
0.029029029	0.000000000	0.000000000	0.000000000	0.000000000	0.000000000	0.000000000
0.036036036	0.000000000	0.000000000	0.000000000	0.000000000	0.000000000	0.000000000
0.043043043	0.000000000	0.000000000	0.000000000	0.000000000	0.000000000	0.000000000
0.050050050	0.000000000	0.000000000	0.000000000	0.000000000	0.000000000	0.000000000
0.057057057	0.000000000	0.000000000	0.000000000	0.000000000	0.000000000	0.000000000
0.064064064	0.000000000	0.000000000	0.000000000	0.000000000	0.000000000	0.000000000
0.071071071	0.000000000	0.000000000	0.000000000	0.000000000	0.000000000	0.000000000
0.078078078	0.000000000	0.000000000	0.000000000	0.000000000	0.000000000	0.000000000
0.085085085	0.000000000	0.000000000	0.000000000	0.000000000	0.000000000	0.000000000
0.092092092	0.000000000	0.000000000	0.000000000	0.000000000	0.000000000	0.000000000
0.099099099	0.000000000	0.000000000	0.000000000	0.000000000	0.000000000	0.000000000
0.106106106	0.000000000	0.000000000	0.000000000	0.000000000	0.000000000	0.000000000
0.113113113	0.000000000	0.000000000	0.000000000	0.000000000	0.000000000	0.000000000
0.120120120	0.000000000	0.000000000	0.000000000	0.000000000	0.000000000	0.000000000
0.127127127	0.000000000	0.000000000	0.000000000	0.000000000	0.000000000	0.000000000
0.134134134	0.000000000	0.000000000	0.000000000	0.000000000	0.000000000	0.000000000
0.141141141	0.000000000	0.000000000	0.000000000	0.000000000	0.000000000	0.000000000
0.148148148	0.000000000	0.000000000	0.000000000	0.000000000	0.000000000	0.000000000
0.155155155	0.000000000	0.000000000	0.000000000	0.000000000	0.000000000	0.000000000
0.162162162	0.000000000	0.000000000	0.000000000	0.000000000	0.000000000	0.000000000
0.169169169	0.000000000	0.000000000	0.000000000	0.000000000	0.000000000	0.000000000
0.176176176	0.000000000	0.000000000	0.000000000	0.000000000	0.000000000	0.000000000
0.183183183	0.000000000	0.000000000	0.000000000	0.000000000	0.000000000	0.000000000
0.190190190	0.000000000	0.000000000	0.000000000	0.000000000	0.000000000	0.000000000
0.197197197	0.000000000	0.000000000	0.000000000	0.000000000	0.000000000	0.000000000
0.204204204	0.000000000	0.000000000	0.000000000	0.000000000	0.000000000	0.000000000
0.211211211	0.000000000	0.000000000	0.000000000	0.000000000	0.000000000	0.000000000
0.218218218	0.000000000	0.000000000	0.000000000	0.000000000	0.000000000	0.000000000
0.225225225	0.000000000	0.000000000	0.000000000	0.000000000	0.000000000	0.000000000
0.232232232	0.000000000	0.000000000	0.000000000	0.000000000	0.000000000	0.000000000
0.239239239	0.000000000	0.000000000	0.000000000	0.000000000	0.000000000	0.000000000
0.246246246	0.000000000	0.000000000	0.000000000	0.000000000	0.000000000	0.000000000
0.253253253	0.000000000	0.000000000	0.000000000	0.000000000	0.000000000	0.000000000
0.260260260	0.000000000	0.000000000	0.000000000	0.000000000	0.000000000	0.000000000
0.267267267	0.000000000	0.000000000	0.000000000	0.000000000	0.000000000	0.000000000
0.274274274	0.000000000	0.000000000	0.000000000	0.000000000	0.000000000	0.000000000
0.281281281	0.000000000	0.000000000	0.000000000	0.000000000	0.000000000	0.000000000
0.288288288	0.000000000	0.000000000	0.000000000	0.000000000	0.000000000	0.000000000
0.295295295	0.000000000	0.000000000	0.000000000	0.000000000	0.000000000	0.000000000
0.302302302	0.000000000	0.000000000	0.000000000	0.000000000	0.000000000	0.000000000
0.309309309	0.000000000	0.000000000	0.000000000	0.000000000	0.000000000	0.000000000
0.316316316	0.000000000	0.000000000	0.000000000	0.000000000	0.000000000	0.000000000
0.323323323	0.000000000	0.000000000	0.000000000	0.000000000	0.000000000	0.000000000
0.330330330	0.000000000	0.000000000	0.000000000	0.000000000	0.000000000	0.000000000
0.337337337	0.000000000	0.000000000	0.000000000	0.000000000	0.000000000	0.000000000
0.344344344	0.000000000	0.000000000	0.000000000	0.000000000	0.000000000	0.000000000
0.351351351	0.000000000	0.000000000	0.000000000	0.000000000	0.000000000	0.000000000
0.358358358	0.000000000	0.000000000	0.000000000	0.000000000	0.000000000	0.000000000
0.365365365	0.000000000	0.000000000	0.000000000	0.000000000	0.000000000	0.000000000
0.372372372	0.000000000	0.000000000	0.000000000	0.000000000	0.000000000	0.000000000
0.379379379	0.000000000	0.000000000	0.000000000	0.000000000	0.000000000	0.000000000
0.386386386	0.000000000	0.000000000	0.000000000	0.000000000	0.000000000	0.000000000
0.393393393	0.000000000	0.000000000	0.000000000	0.000000000	0.000000000	0.000000000
0.400400400	0.000000000	0.000000000	0.000000000	0.000000000	0.000000000	0.000000000
0.407407407	0.000000000	0.000000000	0.000000000	0.000000000	0.000000000	0.000000000
0.414414414	0.000000000	0.000000000	0.000000000	0.000000000	0.000000000	0.000000000
0.421421421	0.000000000	0.000000000	0.000000000	0.000000000	0.000000000	0.000000000
0.428428428	0.000000000	0.000000000	0.000000000	0.000000000	0.000000000	0.000000000
0.435435435	0.000000000	0.000000000	0.000000000	0.000000000	0.000000000	0.000000000
0.442442442	0.000000000	0.000000000	0.000000000	0.000000000	0.000000000	0.000000000
0.449449449	0.000000000	0.000000000	0.000000000	0.000000000	0.000000000	0.000000000
0.456456456	0.000000000	0.000000000	0.000000000	0.000000000	0.000000000	0.000000000
0.463463463	0.000000000	0.000000000	0.000000000	0.000000000	0.000000000	0.000000000
0.470470470	0.000000000	0.000000000	0.000000000	0.000000000	0.000000000	0.000000000
0.477477477	0.000000000	0.000000000	0.000000000	0.000000000	0.000000000	0.000000000
0.484484484	0.000000000	0.000000000	0.000000000	0.000000000	0.000000000	0.000000000
0.491491491	0.000000000	0.000000000	0.000000000	0.000000000	0.000000000	0.000000000
0.498498498	0.000000000	0.000000000	0.000000000	0.000000000	0.000000000	0.000000000
0.505505506	0.000000000	0.000000000	0.000000000	0.000000000	0.000000000	0.000000000
0.512512513	0.000000000	0.000000000	0.000000000	0.000000000	0.000000000	0.000000000
0.519519520	0.000000000	0.000000000	0.000000000	0.000000000	0.000000000	0.000000000
0.526526527	0.000000000	0.000000000	0.000000000	0.000000000	0.000000000	0.000000000
0.533533534	0.000000000	0.000000000	0.000000000	0.000000000	0.000000000	0.000000000
0.540540541	0.000000000	0.000000000	0.000000000	0.000000000	0.000000000	0.000000000
0.547547548	0.000000000	0.000000000	0.000000000	0.000000000	0.000000000	0.000000000
0.554554555	0.000000000	0.000000000	0.000000000	0.000000000	0.000000000	0.000000000
0.561561562	0.000000000	0.000000000	0.000000000	0.000000000	0.000000000	0.000000000
0.568568569	0.000000000	0.000000000	0.000000000	0.000000000	0.000000000	0.000000000
0.575575576	0.000000000	0.000000000	0.000000000	0.000000000	0.000000000	0.000000000
0.582582583	0.000000000	0.000000000	0.000000000	0.000000000	0.000000000	0.000000000
0.589589590	0.000000000	0.000000000	0.000000000	0.000000000	0.000000000	0.000000000
0.596596597	0.000000000	0.000000000	0.000000000	0.000000000	0.000000000	0.000000000
0.603603604	0.000000000	0.000000000	0.000000000	0.000000000	0.000000000	0.000000000
0.610610611	0.000000000	0.000000000	0.000000000	0.000000000	0.000000000	0.000000000
0.617617618	0.000000000	0.000000000	0.000000000	0.000000000	0.000000000	0.000000000
0.624624625	0.000000000	0.000000000	0.000000000	0.000000000	0.000000000	0.000000000
0.631631632	0.000000000	0.000000000	0.000000000	0.000000000	0.000000000	0.000000000
0.638638639	0.000000000	0.000000000	0.000000000	0.000000000	0.000000000	0.000000000
0.645645646	0.000000000	0.000000000	0.000000000	0.000000000	0.000000000	0.000000000
0.652652653	0.000000000	0.000000000	0.000000000	0.000000000	0.000000000	0.000000000
0.659659660	0.000000000	0.000000000	0.000000000	0.000000000	0.000000000	0.000000000
0.666666667	0.000000000	0.000000000	0.000000000	0.000000000	0.000000000	0.000000000
0.673673674	0.000000000	0.000000000	0.000000000	0.000000000	0.000000000	0.000000000
0.680680681	0.000000000	0.000000000	0.000000000	0.000000000	0.000000000	0.000000000
0.687687688	0.000000000	0.000000000	0.000000000	0.000000000	0.000000000	0.000000000
0.694694695	0.000000000	0.000000000	0.000000000	0.000000000	0.000000000	0.000000000
0.701701702	0.000000000	0.000000000	0.000000000	0.000000000	0.000000000	0.000000000
0.708708709	0.000000000	0.000000000	0.000000000	0.000000000	0.000000000	0.000000000
0.715715716	0.000000000	0.000000000	0.000000000	0.000000000	0.000000000	0.000000000
0.722722723	0.000000000	0.000000000	0.000000000	0.000000000	0.000000000	0.000000000
0.729729730	0.000000000	0.000000000	0.000000000	0.000000000	0.000000000	0.000000000
0.736736737	0.000000000	0.000000000	0.000000000	0.000000000	0.000000000	0.000000000
0.743743744	0.000000000	0.000000000	0.000000000	0.000000000	0.000000000	0.000000000
0.750750751	0.000000000	0.000000000	0.000000000	0.000000000	0.000000000	0.000000000
0.757757758	0.000000000	0.000000000	0.000000000	0.000000000	0.000000000	0.000000000
0.764764765	0.000000000	0.000000000	0.000000000	0.000000000	0.000000000	0.000000000
0.771771772	0.000000000	0.000000000	0.000000000	0.000000000	0.000000000	0.000000000
0.778778779	0.000000000	0.000000000	0.000000000	0.000000000	0.000000000	0.000000000
0.785785786	0.000000000	0.000000000	0.000000000	0.000000000	0.000000000	0.000000000
0.792792793	0.000000000	0.000000000	0.000000000	0.000000000	0.000000000	0.000000000
0.799799800	0.000000000	0.000000000	0.000000000	0.000000000	0.000000000	0.000000000
0.806806807	0.000000000	0.000000000	0.000000000	0.000000000	0.000000000	0.000000000
0.813813814	0.000000000	0.000000000	0.000000000	0.000000000	0.000000000	0.000000000
0.820820821	0.000000000	0.000000000	0.000000000	0.000000000	0.000000000	0.000000000
0.827827828	0.000000000	0.000000000	0.000000000	0.000000000	0.000000000	0.000000000
0.834834835	0.000000000	0.000000000	0.000000000	0.000000000	0.000000000	0.000000000
0.841841842	0.000000000	0.000000000	0.000000000	0.000000000	0.000000000	0.000000000
0.848848849	0.000000000	0.000000000	0.000000000	0.000000000	0.000000000	0.000000000
0.855855856	0.000000000	0.000000000	0.000000000	0.000000000	0.000000000	0.000000000
0.862862863	0.000000000	0.000000000	0.000000000	0.000000000	0.000000000	0.000000000
0.869869870	0.000000000	0.000000000	0.000000000	0.000000000	0.000000000	0.000000000
0.876876877	0.000000000	0.000000000	0.000000000	0.000000000	0.000000000	0.000000000
0.883883884	0.000000000	0.000000000	0.000000000	0.000000000	0.000000000	0.000000000
0.890890891	0.000000000	0.000000000	0.000000000	0.000000000	0.000000000	0.000000000
0.897897898	0.000000000	0.000000000	0.000000000	0.000000000	0.000000000	0.000000000
0.904904905	0.000000000	0.000000000	0.000000000	0.000000000	0.000000000	0.000000000
0.911911912	0.000000000	0.000000000	0.000000000	0.000000000	0.000000000	0.000000000
0.918918919	0.000000000	0.000000000	0.000000000	0.000000000	0.000000000	0.000000000
0.925925926	0.000000000	0.000000000	0.000000000	0.000000000	0.000000000	0.000000000
0.932932933	0.000000000	0.000000000	0.000000000	0.000000000	0.000000000	0.000000000
0.939939940	0.000000000	0.000000000	0.000000000	0.000000000	0.000000000	0.000000000
0.946946947	0.000000000	0.000000000	0.000000000	0.000000000	0.000000000	0.000000000
0.953953954	0.000000000	0.000000000	0.000000000	0.000000000	0.000000000	0.000000000
0.960960961	0.000000000	0.000000000	0.000000000	0.000000000	0.000000000	0.000000000
0.967967968	0.000000000	0.000000000	0.000000000	0.000000000	0.000000000	0.000000000
0.974974975	0.000000000	0.000000000	0.000000000	0.000000000	0.000000000	0.000000000
0.981981982	0.000000000	0.000000000	0.000000000	0.000000000	0.000000000	0.000000000
0.988988989	0.000000000	0.000000000	0.000000000	0.000000000	0.000000000	0.000000000
0.995995996	0.000000000	0.000000000	0.000000000	0.000000000	0.000000000	0.000000000
1.003003003	0.000000000	0.000000000	0.000000000	0.000000000	0.000000000	0.000000000
1.010010010	0.000000000	0.000000000	0.000000000	0.000000000	0.000000000	0.000000000
1.017017017	0.000000000	0.000000000	0.000000000	0.000000000	0.000000000	0.000000000
1.024024024	0.000000000	0.000000000	0.000000000	0.000000000	0.000000000	0.000000000
1.031031031	0.000000000	0.000000000	0.000000000	0.000000000	0.000000000	0.000000000
1.038038038	0.000000000	0.000000000	0.000000000	0.000000000	0.000000000	0.000000000
1.045045045	0.000000000	0.000000000	0.000000000	0.000000000	0.000000000	0.000000000
1.052052052	0.000000000	0.000000000	0.000000000	0.000000000	0.000000000	0.000000000
1.059059059	0.000000000	0.000000000	0.000000000	0.000000000	0.000000000	0.000000000
1.066066066	0.000000000	0.000000000	0.000000000	0.000000000	0.000000000	0.000000000
1.073073073	0.000000000	0.000000000	0.000000000	0.000000000	0.000000000	0.000000000
1.080080080	0.000000000	0.000000000	0.000000000	0.000000000	0.000000000	0.000000000
1.087087087	0.000000000	0.000000000	0.000000000	0.000000000	0.000000000	0.000000000
1.094094094	0.000000000	0.000000000	0.000000000	0.000000000	0.000000000	0.000000000
1.101101101	0.000000000	0.000000000	0.000000000	0.000000000	0.000000000	0.000000000
1.108108108	0.000000000	0.000000000	0.000000000	0.000000000	0.000000000	0.000000000
1.115115115	0.000000000	0.000000000	0.000000000	0.000000000	0.000000000	0.000000000
1.122122122	0.000000000	0.000000000	0.000000000	0.000000000	0.000000000	0.000000000
1.129129129	0.000000000	0.000000000	0.000000000	0.000000000	0.000000000	0.000000000
1.136136136	0.000000000	0.000000000	0.000000000	0.000000000	0.000000000	0.000000000
1.143143143	0.000000000	0.000000000	0.000000000	0.000000000	0.000000000	0.000000000
1.150150150	0.000000000	0.000000000	0.000000000	0.000000000	0.000000000	0.000000000
1.157157157	0.000000000	0.000000000	0.000000000	0.000000000	0.000000000	0.000000000
1.164164164	0.000000000	0.000000000	0.000000000	0.000000000	0.000000000	0.000000000
1.171171171	0.000000000	0.000000000	0.000000000	0.000000000	0.000000000	0.000000000
1.178178178	0.000000000	0.000000000	0.000000000	0.000000000	0.000000000	0.000000000
1.185185185	0.000000000	0.000000000	0.000000000	0.000000000	0.000000000	0.000000000
1.192192192	0.000000000	0.000000000	0.000000000	0.000000000	0.000000000	0.000000000
1.199199199	0.000000000	0.000000000	0.000000000	0.000000000	0.000000000	0.000000000
1.206206206	0.000000000	0.000000000	0.000000000	0.000000000	0.000000000	0.000000000
1.213213213	0.000000000	0.000000000	0.000000000	0.000000000	0.000000000	0.000000000
1.220220220	0.000000000	0.000000000	0.000000000	0.000000000	0.000000000	0.000000000
1.227227227	0.000000000	0.000000000	0.000000000	0.000000000	0.000000000	0.000000000
1.234234234	0.000000000	0.000000000	0.000000000	0.000000000	0.000000000	0.000000000
1.241241241	0.000000000	0.000000000	0.000000000	0.000000000	0.000000000	0.000000000
1.248248248	0.000000000	0.000000000	0.000000000	0.000000000	0.000000000	0.000000000
1.255255255	0.000000000	0.000000000	0.000000000	0.000000000	0.000000000	0.000000000
1.262262262	0.000000000	0.000000000	0.000000000	0.000000000	0.000000000	0.000000000
1.269269269	0.000000000	0.000000000	0.000000000	0.000000000	0.000000000	0.000000000
1.276276276	0.000000000	0.000000000	0.000000000	0.000000000	0.000000000	0.000000000
1.283283283	0.000000000	0.000000000	0.000000000	0.000000000	0.000000000	0.000000000
1.290290290	0.000000000	0.000000000	0.000000000	0.000000000	0.000000000	0.000000000
1.297297297	0.000000000	0.000000000	0.000000000	0.000000000	0.000000000	0.000000000
1.304304304	0.000000000	0.000000000	0.000000000	0.000000000	0.000000000	0.000000000
1.311311311	0.000000000	0.000000000	0.000000000	0.000000000	0.000000000	0.000000000
1.318318318	0.000000000	0.000000000	0.000000000	0.000000000	0.000000000	0.000000000
1.325325325	0.000000000	0.000000000	0.000000000	0.000000000	0.000000000	0.000000000
1.332332332	0.000000000	0.000000000	0.000000000	0.000000000	0.000000000	0.000000000
1.339339339	0.000000000	0.000000000	0.000000000	0.000000000	0.000000000	0.000000000
1.346346346	0.000000000	0.000000000	0.000000000	0.000000000	0.000000000	0.000000000
1.353353353	0.000000000	0.000000000	0.000000000	0.000000000	0.000000000	0.000000000
1.360360360	0.000000000	0.000000000	0.000000000	0.000000000	0.000000000	0.000000000
1.367367367	0.000000000	0.000000000	0.000000000	0.000000000	0.000000000	0.000000000
1.374374374	0.000000000	0.000000000	0.000000000	0.000000000	0.000000000	0.000000000
1.381381381	0.000000000	0.000000000	0.000000000	0.000000000	0.000000000	0.000000000
1.388388388	0.000000000	0.000000000	0.000000000	0.000000000	0.000000000	0.000000000
1.395395395	0.000000000	0.000000000	0.000000000	0.000000000	0.000000000	0.000000000
1.402402402	0.000000000	0.000000000	0.000000000	0.000000000	0.000000000	0.000000000
1.409409409	0.000000000	0.000000000	0.000000000	0.000000000	0.000000000	0.000000000
1.416416416	0.000000000	0.000000000	0.000000000	0.000000000	0.000000000	0.000000000
1.423423423	0.000000000	0.000000000	0.000000000	0.000000000	0.000000000	0.000000000
1.430430430	0.000000000	0.000000000	0.000000000	0.000000000	0.000000000	0.000000000
1.437437437	0.000000000	0.000000000	0.000000000	0.000000000	0.000000000	0.000000000
1.444444444	0.000000000	0.000000000	0.000000000	0.000000000	0.000000000	0.000000000
1.451451451	0.000000000	0.000000000	0.000000000	0.000000000	0.000000000	0.000000000
1.458458458	0.000000000	0.000000000	0.000000000	0.000000000	0.000000000	0.000000000
1.465465465	0.000000000	0.000000000	0.000000000	0.000000000	0.000000000	0.000000000
1.472472472	0.000000000	0.000000000	0.000000000	0.000000000	0.000000000	0.000000000
1.479479479	0.000000000	0.000000000	0.000000000	0.000000000	0.000000000	0.000000000
1.486486486	0.000000000	0.000000000	0.000000000	0.000000000	0.000000000	0.000000000
1.493493493	0.000000000	0.000000000	0.000000000	0.000000000	0.000000000	0.000000000
1.500500501	0.000000000	0.000000000	0.000000000	0.000000000	0.000000000	0.000000000
1.507507508	0.000000000	0.000000000	0.000000000	0.000000000	0.000000000	0.000000000
1.514514515	0.000000000	0.000000000	0.000000000	0.000000000	0.000000000	0.000000000
1.521521522	0.000000000	0.000000000	0.000000000	0.000000000	0.000000000	0.000000000
1.528528529	0.000000000	0.000000000	0.000000000	0.000000000	0.000000000	0.000000000
1.535535536	0.000000000	0.000000000	0.000000000	0.000000000	0.000000000	0.000000000
1.542542543	0.000000000	0.000000000	0.000000000	0.000000000	0.000000000	0.000000000
1.549549550	0.000000000	0.000000000	0.000000000	0.000000000	0.000000000	0.000000000
1.556556557	0.000000000	0.000000000	0.000000000	0.000000000	0.000000000	0.000000000
1.563563564	0.000000000	0.000000000	0.000000000	0.000000000	0.000000000	0.000000000
1.570570571	0.000000000	0.000000000	0.000000000	0.000000000	0.000000000	0.000000000
1.577577578	0.000000000	0.000000000	0.000000000	0.000000000	0.000000000	0.000000000
1.584584585	0.000000000	0.000000000	0.000000000	0.000000000	0.000000000	0.000000000
1.591591592	0.000000000	0.000000000	0.000000000	0.000000000	0.000000000	0.000000000
1.598598599	0.000000000	0.000000000	0.000000000	0.000000000	0.000000000	0.000000000
1.605605606	0.000000000	0.000000000	0.000000000	0.000000000	0.000000000	0.000000000
1.612612613	0.000000000	0.000000000	0.000000000	0.000000000	0.000000000	0.000000000
1.619619620	0.000000000	0.000000000	0.000000000	0.000000000	0.000000000	0.000000000
1.626626627	0.000000000	0.000000000	0.000000000	0.000000000	0.000000000	0.000000000
1.633633634	0.000000000	0.000000000	0.000000000	0.000000000	0.000000000	0.000000000
1.640640641	0.000000000	0.000000000	0.000000000	0.000000000	0.000000000	0.000000000
1.647647648	0.000000000	0.000000000	0.000000000	0.000000000	0.000000000	0.000000000
1.654654655	0.000000000	0.000000000	0.000000000	0.000000000	0.000000000	0.000000000
1.661661662	0.000000000	0.000000000	0.000000000	0.000000000	0.000000000	0.000000000
1.668668669	0.000000000	0.000000000	0.000000000	0.000000000	0.000000000	0.000000000
1.675675676	0.000000000	0.000000000	0.000000000	0.000000000	0.000000000	0.000000000
1.682682683	0.000000000	0.000000000	0.000000000	0.000000000	0.000000000	0.000000000
1.689689690	0.000000000	0.000000000	0.000000000	0.000000000	0.000000000	0.000000000
1.696696697	0.000000000	0.000000000	0.000000000	0.000000000	0.000000000	0.000000000
1.703703704	0.000000000	0.000000000	0.000000000	0.000000000	0.000000000	0.000000000
1.710710711	0.000000000	0.000000000	0.000000000	0.000000000	0.000000000	0.000000000
1.717717718	0.000000000	0.000000000	0.000000000	0.000000000	0.000000000	0.000000000
1.724724725	0.000000000	0.000000000	0.000000000	0.000000000	0.000000000	0.000000000
1.731731732	0.000000000	0.000000000	0.000000000	0.000000000	0.000000000	0.000000000
1.738738739	0.000000000	0.000000000	0.000000000	0.000000000	0.000000000	0.000000000
1.745745746	0.000000000	0.000000000	0.000000000	0.000000000	0.000000000	0.000000000
1.752752753	0.000000000	0.000000000	0.000000000	0.000000000	0.000000000	0.000000000
1.759759760	0.000000000	0.000000000	0.000000000	0.000000000	0.000000000	0.000000000
1.766766767	0.000000000	0.000000000	0.000000000	0.000000000	0.000000000	0.000000000
1.773773774	0.000000000	0.000000000	0.000000000	0.000000000	0.000000000	0.000000000
1.780780781	0.000000000	0.000000000	0.000000000	0.000000000	0.000000000	0.000000000
1.787787788	0.000000000	0.000000000	0.000000000	0.000000000	0.000000000	0.000000000
1.794794795	0.000000000	0.000000000	0.000000000	0.000000000	0.000000000	0.000000000
1.801801802	0.000000000	0.000000000	0.000000000	0.000000000	0.000000000	0.000000000
1.808808809	0.000000000	0.000000000	0.000000000	0.000000000	0.000000000	0.000000000
1.815815816	0.000000000	0.000000000	0.000000000	0.000000000	0.000000000	0.000000000
1.822822823	0.000000000	0.000000000	0.000000000	0.000000000	0.000000000	0.000000000
1.829829830	0.000000000	0.000000000	0.000000000	0.000000000	0.000000000	0.000000000
1.836836837	0.000000000	0.000000000	0.000000000	0.000000000	0.000000000	0.000000000
1.843843844	0.000000000	0.000000000	0.000000000	0.000000000	0.000000000	0.000000000
1.850850851	0.000000000	0.000000000	0.000000000	0.000000000	0.000000000	0.000000000
1.857857858	0.000000000	0.000000000	0.000000000	0.000000000	0.000000000	0.000000000
1.864864865	0.000000000	0.000000000	0.000000000	0.000000000	0.000000000	0.000000000
1.871871872	0.000000000	0.000000000	0.000000000	0.000000000	0.000000000	0.000000000
1.878878879	0.000000000	0.000000000	0.000000000	0.000000000	0.000000000	0.000000000
1.885885886	0.000000000	0.000000000	0.000000000	0.000000000	0.000000000	0.000000000
1.892892893	0.000000000	0.000000000	0.000000000	0.000000000	0.000000000	0.000000000
1.899899900	0.000000000	0.000000000	0.000000000	0.000000000	0.000000000	0.000000000
1.906906907	0.000000000	0.000000000	0.000000000	0.000000000	0.000000000	0.000000000
1.913913914	0.000000000	0.000000000	0.000000000	0.000000000	0.000000000	0.000000000
1.920920921	0.000000000	0.000000000	0.000000000	0.000000000	0.000000000	0.000000000
1.927927928	0.000000000	0.000000000	0.000000000	0.000000000	0.000000000	0.000000000
1.934934935	0.000000000	0.000000000	0.000000000	0.000000000	0.000000000	0.000000000
1.941941942	0.000000000	0.000000000	0.000000000	0.000000000	0.000000000	0.000000000
1.948948949	0.000000000	0.000000000	0.000000000	0.000000000	0.000000000	0.000000000
1.955955956	0.000000000	0.000000000	0.000000000	0.000000000	0.000000000	0.000000000
1.962962963	0.000000000	0.000000000	0.000000000	0.000000000	0.000000000	0.000000000
1.969969970	0.000000000	0.000000000	0.000000000	0.000000000	0.000000000	0.000000000
1.976976977	0.000000000	0.000000000	0.000000000	0.000000000	0.000000000	0.000000000
1.983983984	0.000000000	0.000000000	0.000000000	0.000000000	0.000000000	0.000000000
1.990990991	0.000000000	0.000000000	0.000000000	0.000000000	0.000000000	0.000000000
1.997997998	0.000000000	0.000000000	0.000000000	0.000000000	0.000000000	0.000000000
2.005005005	0.000000000	0.000000000	0.000000000	0.000000000	0.000000000	0.000000000
2.012012012	0.000000000	0.000000000	0.000000000	0.000000000	0.000000000	0.000000000
2.019019019	0.000000000	0.000000000	0.000000000	0.000000000	0.000000000	0.000000000
2.026026026	0.000000000	0.000000000	0.000000000	0.000000000	0.000000000	0.000000000
2.033033033	0.000000000	0.000000000	0.000000000	0.000000000	0.000000000	0.000000000
2.040040040	0.000000000	0.000000000	0.000000000	0.000000000	0.000000000	0.000000000
2.047047047	0.000000000	0.000000000	0.000000000	0.000000000	0.000000000	0.000000000
2.054054054	0.000000000	0.000000000	0.000000000	0.000000000	0.000000000	0.000000000
2.061061061	0.000000000	0.000000000	0.000000000	0.000000000	0.000000000	0.000000000
2.068068068	0.000000000	0.000000000	0.000000000	0.000000000	0.000000000	0.000000000
2.075075075	0.000000000	0.000000000	0.000000000	0.000000000	0.000000000	0.000000000
2.082082082	0.000000000	0.000000000	0.000000000	0.000000000	0.000000000	0.000000000
2.089089089	0.000000000	0.000000000	0.000000000	0.000000000	0.000000000	0.000000000
2.096096096	0.000000000	0.000000000	0.000000000	0.000000000	0.000000000	0.000000000
2.103103103	0.000000000	0.000000000	0.000000000	0.000000000	0.000000000	0.000000000
2.110110110	0.000000000	0.000000000	0.000000000	0.000000000	0.000000000	0.000000000
2.117117117	0.000000000	0.000000000	0.000000000	0.000000000	0.000000000	0.000000000
2.124124124	0.000000000	0.000000000	0.000000000	0.000000000	0.000000000	0.000000000
2.131131131	0.000000000	0.000000000	0.000000000	0.000000000	0.000000000	0.000000000
2.138138138	0.000000000	0.000000000	0.000000000	0.000000000	0.000000000	0.000000000
2.145145145	0.000000000	0.000000000	0.000000000	0.000000000	0.000000000	0.000000000
2.152152152	0.000000000	0.000000000	0.000000000	0.000000000	0.000000000	0.000000000
2.159159159	0.000000000	0.000000000	0.000000000	0.000000000	0.000000000	0.000000000
2.166166166	0.000000000	0.000000000	0.000000000	0.000000000	0.000000000	0.000000000
2.173173173	0.000000000	0.000000000	0.000000000	0.000000000	0.000000000	0.000000000
2.180180180	0.000000000	0.000000000	0.000000000	0.000000000	0.000000000	0.000000000
2.187187187	0.000000000	0.000000000	0.000000000	0.000000000	0.000000000	0.000000000
2.194194194	0.000000000	0.000000000	0.000000000	0.000000000	0.000000000	0.000000000
2.201201201	0.000000000	0.000000000	0.000000000	0.000000000	0.000000000	0.000000000
2.208208208	0.000000000	0.000000000	0.000000000	0.000000000	0.000000000	0.000000000
2.215215215	0.000000000	0.000000000	0.000000000	0.000000000	0.000000000	0.000000000
2.222222222	0.000000000	0.000000000	0.000000000	0.000000000	0.000000000	0.000000000
2.229229229	0.000000000	0.000000000	0.000000000	0.000000000	0.000000000	0.000000000
2.236236236	0.000000000	0.000000000	0.000000000	0.000000000	0.000000000	0.000000000
2.243243243	0.000000000	0.000000000	0.000000000	0.000000000	0.000000000	0.000000000
2.250250250	0.000000000	0.000000000	0.000000000	0.000000000	0.000000000	0.000000000
2.257257257	0.000000000	0.000000000	0.000000000	0.000000000	0.000000000	0.000000000
2.264264264	0.000000000	0.000000000	0.000000000	0.000000000	0.000000000	0.000000000
2.271271271	0.000000000	0.000000000	0.000000000	0.000000000	0.000000000	0.000000000
2.278278278	0.000000000	0.000000000	0.000000000	0.000000000	0.000000000	0.000000000
2.285285285	0.000000000	0.000000000	0.000000000	0.000000000	0.000000000	0.000000000
2.292292292	0.000000000	0.000000000	0.000000000	0.000000000	0.000000000	0.000000000
2.299299299	0.000000000	0.000000000	0.000000000	0.000000000	0.000000000	0.000000000
2.306306306	0.000000000	0.000000000	0.000000000	0.000000000	0.000000000	0.000000000
2.313313313	0.000000000	0.000000000	0.000000000	0.000000000	0.000000000	0.000000000
2.320320320	0.000000000	0.000000000	0.000000000	0.000000000	0.000000000	0.000000000
2.327327327	0.000000000	0.000000000	0.000000000	0.000000000	0.000000000	0.000000000
2.334334334	0.000000000	0.000000000	0.000000000	0.000000000	0.000000000	0.000000000
2.341341341	0.000000000	0.000000000	0.000000000	0.000000000	0.000000000	0.000000000
2.348348348	0.000000000	0.000000000	0.000000000	0.000000000	0.000000000	0.000000000
2.355355355	0.000000000	0.000000000	0.000000000	0.000000000	0.000000000	0.000000000
2.362362362	0.000000000	0.000000000	0.000000000	0.000000000	0.000000000	0.000000000
2.369369369	0.000000000	0.000000000	0.000000000	0.000000000	0.000000000	0.000000000
2.376376376	0.000000000	0.000000000	0.000000000	0.000000000	0.000000000	0.000000000
2.383383383	0.000000000	0.000000000	0.000000000	0.000000000	0.000000000	0.000000000
2.390390390	0.000000000	0.000000000	0.000000000	0.000000000	0.000000000	0.000000000
2.397397397	0.000000000	0.000000000	0.000000000	0.000000000	0.000000000	0.000000000
2.404404404	0.000000000	0.000000000	0.000000000	0.000000000	0.000000000	0.000000000
2.411411411	0.000000000	0.000000000	0.000000000	0.000000000	0.000000000	0.000000000
2.418418418	0.000000000	0.000000000	0.000000000	0.000000000	0.000000000	0.000000000
2.425425425	0.000000000	0.000000000	0.000000000	0.000000000	0.000000000	0.000000000
2.432432432	0.000000000	0.000000000	0.000000000	0.000000000	0.000000000	0.000000000
2.439439439	0.000000000	0.000000000	0.000000000	0.000000000	0.000000000	0.000000000
2.446446446	0.000000000	0.000000000	0.000000000	0.000000000	0.000000000	0.000000000
2.453453453	0.000000000	0.000000000	0.000000000	0.000000000	0.000000000	0.000000000
2.460460460	0.000000000	0.000000000	0.000000000	0.000000000	0.000000000	0.000000000
2.467467467	0.000000000	0.000000000	0.000000000	0.000000000	0.000000000	0.000000000
2.474474474	0.000000000	0.000000000	0.000000000	0.000000000	0.000000000	0.000000000
2.481481481	0.000000000	0.000000000	0.000000000	0.000000000	0.000000000	0.000000000
2.488488488	0.000000000	0.000000000	0.000000000	0.000000000	0.000000000	0.000000000
2.495495495	0.000000000	0.000000000	0.000000000	0.000000000	0.000000000	0.000000000
2.502502503	0.000000000	0.000000000	0.000000000	0.000000000	0.000000000	0.000000000
2.509509510	0.000000000	0.000000000	0.000000000	0.000000000	0.000000000	0.000000000
2.516516517	0.000000000	0.000000000	0.000000000	0.000000000	0.000000000	0.000000000
2.523523524	0.000000000	0.000000000	0.000000000	0.000000000	0.000000000	0.000000000
2.530530531	0.000000000	0.000000000	0.000000000	0.000000000	0.000000000	0.000000000
2.537537538	0.000000000	0.000000000	0.000000000	0.000000000	0.000000000	0.000000000
2.544544545	0.000000000	0.000000000	0.000000000	0.000000000	0.000000000	0.000000000
2.551551552	0.000000000	0.000000000	0.000000000	0.000000000	0.000000000	0.000000000
2.558558559	0.000000000	0.000000000	0.000000000	0.000000000	0.000000000	0.000000000
2.565565566	0.000000000	0.000000000	0.000000000	0.000000000	0.000000000	0.000000000
2.572572573	0.000000000	0.000000000	0.000000000	0.000000000	0.000000000	0.000000000
2.579579580	0.000000000	0.000000000	0.000000000	0.000000000	0.000000000	0.000000000
2.586586587	0.000000000	0.000000000	0.000000000	0.000000000	0.000000000	0.000000000
2.593593594	0.000000000	0.000000000	0.000000000	0.000000000	0.000000000	0.000000000
2.600600601	0.000000000	0.000000000	0.000000000	0.000000000	0.000000000	0.000000000
2.607607608	0.000000000	0.000000000	0.000000000	0.000000000	0.000000000	0.000000000
2.614614615	0.000000000	0.000000000	0.000000000	0.000000000	0.000000000	0.000000000
2.621621622	0.000000000	0.000000000	0.000000000	0.000000000	0.000000000	0.000000000
2.628628629	0.000000000	0.000000000	0.000000000	0.000000000	0.000000000	0.000000000
2.635635636	0.000000000	0.000000000	0.000000000	0.000000000	0.000000000	0.000000000
2.642642643	0.000000000	0.000000000	0.000000000	0.000000000	0.000000000	0.000000000
2.649649650	0.000000000	0.000000000	0.000000000	0.000000000	0.000000000	0.000000000
2.656656657	0.000000000	0.000000000	0.000000000	0.000000000	0.000000000	0.000000000
2.663663664	0.000000000	0.000000000	0.000000000	0.000000000	0.000000000	0.000000000
2.670670671	0.000000000	0.000000000	0.000000000	0.000000000	0.000000000	0.000000000
2.677677678	0.000000000	0.000000000	0.000000000	0.000000000	0.000000000	0.000000000
2.684684685	0.000000000	0.000000000	0.000000000	0.000000000	0.000000000	0.000000000
2.691691692	0.000000000	0.000000000	0.000000000	0.000000000	0.000000000	0.000000000
2.698698699	0.000000000	0.000000000	0.000000000	0.000000000	0.000000000	0.000000000
2.705705706	0.000000000	0.000000000	0.000000000	0.000000000	0.000000000	0.000000000
2.712712713	0.000000000	0.000000000	0.000000000	0.000000000	0.000000000	0.000000000
2.719719720	0.000000000	0.000000000	0.000000000	0.000000000	0.000000000	0.000000000
2.726726727	0.000000000	0.000000000	0.000000000	0.000000000	0.000000000	0.000000000
2.733733734	0.000000000	0.000000000	0.000000000	0.000000000	0.000000000	0.000000000
2.740740741	0.000000000	0.000000000	0.000000000	0.000000000	0.000000000	0.000000000
2.747747748	0.000000000	0.000000000	0.000000000	0.000000000	0.000000000	0.000000000
2.754754755	0.000000000	0.000000000	0.000000000	0.000000000	0.000000000	0.000000000
2.761761762	0.000000000	0.000000000	0.000000000	0.000000000	0.000000000	0.000000000
2.768768769	0.000000000	0.000000000	0.000000000	0.000000000	0.000000000	0.000000000
2.775775776	0.000000000	0.000000000	0.000000000	0.000000000	0.000000000	0.000000000
2.782782783	0.000000000	0.000000000	0.000000000	0.000000000	0.000000000	0.000000000
2.789789790	0.000000000	0.000000000	0.000000000	0.000000000	0.000000000	0.000000000
2.796796797	0.000000000	0.000000000	0.000000000	0.000000000	0.000000000	0.000000000
2.803803804	0.000000000	0.000000000	0.000000000	0.000000000	0.000000000	0.000000000
2.810810811	0.000000000	0.000000000	0.000000000	0.000000000	0.000000000	0.000000000
2.817817818	0.000000000	0.000000000	0.000000000	0.000000000	0.000000000	0.000000000
2.824824825	0.000000000	0.000000000	0.000000000	0.000000000	0.000000000	0.000000000
2.831831832	0.000000000	0.000000000	0.000000000	0.000000000	0.000000000	0.000000000
2.838838839	0.000000000	0.000000000	0.000000000	0.000000000	0.000000000	0.000000000
2.845845846	0.000000000	0.000000000	0.000000000	0.000000000	0.000000000	0.000000000
2.852852853	0.000000000	0.000000000	0.000000000	0.000000000	0.000000000	0.000000000
2.859859860	0.000000000	0.000000000	0.000000000	0.000000000	0.000000000	0.000000000
2.866866867	0.000000000	0.000000000	0.000000000	0.000000000	0.000000000	0.000000000
2.873873874	0.000000000	0.000000000	0.000000000	0.000000000	0.000000000	0.000000000
2.880880881	0.000000000	0.000000000	0.000000000	0.000000000	0.000000000	0.000000000
2.887887888	0.000000000	0.000000000	0.000000000	0.000000000	0.000000000	0.000000000
2.894894895	0.000000000	0.000000000	0.000000000	0.000000000	0.000000000	0.000000000
2.901901902	0.000000000	0.000000000	0.000000000	0.000000000	0.000000000	0.000000000
2.908908909	0.000000000	0.000000000	0.000000000	0.000000000	0.000000000	0.000000000
2.915915916	0.000000000	0.000000000	0.000000000	0.000000000	0.000000000	0.000000000
2.922922923	0.000000000	0.000000000	0.000000000	0.000000000	0.000000000	0.000000000
2.929929930	0.000000000	0.000000000	0.000000000	0.000000000	0.000000000	0.000000000
2.936936937	0.000000000	0.000000000	0.000000000	0.000000000	0.000000000	0.000000000
2.943943944	0.000000000	0.000000000	0.000000000	0.000000000	0.000000000	0.000000000
2.950950951	0.000000000	0.000000000	0.000000000	0.000000000	0.000000000	0.000000000
2.957957958	0.000000000	0.000000000	0.000000000	0.000000000	0.000000000	0.000000000
2.964964965	0.000000000	0.000000000	0.000000000	0.000000000	0.000000000	0.000000000
2.971971972	0.000000000	0.000000000	0.000000000	0.000000000	0.000000000	0.000000000
2.978978979	0.000000000	0.000000000	0.000000000	0.000000000	0.000000000	0.000000000
2.985985986	0.000000000	0.000000000	0.000000000	0.000000000	0.000000000	0.000000000
2.992992993	0.000000000	0.000000000	0.000000000	0.000000000	0.000000000	0.000000000
3.000000000	0.000000000	0.000000000	0.000000000	0.000000000	0.000000000	0.000000000
