-4.000000000	0.005612519	0.018088407	0.017381949	0.045093797	0.014598656	0.024622624
-3.992992993	0.005681402	0.018253219	0.017540307	0.045507049	0.014739510	0.024824864
-3.985985986	0.005751190	0.018419666	0.017700246	0.045924034	0.014881851	0.025028946
-3.978978979	0.005821896	0.018587765	0.017861784	0.046344782	0.015025695	0.025234888
-3.971971972	0.005893531	0.018757534	0.018024937	0.046769325	0.015171060	0.025442709
-3.964964965	0.005966109	0.018928990	0.018189723	0.047197695	0.015317963	0.025652427
-3.957957958	0.006039644	0.019102151	0.018356160	0.047629924	0.015466421	0.025864061
-3.950950951	0.006114149	0.019277036	0.018524265	0.048066044	0.015616453	0.026077631
-3.943943944	0.006189637	0.019453662	0.018694057	0.048506086	0.015768076	0.026293154
-3.936936937	0.006266122	0.019632050	0.018865554	0.048950085	0.015921309	0.026510652
-3.929929930	0.006343618	0.019812216	0.019038775	0.049398071	0.016076170	0.026730143
-3.922922923	0.006422140	0.019994181	0.019213738	0.049850079	0.016232678	0.026951648
-3.915915916	0.006501701	0.020177964	0.019390461	0.050306140	0.016390851	0.027175186
-3.908908909	0.006582317	0.020363583	0.019568965	0.050766290	0.016550709	0.027400778
-3.901901902	0.006664002	0.020551060	0.019749268	0.051230560	0.016712271	0.027628444
-3.894894895	0.006746771	0.020740412	0.019931391	0.051698985	0.016875557	0.027858204
-3.887887888	0.006830639	0.020931662	0.020115352	0.052171598	0.017040587	0.028090081
-3.880880881	0.006915623	0.021124828	0.020301172	0.052648434	0.017207380	0.028324094
-3.873873874	0.007001737	0.021319932	0.020488871	0.053129527	0.017375957	0.028560266
-3.866866867	0.007088999	0.021516994	0.020678470	0.053614911	0.017546338	0.028798618
-3.859859860	0.007177423	0.021716036	0.020869989	0.054104621	0.017718545	0.029039171
-3.852852853	0.007267026	0.021917078	0.021063449	0.054598692	0.017892598	0.029281949
-3.845845846	0.007357826	0.022120143	0.021258872	0.055097159	0.018068519	0.029526972
-3.838838839	0.007449839	0.022325251	0.021456278	0.055600057	0.018246330	0.029774264
-3.831831832	0.007543082	0.022532425	0.021655690	0.056107422	0.018426051	0.030023847
-3.824824825	0.007637573	0.022741687	0.021857130	0.056619289	0.018607706	0.030275745
-3.817817818	0.007733329	0.022953060	0.022060620	0.057135694	0.018791316	0.030529980
-3.810810811	0.007830369	0.023166566	0.022266181	0.057656673	0.018976905	0.030786576
-3.803803804	0.007928710	0.023382228	0.022473838	0.058182262	0.019164494	0.031045557
-3.796796797	0.008028372	0.023600070	0.022683612	0.058712498	0.019354109	0.031306947
-3.789789790	0.008129372	0.023820115	0.022895528	0.059247417	0.019545771	0.031570770
-3.782782783	0.008231731	0.024042387	0.023109608	0.059787057	0.019739506	0.031837050
-3.775775776	0.008335466	0.024266909	0.023325876	0.060331453	0.019935336	0.032105813
-3.768768769	0.008440599	0.024493707	0.023544357	0.060880643	0.020133287	0.032377083
-3.761761762	0.008547150	0.024722805	0.023765075	0.061434664	0.020333382	0.032650886
-3.754754755	0.008655137	0.024954227	0.023988054	0.061993555	0.020535648	0.032927246
-3.747747748	0.008764582	0.025187999	0.024213319	0.062557351	0.020740108	0.033206191
-3.740740741	0.008875506	0.025424146	0.024440896	0.063126092	0.020946790	0.033487746
-3.733733734	0.008987929	0.025662694	0.024670809	0.063699815	0.021155719	0.033771937
-3.726726727	0.009101874	0.025903669	0.024903086	0.064278559	0.021366920	0.034058792
-3.719719720	0.009217363	0.026147097	0.025137751	0.064862361	0.021580421	0.034348336
-3.712712713	0.009334416	0.026393005	0.025374831	0.065451260	0.021796249	0.034640597
-3.705705706	0.009453057	0.026641420	0.025614353	0.066045295	0.022014431	0.034935604
-3.698698699	0.009573309	0.026892368	0.025856344	0.066644505	0.022234993	0.035233383
-3.691691692	0.009695195	0.027145878	0.026100830	0.067248928	0.022457965	0.035533962
-3.684684685	0.009818737	0.027401977	0.026347841	0.067858604	0.022683375	0.035837371
-3.677677678	0.009943961	0.027660694	0.026597403	0.068473572	0.022911250	0.036143637
-3.670670671	0.010070890	0.027922056	0.026849545	0.069093872	0.023141621	0.036452790
-3.663663664	0.010199549	0.028186093	0.027104296	0.069719542	0.023374515	0.036764859
-3.656656657	0.010329963	0.028452833	0.027361683	0.070350623	0.023609964	0.037079873
-3.649649650	0.010462157	0.028722306	0.027621738	0.070987155	0.023847997	0.037397863
-3.642642643	0.010596157	0.028994542	0.027884488	0.071629177	0.024088644	0.037718859
-3.635635636	0.010731989	0.029269571	0.028149965	0.072276730	0.024331936	0.038042891
-3.628628629	0.010869680	0.029547422	0.028418198	0.072929853	0.024577904	0.038369990
-3.621621622	0.011009256	0.029828128	0.028689219	0.073588588	0.024826581	0.038700188
-3.614614615	0.011150744	0.030111719	0.028963057	0.074252975	0.025077997	0.039033515
-3.607607608	0.011294173	0.030398226	0.029239744	0.074923053	0.025332185	0.039370005
-3.600600601	0.011439571	0.030687682	0.029519313	0.075598865	0.025589177	0.039709688
-3.593593594	0.011586966	0.030980118	0.029801795	0.076280451	0.025849008	0.040052598
-3.586586587	0.011736386	0.031275566	0.030087222	0.076967852	0.026111710	0.040398767
-3.579579580	0.011887863	0.031574061	0.030375628	0.077661109	0.026377318	0.040748229
-3.572572573	0.012041424	0.031875635	0.030667045	0.078360263	0.026645865	0.041101017
-3.565565566	0.012197102	0.032180321	0.030961508	0.079065355	0.026917387	0.041457166
-3.558558559	0.012354926	0.032488154	0.031259049	0.079776427	0.027191919	0.041816709
-3.551551552	0.012514928	0.032799168	0.031559704	0.080493520	0.027469496	0.042179681
-3.544544545	0.012677139	0.033113398	0.031863508	0.081216675	0.027750155	0.042546117
-3.537537538	0.012841593	0.033430879	0.032170494	0.081945935	0.028033931	0.042916052
-3.530530531	0.013008320	0.033751646	0.032480700	0.082681340	0.028320863	0.043289523
-3.523523524	0.013177356	0.034075735	0.032794161	0.083422933	0.028610987	0.043666566
-3.516516517	0.013348733	0.034403184	0.033110913	0.084170756	0.028904342	0.044047216
-3.509509510	0.013522485	0.034734028	0.033430994	0.084924849	0.029200965	0.044431511
-3.502502503	0.013698648	0.035068304	0.033754439	0.085685255	0.029500896	0.044819489
-3.495495495	0.013877256	0.035406051	0.034081288	0.086452016	0.029804174	0.045211186
-3.488488488	0.014058346	0.035747306	0.034411578	0.087225174	0.030110839	0.045606640
-3.481481481	0.014241954	0.036092107	0.034745348	0.088004770	0.030420931	0.046005892
-3.474474474	0.014428117	0.036440494	0.035082637	0.088790848	0.030734491	0.046408978
-3.467467467	0.014616871	0.036792506	0.035423484	0.089583448	0.031051560	0.046815939
-3.460460460	0.014808256	0.037148182	0.035767929	0.090382613	0.031372180	0.047226814
-3.453453453	0.015002310	0.037507562	0.036116013	0.091188384	0.031696394	0.047641644
-3.446446446	0.015199072	0.037870688	0.036467775	0.092000804	0.032024243	0.048060468
-3.439439439	0.015398582	0.038237600	0.036823259	0.092819915	0.032355773	0.048483327
-3.432432432	0.015600880	0.038608340	0.037182505	0.093645759	0.032691026	0.048910264
-3.425425425	0.015806007	0.038982949	0.037545555	0.094478378	0.033030047	0.049341320
-3.418418418	0.016014006	0.039361471	0.037912453	0.095317813	0.033372881	0.049776537
-3.411411411	0.016224918	0.039743947	0.038283241	0.096164107	0.033719574	0.050215958
-3.404404404	0.016438786	0.040130422	0.038657964	0.097017301	0.034070172	0.050659626
-3.397397397	0.016655654	0.040520939	0.039036666	0.097877437	0.034424721	0.051107584
-3.390390390	0.016875566	0.040915542	0.039419390	0.098744556	0.034783268	0.051559876
-3.383383383	0.017098567	0.041314277	0.039806183	0.099618702	0.035145863	0.052016548
-3.376376376	0.017324702	0.041717189	0.040197091	0.100499914	0.035512552	0.052477643
-3.369369369	0.017554019	0.042124323	0.040592159	0.101388234	0.035883386	0.052943208
-3.362362362	0.017786564	0.042535726	0.040991435	0.102283704	0.036258413	0.053413288
-3.355355355	0.018022384	0.042951444	0.041394965	0.103186365	0.036637684	0.053887929
-3.348348348	0.018261529	0.043371526	0.041802798	0.104096258	0.037021250	0.054367179
-3.341341341	0.018504047	0.043796018	0.042214983	0.105013424	0.037409163	0.054851084
-3.334334334	0.018749989	0.044224970	0.042631567	0.105937904	0.037801474	0.055339693
-3.327327327	0.018999405	0.044658429	0.043052602	0.106869738	0.038198236	0.055833053
-3.320320320	0.019252347	0.045096446	0.043478136	0.107808967	0.038599503	0.056331214
-3.313313313	0.019508866	0.045539071	0.043908221	0.108755631	0.039005329	0.056834224
-3.306306306	0.019769017	0.045986354	0.044342907	0.109709771	0.039415768	0.057342133
-3.299299299	0.020032852	0.046438346	0.044782248	0.110671425	0.039830876	0.057854993
-3.292292292	0.020300428	0.046895099	0.045226295	0.111640635	0.040250709	0.058372852
-3.285285285	0.020571798	0.047356665	0.045675101	0.112617440	0.040675324	0.058895764
-3.278278278	0.020847021	0.047823096	0.046128720	0.113601878	0.041104778	0.059423779
-3.271271271	0.021126152	0.048294447	0.046587206	0.114593988	0.041539129	0.059956950
-3.264264264	0.021409251	0.048770771	0.047050614	0.115593811	0.041978437	0.060495330
-3.257257257	0.021696375	0.049252122	0.047518999	0.116601383	0.042422761	0.061038972
-3.250250250	0.021987586	0.049738556	0.047992419	0.117616744	0.042872161	0.061587931
-3.243243243	0.022282944	0.050230128	0.048470929	0.118639930	0.043326698	0.062142260
-3.236236236	0.022582510	0.050726895	0.048954586	0.119670981	0.043786434	0.062702014
-3.229229229	0.022886348	0.051228913	0.049443450	0.120709932	0.044251431	0.063267250
-3.222222222	0.023194522	0.051736240	0.049937578	0.121756822	0.044721754	0.063838024
-3.215215215	0.023507095	0.052248934	0.050437031	0.122811685	0.045197465	0.064414391
-3.208208208	0.023824133	0.052767054	0.050941867	0.123874560	0.045678631	0.064996411
-3.201201201	0.024145704	0.053290659	0.051452148	0.124945481	0.046165315	0.065584139
-3.194194194	0.024471875	0.053819810	0.051967935	0.126024483	0.046657586	0.066177635
-3.187187187	0.024802714	0.054354566	0.052489290	0.127111603	0.047155510	0.066776958
-3.180180180	0.025138291	0.054894989	0.053016276	0.128206874	0.047659154	0.067382168
-3.173173173	0.025478677	0.055441141	0.053548957	0.129310331	0.048168589	0.067993323
-3.166166166	0.025823944	0.055993084	0.054087396	0.130422007	0.048683884	0.068610487
-3.159159159	0.026174165	0.056550882	0.054631658	0.131541936	0.049205109	0.069233718
-3.152152152	0.026529414	0.057114599	0.055181810	0.132670150	0.049732335	0.069863081
-3.145145145	0.026889767	0.057684299	0.055737917	0.133806681	0.050265636	0.070498637
-3.138138138	0.027255299	0.058260047	0.056300046	0.134951560	0.050805083	0.071140449
-3.131131131	0.027626088	0.058841910	0.056868266	0.136104821	0.051350751	0.071788581
-3.124124124	0.028002212	0.059429954	0.057442644	0.137266491	0.051902715	0.072443098
-3.117117117	0.028383753	0.060024246	0.058023251	0.138436602	0.052461051	0.073104065
-3.110110110	0.028770790	0.060624854	0.058610155	0.139615183	0.053025835	0.073771547
-3.103103103	0.029163406	0.061231848	0.059203429	0.140802263	0.053597145	0.074445610
-3.096096096	0.029561685	0.061845295	0.059803143	0.141997869	0.054175059	0.075126323
-3.089089089	0.029965711	0.062465268	0.060409371	0.143202029	0.054759657	0.075813751
-3.082082082	0.030375571	0.063091835	0.061022184	0.144414771	0.055351019	0.076507964
-3.075075075	0.030791352	0.063725070	0.061641658	0.145636118	0.055949226	0.077209031
-3.068068068	0.031213143	0.064365044	0.062267867	0.146866099	0.056554361	0.077917020
-3.061061061	0.031641033	0.065011830	0.062900886	0.148104735	0.057166507	0.078632002
-3.054054054	0.032075115	0.065665503	0.063540792	0.149352053	0.057785748	0.079354048
-3.047047047	0.032515482	0.066326136	0.064187662	0.150608073	0.058412169	0.080083229
-3.040040040	0.032962226	0.066993805	0.064841575	0.151872820	0.059045858	0.080819619
-3.033033033	0.033415445	0.067668586	0.065502609	0.153146313	0.059686899	0.081563288
-3.026026026	0.033875235	0.068350556	0.066170843	0.154428574	0.060335383	0.082314312
-3.019019019	0.034341694	0.069039793	0.066846359	0.155719623	0.060991399	0.083072763
-3.012012012	0.034814924	0.069736374	0.067529239	0.157019477	0.061655036	0.083838718
-3.005005005	0.035295024	0.070440379	0.068219563	0.158328155	0.062326385	0.084612252
-2.997997998	0.035782099	0.071151888	0.068917416	0.159645674	0.063005541	0.085393440
-2.990990991	0.036276253	0.071870981	0.069622881	0.160972049	0.063692595	0.086182360
-2.983983984	0.036777591	0.072597741	0.070336044	0.162307296	0.064387642	0.086979090
-2.976976977	0.037286223	0.073332249	0.071056990	0.163651428	0.065090779	0.087783708
-2.969969970	0.037802256	0.074074588	0.071785806	0.165004459	0.065802101	0.088596293
-2.962962963	0.038325803	0.074824842	0.072522580	0.166366399	0.066521707	0.089416925
-2.955955956	0.038856975	0.075583097	0.073267400	0.167737260	0.067249696	0.090245683
-2.948948949	0.039395888	0.076349437	0.074020356	0.169117051	0.067986167	0.091082651
-2.941941942	0.039942656	0.077123949	0.074781538	0.170505781	0.068731222	0.091927908
-2.934934935	0.040497399	0.077906720	0.075551038	0.171903456	0.069484963	0.092781539
-2.927927928	0.041060234	0.078697838	0.076328947	0.173310084	0.070247494	0.093643625
-2.920920921	0.041631284	0.079497392	0.077115359	0.174725668	0.071018919	0.094514253
-2.913913914	0.042210672	0.080305471	0.077910368	0.176150212	0.071799345	0.095393505
-2.906906907	0.042798521	0.081122167	0.078714070	0.177583718	0.072588877	0.096281468
-2.899899900	0.043394960	0.081947570	0.079526559	0.179026188	0.073387626	0.097178227
-2.892892893	0.044000116	0.082781773	0.080347934	0.180477621	0.074195699	0.098083871
-2.885885886	0.044614120	0.083624868	0.081178292	0.181938015	0.075013207	0.098998486
-2.878878879	0.045237105	0.084476950	0.082017733	0.183407367	0.075840263	0.099922160
-2.871871872	0.045869203	0.085338113	0.082866355	0.184885672	0.076676979	0.100854984
-2.864864865	0.046510553	0.086208453	0.083724261	0.186372924	0.077523470	0.101797047
-2.857857858	0.047161291	0.087088066	0.084591552	0.187869116	0.078379851	0.102748439
-2.850850851	0.047821559	0.087977050	0.085468331	0.189374238	0.079246239	0.103709252
-2.843843844	0.048491498	0.088875503	0.086354701	0.190888281	0.080122752	0.104679577
-2.836836837	0.049171253	0.089783524	0.087250769	0.192411231	0.081009510	0.105659509
-2.829829830	0.049860970	0.090701213	0.088156639	0.193943074	0.081906632	0.106649139
-2.822822823	0.050560797	0.091628670	0.089072420	0.195483796	0.082814242	0.107648563
-2.815815816	0.051270886	0.092565998	0.089998217	0.197033379	0.083732461	0.108657876
-2.808808809	0.051991388	0.093513299	0.090934142	0.198591804	0.084661415	0.109677172
-2.801801802	0.052722460	0.094470676	0.091880303	0.200159051	0.085601229	0.110706549
-2.794794795	0.053464257	0.095438233	0.092836813	0.201735096	0.086552030	0.111746104
-2.787787788	0.054216941	0.096416076	0.093803782	0.203319917	0.087513947	0.112795934
-2.780780781	0.054980671	0.097404311	0.094781324	0.204913486	0.088487109	0.113856139
-2.773773774	0.055755613	0.098403044	0.095769553	0.206515775	0.089471648	0.114926817
-2.766766767	0.056541933	0.099412384	0.096768584	0.208126756	0.090467696	0.116008068
-2.759759760	0.057339799	0.100432439	0.097778534	0.209746395	0.091475386	0.117099994
-2.752752753	0.058149382	0.101463319	0.098799520	0.211374660	0.092494854	0.118202696
-2.745745746	0.058970855	0.102505133	0.099831659	0.213011514	0.093526237	0.119316275
-2.738738739	0.059804396	0.103557994	0.100875073	0.214656919	0.094569671	0.120440836
-2.731731732	0.060650181	0.104622013	0.101929880	0.216310836	0.095625296	0.121576480
-2.724724725	0.061508391	0.105697303	0.102996202	0.217973222	0.096693253	0.122723314
-2.717717718	0.062379210	0.106783978	0.104074162	0.219644033	0.097773684	0.123881440
-2.710710711	0.063262824	0.107882153	0.105163883	0.221323222	0.098866731	0.125050966
-2.703703704	0.064159421	0.108991943	0.106265490	0.223010741	0.099972539	0.126231998
-2.696696697	0.065069191	0.110113465	0.107379108	0.224706539	0.101091255	0.127424641
-2.689689690	0.065992329	0.111246836	0.108504865	0.226410563	0.102223026	0.128629004
-2.682682683	0.066929030	0.112392174	0.109642887	0.228122757	0.103368001	0.129845196
-2.675675676	0.067879493	0.113549598	0.110793304	0.229843063	0.104526329	0.131073324
-2.668668669	0.068843919	0.114719227	0.111956245	0.231571420	0.105698163	0.132313499
-2.661661662	0.069822514	0.115901182	0.113131841	0.233307766	0.106883655	0.133565831
-2.654654655	0.070815482	0.117095584	0.114320223	0.235052035	0.108082959	0.134830430
-2.647647648	0.071823035	0.118302556	0.115521526	0.236804160	0.109296232	0.136107407
-2.640640641	0.072845385	0.119522220	0.116735881	0.238564070	0.110523630	0.137396875
-2.633633634	0.073882746	0.120754701	0.117963425	0.240331693	0.111765312	0.138698947
-2.626626627	0.074935337	0.122000122	0.119204293	0.242106951	0.113021437	0.140013734
-2.619619620	0.076003378	0.123258608	0.120458622	0.243889768	0.114292167	0.141341351
-2.612612613	0.077087094	0.124530287	0.121726550	0.245680062	0.115577664	0.142681912
-2.605605606	0.078186710	0.125815283	0.123008215	0.247477749	0.116878092	0.144035532
-2.598598599	0.079302456	0.127113726	0.124303758	0.249282743	0.118193617	0.145402325
-2.591591592	0.080434565	0.128425743	0.125613319	0.251094955	0.119524404	0.146782408
-2.584584585	0.081583272	0.129751463	0.126937039	0.252914291	0.120870623	0.148175896
-2.577577578	0.082748815	0.131091015	0.128275062	0.254740658	0.122232441	0.149582907
-2.570570571	0.083931435	0.132444530	0.129627531	0.256573956	0.123610030	0.151003556
-2.563563564	0.085131377	0.133812139	0.130994589	0.258414086	0.125003562	0.152437963
-2.556556557	0.086348887	0.135193973	0.132376384	0.260260942	0.126413209	0.153886243
-2.549549550	0.087584217	0.136590164	0.133773060	0.262114418	0.127839146	0.155348516
-2.542542543	0.088837619	0.138000844	0.135184766	0.263974404	0.129281549	0.156824901
-2.535535536	0.090109349	0.139426149	0.136611648	0.265840787	0.130740594	0.158315515
-2.528528529	0.091399668	0.140866210	0.138053856	0.267713449	0.132216461	0.159820479
-2.521521522	0.092708838	0.142321162	0.139511539	0.269592272	0.133709327	0.161339912
-2.514514515	0.094037124	0.143791142	0.140984848	0.271477133	0.135219375	0.162873933
-2.507507508	0.095384794	0.145276283	0.142473934	0.273367906	0.136746784	0.164422662
-2.500500501	0.096752121	0.146776721	0.143978949	0.275264460	0.138291740	0.165986220
-2.493493493	0.098139380	0.148292594	0.145500045	0.277166665	0.139854425	0.167564727
-2.486486486	0.099546848	0.149824038	0.147037375	0.279074383	0.141435024	0.169158304
-2.479479479	0.100974807	0.151371189	0.148591095	0.280987476	0.143033725	0.170767070
-2.472472472	0.102423540	0.152934186	0.150161358	0.282905801	0.144650713	0.172391148
-2.465465465	0.103893336	0.154513166	0.151748319	0.284829210	0.146286178	0.174030656
-2.458458458	0.105384484	0.156108267	0.153352136	0.286757556	0.147940309	0.175685717
-2.451451451	0.106897279	0.157719628	0.154972964	0.288690683	0.149613296	0.177356450
-2.444444444	0.108432016	0.159347387	0.156610960	0.290628437	0.151305331	0.179042977
-2.437437437	0.109988995	0.160991683	0.158266281	0.292570655	0.153016604	0.180745418
-2.430430430	0.111568520	0.162652655	0.159939087	0.294517175	0.154747311	0.182463893
-2.423423423	0.113170896	0.164330442	0.161629534	0.296467829	0.156497643	0.184198523
-2.416416416	0.114796433	0.166025183	0.163337783	0.298422446	0.158267796	0.185949426
-2.409409409	0.116445441	0.167737018	0.165063991	0.300380850	0.160057965	0.187716724
-2.402402402	0.118118237	0.169466084	0.166808319	0.302342863	0.161868346	0.189500535
-2.395395395	0.119815139	0.171212522	0.168570927	0.304308302	0.163699136	0.191300979
-2.388388388	0.121536467	0.172976471	0.170351974	0.306276982	0.165550532	0.193118173
-2.381381381	0.123282545	0.174758069	0.172151620	0.308248713	0.167422731	0.194952236
-2.374374374	0.125053701	0.176557456	0.173970026	0.310223301	0.169315932	0.196803285
-2.367367367	0.126850263	0.178374768	0.175807352	0.312200547	0.171230333	0.198671438
-2.360360360	0.128672566	0.180210146	0.177663759	0.314180252	0.173166135	0.200556811
-2.353353353	0.130520943	0.182063725	0.179539406	0.316162210	0.175123534	0.202459518
-2.346346346	0.132395735	0.183935645	0.181434455	0.318146211	0.177102733	0.204379676
-2.339339339	0.134297280	0.185826040	0.183349065	0.320132042	0.179103929	0.206317397
-2.332332332	0.136225924	0.187735049	0.185283396	0.322119486	0.181127324	0.208272796
-2.325325325	0.138182012	0.189662807	0.187237608	0.324108324	0.183173116	0.210245983
-2.318318318	0.140165893	0.191609448	0.189211860	0.326098328	0.185241506	0.212237072
-2.311311311	0.142177919	0.193575108	0.191206311	0.328089271	0.187332694	0.214246170
-2.304304304	0.144218443	0.195559919	0.193221120	0.330080920	0.189446878	0.216273388
-2.297297297	0.146287821	0.197564015	0.195256445	0.332073038	0.191584259	0.218318833
-2.290290290	0.148386411	0.199587527	0.197312442	0.334065385	0.193745034	0.220382611
-2.283283283	0.150514575	0.201630587	0.199389269	0.336057714	0.195929403	0.222464827
-2.276276276	0.152672675	0.203693323	0.201487081	0.338049778	0.198137563	0.224565584
-2.269269269	0.154861076	0.205775864	0.203606033	0.340041323	0.200369711	0.226684985
-2.262262262	0.157080143	0.207878338	0.205746280	0.342032093	0.202626043	0.228823129
-2.255255255	0.159330247	0.210000870	0.207907973	0.344021827	0.204906756	0.230980114
-2.248248248	0.161611756	0.212143585	0.210091266	0.346010259	0.207212042	0.233156038
-2.241241241	0.163925043	0.214306605	0.212296309	0.347997121	0.209542096	0.235350995
-2.234234234	0.166270481	0.216490053	0.214523251	0.349982139	0.211897110	0.237565077
-2.227227227	0.168648445	0.218694048	0.216772240	0.351965038	0.214277274	0.239798374
-2.220220220	0.171059309	0.220918707	0.219043422	0.353945535	0.216682777	0.242050976
-2.213213213	0.173503452	0.223164147	0.221336942	0.355923345	0.219113808	0.244322968
-2.206206206	0.175981251	0.225430481	0.223652943	0.357898180	0.221570552	0.246614432
-2.199199199	0.178493084	0.227717821	0.225991567	0.359869747	0.224053192	0.248925451
-2.192192192	0.181039331	0.230026277	0.228352951	0.361837748	0.226561912	0.251256101
-2.185185185	0.183620372	0.232355956	0.230737234	0.363801883	0.229096890	0.253606458
-2.178178178	0.186236585	0.234706962	0.233144550	0.365761847	0.231658304	0.255976595
-2.171171171	0.188888352	0.237079398	0.235575031	0.367717331	0.234246328	0.258366581
-2.164164164	0.191576052	0.239473364	0.238028808	0.369668023	0.236861135	0.260776481
-2.157157157	0.194300064	0.241888954	0.240506008	0.371613605	0.239502895	0.263206358
-2.150150150	0.197060767	0.244326264	0.243006754	0.373553759	0.242171772	0.265656272
-2.143143143	0.199858540	0.246785384	0.245531170	0.375488159	0.244867931	0.268126278
-2.136136136	0.202693759	0.249266400	0.248079372	0.377416477	0.247591531	0.270616428
-2.129129129	0.205566801	0.251769397	0.250651477	0.379338383	0.250342727	0.273126771
-2.122122122	0.208478039	0.254294455	0.253247596	0.381253541	0.253121672	0.275657349
-2.115115115	0.211427847	0.256841651	0.255867838	0.383161611	0.255928514	0.278208203
-2.108108108	0.214416594	0.259411058	0.258512307	0.385062252	0.258763396	0.280779367
-2.101101101	0.217444650	0.262002743	0.261181103	0.386955117	0.261626459	0.283370874
-2.094094094	0.220512379	0.264616773	0.263874324	0.388839856	0.264517836	0.285982748
-2.087087087	0.223620145	0.267253207	0.266592062	0.390716116	0.267437657	0.288615012
-2.080080080	0.226768306	0.269912101	0.269334404	0.392583540	0.270386048	0.291267680
-2.073073073	0.229957218	0.272593506	0.272101434	0.394441770	0.273363126	0.293940765
-2.066066066	0.233187233	0.275297469	0.274893230	0.396290440	0.276369006	0.296634272
-2.059059059	0.236458698	0.278024032	0.277709865	0.398129185	0.279403795	0.299348200
-2.052052052	0.239771956	0.280773229	0.280551407	0.399957635	0.282467594	0.302082544
-2.045045045	0.243127345	0.283545093	0.283417920	0.401775418	0.285560497	0.304837292
-2.038038038	0.246525197	0.286339647	0.286309459	0.403582156	0.288682594	0.307612426
-2.031031031	0.249965837	0.289156913	0.289226075	0.405377472	0.291833964	0.310407922
-2.024024024	0.253449587	0.291996902	0.292167814	0.407160983	0.295014680	0.313223748
-2.017017017	0.256976758	0.294859622	0.295134714	0.408932305	0.298224810	0.316059867
-2.010010010	0.260547657	0.297745075	0.298126806	0.410691050	0.301464410	0.318916233
-2.003003003	0.264162582	0.300653254	0.301144115	0.412436829	0.304733530	0.321792795
-1.995995996	0.267821822	0.303584146	0.304186658	0.414169248	0.308032210	0.324689493
-1.988988989	0.271525659	0.306537732	0.307254447	0.415887912	0.311360481	0.327606258
-1.981981982	0.275274364	0.309513986	0.310347484	0.417592424	0.314718368	0.330543017
-1.974974975	0.279068199	0.312512871	0.313465762	0.419282384	0.318105880	0.333499686
-1.967967968	0.282907416	0.315534347	0.316609269	0.420957390	0.321523022	0.336476171
-1.960960961	0.286792254	0.318578362	0.319777983	0.422617037	0.324969784	0.339472373
-1.953953954	0.290722944	0.321644858	0.322971871	0.424260920	0.328446148	0.342488181
-1.946946947	0.294699702	0.324733768	0.326190895	0.425888630	0.331952083	0.345523477
-1.939939940	0.298722731	0.327845017	0.329435005	0.427499756	0.335487547	0.348578131
-1.932932933	0.302792222	0.330978518	0.332704141	0.429093889	0.339052485	0.351652006
-1.925925926	0.306908351	0.334134178	0.335998234	0.430670614	0.342646832	0.354744953
-1.918918919	0.311071279	0.337311893	0.339317204	0.432229516	0.346270506	0.357856814
-1.911911912	0.315281151	0.340511549	0.342660961	0.433770180	0.349923416	0.360987417
-1.904904905	0.319538098	0.343733023	0.346029403	0.435292189	0.353605452	0.364136584
-1.897897898	0.323842231	0.346976179	0.349422418	0.436795124	0.357316495	0.367304123
-1.890890891	0.328193644	0.350240874	0.352839880	0.438278567	0.361056407	0.370489830
-1.883883884	0.332592413	0.353526950	0.356281653	0.439742097	0.364825037	0.373693490
-1.876876877	0.337038594	0.356834240	0.359747587	0.441185293	0.368622217	0.376914877
-1.869869870	0.341532223	0.360162566	0.363237521	0.442607735	0.372447764	0.380153749
-1.862862863	0.346073313	0.363511736	0.366751278	0.444009001	0.376301475	0.383409855
-1.855855856	0.350661857	0.366881547	0.370288671	0.445388669	0.380183134	0.386682929
-1.848848849	0.355297825	0.370271783	0.373849494	0.446746317	0.384092505	0.389972692
-1.841841842	0.359981161	0.373682215	0.377433532	0.448081524	0.388029331	0.393278850
-1.834834835	0.364711787	0.377112601	0.381040552	0.449393868	0.391993341	0.396601097
-1.827827828	0.369489596	0.380562686	0.384670305	0.450682928	0.395984241	0.399939110
-1.820820821	0.374314456	0.384032199	0.388322529	0.451948283	0.400001717	0.403292554
-1.813813814	0.379186207	0.387520858	0.391996945	0.453189513	0.404045436	0.406661075
-1.806806807	0.384104659	0.391028363	0.395693256	0.454406199	0.408115042	0.410044308
-1.799799800	0.389069593	0.394554401	0.399411149	0.455597924	0.412210159	0.413441868
-1.792792793	0.394080760	0.398098643	0.403150295	0.456764269	0.416330386	0.416853357
-1.785785786	0.399137875	0.401660745	0.406910344	0.457904820	0.420475300	0.420278357
-1.778778779	0.404240625	0.405240347	0.410690931	0.459019163	0.424644455	0.423716435
-1.771771772	0.409388657	0.408837070	0.414491669	0.460106885	0.428837380	0.427167140
-1.764764765	0.414581587	0.412450523	0.418312156	0.461167576	0.433053579	0.430630005
-1.757757758	0.419818991	0.416080294	0.422151965	0.462200829	0.437292530	0.434104541
-1.750750751	0.425100410	0.419725955	0.426010653	0.463206237	0.441553685	0.437590244
-1.743743744	0.430425342	0.423387059	0.429887755	0.464183396	0.445836469	0.441086589
-1.736736737	0.435793249	0.427063143	0.433782784	0.465131906	0.450140279	0.444593032
-1.729729730	0.441203547	0.430753722	0.437695232	0.466051369	0.454464486	0.448109011
-1.722722723	0.446655613	0.434458296	0.441624570	0.466941389	0.458808428	0.451633941
-1.715715716	0.452148776	0.438176342	0.445570244	0.467801576	0.463171417	0.455167218
-1.708708709	0.457682322	0.441907319	0.449531678	0.468631541	0.467552732	0.458708217
-1.701701702	0.463255491	0.445650666	0.453508274	0.469430898	0.471951623	0.462256292
-1.694694695	0.468867471	0.449405801	0.457499407	0.470199267	0.476367308	0.465810774
-1.687687688	0.474517404	0.453172121	0.461504429	0.470936272	0.480798971	0.469370974
-1.680680681	0.480204381	0.456949001	0.465522667	0.471641539	0.485245764	0.472936179
-1.673673674	0.485927439	0.460735796	0.469553421	0.472314700	0.489706808	0.476505653
-1.666666667	0.491685563	0.464531838	0.473595967	0.472955392	0.494181184	0.480078637
-1.659659660	0.497477683	0.468336436	0.477649552	0.473563255	0.498667943	0.483654350
-1.652652653	0.503302672	0.472148877	0.481713398	0.474137935	0.503166097	0.487231983
-1.645645646	0.509159347	0.475968425	0.485786698	0.474679084	0.507674624	0.490810708
-1.638638639	0.515046464	0.479794320	0.489868616	0.475186359	0.512192463	0.494389667
-1.631631632	0.520962721	0.483625778	0.493958290	0.475659421	0.516718516	0.497967980
-1.624624625	0.526906754	0.487461990	0.498054828	0.476097939	0.521251647	0.501544741
-1.617617618	0.532877136	0.491302124	0.502157305	0.476501586	0.525790681	0.505119019
-1.610610611	0.538872374	0.495145323	0.506264772	0.476870044	0.530334403	0.508689853
-1.603603604	0.544890913	0.498990702	0.510376244	0.477202999	0.534881558	0.512256261
-1.596596597	0.550931129	0.502837354	0.514490707	0.477500144	0.539430849	0.515817229
-1.589589590	0.556991331	0.506684343	0.518607117	0.477761179	0.543980939	0.519371720
-1.582582583	0.563069759	0.510530709	0.522724395	0.477985812	0.548530448	0.522918667
-1.575575576	0.569164581	0.514375465	0.526841433	0.478173756	0.553077956	0.526456976
-1.568568569	0.575273897	0.518217595	0.530957088	0.478324734	0.557621996	0.529985525
-1.561561562	0.581395730	0.522056058	0.535070184	0.478438474	0.562161060	0.533503164
-1.554554555	0.587528033	0.525889785	0.539179511	0.478514714	0.566693596	0.537008714
-1.547547548	0.593668682	0.529717679	0.543283828	0.478553199	0.571218005	0.540500967
-1.540540541	0.599815479	0.533538616	0.547381855	0.478553681	0.575732647	0.543978687
-1.533533534	0.605966149	0.537351442	0.551472281	0.478515923	0.580235834	0.547440608
-1.526526527	0.612118338	0.541154977	0.555553759	0.478439695	0.584725833	0.550885435
-1.519519520	0.618269615	0.544948010	0.559624906	0.478324774	0.589200865	0.554311843
-1.512512513	0.624417471	0.548729302	0.563684304	0.478170949	0.593659104	0.557718478
-1.505505506	0.630559316	0.552497587	0.567730499	0.477978017	0.598098679	0.561103956
-1.498498498	0.636692479	0.556251567	0.571762001	0.477745783	0.602517672	0.564466862
-1.491491491	0.642814210	0.559989916	0.575777283	0.477474062	0.606914116	0.567805754
-1.484484484	0.648921676	0.563711279	0.579774783	0.477162680	0.611286001	0.571119157
-1.477477477	0.655011966	0.567414272	0.583752901	0.476811470	0.615631266	0.574405567
-1.470470470	0.661082082	0.571097480	0.587710000	0.476420278	0.619947805	0.577663452
-1.463463463	0.667128949	0.574759460	0.591644409	0.475988956	0.624233465	0.580891247
-1.456456456	0.673149408	0.578398738	0.595554416	0.475517371	0.628486046	0.584087360
-1.449449449	0.679140218	0.582013813	0.599438274	0.475005396	0.632703301	0.587250167
-1.442442442	0.685098058	0.585603152	0.603294201	0.474452917	0.636882938	0.590378017
-1.435435435	0.691019525	0.589165194	0.607120376	0.473859830	0.641022616	0.593469228
-1.428428428	0.696901136	0.592698349	0.610914940	0.473226041	0.645119951	0.596522090
-1.421421421	0.702739328	0.596200997	0.614676001	0.472551467	0.649172512	0.599534863
-1.414414414	0.708530460	0.599671490	0.618401629	0.471836037	0.653177826	0.602505780
-1.407407407	0.714270810	0.603108152	0.622089857	0.471079690	0.657133373	0.605433046
-1.400400400	0.719956584	0.606509276	0.625738683	0.470282377	0.661036591	0.608314837
-1.393393393	0.725583909	0.609873129	0.629346069	0.469444058	0.664884875	0.611149303
-1.386386386	0.731148838	0.613197950	0.632909945	0.468564707	0.668675578	0.613934569
-1.379379379	0.736647353	0.616481951	0.636428201	0.467644309	0.672406015	0.616668730
-1.372372372	0.742075366	0.619723316	0.639898699	0.466682859	0.676073457	0.619349860
-1.365365365	0.747428720	0.622920202	0.643319262	0.465680365	0.679675141	0.621976006
-1.358358358	0.752703192	0.626070742	0.646687684	0.464636846	0.683208265	0.624545191
-1.351351351	0.757894494	0.629173041	0.650001726	0.463552333	0.686669989	0.627055415
-1.344344344	0.762998281	0.632225182	0.653259117	0.462426868	0.690057444	0.629504658
-1.337337337	0.768010147	0.635225222	0.656457555	0.461260506	0.693367724	0.631890877
-1.330330330	0.772925631	0.638171194	0.659594712	0.460053313	0.696597894	0.634212007
-1.323323323	0.777740224	0.641061109	0.662668227	0.458805367	0.699744991	0.636465967
-1.316316316	0.782449366	0.643892956	0.665675714	0.457516759	0.702806023	0.638650656
-1.309309309	0.787048454	0.646664702	0.668614761	0.456187590	0.705777975	0.640763958
-1.302302302	0.791532848	0.649374296	0.671482930	0.454817974	0.708657809	0.642803739
-1.295295295	0.795897868	0.652019664	0.674277759	0.453408037	0.711442467	0.644767852
-1.288288288	0.800138807	0.654598717	0.676996764	0.451957916	0.714128872	0.646654138
-1.281281281	0.804250931	0.657109346	0.679637442	0.450467763	0.716713934	0.648460426
-1.274274274	0.808229486	0.659549429	0.682197268	0.448937737	0.719194550	0.650184536
-1.267267267	0.812069701	0.661916826	0.684673700	0.447368012	0.721567607	0.651824278
-1.260260260	0.815766796	0.664209385	0.687064181	0.445758774	0.723829987	0.653377458
-1.253253253	0.819315989	0.666424941	0.689366140	0.444110220	0.725978568	0.654841876
-1.246246246	0.822712498	0.668561318	0.691576993	0.442422559	0.728010230	0.656215331
-1.239239239	0.825951550	0.670616330	0.693694145	0.440696010	0.729921855	0.657495621
-1.232232232	0.829028388	0.672587782	0.695714996	0.438930807	0.731710333	0.658680544
-1.225225225	0.831938277	0.674473475	0.697636938	0.437127192	0.733372565	0.659767904
-1.218218218	0.834676512	0.676271203	0.699457359	0.435285421	0.734905468	0.660755509
-1.211211211	0.837238422	0.677978756	0.701173647	0.433405760	0.736305978	0.661641176
-1.204204204	0.839619382	0.679593923	0.702783190	0.431488487	0.737571052	0.662422732
-1.197197197	0.841814820	0.681114493	0.704283382	0.429533891	0.738697679	0.663098019
-1.190190190	0.843820222	0.682538257	0.705671622	0.427542272	0.739682876	0.663664893
-1.183183183	0.845631141	0.683863009	0.706945318	0.425513940	0.740523698	0.664121228
-1.176176176	0.847243210	0.685086549	0.708101891	0.423449218	0.741217243	0.664464920
-1.169169169	0.848652141	0.686206685	0.709138776	0.421348437	0.741760652	0.664693888
-1.162162162	0.849853746	0.687221234	0.710053427	0.419211941	0.742151120	0.664806078
-1.155155155	0.850843933	0.688128025	0.710843318	0.417040082	0.742385895	0.664799467
-1.148148148	0.851618725	0.688924901	0.711505947	0.414833225	0.742462288	0.664672061
-1.141141141	0.852174264	0.689609721	0.712038842	0.412591743	0.742377677	0.664421905
-1.134134134	0.852506819	0.690180361	0.712439558	0.410316019	0.742129509	0.664047082
-1.127127127	0.852612799	0.690634720	0.712705687	0.408006447	0.741715311	0.663545716
-1.120120120	0.852488759	0.690970717	0.712834857	0.405663429	0.741132689	0.662915977
-1.113113113	0.852131411	0.691186298	0.712824738	0.403287378	0.740379341	0.662156083
-1.106106106	0.851537632	0.691279437	0.712673043	0.400878715	0.739453053	0.661264304
-1.099099099	0.850704472	0.691248136	0.712377534	0.398437870	0.738351715	0.660238966
-1.092092092	0.849629167	0.691090431	0.711936026	0.395965282	0.737073318	0.659078453
-1.085085085	0.848309141	0.690804392	0.711346387	0.393461399	0.735615965	0.657781210
-1.078078078	0.846742021	0.690388126	0.710606546	0.390926678	0.733977872	0.656345750
-1.071071071	0.844925643	0.689839781	0.709714494	0.388361582	0.732157379	0.654770652
-1.064064064	0.842858060	0.689157546	0.708668289	0.385766583	0.730152950	0.653054570
-1.057057057	0.840537551	0.688339655	0.707466058	0.383142163	0.727963182	0.651196233
-1.050050050	0.837962626	0.687384390	0.706106004	0.380488807	0.725586809	0.649194449
-1.043043043	0.835132038	0.686290082	0.704586406	0.377807011	0.723022708	0.647048108
-1.036036036	0.832044787	0.685055114	0.702905624	0.375097278	0.720269901	0.644756188
-1.029029029	0.828700126	0.683677924	0.701062104	0.372360114	0.717327567	0.642317755
-1.022022022	0.825097570	0.682157006	0.699054381	0.369596037	0.714195037	0.639731970
-1.015015015	0.821236899	0.680490916	0.696881080	0.366805566	0.710871808	0.636998087
-1.008008008	0.817118166	0.678678269	0.694540923	0.363989231	0.707357541	0.634115461
-1.001001001	0.812741699	0.676717746	0.692032730	0.361147564	0.703652068	0.631083549
-0.993993994	0.808108108	0.674608092	0.689355424	0.358281106	0.699755396	0.627901913
-0.986986987	0.803218287	0.672348122	0.686508032	0.355390401	0.695667711	0.624570224
-0.979979980	0.798073416	0.669936722	0.683489690	0.352475999	0.691389377	0.621088261
-0.972972973	0.792674966	0.667372850	0.680299644	0.349538455	0.686920947	0.617455919
-0.965965966	0.787024698	0.664655538	0.676937255	0.346578329	0.682263158	0.613673208
-0.958958959	0.781124664	0.661783897	0.673402000	0.343596184	0.677416939	0.609740256
-0.951951952	0.774977212	0.658757112	0.669693474	0.340592591	0.672383409	0.605657308
-0.944944945	0.768584976	0.655574451	0.665811393	0.337568120	0.667163881	0.601424735
-0.937937938	0.761950885	0.652235264	0.661755596	0.334523350	0.661759863	0.597043029
-0.930930931	0.755078154	0.648738982	0.657526047	0.331458859	0.656173056	0.592512807
-0.923923924	0.747970280	0.645085121	0.653122834	0.328375232	0.650405359	0.587834811
-0.916916917	0.740631045	0.641273282	0.648546176	0.325273056	0.644458865	0.583009909
-0.909909910	0.733064506	0.637303155	0.643796415	0.322152919	0.638335859	0.578039098
-0.902902903	0.725274988	0.633174515	0.638874026	0.319015415	0.632038823	0.572923502
-0.895895896	0.717267083	0.628887225	0.633779612	0.315861140	0.625570426	0.567664369
-0.888888889	0.709045638	0.624441239	0.628513903	0.312690690	0.618933529	0.562263076
-0.881881882	0.700615751	0.619836600	0.623077762	0.309504667	0.612131176	0.556721127
-0.874874875	0.691982756	0.615073439	0.617472178	0.306303671	0.605166593	0.551040147
-0.867867868	0.683152221	0.610151980	0.611698267	0.303088308	0.598043185	0.545221887
-0.860860861	0.674129932	0.605072534	0.605757272	0.299859184	0.590764529	0.539268217
-0.853853854	0.664921882	0.599835505	0.599650563	0.296616905	0.583334369	0.533181128
-0.846846847	0.655534263	0.594441385	0.593379629	0.293362081	0.575756612	0.526962723
-0.839839840	0.645973451	0.588890755	0.586946081	0.290095323	0.568035318	0.520615222
-0.832832833	0.636245991	0.583184288	0.580351650	0.286817242	0.560174694	0.514140950
-0.825825826	0.626358587	0.577322742	0.573598180	0.283528451	0.552179089	0.507542339
-0.818818819	0.616318085	0.571306965	0.566687626	0.280229566	0.544052980	0.500821919
-0.811811812	0.606131462	0.565137890	0.559622053	0.276921200	0.535800968	0.493982319
-0.804804805	0.595805807	0.558816538	0.552403629	0.273603969	0.527427766	0.487026253
-0.797797798	0.585348309	0.552344015	0.545034625	0.270278491	0.518938190	0.479956520
-0.790790791	0.574766241	0.545721509	0.537517403	0.266945384	0.510337147	0.472775998
-0.783783784	0.564066942	0.538950296	0.529854421	0.263605266	0.501629625	0.465487634
-0.776776777	0.553257810	0.532031730	0.522048221	0.260258756	0.492820683	0.458094436
-0.769769770	0.542346276	0.524967248	0.514101427	0.256906474	0.483915437	0.450599471
-0.762762763	0.531339798	0.517758371	0.506016740	0.253549041	0.474919047	0.443005851
-0.755755756	0.520245845	0.510406698	0.497796935	0.250187079	0.465836710	0.435316728
-0.748748749	0.509071881	0.502913909	0.489444852	0.246821210	0.456673642	0.427535284
-0.741741742	0.497825354	0.495281764	0.480963393	0.243452057	0.447435067	0.419664721
-0.734734735	0.486513683	0.487512107	0.472355520	0.240080245	0.438126210	0.411708255
-0.727727728	0.475144251	0.479606861	0.463624249	0.236706397	0.428752275	0.403669106
-0.720720721	0.463724391	0.471568034	0.454772648	0.233331141	0.419318443	0.395550486
-0.713713714	0.452261378	0.463397720	0.445803831	0.229955103	0.409829852	0.387355592
-0.706706707	0.440762428	0.455098100	0.436720961	0.226578911	0.400291593	0.379087597
-0.699699700	0.429234687	0.446671449	0.427527245	0.223203196	0.390708697	0.370749642
-0.692692693	0.417685230	0.438120139	0.418225938	0.219828587	0.381086125	0.362344827
-0.685685686	0.406121064	0.429446645	0.408820342	0.216455718	0.371428759	0.353876201
-0.678678679	0.394549125	0.420653550	0.399313812	0.213085223	0.361741401	0.345346763
-0.671671672	0.382976286	0.411743560	0.389709759	0.209717739	0.352028760	0.336759449
-0.664664665	0.371409363	0.402719507	0.380011663	0.206353902	0.342295457	0.328117131
-0.657657658	0.359855124	0.393584365	0.370223079	0.202994354	0.332546015	0.319422615
-0.650650651	0.348320307	0.384341265	0.360347654	0.199639738	0.322784871	0.310678644
-0.643643644	0.336811631	0.374993510	0.350389143	0.196290699	0.313016371	0.301887894
-0.636636637	0.325335824	0.365544592	0.340351433	0.192947885	0.303244785	0.293052988
-0.629629630	0.313899637	0.355998218	0.330238567	0.189611948	0.293474314	0.284176500
-0.622622623	0.302509885	0.346358333	0.320054777	0.186283541	0.283709111	0.275260973
-0.615615616	0.291173466	0.336629146	0.309804521	0.182963322	0.273953299	0.266308938
-0.608608609	0.279897408	0.326815165	0.299492526	0.179651954	0.264210995	0.257322936
-0.601601602	0.268688901	0.316921229	0.289123840	0.176350101	0.254486351	0.248305559
-0.594594595	0.257555344	0.306952552	0.278703887	0.173058432	0.244783584	0.239259486
-0.587587588	0.246504394	0.296914759	0.268238539	0.169777622	0.235107029	0.230187534
-0.580580581	0.235544012	0.286813943	0.257734185	0.166508348	0.225461193	0.221092725
-0.573573574	0.224682519	0.276656710	0.247197822	0.163251293	0.215850816	0.211978357
-0.566566567	0.213928651	0.266450242	0.236637146	0.160007146	0.206280949	0.202848096
-0.559559560	0.203291615	0.256202355	0.226060660	0.156776599	0.196757035	0.193706082
-0.552552553	0.192781146	0.245921567	0.215477787	0.153560349	0.187285001	0.184557053
-0.545545546	0.182407561	0.235617172	0.204899004	0.150359102	0.177871368	0.175406491
-0.538538539	0.172181816	0.225299310	0.194335967	0.147173565	0.168523365	0.166260787
-0.531531532	0.162115548	0.214979048	0.183801670	0.144004454	0.159249058	0.157127436
-0.524524525	0.152221122	0.204668461	0.173310588	0.140852491	0.150057484	0.148015250
-0.517517518	0.142511658	0.194380715	0.162878840	0.137718400	0.140958802	0.138934606
-0.510510511	0.133001054	0.184130147	0.152524349	0.134602917	0.131964444	0.129897711
-0.503503504	0.123703983	0.173932348	0.142266998	0.131506778	0.123087273	0.120918902
-0.496496496	0.114635881	0.163804236	0.132128779	0.128430731	0.114341739	0.112014962
-0.489489489	0.105812902	0.153764125	0.122133922	0.125375524	0.105744031	0.103205452
-0.482482482	0.097251850	0.143831781	0.112308999	0.122341916	0.097312213	0.094513053
-0.475475475	0.088970071	0.134028461	0.102682988	0.119330670	0.089066332	0.085963896
-0.468468468	0.080985316	0.124376933	0.093287277	0.116342554	0.081028498	0.077587868
-0.461461461	0.073315555	0.114901468	0.084155597	0.113378342	0.073222902	0.069418848
-0.454454454	0.065978745	0.105627790	0.075323861	0.110438815	0.065675765	0.061494864
-0.447447447	0.058992554	0.096582997	0.066829875	0.107524756	0.058415197	0.053858079
-0.440440440	0.052374026	0.087795413	0.058712903	0.104636956	0.051470936	0.046554576
-0.433433433	0.046139199	0.079294390	0.051013057	0.101776207	0.044873932	0.039633839
-0.426426426	0.040302675	0.071110032	0.043770471	0.098943308	0.038655767	0.033147832
-0.419419419	0.034877146	0.063272833	0.037024242	0.096139060	0.032847861	0.027149571
-0.412412412	0.029872882	0.055813226	0.030811113	0.093364265	0.027480453	0.021691062
-0.405405405	0.025297200	0.048761024	0.025163887	0.090619729	0.022581331	0.016820482
-0.398398398	0.021153934	0.042144752	0.020109575	0.087906259	0.018174318	0.012578541
-0.391391391	0.017442918	0.035990869	0.015667329	0.085224662	0.014277532	0.008993985
-0.384384384	0.014159528	0.030322871	0.011846233	0.082575746	0.010901464	0.006078402
-0.377377377	0.011294300	0.025160297	0.008643078	0.079960314	0.008047011	0.003820714
-0.370370370	0.008832678	0.020517659	0.006040353	0.077379171	0.005703584	0.002182132
-0.363363363	0.006754923	0.016403316	0.004004734	0.074833115	0.003847579	0.001092968
-0.356356356	0.005036226	0.012818364	0.002486470	0.072322941	0.002441509	0.000453392
-0.349349349	0.003647071	0.009755600	0.001420145	0.069849437	0.001434203	0.000140886
-0.342342342	0.002553867	0.007198668	0.000727330	0.067413382	0.000762529	0.000026878
-0.335335335	0.001719858	0.005121503	0.000321526	0.065015549	0.000355017	0.000001951
-0.328328328	0.001106321	0.003488218	0.000115511	0.062656697	0.000137555	0.000000010
-0.321321321	0.000673992	0.002253604	0.000030437	0.060337575	0.000040785	0.000000000
-0.314314314	0.000384645	0.001364393	0.000004843	0.058058917	0.000007953	0.000000000
-0.307307307	0.000202716	0.000761425	0.000000302	0.055821440	0.000000745	0.000000000
-0.300300300	0.000096790	0.000382754	0.000000002	0.053625844	0.000000015	0.000000000
-0.293293293	0.000040781	0.000167591	0.000000000	0.051472809	0.000000000	0.000000000
-0.286286286	0.000014605	0.000060730	0.000000000	0.049362993	0.000000000	0.000000000
-0.279279279	0.000004205	0.000016760	0.000000000	0.047297029	0.000000000	0.000000000
-0.272272272	0.000000892	0.000003040	0.000000000	0.045275525	0.000000000	0.000000000
-0.265265265	0.000000120	0.000000270	0.000000000	0.043299059	0.000000000	0.000000000
-0.258258258	0.000000008	0.000000006	0.000000000	0.041368179	0.000000000	0.000000000
-0.251251251	0.000000000	0.000000000	0.000000000	0.039483398	0.000000000	0.000000000
-0.244244244	0.000000000	0.000000000	0.000000000	0.037645195	0.000000000	0.000000000
-0.237237237	0.000000000	0.000000000	0.000000000	0.035854010	0.000000000	0.000000000
-0.230230230	0.000000000	0.000000000	0.000000000	0.034110244	0.000000000	0.000000000
-0.223223223	0.000000000	0.000000000	0.000000000	0.032414252	0.000000000	0.000000000
-0.216216216	0.000000000	0.000000000	0.000000000	0.030766347	0.000000000	0.000000000
-0.209209209	0.000000000	0.000000000	0.000000000	0.029166793	0.000000000	0.000000000
-0.202202202	0.000000000	0.000000000	0.000000000	0.027615804	0.000000000	0.000000000
-0.195195195	0.000000000	0.000000000	0.000000000	0.026113541	0.000000000	0.000000000
-0.188188188	0.000000000	0.000000000	0.000000000	0.024660113	0.000000000	0.000000000
-0.181181181	0.000000000	0.000000000	0.000000000	0.023255571	0.000000000	0.000000000
-0.174174174	0.000000000	0.000000000	0.000000000	0.021899907	0.000000000	0.000000000
-0.167167167	0.000000000	0.000000000	0.000000000	0.020593055	0.000000000	0.000000000
-0.160160160	0.000000000	0.000000000	0.000000000	0.019334886	0.000000000	0.000000000
-0.153153153	0.000000000	0.000000000	0.000000000	0.018125208	0.000000000	0.000000000
-0.146146146	0.000000000	0.000000000	0.000000000	0.016963765	0.000000000	0.000000000
-0.139139139	0.000000000	0.000000000	0.000000000	0.015850236	0.000000000	0.000000000
-0.132132132	0.000000000	0.000000000	0.000000000	0.014784232	0.000000000	0.000000000
-0.125125125	0.000000000	0.000000000	0.000000000	0.013765299	0.000000000	0.000000000
-0.118118118	0.000000000	0.000000000	0.000000000	0.012792914	0.000000000	0.000000000
-0.111111111	0.000000000	0.000000000	0.000000000	0.011866489	0.000000000	0.000000000
-0.104104104	0.000000000	0.000000000	0.000000000	0.010985368	0.000000000	0.000000000
-0.097097097	0.000000000	0.000000000	0.000000000	0.010148828	0.000000000	0.000000000
-0.090090090	0.000000000	0.000000000	0.000000000	0.009356082	0.000000000	0.000000000
-0.083083083	0.000000000	0.000000000	0.000000000	0.008606278	0.000000000	0.000000000
-0.076076076	0.000000000	0.000000000	0.000000000	0.007898502	0.000000000	0.000000000
-0.069069069	0.000000000	0.000000000	0.000000000	0.007231781	0.000000000	0.000000000
-0.062062062	0.000000000	0.000000000	0.000000000	0.006605081	0.000000000	0.000000000
-0.055055055	0.000000000	0.000000000	0.000000000	0.006017315	0.000000000	0.000000000
-0.048048048	0.000000000	0.000000000	0.000000000	0.005467343	0.000000000	0.000000000
-0.041041041	0.000000000	0.000000000	0.000000000	0.004953977	0.000000000	0.000000000
-0.034034034	0.000000000	0.000000000	0.000000000	0.004475983	0.000000000	0.000000000
-0.027027027	0.000000000	0.000000000	0.000000000	0.004032086	0.000000000	0.000000000
-0.020020020	0.000000000	0.000000000	0.000000000	0.003620976	0.000000000	0.000000000
-0.013013013	0.000000000	0.000000000	0.000000000	0.003241309	0.000000000	0.000000000
-0.006006006	0.000000000	0.000000000	0.000000000	0.002891717	0.000000000	0.000000000
0.001001001	0.000000000	0.000000000	0.000000000	0.002570810	0.000000000	0.000000000
0.008008008	0.000000000	0.000000000	0.000000000	0.002277179	0.000000000	0.000000000
0.015015015	0.000000000	0.000000000	0.000000000	0.002009410	0.000000000	0.000000000
0.022022022	0.000000000	0.000000000	0.000000000	0.001766079	0.000000000	0.000000000
0.029029029	0.000000000	0.000000000	0.000000000	0.001545768	0.000000000	0.000000000
0.036036036	0.000000000	0.000000000	0.000000000	0.001347064	0.000000000	0.000000000
0.043043043	0.000000000	0.000000000	0.000000000	0.001168567	0.000000000	0.000000000
0.050050050	0.000000000	0.000000000	0.000000000	0.001008897	0.000000000	0.000000000
0.057057057	0.000000000	0.000000000	0.000000000	0.000866697	0.000000000	0.000000000
0.064064064	0.000000000	0.000000000	0.000000000	0.000740643	0.000000000	0.000000000
0.071071071	0.000000000	0.000000000	0.000000000	0.000629444	0.000000000	0.000000000
0.078078078	0.000000000	0.000000000	0.000000000	0.000531851	0.000000000	0.000000000
0.085085085	0.000000000	0.000000000	0.000000000	0.000446659	0.000000000	0.000000000
0.092092092	0.000000000	0.000000000	0.000000000	0.000372713	0.000000000	0.000000000
0.099099099	0.000000000	0.000000000	0.000000000	0.000308913	0.000000000	0.000000000
0.106106106	0.000000000	0.000000000	0.000000000	0.000254211	0.000000000	0.000000000
0.113113113	0.000000000	0.000000000	0.000000000	0.000207624	0.000000000	0.000000000
0.120120120	0.000000000	0.000000000	0.000000000	0.000168227	0.000000000	0.000000000
0.127127127	0.000000000	0.000000000	0.000000000	0.000135157	0.000000000	0.000000000
0.134134134	0.000000000	0.000000000	0.000000000	0.000107619	0.000000000	0.000000000
0.141141141	0.000000000	0.000000000	0.000000000	0.000084880	0.000000000	0.000000000
0.148148148	0.000000000	0.000000000	0.000000000	0.000066270	0.000000000	0.000000000
0.155155155	0.000000000	0.000000000	0.000000000	0.000051185	0.000000000	0.000000000
0.162162162	0.000000000	0.000000000	0.000000000	0.000039081	0.000000000	0.000000000
0.169169169	0.000000000	0.000000000	0.000000000	0.000029475	0.000000000	0.000000000
0.176176176	0.000000000	0.000000000	0.000000000	0.000021938	0.000000000	0.000000000
0.183183183	0.000000000	0.000000000	0.000000000	0.000016100	0.000000000	0.000000000
0.190190190	0.000000000	0.000000000	0.000000000	0.000011636	0.000000000	0.000000000
0.197197197	0.000000000	0.000000000	0.000000000	0.000008274	0.000000000	0.000000000
0.204204204	0.000000000	0.000000000	0.000000000	0.000005780	0.000000000	0.000000000
0.211211211	0.000000000	0.000000000	0.000000000	0.000003961	0.000000000	0.000000000
0.218218218	0.000000000	0.000000000	0.000000000	0.000002658	0.000000000	0.000000000
0.225225225	0.000000000	0.000000000	0.000000000	0.000001744	0.000000000	0.000000000
0.232232232	0.000000000	0.000000000	0.000000000	0.000001117	0.000000000	0.000000000
0.239239239	0.000000000	0.000000000	0.000000000	0.000000696	0.000000000	0.000000000
0.246246246	0.000000000	0.000000000	0.000000000	0.000000421	0.000000000	0.000000000
0.253253253	0.000000000	0.000000000	0.000000000	0.000000246	0.000000000	0.000000000
0.260260260	0.000000000	0.000000000	0.000000000	0.000000139	0.000000000	0.000000000
0.267267267	0.000000000	0.000000000	0.000000000	0.000000075	0.000000000	0.000000000
0.274274274	0.000000000	0.000000000	0.000000000	0.000000039	0.000000000	0.000000000
0.281281281	0.000000000	0.000000000	0.000000000	0.000000019	0.000000000	0.000000000
0.288288288	0.000000000	0.000000000	0.000000000	0.000000009	0.000000000	0.000000000
0.295295295	0.000000000	0.000000000	0.000000000	0.000000004	0.000000000	0.000000000
0.302302302	0.000000000	0.000000000	0.000000000	0.000000002	0.000000000	0.000000000
0.309309309	0.000000000	0.000000000	0.000000000	0.000000001	0.000000000	0.000000000
0.316316316	0.000000000	0.000000000	0.000000000	0.000000000	0.000000000	0.000000000
0.323323323	0.000000000	0.000000000	0.000000000	0.000000000	0.000000000	0.000000000
0.330330330	0.000000000	0.000000000	0.000000000	0.000000000	0.000000000	0.000000000
0.337337337	0.000000000	0.000000000	0.000000000	0.000000000	0.000000000	0.000000000
0.344344344	0.000000000	0.000000000	0.000000000	0.000000000	0.000000000	0.000000000
0.351351351	0.000000000	0.000000000	0.000000000	0.000000000	0.000000000	0.000000000
0.358358358	0.000000000	0.000000000	0.000000000	0.000000000	0.000000000	0.000000000
0.365365365	0.000000000	0.000000000	0.000000000	0.000000000	0.000000000	0.000000000
0.372372372	0.000000000	0.000000000	0.000000000	0.000000000	0.000000000	0.000000000
0.379379379	0.000000000	0.000000000	0.000000000	0.000000000	0.000000000	0.000000000
0.386386386	0.000000000	0.000000000	0.000000000	0.000000000	0.000000000	0.000000000
0.393393393	0.000000000	0.000000000	0.000000000	0.000000000	0.000000000	0.000000000
0.400400400	0.000000000	0.000000000	0.000000000	0.000000000	0.000000000	0.000000000
0.407407407	0.000000000	0.000000000	0.000000000	0.000000000	0.000000000	0.000000000
0.414414414	0.000000000	0.000000000	0.000000000	0.000000000	0.000000000	0.000000000
0.421421421	0.000000000	0.000000000	0.000000000	0.000000000	0.000000000	0.000000000
0.428428428	0.000000000	0.000000000	0.000000000	0.000000000	0.000000000	0.000000000
0.435435435	0.000000000	0.000000000	0.000000000	0.000000000	0.000000000	0.000000000
0.442442442	0.000000000	0.000000000	0.000000000	0.000000000	0.000000000	0.000000000
0.449449449	0.000000000	0.000000000	0.000000000	0.000000000	0.000000000	0.000000000
0.456456456	0.000000000	0.000000000	0.000000000	0.000000000	0.000000000	0.000000000
0.463463463	0.000000000	0.000000000	0.000000000	0.000000000	0.000000000	0.000000000
0.470470470	0.000000000	0.000000000	0.000000000	0.000000000	0.000000000	0.000000000
0.477477477	0.000000000	0.000000000	0.000000000	0.000000000	0.000000000	0.000000000
0.484484484	0.000000000	0.000000000	0.000000000	0.000000000	0.000000000	0.000000000
0.491491491	0.000000000	0.000000000	0.000000000	0.000000000	0.000000000	0.000000000
0.498498498	0.000000000	0.000000000	0.000000000	0.000000000	0.000000000	0.000000000
0.505505506	0.000000000	0.000000000	0.000000000	0.000000000	0.000000000	0.000000000
0.512512513	0.000000000	0.000000000	0.000000000	0.000000000	0.000000000	0.000000000
0.519519520	0.000000000	0.000000000	0.000000000	0.000000000	0.000000000	0.000000000
0.526526527	0.000000000	0.000000000	0.000000000	0.000000000	0.000000000	0.000000000
0.533533534	0.000000000	0.000000000	0.000000000	0.000000000	0.000000000	0.000000000
0.540540541	0.000000000	0.000000000	0.000000000	0.000000000	0.000000000	0.000000000
0.547547548	0.000000000	0.000000000	0.000000000	0.000000000	0.000000000	0.000000000
0.554554555	0.000000000	0.000000000	0.000000000	0.000000000	0.000000000	0.000000000
0.561561562	0.000000000	0.000000000	0.000000000	0.000000000	0.000000000	0.000000000
0.568568569	0.000000000	0.000000000	0.000000000	0.000000000	0.000000000	0.000000000
0.575575576	0.000000000	0.000000000	0.000000000	0.000000000	0.000000000	0.000000000
0.582582583	0.000000000	0.000000000	0.000000000	0.000000000	0.000000000	0.000000000
0.589589590	0.000000000	0.000000000	0.000000000	0.000000000	0.000000000	0.000000000
0.596596597	0.000000000	0.000000000	0.000000000	0.000000000	0.000000000	0.000000000
0.603603604	0.000000000	0.000000000	0.000000000	0.000000000	0.000000000	0.000000000
0.610610611	0.000000000	0.000000000	0.000000000	0.000000000	0.000000000	0.000000000
0.617617618	0.000000000	0.000000000	0.000000000	0.000000000	0.000000000	0.000000000
0.624624625	0.000000000	0.000000000	0.000000000	0.000000000	0.000000000	0.000000000
0.631631632	0.000000000	0.000000000	0.000000000	0.000000000	0.000000000	0.000000000
0.638638639	0.000000000	0.000000000	0.000000000	0.000000000	0.000000000	0.000000000
0.645645646	0.000000000	0.000000000	0.000000000	0.000000000	0.000000000	0.000000000
0.652652653	0.000000000	0.000000000	0.000000000	0.000000000	0.000000000	0.000000000
0.659659660	0.000000000	0.000000000	0.000000000	0.000000000	0.000000000	0.000000000
0.666666667	0.000000000	0.000000000	0.000000000	0.000000000	0.000000000	0.000000000
0.673673674	0.000000000	0.000000000	0.000000000	0.000000000	0.000000000	0.000000000
0.680680681	0.000000000	0.000000000	0.000000000	0.000000000	0.000000000	0.000000000
0.687687688	0.000000000	0.000000000	0.000000000	0.000000000	0.000000000	0.000000000
0.694694695	0.000000000	0.000000000	0.000000000	0.000000000	0.000000000	0.000000000
0.701701702	0.000000000	0.000000000	0.000000000	0.000000000	0.000000000	0.000000000
0.708708709	0.000000000	0.000000000	0.000000000	0.000000000	0.000000000	0.000000000
0.715715716	0.000000000	0.000000000	0.000000000	0.000000000	0.000000000	0.000000000
0.722722723	0.000000000	0.000000000	0.000000000	0.000000000	0.000000000	0.000000000
0.729729730	0.000000000	0.000000000	0.000000000	0.000000000	0.000000000	0.000000000
0.736736737	0.000000000	0.000000000	0.000000000	0.000000000	0.000000000	0.000000000
0.743743744	0.000000000	0.000000000	0.000000000	0.000000000	0.000000000	0.000000000
0.750750751	0.000000000	0.000000000	0.000000000	0.000000000	0.000000000	0.000000000
0.757757758	0.000000000	0.000000000	0.000000000	0.000000000	0.000000000	0.000000000
0.764764765	0.000000000	0.000000000	0.000000000	0.000000000	0.000000000	0.000000000
0.771771772	0.000000000	0.000000000	0.000000000	0.000000000	0.000000000	0.000000000
0.778778779	0.000000000	0.000000000	0.000000000	0.000000000	0.000000000	0.000000000
0.785785786	0.000000000	0.000000000	0.000000000	0.000000000	0.000000000	0.000000000
0.792792793	0.000000000	0.000000000	0.000000000	0.000000000	0.000000000	0.000000000
0.799799800	0.000000000	0.000000000	0.000000000	0.000000000	0.000000000	0.000000000
0.806806807	0.000000000	0.000000000	0.000000000	0.000000000	0.000000000	0.000000000
0.813813814	0.000000000	0.000000000	0.000000000	0.000000000	0.000000000	0.000000000
0.820820821	0.000000000	0.000000000	0.000000000	0.000000000	0.000000000	0.000000000
0.827827828	0.000000000	0.000000000	0.000000000	0.000000000	0.000000000	0.000000000
0.834834835	0.000000000	0.000000000	0.000000000	0.000000000	0.000000000	0.000000000
0.841841842	0.000000000	0.000000000	0.000000000	0.000000000	0.000000000	0.000000000
0.848848849	0.000000000	0.000000000	0.000000000	0.000000000	0.000000000	0.000000000
0.855855856	0.000000000	0.000000000	0.000000000	0.000000000	0.000000000	0.000000000
0.862862863	0.000000000	0.000000000	0.000000000	0.000000000	0.000000000	0.000000000
0.869869870	0.000000000	0.000000000	0.000000000	0.000000000	0.000000000	0.000000000
0.876876877	0.000000000	0.000000000	0.000000000	0.000000000	0.000000000	0.000000000
0.883883884	0.000000000	0.000000000	0.000000000	0.000000000	0.000000000	0.000000000
0.890890891	0.000000000	0.000000000	0.000000000	0.000000000	0.000000000	0.000000000
0.897897898	0.000000000	0.000000000	0.000000000	0.000000000	0.000000000	0.000000000
0.904904905	0.000000000	0.000000000	0.000000000	0.000000000	0.000000000	0.000000000
0.911911912	0.000000000	0.000000000	0.000000000	0.000000000	0.000000000	0.000000000
0.918918919	0.000000000	0.000000000	0.000000000	0.000000000	0.000000000	0.000000000
0.925925926	0.000000000	0.000000000	0.000000000	0.000000000	0.000000000	0.000000000
0.932932933	0.000000000	0.000000000	0.000000000	0.000000000	0.000000000	0.000000000
0.939939940	0.000000000	0.000000000	0.000000000	0.000000000	0.000000000	0.000000000
0.946946947	0.000000000	0.000000000	0.000000000	0.000000000	0.000000000	0.000000000
0.953953954	0.000000000	0.000000000	0.000000000	0.000000000	0.000000000	0.000000000
0.960960961	0.000000000	0.000000000	0.000000000	0.000000000	0.000000000	0.000000000
0.967967968	0.000000000	0.000000000	0.000000000	0.000000000	0.000000000	0.000000000
0.974974975	0.000000000	0.000000000	0.000000000	0.000000000	0.000000000	0.000000000
0.981981982	0.000000000	0.000000000	0.000000000	0.000000000	0.000000000	0.000000000
0.988988989	0.000000000	0.000000000	0.000000000	0.000000000	0.000000000	0.000000000
0.995995996	0.000000000	0.000000000	0.000000000	0.000000000	0.000000000	0.000000000
1.003003003	0.000000000	0.000000000	0.000000000	0.000000000	0.000000000	0.000000000
1.010010010	0.000000000	0.000000000	0.000000000	0.000000000	0.000000000	0.000000000
1.017017017	0.000000000	0.000000000	0.000000000	0.000000000	0.000000000	0.000000000
1.024024024	0.000000000	0.000000000	0.000000000	0.000000000	0.000000000	0.000000000
1.031031031	0.000000000	0.000000000	0.000000000	0.000000000	0.000000000	0.000000000
1.038038038	0.000000000	0.000000000	0.000000000	0.000000000	0.000000000	0.000000000
1.045045045	0.000000000	0.000000000	0.000000000	0.000000000	0.000000000	0.000000000
1.052052052	0.000000000	0.000000000	0.000000000	0.000000000	0.000000000	0.000000000
1.059059059	0.000000000	0.000000000	0.000000000	0.000000000	0.000000000	0.000000000
1.066066066	0.000000000	0.000000000	0.000000000	0.000000000	0.000000000	0.000000000
1.073073073	0.000000000	0.000000000	0.000000000	0.000000000	0.000000000	0.000000000
1.080080080	0.000000000	0.000000000	0.000000000	0.000000000	0.000000000	0.000000000
1.087087087	0.000000000	0.000000000	0.000000000	0.000000000	0.000000000	0.000000000
1.094094094	0.000000000	0.000000000	0.000000000	0.000000000	0.000000000	0.000000000
1.101101101	0.000000000	0.000000000	0.000000000	0.000000000	0.000000000	0.000000000
1.108108108	0.000000000	0.000000000	0.000000000	0.000000000	0.000000000	0.000000000
1.115115115	0.000000000	0.000000000	0.000000000	0.000000000	0.000000000	0.000000000
1.122122122	0.000000000	0.000000000	0.000000000	0.000000000	0.000000000	0.000000000
1.129129129	0.000000000	0.000000000	0.000000000	0.000000000	0.000000000	0.000000000
1.136136136	0.000000000	0.000000000	0.000000000	0.000000000	0.000000000	0.000000000
1.143143143	0.000000000	0.000000000	0.000000000	0.000000000	0.000000000	0.000000000
1.150150150	0.000000000	0.000000000	0.000000000	0.000000000	0.000000000	0.000000000
1.157157157	0.000000000	0.000000000	0.000000000	0.000000000	0.000000000	0.000000000
1.164164164	0.000000000	0.000000000	0.000000000	0.000000000	0.000000000	0.000000000
1.171171171	0.000000000	0.000000000	0.000000000	0.000000000	0.000000000	0.000000000
1.178178178	0.000000000	0.000000000	0.000000000	0.000000000	0.000000000	0.000000000
1.185185185	0.000000000	0.000000000	0.000000000	0.000000000	0.000000000	0.000000000
1.192192192	0.000000000	0.000000000	0.000000000	0.000000000	0.000000000	0.000000000
1.199199199	0.000000000	0.000000000	0.000000000	0.000000000	0.000000000	0.000000000
1.206206206	0.000000000	0.000000000	0.000000000	0.000000000	0.000000000	0.000000000
1.213213213	0.000000000	0.000000000	0.000000000	0.000000000	0.000000000	0.000000000
1.220220220	0.000000000	0.000000000	0.000000000	0.000000000	0.000000000	0.000000000
1.227227227	0.000000000	0.000000000	0.000000000	0.000000000	0.000000000	0.000000000
1.234234234	0.000000000	0.000000000	0.000000000	0.000000000	0.000000000	0.000000000
1.241241241	0.000000000	0.000000000	0.000000000	0.000000000	0.000000000	0.000000000
1.248248248	0.000000000	0.000000000	0.000000000	0.000000000	0.000000000	0.000000000
1.255255255	0.000000000	0.000000000	0.000000000	0.000000000	0.000000000	0.000000000
1.262262262	0.000000000	0.000000000	0.000000000	0.000000000	0.000000000	0.000000000
1.269269269	0.000000000	0.000000000	0.000000000	0.000000000	0.000000000	0.000000000
1.276276276	0.000000000	0.000000000	0.000000000	0.000000000	0.000000000	0.000000000
1.283283283	0.000000000	0.000000000	0.000000000	0.000000000	0.000000000	0.000000000
1.290290290	0.000000000	0.000000000	0.000000000	0.000000000	0.000000000	0.000000000
1.297297297	0.000000000	0.000000000	0.000000000	0.000000000	0.000000000	0.000000000
1.304304304	0.000000000	0.000000000	0.000000000	0.000000000	0.000000000	0.000000000
1.311311311	0.000000000	0.000000000	0.000000000	0.000000000	0.000000000	0.000000000
1.318318318	0.000000000	0.000000000	0.000000000	0.000000000	0.000000000	0.000000000
1.325325325	0.000000000	0.000000000	0.000000000	0.000000000	0.000000000	0.000000000
1.332332332	0.000000000	0.000000000	0.000000000	0.000000000	0.000000000	0.000000000
1.339339339	0.000000000	0.000000000	0.000000000	0.000000000	0.000000000	0.000000000
1.346346346	0.000000000	0.000000000	0.000000000	0.000000000	0.000000000	0.000000000
1.353353353	0.000000000	0.000000000	0.000000000	0.000000000	0.000000000	0.000000000
1.360360360	0.000000000	0.000000000	0.000000000	0.000000000	0.000000000	0.000000000
1.367367367	0.000000000	0.000000000	0.000000000	0.000000000	0.000000000	0.000000000
1.374374374	0.000000000	0.000000000	0.000000000	0.000000000	0.000000000	0.000000000
1.381381381	0.000000000	0.000000000	0.000000000	0.000000000	0.000000000	0.000000000
1.388388388	0.000000000	0.000000000	0.000000000	0.000000000	0.000000000	0.000000000
1.395395395	0.000000000	0.000000000	0.000000000	0.000000000	0.000000000	0.000000000
1.402402402	0.000000000	0.000000000	0.000000000	0.000000000	0.000000000	0.000000000
1.409409409	0.000000000	0.000000000	0.000000000	0.000000000	0.000000000	0.000000000
1.416416416	0.000000000	0.000000000	0.000000000	0.000000000	0.000000000	0.000000000
1.423423423	0.000000000	0.000000000	0.000000000	0.000000000	0.000000000	0.000000000
1.430430430	0.000000000	0.000000000	0.000000000	0.000000000	0.000000000	0.000000000
1.437437437	0.000000000	0.000000000	0.000000000	0.000000000	0.000000000	0.000000000
1.444444444	0.000000000	0.000000000	0.000000000	0.000000000	0.000000000	0.000000000
1.451451451	0.000000000	0.000000000	0.000000000	0.000000000	0.000000000	0.000000000
1.458458458	0.000000000	0.000000000	0.000000000	0.000000000	0.000000000	0.000000000
1.465465465	0.000000000	0.000000000	0.000000000	0.000000000	0.000000000	0.000000000
1.472472472	0.000000000	0.000000000	0.000000000	0.000000000	0.000000000	0.000000000
1.479479479	0.000000000	0.000000000	0.000000000	0.000000000	0.000000000	0.000000000
1.486486486	0.000000000	0.000000000	0.000000000	0.000000000	0.000000000	0.000000000
1.493493493	0.000000000	0.000000000	0.000000000	0.000000000	0.000000000	0.000000000
1.500500501	0.000000000	0.000000000	0.000000000	0.000000000	0.000000000	0.000000000
1.507507508	0.000000000	0.000000000	0.000000000	0.000000000	0.000000000	0.000000000
1.514514515	0.000000000	0.000000000	0.000000000	0.000000000	0.000000000	0.000000000
1.521521522	0.000000000	0.000000000	0.000000000	0.000000000	0.000000000	0.000000000
1.528528529	0.000000000	0.000000000	0.000000000	0.000000000	0.000000000	0.000000000
1.535535536	0.000000000	0.000000000	0.000000000	0.000000000	0.000000000	0.000000000
1.542542543	0.000000000	0.000000000	0.000000000	0.000000000	0.000000000	0.000000000
1.549549550	0.000000000	0.000000000	0.000000000	0.000000000	0.000000000	0.000000000
1.556556557	0.000000000	0.000000000	0.000000000	0.000000000	0.000000000	0.000000000
1.563563564	0.000000000	0.000000000	0.000000000	0.000000000	0.000000000	0.000000000
1.570570571	0.000000000	0.000000000	0.000000000	0.000000000	0.000000000	0.000000000
1.577577578	0.000000000	0.000000000	0.000000000	0.000000000	0.000000000	0.000000000
1.584584585	0.000000000	0.000000000	0.000000000	0.000000000	0.000000000	0.000000000
1.591591592	0.000000000	0.000000000	0.000000000	0.000000000	0.000000000	0.000000000
1.598598599	0.000000000	0.000000000	0.000000000	0.000000000	0.000000000	0.000000000
1.605605606	0.000000000	0.000000000	0.000000000	0.000000000	0.000000000	0.000000000
1.612612613	0.000000000	0.000000000	0.000000000	0.000000000	0.000000000	0.000000000
1.619619620	0.000000000	0.000000000	0.000000000	0.000000000	0.000000000	0.000000000
1.626626627	0.000000000	0.000000000	0.000000000	0.000000000	0.000000000	0.000000000
1.633633634	0.000000000	0.000000000	0.000000000	0.000000000	0.000000000	0.000000000
1.640640641	0.000000000	0.000000000	0.000000000	0.000000000	0.000000000	0.000000000
1.647647648	0.000000000	0.000000000	0.000000000	0.000000000	0.000000000	0.000000000
1.654654655	0.000000000	0.000000000	0.000000000	0.000000000	0.000000000	0.000000000
1.661661662	0.000000000	0.000000000	0.000000000	0.000000000	0.000000000	0.000000000
1.668668669	0.000000000	0.000000000	0.000000000	0.000000000	0.000000000	0.000000000
1.675675676	0.000000000	0.000000000	0.000000000	0.000000000	0.000000000	0.000000000
1.682682683	0.000000000	0.000000000	0.000000000	0.000000000	0.000000000	0.000000000
1.689689690	0.000000000	0.000000000	0.000000000	0.000000000	0.000000000	0.000000000
1.696696697	0.000000000	0.000000000	0.000000000	0.000000000	0.000000000	0.000000000
1.703703704	0.000000000	0.000000000	0.000000000	0.000000000	0.000000000	0.000000000
1.710710711	0.000000000	0.000000000	0.000000000	0.000000000	0.000000000	0.000000000
1.717717718	0.000000000	0.000000000	0.000000000	0.000000000	0.000000000	0.000000000
1.724724725	0.000000000	0.000000000	0.000000000	0.000000000	0.000000000	0.000000000
1.731731732	0.000000000	0.000000000	0.000000000	0.000000000	0.000000000	0.000000000
1.738738739	0.000000000	0.000000000	0.000000000	0.000000000	0.000000000	0.000000000
1.745745746	0.000000000	0.000000000	0.000000000	0.000000000	0.000000000	0.000000000
1.752752753	0.000000000	0.000000000	0.000000000	0.000000000	0.000000000	0.000000000
1.759759760	0.000000000	0.000000000	0.000000000	0.000000000	0.000000000	0.000000000
1.766766767	0.000000000	0.000000000	0.000000000	0.000000000	0.000000000	0.000000000
1.773773774	0.000000000	0.000000000	0.000000000	0.000000000	0.000000000	0.000000000
1.780780781	0.000000000	0.000000000	0.000000000	0.000000000	0.000000000	0.000000000
1.787787788	0.000000000	0.000000000	0.000000000	0.000000000	0.000000000	0.000000000
1.794794795	0.000000000	0.000000000	0.000000000	0.000000000	0.000000000	0.000000000
1.801801802	0.000000000	0.000000000	0.000000000	0.000000000	0.000000000	0.000000000
1.808808809	0.000000000	0.000000000	0.000000000	0.000000000	0.000000000	0.000000000
1.815815816	0.000000000	0.000000000	0.000000000	0.000000000	0.000000000	0.000000000
1.822822823	0.000000000	0.000000000	0.000000000	0.000000000	0.000000000	0.000000000
1.829829830	0.000000000	0.000000000	0.000000000	0.000000000	0.000000000	0.000000000
1.836836837	0.000000000	0.000000000	0.000000000	0.000000000	0.000000000	0.000000000
1.843843844	0.000000000	0.000000000	0.000000000	0.000000000	0.000000000	0.000000000
1.850850851	0.000000000	0.000000000	0.000000000	0.000000000	0.000000000	0.000000000
1.857857858	0.000000000	0.000000000	0.000000000	0.000000000	0.000000000	0.000000000
1.864864865	0.000000000	0.000000000	0.000000000	0.000000000	0.000000000	0.000000000
1.871871872	0.000000000	0.000000000	0.000000000	0.000000000	0.000000000	0.000000000
1.878878879	0.000000000	0.000000000	0.000000000	0.000000000	0.000000000	0.000000000
1.885885886	0.000000000	0.000000000	0.000000000	0.000000000	0.000000000	0.000000000
1.892892893	0.000000000	0.000000000	0.000000000	0.000000000	0.000000000	0.000000000
1.899899900	0.000000000	0.000000000	0.000000000	0.000000000	0.000000000	0.000000000
1.906906907	0.000000000	0.000000000	0.000000000	0.000000000	0.000000000	0.000000000
1.913913914	0.000000000	0.000000000	0.000000000	0.000000000	0.000000000	0.000000000
1.920920921	0.000000000	0.000000000	0.000000000	0.000000000	0.000000000	0.000000000
1.927927928	0.000000000	0.000000000	0.000000000	0.000000000	0.000000000	0.000000000
1.934934935	0.000000000	0.000000000	0.000000000	0.000000000	0.000000000	0.000000000
1.941941942	0.000000000	0.000000000	0.000000000	0.000000000	0.000000000	0.000000000
1.948948949	0.000000000	0.000000000	0.000000000	0.000000000	0.000000000	0.000000000
1.955955956	0.000000000	0.000000000	0.000000000	0.000000000	0.000000000	0.000000000
1.962962963	0.000000000	0.000000000	0.000000000	0.000000000	0.000000000	0.000000000
1.969969970	0.000000000	0.000000000	0.000000000	0.000000000	0.000000000	0.000000000
1.976976977	0.000000000	0.000000000	0.000000000	0.000000000	0.000000000	0.000000000
1.983983984	0.000000000	0.000000000	0.000000000	0.000000000	0.000000000	0.000000000
1.990990991	0.000000000	0.000000000	0.000000000	0.000000000	0.000000000	0.000000000
1.997997998	0.000000000	0.000000000	0.000000000	0.000000000	0.000000000	0.000000000
2.005005005	0.000000000	0.000000000	0.000000000	0.000000000	0.000000000	0.000000000
2.012012012	0.000000000	0.000000000	0.000000000	0.000000000	0.000000000	0.000000000
2.019019019	0.000000000	0.000000000	0.000000000	0.000000000	0.000000000	0.000000000
2.026026026	0.000000000	0.000000000	0.000000000	0.000000000	0.000000000	0.000000000
2.033033033	0.000000000	0.000000000	0.000000000	0.000000000	0.000000000	0.000000000
2.040040040	0.000000000	0.000000000	0.000000000	0.000000000	0.000000000	0.000000000
2.047047047	0.000000000	0.000000000	0.000000000	0.000000000	0.000000000	0.000000000
2.054054054	0.000000000	0.000000000	0.000000000	0.000000000	0.000000000	0.000000000
2.061061061	0.000000000	0.000000000	0.000000000	0.000000000	0.000000000	0.000000000
2.068068068	0.000000000	0.000000000	0.000000000	0.000000000	0.000000000	0.000000000
2.075075075	0.000000000	0.000000000	0.000000000	0.000000000	0.000000000	0.000000000
2.082082082	0.000000000	0.000000000	0.000000000	0.000000000	0.000000000	0.000000000
2.089089089	0.000000000	0.000000000	0.000000000	0.000000000	0.000000000	0.000000000
2.096096096	0.000000000	0.000000000	0.000000000	0.000000000	0.000000000	0.000000000
2.103103103	0.000000000	0.000000000	0.000000000	0.000000000	0.000000000	0.000000000
2.110110110	0.000000000	0.000000000	0.000000000	0.000000000	0.000000000	0.000000000
2.117117117	0.000000000	0.000000000	0.000000000	0.000000000	0.000000000	0.000000000
2.124124124	0.000000000	0.000000000	0.000000000	0.000000000	0.000000000	0.000000000
2.131131131	0.000000000	0.000000000	0.000000000	0.000000000	0.000000000	0.000000000
2.138138138	0.000000000	0.000000000	0.000000000	0.000000000	0.000000000	0.000000000
2.145145145	0.000000000	0.000000000	0.000000000	0.000000000	0.000000000	0.000000000
2.152152152	0.000000000	0.000000000	0.000000000	0.000000000	0.000000000	0.000000000
2.159159159	0.000000000	0.000000000	0.000000000	0.000000000	0.000000000	0.000000000
2.166166166	0.000000000	0.000000000	0.000000000	0.000000000	0.000000000	0.000000000
2.173173173	0.000000000	0.000000000	0.000000000	0.000000000	0.000000000	0.000000000
2.180180180	0.000000000	0.000000000	0.000000000	0.000000000	0.000000000	0.000000000
2.187187187	0.000000000	0.000000000	0.000000000	0.000000000	0.000000000	0.000000000
2.194194194	0.000000000	0.000000000	0.000000000	0.000000000	0.000000000	0.000000000
2.201201201	0.000000000	0.000000000	0.000000000	0.000000000	0.000000000	0.000000000
2.208208208	0.000000000	0.000000000	0.000000000	0.000000000	0.000000000	0.000000000
2.215215215	0.000000000	0.000000000	0.000000000	0.000000000	0.000000000	0.000000000
2.222222222	0.000000000	0.000000000	0.000000000	0.000000000	0.000000000	0.000000000
2.229229229	0.000000000	0.000000000	0.000000000	0.000000000	0.000000000	0.000000000
2.236236236	0.000000000	0.000000000	0.000000000	0.000000000	0.000000000	0.000000000
2.243243243	0.000000000	0.000000000	0.000000000	0.000000000	0.000000000	0.000000000
2.250250250	0.000000000	0.000000000	0.000000000	0.000000000	0.000000000	0.000000000
2.257257257	0.000000000	0.000000000	0.000000000	0.000000000	0.000000000	0.000000000
2.264264264	0.000000000	0.000000000	0.000000000	0.000000000	0.000000000	0.000000000
2.271271271	0.000000000	0.000000000	0.000000000	0.000000000	0.000000000	0.000000000
2.278278278	0.000000000	0.000000000	0.000000000	0.000000000	0.000000000	0.000000000
2.285285285	0.000000000	0.000000000	0.000000000	0.000000000	0.000000000	0.000000000
2.292292292	0.000000000	0.000000000	0.000000000	0.000000000	0.000000000	0.000000000
2.299299299	0.000000000	0.000000000	0.000000000	0.000000000	0.000000000	0.000000000
2.306306306	0.000000000	0.000000000	0.000000000	0.000000000	0.000000000	0.000000000
2.313313313	0.000000000	0.000000000	0.000000000	0.000000000	0.000000000	0.000000000
2.320320320	0.000000000	0.000000000	0.000000000	0.000000000	0.000000000	0.000000000
2.327327327	0.000000000	0.000000000	0.000000000	0.000000000	0.000000000	0.000000000
2.334334334	0.000000000	0.000000000	0.000000000	0.000000000	0.000000000	0.000000000
2.341341341	0.000000000	0.000000000	0.000000000	0.000000000	0.000000000	0.000000000
2.348348348	0.000000000	0.000000000	0.000000000	0.000000000	0.000000000	0.000000000
2.355355355	0.000000000	0.000000000	0.000000000	0.000000000	0.000000000	0.000000000
2.362362362	0.000000000	0.000000000	0.000000000	0.000000000	0.000000000	0.000000000
2.369369369	0.000000000	0.000000000	0.000000000	0.000000000	0.000000000	0.000000000
2.376376376	0.000000000	0.000000000	0.000000000	0.000000000	0.000000000	0.000000000
2.383383383	0.000000000	0.000000000	0.000000000	0.000000000	0.000000000	0.000000000
2.390390390	0.000000000	0.000000000	0.000000000	0.000000000	0.000000000	0.000000000
2.397397397	0.000000000	0.000000000	0.000000000	0.000000000	0.000000000	0.000000000
2.404404404	0.000000000	0.000000000	0.000000000	0.000000000	0.000000000	0.000000000
2.411411411	0.000000000	0.000000000	0.000000000	0.000000000	0.000000000	0.000000000
2.418418418	0.000000000	0.000000000	0.000000000	0.000000000	0.000000000	0.000000000
2.425425425	0.000000000	0.000000000	0.000000000	0.000000000	0.000000000	0.000000000
2.432432432	0.000000000	0.000000000	0.000000000	0.000000000	0.000000000	0.000000000
2.439439439	0.000000000	0.000000000	0.000000000	0.000000000	0.000000000	0.000000000
2.446446446	0.000000000	0.000000000	0.000000000	0.000000000	0.000000000	0.000000000
2.453453453	0.000000000	0.000000000	0.000000000	0.000000000	0.000000000	0.000000000
2.460460460	0.000000000	0.000000000	0.000000000	0.000000000	0.000000000	0.000000000
2.467467467	0.000000000	0.000000000	0.000000000	0.000000000	0.000000000	0.000000000
2.474474474	0.000000000	0.000000000	0.000000000	0.000000000	0.000000000	0.000000000
2.481481481	0.000000000	0.000000000	0.000000000	0.000000000	0.000000000	0.000000000
2.488488488	0.000000000	0.000000000	0.000000000	0.000000000	0.000000000	0.000000000
2.495495495	0.000000000	0.000000000	0.000000000	0.000000000	0.000000000	0.000000000
2.502502503	0.000000000	0.000000000	0.000000000	0.000000000	0.000000000	0.000000000
2.509509510	0.000000000	0.000000000	0.000000000	0.000000000	0.000000000	0.000000000
2.516516517	0.000000000	0.000000000	0.000000000	0.000000000	0.000000000	0.000000000
2.523523524	0.000000000	0.000000000	0.000000000	0.000000000	0.000000000	0.000000000
2.530530531	0.000000000	0.000000000	0.000000000	0.000000000	0.000000000	0.000000000
2.537537538	0.000000000	0.000000000	0.000000000	0.000000000	0.000000000	0.000000000
2.544544545	0.000000000	0.000000000	0.000000000	0.000000000	0.000000000	0.000000000
2.551551552	0.000000000	0.000000000	0.000000000	0.000000000	0.000000000	0.000000000
2.558558559	0.000000000	0.000000000	0.000000000	0.000000000	0.000000000	0.000000000
2.565565566	0.000000000	0.000000000	0.000000000	0.000000000	0.000000000	0.000000000
2.572572573	0.000000000	0.000000000	0.000000000	0.000000000	0.000000000	0.000000000
2.579579580	0.000000000	0.000000000	0.000000000	0.000000000	0.000000000	0.000000000
2.586586587	0.000000000	0.000000000	0.000000000	0.000000000	0.000000000	0.000000000
2.593593594	0.000000000	0.000000000	0.000000000	0.000000000	0.000000000	0.000000000
2.600600601	0.000000000	0.000000000	0.000000000	0.000000000	0.000000000	0.000000000
2.607607608	0.000000000	0.000000000	0.000000000	0.000000000	0.000000000	0.000000000
2.614614615	0.000000000	0.000000000	0.000000000	0.000000000	0.000000000	0.000000000
2.621621622	0.000000000	0.000000000	0.000000000	0.000000000	0.000000000	0.000000000
2.628628629	0.000000000	0.000000000	0.000000000	0.000000000	0.000000000	0.000000000
2.635635636	0.000000000	0.000000000	0.000000000	0.000000000	0.000000000	0.000000000
2.642642643	0.000000000	0.000000000	0.000000000	0.000000000	0.000000000	0.000000000
2.649649650	0.000000000	0.000000000	0.000000000	0.000000000	0.000000000	0.000000000
2.656656657	0.000000000	0.000000000	0.000000000	0.000000000	0.000000000	0.000000000
2.663663664	0.000000000	0.000000000	0.000000000	0.000000000	0.000000000	0.000000000
2.670670671	0.000000000	0.000000000	0.000000000	0.000000000	0.000000000	0.000000000
2.677677678	0.000000000	0.000000000	0.000000000	0.000000000	0.000000000	0.000000000
2.684684685	0.000000000	0.000000000	0.000000000	0.000000000	0.000000000	0.000000000
2.691691692	0.000000000	0.000000000	0.000000000	0.000000000	0.000000000	0.000000000
2.698698699	0.000000000	0.000000000	0.000000000	0.000000000	0.000000000	0.000000000
2.705705706	0.000000000	0.000000000	0.000000000	0.000000000	0.000000000	0.000000000
2.712712713	0.000000000	0.000000000	0.000000000	0.000000000	0.000000000	0.000000000
2.719719720	0.000000000	0.000000000	0.000000000	0.000000000	0.000000000	0.000000000
2.726726727	0.000000000	0.000000000	0.000000000	0.000000000	0.000000000	0.000000000
2.733733734	0.000000000	0.000000000	0.000000000	0.000000000	0.000000000	0.000000000
2.740740741	0.000000000	0.000000000	0.000000000	0.000000000	0.000000000	0.000000000
2.747747748	0.000000000	0.000000000	0.000000000	0.000000000	0.000000000	0.000000000
2.754754755	0.000000000	0.000000000	0.000000000	0.000000000	0.000000000	0.000000000
2.761761762	0.000000000	0.000000000	0.000000000	0.000000000	0.000000000	0.000000000
2.768768769	0.000000000	0.000000000	0.000000000	0.000000000	0.000000000	0.000000000
2.775775776	0.000000000	0.000000000	0.000000000	0.000000000	0.000000000	0.000000000
2.782782783	0.000000000	0.000000000	0.000000000	0.000000000	0.000000000	0.000000000
2.789789790	0.000000000	0.000000000	0.000000000	0.000000000	0.000000000	0.000000000
2.796796797	0.000000000	0.000000000	0.000000000	0.000000000	0.000000000	0.000000000
2.803803804	0.000000000	0.000000000	0.000000000	0.000000000	0.000000000	0.000000000
2.810810811	0.000000000	0.000000000	0.000000000	0.000000000	0.000000000	0.000000000
2.817817818	0.000000000	0.000000000	0.000000000	0.000000000	0.000000000	0.000000000
2.824824825	0.000000000	0.000000000	0.000000000	0.000000000	0.000000000	0.000000000
2.831831832	0.000000000	0.000000000	0.000000000	0.000000000	0.000000000	0.000000000
2.838838839	0.000000000	0.000000000	0.000000000	0.000000000	0.000000000	0.000000000
2.845845846	0.000000000	0.000000000	0.000000000	0.000000000	0.000000000	0.000000000
2.852852853	0.000000000	0.000000000	0.000000000	0.000000000	0.000000000	0.000000000
2.859859860	0.000000000	0.000000000	0.000000000	0.000000000	0.000000000	0.000000000
2.866866867	0.000000000	0.000000000	0.000000000	0.000000000	0.000000000	0.000000000
2.873873874	0.000000000	0.000000000	0.000000000	0.000000000	0.000000000	0.000000000
2.880880881	0.000000000	0.000000000	0.000000000	0.000000000	0.000000000	0.000000000
2.887887888	0.000000000	0.000000000	0.000000000	0.000000000	0.000000000	0.000000000
2.894894895	0.000000000	0.000000000	0.000000000	0.000000000	0.000000000	0.000000000
2.901901902	0.000000000	0.000000000	0.000000000	0.000000000	0.000000000	0.000000000
2.908908909	0.000000000	0.000000000	0.000000000	0.000000000	0.000000000	0.000000000
2.915915916	0.000000000	0.000000000	0.000000000	0.000000000	0.000000000	0.000000000
2.922922923	0.000000000	0.000000000	0.000000000	0.000000000	0.000000000	0.000000000
2.929929930	0.000000000	0.000000000	0.000000000	0.000000000	0.000000000	0.000000000
2.936936937	0.000000000	0.000000000	0.000000000	0.000000000	0.000000000	0.000000000
2.943943944	0.000000000	0.000000000	0.000000000	0.000000000	0.000000000	0.000000000
2.950950951	0.000000000	0.000000000	0.000000000	0.000000000	0.000000000	0.000000000
2.957957958	0.000000000	0.000000000	0.000000000	0.000000000	0.000000000	0.000000000
2.964964965	0.000000000	0.000000000	0.000000000	0.000000000	0.000000000	0.000000000
2.971971972	0.000000000	0.000000000	0.000000000	0.000000000	0.000000000	0.000000000
2.978978979	0.000000000	0.000000000	0.000000000	0.000000000	0.000000000	0.000000000
2.985985986	0.000000000	0.000000000	0.000000000	0.000000000	0.000000000	0.000000000
2.992992993	0.000000000	0.000000000	0.000000000	0.000000000	0.000000000	0.000000000
3.000000000	0.000000000	0.000000000	0.000000000	0.000000000	0.000000000	0.000000000
