-4.000000000	0.003949254	0.002212861	0.004089133	0.001478530	0.003334029	0.002413326
-3.992992993	0.004019222	0.002257438	0.004167612	0.001507243	0.003386229	0.002456530
-3.985985986	0.004090378	0.002302878	0.004247529	0.001536500	0.003439234	0.002500487
-3.978978979	0.004162740	0.002349198	0.004328912	0.001566311	0.003493057	0.002545210
-3.971971972	0.004236327	0.002396415	0.004411784	0.001596686	0.003547711	0.002590711
-3.964964965	0.004311160	0.002444543	0.004496171	0.001627636	0.003603207	0.002637003
-3.957957958	0.004387258	0.002493602	0.004582100	0.001659170	0.003659559	0.002684101
-3.950950951	0.004464642	0.002543607	0.004669597	0.001691300	0.003716779	0.002732016
-3.943943944	0.004543331	0.002594576	0.004758689	0.001724036	0.003774881	0.002780764
-3.936936937	0.004623347	0.002646526	0.004849404	0.001757391	0.003833879	0.002830358
-3.929929930	0.004704712	0.002699477	0.004941769	0.001791374	0.003893784	0.002880812
-3.922922923	0.004787445	0.002753445	0.005035813	0.001825997	0.003954612	0.002932141
-3.915915916	0.004871570	0.002808450	0.005131564	0.001861273	0.004016376	0.002984359
-3.908908909	0.004957108	0.002864510	0.005229052	0.001897213	0.004079091	0.003037481
-3.901901902	0.005044082	0.002921645	0.005328306	0.001933829	0.004142770	0.003091523
-3.894894895	0.005132514	0.002979875	0.005429356	0.001971134	0.004207428	0.003146500
-3.887887888	0.005222428	0.003039219	0.005532233	0.002009140	0.004273080	0.003202426
-3.880880881	0.005313846	0.003099698	0.005636968	0.002047859	0.004339742	0.003259319
-3.873873874	0.005406794	0.003161332	0.005743593	0.002087306	0.004407427	0.003317194
-3.866866867	0.005501293	0.003224142	0.005852139	0.002127492	0.004476152	0.003376068
-3.859859860	0.005597371	0.003288149	0.005962639	0.002168432	0.004545933	0.003435957
-3.852852853	0.005695050	0.003353376	0.006075126	0.002210139	0.004616784	0.003496879
-3.845845846	0.005794356	0.003419845	0.006189634	0.002252627	0.004688723	0.003558850
-3.838838839	0.005895315	0.003487577	0.006306196	0.002295911	0.004761766	0.003621887
-3.831831832	0.005997952	0.003556595	0.006424848	0.002340004	0.004835929	0.003686009
-3.824824825	0.006102294	0.003626924	0.006545624	0.002384922	0.004911228	0.003751234
-3.817817818	0.006208368	0.003698586	0.006668560	0.002430678	0.004987682	0.003817579
-3.810810811	0.006316200	0.003771605	0.006793692	0.002477290	0.005065308	0.003885063
-3.803803804	0.006425817	0.003846005	0.006921058	0.002524771	0.005144122	0.003953706
-3.796796797	0.006537249	0.003921812	0.007050693	0.002573137	0.005224144	0.004023526
-3.789789790	0.006650522	0.003999051	0.007182637	0.002622405	0.005305390	0.004094543
-3.782782783	0.006765666	0.004077747	0.007316927	0.002672591	0.005387880	0.004166777
-3.775775776	0.006882709	0.004157927	0.007453603	0.002723712	0.005471632	0.004240247
-3.768768769	0.007001681	0.004239616	0.007592704	0.002775783	0.005556664	0.004314974
-3.761761762	0.007122611	0.004322842	0.007734271	0.002828823	0.005642997	0.004390979
-3.754754755	0.007245530	0.004407632	0.007878344	0.002882848	0.005730649	0.004468283
-3.747747748	0.007370469	0.004494014	0.008024965	0.002937877	0.005819641	0.004546907
-3.740740741	0.007497459	0.004582016	0.008174175	0.002993927	0.005909992	0.004626872
-3.733733734	0.007626530	0.004671668	0.008326018	0.003051017	0.006001722	0.004708202
-3.726726727	0.007757716	0.004762997	0.008480537	0.003109165	0.006094852	0.004790917
-3.719719720	0.007891048	0.004856034	0.008637775	0.003168390	0.006189404	0.004875042
-3.712712713	0.008026559	0.004950809	0.008797778	0.003228712	0.006285398	0.004960598
-3.705705706	0.008164284	0.005047353	0.008960590	0.003290150	0.006382856	0.005047610
-3.698698699	0.008304254	0.005145697	0.009126257	0.003352724	0.006481799	0.005136102
-3.691691692	0.008446506	0.005245872	0.009294827	0.003416454	0.006582251	0.005226097
-3.684684685	0.008591073	0.005347911	0.009466347	0.003481362	0.006684232	0.005317619
-3.677677678	0.008737990	0.005451846	0.009640863	0.003547467	0.006787767	0.005410695
-3.670670671	0.008887294	0.005557711	0.009818426	0.003614791	0.006892877	0.005505348
-3.663663664	0.009039021	0.005665539	0.009999084	0.003683357	0.006999588	0.005601606
-3.656656657	0.009193206	0.005775366	0.010182888	0.003753185	0.007107921	0.005699494
-3.649649650	0.009349888	0.005887225	0.010369888	0.003824299	0.007217902	0.005799038
-3.642642643	0.009509104	0.006001152	0.010560135	0.003896722	0.007329555	0.005900265
-3.635635636	0.009670893	0.006117183	0.010753684	0.003970475	0.007442905	0.006003203
-3.628628629	0.009835292	0.006235355	0.010950585	0.004045584	0.007557976	0.006107879
-3.621621622	0.010002341	0.006355704	0.011150893	0.004122072	0.007674796	0.006214322
-3.614614615	0.010172080	0.006478270	0.011354663	0.004199963	0.007793388	0.006322560
-3.607607608	0.010344550	0.006603089	0.011561950	0.004279282	0.007913780	0.006432622
-3.600600601	0.010519790	0.006730201	0.011772810	0.004360055	0.008035999	0.006544538
-3.593593594	0.010697842	0.006859646	0.011987300	0.004442307	0.008160070	0.006658337
-3.586586587	0.010878749	0.006991463	0.012205478	0.004526064	0.008286023	0.006774050
-3.579579580	0.011062553	0.007125694	0.012427402	0.004611353	0.008413883	0.006891707
-3.572572573	0.011249296	0.007262380	0.012653132	0.004698201	0.008543681	0.007011341
-3.565565566	0.011439023	0.007401564	0.012882727	0.004786634	0.008675444	0.007132982
-3.558558559	0.011631778	0.007543287	0.013116249	0.004876681	0.008809201	0.007256663
-3.551551552	0.011827605	0.007687594	0.013353760	0.004968371	0.008944981	0.007382417
-3.544544545	0.012026549	0.007834528	0.013595322	0.005061731	0.009082816	0.007510277
-3.537537538	0.012228657	0.007984135	0.013840999	0.005156792	0.009222734	0.007640276
-3.530530531	0.012433976	0.008136460	0.014090855	0.005253583	0.009364766	0.007772450
-3.523523524	0.012642552	0.008291549	0.014344956	0.005352134	0.009508944	0.007906831
-3.516516517	0.012854433	0.008449449	0.014603368	0.005452476	0.009655300	0.008043457
-3.509509510	0.013069667	0.008610208	0.014866158	0.005554641	0.009803864	0.008182362
-3.502502503	0.013288304	0.008773874	0.015133394	0.005658659	0.009954670	0.008323583
-3.495495495	0.013510393	0.008940497	0.015405145	0.005764564	0.010107750	0.008467157
-3.488488488	0.013735985	0.009110125	0.015681481	0.005872389	0.010263138	0.008613121
-3.481481481	0.013965130	0.009282811	0.015962472	0.005982166	0.010420868	0.008761513
-3.474474474	0.014197879	0.009458605	0.016248191	0.006093929	0.010580974	0.008912372
-3.467467467	0.014434286	0.009637559	0.016538709	0.006207713	0.010743490	0.009065736
-3.460460460	0.014674403	0.009819727	0.016834101	0.006323554	0.010908453	0.009221646
-3.453453453	0.014918284	0.010005162	0.017134442	0.006441486	0.011075897	0.009380142
-3.446446446	0.015165982	0.010193919	0.017439806	0.006561546	0.011245860	0.009541264
-3.439439439	0.015417553	0.010386053	0.017750271	0.006683770	0.011418377	0.009705054
-3.432432432	0.015673052	0.010581621	0.018065914	0.006808197	0.011593486	0.009871554
-3.425425425	0.015932536	0.010780680	0.018386813	0.006934864	0.011771226	0.010040807
-3.418418418	0.016196062	0.010983287	0.018713049	0.007063809	0.011951634	0.010212856
-3.411411411	0.016463686	0.011189502	0.019044702	0.007195072	0.012134748	0.010387745
-3.404404404	0.016735468	0.011399384	0.019381853	0.007328693	0.012320610	0.010565518
-3.397397397	0.017011467	0.011612993	0.019724585	0.007464713	0.012509258	0.010746221
-3.390390390	0.017291742	0.011830392	0.020072982	0.007603171	0.012700733	0.010929900
-3.383383383	0.017576355	0.012051642	0.020427128	0.007744112	0.012895076	0.011116600
-3.376376376	0.017865366	0.012276806	0.020787110	0.007887576	0.013092329	0.011306371
-3.369369369	0.018158837	0.012505950	0.021153015	0.008033607	0.013292534	0.011499258
-3.362362362	0.018456831	0.012739138	0.021524930	0.008182248	0.013495734	0.011695311
-3.355355355	0.018759413	0.012976435	0.021902944	0.008333546	0.013701972	0.011894579
-3.348348348	0.019066645	0.013217910	0.022287149	0.008487544	0.013911292	0.012097113
-3.341341341	0.019378594	0.013463630	0.022677634	0.008644289	0.014123739	0.012302962
-3.334334334	0.019695324	0.013713664	0.023074493	0.008803827	0.014339357	0.012512178
-3.327327327	0.020016903	0.013968083	0.023477818	0.008966207	0.014558193	0.012724814
-3.320320320	0.020343398	0.014226956	0.023887706	0.009131476	0.014780294	0.012940922
-3.313313313	0.020674878	0.014490356	0.024304250	0.009299683	0.015005705	0.013160556
-3.306306306	0.021011410	0.014758356	0.024727549	0.009470879	0.015234476	0.013383771
-3.299299299	0.021353066	0.015031030	0.025157701	0.009645113	0.015466654	0.013610621
-3.292292292	0.021699915	0.015308454	0.025594804	0.009822437	0.015702288	0.013841163
-3.285285285	0.022052029	0.015590702	0.026038959	0.010002904	0.015941428	0.014075452
-3.278278278	0.022409480	0.015877853	0.026490267	0.010186566	0.016184124	0.014313548
-3.271271271	0.022772342	0.016169984	0.026948832	0.010373477	0.016430428	0.014555508
-3.264264264	0.023140687	0.016467175	0.027414757	0.010563692	0.016680391	0.014801391
-3.257257257	0.023514592	0.016769507	0.027888148	0.010757266	0.016934066	0.015051258
-3.250250250	0.023894131	0.017077061	0.028369110	0.010954256	0.017191505	0.015305169
-3.243243243	0.024279381	0.017389919	0.028857751	0.011154719	0.017452762	0.015563186
-3.236236236	0.024670419	0.017708165	0.029354181	0.011358714	0.017717893	0.015825372
-3.229229229	0.025067324	0.018031886	0.029858508	0.011566299	0.017986952	0.016091789
-3.222222222	0.025470173	0.018361165	0.030370844	0.011777534	0.018259996	0.016362502
-3.215215215	0.025879048	0.018696091	0.030891301	0.011992480	0.018537080	0.016637577
-3.208208208	0.026294028	0.019036753	0.031419993	0.012211199	0.018818264	0.016917079
-3.201201201	0.026715196	0.019383239	0.031957035	0.012433755	0.019103604	0.017201076
-3.194194194	0.027142634	0.019735641	0.032502542	0.012660210	0.019393161	0.017489634
-3.187187187	0.027576425	0.020094051	0.033056633	0.012890629	0.019686994	0.017782824
-3.180180180	0.028016653	0.020458561	0.033619425	0.013125078	0.019985163	0.018080714
-3.173173173	0.028463404	0.020829267	0.034191038	0.013363625	0.020287730	0.018383376
-3.166166166	0.028916763	0.021206264	0.034771593	0.013606336	0.020594758	0.018690881
-3.159159159	0.029376818	0.021589649	0.035361213	0.013853280	0.020906310	0.019003302
-3.152152152	0.029843657	0.021979521	0.035960021	0.014104528	0.021222449	0.019320711
-3.145145145	0.030317368	0.022375978	0.036568142	0.014360149	0.021543240	0.019643185
-3.138138138	0.030798041	0.022779122	0.037185701	0.014620217	0.021868749	0.019970798
-3.131131131	0.031285766	0.023189054	0.037812827	0.014884804	0.022199043	0.020303627
-3.124124124	0.031780635	0.023605879	0.038449647	0.015153984	0.022534188	0.020641749
-3.117117117	0.032282740	0.024029701	0.039096291	0.015427833	0.022874252	0.020985244
-3.110110110	0.032792176	0.024460625	0.039752890	0.015706426	0.023219306	0.021334190
-3.103103103	0.033309035	0.024898759	0.040419577	0.015989842	0.023569419	0.021688669
-3.096096096	0.033833414	0.025344213	0.041096485	0.016278158	0.023924662	0.022048762
-3.089089089	0.034365408	0.025797095	0.041783749	0.016571456	0.024285106	0.022414551
-3.082082082	0.034905115	0.026257517	0.042481505	0.016869815	0.024650825	0.022786122
-3.075075075	0.035452632	0.026725593	0.043189889	0.017173318	0.025021892	0.023163559
-3.068068068	0.036008059	0.027201435	0.043909042	0.017482049	0.025398381	0.023546948
-3.061061061	0.036571496	0.027685161	0.044639101	0.017796091	0.025780369	0.023936375
-3.054054054	0.037143043	0.028176886	0.045380209	0.018115532	0.026167932	0.024331931
-3.047047047	0.037722801	0.028676729	0.046132507	0.018440457	0.026561147	0.024733703
-3.040040040	0.038310875	0.029184810	0.046896139	0.018770956	0.026960092	0.025141783
-3.033033033	0.038907368	0.029701250	0.047671250	0.019107117	0.027364848	0.025556262
-3.026026026	0.039512383	0.030226172	0.048457985	0.019449033	0.027775495	0.025977233
-3.019019019	0.040126028	0.030759699	0.049256491	0.019796795	0.028192115	0.026404791
-3.012012012	0.040748407	0.031301957	0.050066916	0.020150496	0.028614789	0.026839030
-3.005005005	0.041379630	0.031853073	0.050889411	0.020510233	0.029043601	0.027280047
-2.997997998	0.042019804	0.032413176	0.051724125	0.020876100	0.029478636	0.027727939
-2.990990991	0.042669038	0.032982395	0.052571210	0.021248197	0.029919980	0.028182807
-2.983983984	0.043327443	0.033560861	0.053430819	0.021626621	0.030367720	0.028644748
-2.976976977	0.043995131	0.034148708	0.054303107	0.022011473	0.030821943	0.029113866
-2.969969970	0.044672213	0.034746070	0.055188227	0.022402855	0.031282737	0.029590262
-2.962962963	0.045358802	0.035353082	0.056086337	0.022800871	0.031750194	0.030074041
-2.955955956	0.046055012	0.035969882	0.056997595	0.023205625	0.032224404	0.030565307
-2.948948949	0.046760960	0.036596608	0.057922157	0.023617224	0.032705460	0.031064166
-2.941941942	0.047476759	0.037233401	0.058860185	0.024035774	0.033193454	0.031570728
-2.934934935	0.048202528	0.037880403	0.059811838	0.024461386	0.033688481	0.032085099
-2.927927928	0.048938383	0.038537756	0.060777277	0.024894170	0.034190637	0.032607391
-2.920920921	0.049684444	0.039205606	0.061756667	0.025334239	0.034700018	0.033137715
-2.913913914	0.050440831	0.039884099	0.062750170	0.025781705	0.035216723	0.033676185
-2.906906907	0.051207663	0.040573382	0.063757951	0.026236685	0.035740851	0.034222913
-2.899899900	0.051985061	0.041273606	0.064780175	0.026699295	0.036272501	0.034778016
-2.892892893	0.052773149	0.041984920	0.065817009	0.027169653	0.036811776	0.035341611
-2.885885886	0.053572050	0.042707477	0.066868620	0.027647881	0.037358778	0.035913816
-2.878878879	0.054381886	0.043441431	0.067935177	0.028134099	0.037913611	0.036494750
-2.871871872	0.055202784	0.044186937	0.069016848	0.028628431	0.038476380	0.037084534
-2.864864865	0.056034869	0.044944152	0.070113804	0.029131002	0.039047192	0.037683292
-2.857857858	0.056878267	0.045713236	0.071226215	0.029641938	0.039626153	0.038291146
-2.850850851	0.057733106	0.046494346	0.072354253	0.030161369	0.040213374	0.038908221
-2.843843844	0.058599514	0.047287646	0.073498089	0.030689423	0.040808964	0.039534645
-2.836836837	0.059477621	0.048093297	0.074657898	0.031226232	0.041413034	0.040170544
-2.829829830	0.060367555	0.048911464	0.075833852	0.031771931	0.042025698	0.040816049
-2.822822823	0.061269449	0.049742313	0.077026126	0.032326654	0.042647069	0.041471291
-2.815815816	0.062183432	0.050586012	0.078234894	0.032890538	0.043277263	0.042136400
-2.808808809	0.063109638	0.051442729	0.079460333	0.033463721	0.043916395	0.042811512
-2.801801802	0.064048199	0.052312635	0.080702617	0.034046345	0.044564585	0.043496761
-2.794794795	0.064999249	0.053195901	0.081961924	0.034638552	0.045221951	0.044192284
-2.787787788	0.065962923	0.054092701	0.083238430	0.035240485	0.045888615	0.044898218
-2.780780781	0.066939356	0.055003209	0.084532313	0.035852290	0.046564697	0.045614704
-2.773773774	0.067928683	0.055927601	0.085843750	0.036474116	0.047250321	0.046341881
-2.766766767	0.068931041	0.056866055	0.087172918	0.037106111	0.047945612	0.047079893
-2.759759760	0.069946568	0.057818750	0.088519997	0.037748427	0.048650696	0.047828883
-2.752752753	0.070975401	0.058785866	0.089885165	0.038401218	0.049365701	0.048588997
-2.745745746	0.072017678	0.059767585	0.091268600	0.039064638	0.050090754	0.049360380
-2.738738739	0.073073539	0.060764089	0.092670481	0.039738845	0.050825987	0.050143183
-2.731731732	0.074143123	0.061775564	0.094090986	0.040423997	0.051571530	0.050937553
-2.724724725	0.075226571	0.062802195	0.095530295	0.041120256	0.052327518	0.051743643
-2.717717718	0.076324023	0.063844169	0.096988586	0.041827784	0.053094083	0.052561605
-2.710710711	0.077435621	0.064901674	0.098466037	0.042546746	0.053871363	0.053391593
-2.703703704	0.078561506	0.065974900	0.099962828	0.043277309	0.054659494	0.054233763
-2.696696697	0.079701821	0.067064038	0.101479135	0.044019640	0.055458616	0.055088273
-2.689689690	0.080856708	0.068169280	0.103015138	0.044773912	0.056268867	0.055955280
-2.682682683	0.082026310	0.069290818	0.104571012	0.045540296	0.057090390	0.056834945
-2.675675676	0.083210771	0.070428848	0.106146936	0.046318967	0.057923328	0.057727429
-2.668668669	0.084410235	0.071583565	0.107743086	0.047110102	0.058767825	0.058632896
-2.661661662	0.085624846	0.072755166	0.109359638	0.047913879	0.059624028	0.059551510
-2.654654655	0.086854749	0.073943848	0.110996766	0.048730478	0.060492083	0.060483437
-2.647647648	0.088100087	0.075149811	0.112654646	0.049560083	0.061372140	0.061428844
-2.640640641	0.089361007	0.076373253	0.114333451	0.050402878	0.062264348	0.062387901
-2.633633634	0.090637652	0.077614376	0.116033354	0.051259049	0.063168860	0.063360777
-2.626626627	0.091930170	0.078873382	0.117754527	0.052128785	0.064085829	0.064347645
-2.619619620	0.093238705	0.080150473	0.119497140	0.053012278	0.065015410	0.065348678
-2.612612613	0.094563403	0.081445853	0.121261363	0.053909718	0.065957759	0.066364051
-2.605605606	0.095904409	0.082759726	0.123047365	0.054821302	0.066913033	0.067393939
-2.598598599	0.097261869	0.084092297	0.124855312	0.055747227	0.067881393	0.068438520
-2.591591592	0.098635929	0.085443772	0.126685370	0.056687690	0.068862997	0.069497974
-2.584584585	0.100026735	0.086814358	0.128537703	0.057642893	0.069858010	0.070572480
-2.577577578	0.101434432	0.088204262	0.130412473	0.058613038	0.070866594	0.071662220
-2.570570571	0.102859165	0.089613692	0.132309841	0.059598332	0.071888915	0.072767378
-2.563563564	0.104301079	0.091042856	0.134229967	0.060598980	0.072925139	0.073888137
-2.556556557	0.105760321	0.092491963	0.136173006	0.061615192	0.073975434	0.075024683
-2.549549550	0.107237033	0.093961223	0.138139115	0.062647179	0.075039970	0.076177204
-2.542542543	0.108731362	0.095450845	0.140128445	0.063695154	0.076118917	0.077345888
-2.535535536	0.110243449	0.096961039	0.142141147	0.064759332	0.077212450	0.078530924
-2.528528529	0.111773440	0.098492016	0.144177369	0.065839930	0.078320740	0.079732504
-2.521521522	0.113321478	0.100043985	0.146237257	0.066937168	0.079443964	0.080950819
-2.514514515	0.114887704	0.101617159	0.148320954	0.068051266	0.080582299	0.082186063
-2.507507508	0.116472261	0.103211746	0.150428600	0.069182448	0.081735922	0.083438431
-2.500500501	0.118075290	0.104827959	0.152560333	0.070330939	0.082905014	0.084708119
-2.493493493	0.119696932	0.106466008	0.154716286	0.071496966	0.084089756	0.085995322
-2.486486486	0.121337327	0.108126103	0.156896592	0.072680757	0.085290330	0.087300240
-2.479479479	0.122996613	0.109808454	0.159101378	0.073882545	0.086506920	0.088623071
-2.472472472	0.124674930	0.111513272	0.161330769	0.075102561	0.087739712	0.089964017
-2.465465465	0.126372414	0.113240767	0.163584886	0.076341041	0.088988892	0.091323277
-2.458458458	0.128089201	0.114991146	0.165863846	0.077598221	0.090254649	0.092701054
-2.451451451	0.129825427	0.116764620	0.168167763	0.078874340	0.091537171	0.094097551
-2.444444444	0.131581226	0.118561395	0.170496748	0.080169638	0.092836650	0.095512974
-2.437437437	0.133356731	0.120381680	0.172850904	0.081484357	0.094153278	0.096947525
-2.430430430	0.135152073	0.122225680	0.175230335	0.082818741	0.095487248	0.098401413
-2.423423423	0.136967382	0.124093601	0.177635136	0.084173037	0.096838755	0.099874842
-2.416416416	0.138802788	0.125985648	0.180065400	0.085547490	0.098207995	0.101368022
-2.409409409	0.140658417	0.127902023	0.182521215	0.086942352	0.099595164	0.102881159
-2.402402402	0.142534396	0.129842930	0.185002663	0.088357871	0.101000462	0.104414464
-2.395395395	0.144430849	0.131808569	0.187509823	0.089794302	0.102424089	0.105968145
-2.388388388	0.146347898	0.133799139	0.190042766	0.091251898	0.103866244	0.107542413
-2.381381381	0.148285663	0.135814838	0.192601561	0.092730914	0.105327130	0.109137479
-2.374374374	0.150244263	0.137855862	0.195186268	0.094231608	0.106806949	0.110753553
-2.367367367	0.152223816	0.139922407	0.197796944	0.095754238	0.108305907	0.112390848
-2.360360360	0.154224435	0.142014663	0.200433639	0.097299064	0.109824209	0.114049576
-2.353353353	0.156246234	0.144132823	0.203096396	0.098866349	0.111362060	0.115729948
-2.346346346	0.158289323	0.146277073	0.205785254	0.100456354	0.112919667	0.117432179
-2.339339339	0.160353809	0.148447601	0.208500243	0.102069344	0.114497240	0.119156480
-2.332332332	0.162439798	0.150644589	0.211241388	0.103705583	0.116094988	0.120903064
-2.325325325	0.164547394	0.152868220	0.214008708	0.105365340	0.117713119	0.122672145
-2.318318318	0.166676697	0.155118670	0.216802214	0.107048880	0.119351846	0.124463936
-2.311311311	0.168827804	0.157396117	0.219621908	0.108756473	0.121011380	0.126278650
-2.304304304	0.171000811	0.159700732	0.222467788	0.110488388	0.122691934	0.128116500
-2.297297297	0.173195810	0.162032686	0.225339842	0.112244896	0.124393721	0.129977699
-2.290290290	0.175412889	0.164392144	0.228238051	0.114026269	0.126116954	0.131862458
-2.283283283	0.177652135	0.166779268	0.231162390	0.115832778	0.127861849	0.133770990
-2.276276276	0.179913631	0.169194220	0.234112821	0.117664697	0.129628620	0.135703507
-2.269269269	0.182197456	0.171637152	0.237089303	0.119522298	0.131417484	0.137660220
-2.262262262	0.184503686	0.174108219	0.240091784	0.121405857	0.133228657	0.139641339
-2.255255255	0.186832394	0.176607566	0.243120202	0.123315648	0.135062354	0.141647074
-2.248248248	0.189183649	0.179135337	0.246174489	0.125251945	0.136918794	0.143677634
-2.241241241	0.191557515	0.181691671	0.249254565	0.127215024	0.138798193	0.145733227
-2.234234234	0.193954054	0.184276703	0.252360343	0.129205161	0.140700769	0.147814060
-2.227227227	0.196373323	0.186890561	0.255491724	0.131222630	0.142626739	0.149920338
-2.220220220	0.198815376	0.189533370	0.258648602	0.133267708	0.144576323	0.152052267
-2.213213213	0.201280261	0.192205250	0.261830859	0.135340670	0.146549737	0.154210051
-2.206206206	0.203768023	0.194906314	0.265038367	0.137441791	0.148547199	0.156393890
-2.199199199	0.206278702	0.197636672	0.268270988	0.139571346	0.150568928	0.158603986
-2.192192192	0.208812334	0.200396425	0.271528574	0.141729610	0.152615141	0.160840537
-2.185185185	0.211368949	0.203185671	0.274810966	0.143916855	0.154686055	0.163103741
-2.178178178	0.213948574	0.206004500	0.278117991	0.146133357	0.156781887	0.165393792
-2.171171171	0.216551230	0.208852997	0.281449470	0.148379386	0.158902855	0.167710884
-2.164164164	0.219176931	0.211731240	0.284805208	0.150655215	0.161049173	0.170055208
-2.157157157	0.221825691	0.214639300	0.288185001	0.152961114	0.163221058	0.172426952
-2.150150150	0.224497512	0.217577241	0.291588631	0.155297352	0.165418725	0.174826302
-2.143143143	0.227192396	0.220545119	0.295015871	0.157664197	0.167642388	0.177253444
-2.136136136	0.229910337	0.223542986	0.298466478	0.160061914	0.169892260	0.179708556
-2.129129129	0.232651323	0.226570882	0.301940198	0.162490770	0.172168553	0.182191819
-2.122122122	0.235415337	0.229628841	0.305436767	0.164951026	0.174471478	0.184703406
-2.115115115	0.238202354	0.232716891	0.308955903	0.167442944	0.176801246	0.187243491
-2.108108108	0.241012346	0.235835047	0.312497315	0.169966783	0.179158065	0.189812242
-2.101101101	0.243845277	0.238983321	0.316060697	0.172522797	0.181542143	0.192409824
-2.094094094	0.246701104	0.242161711	0.319645728	0.175111243	0.183953685	0.195036399
-2.087087087	0.249579778	0.245370210	0.323252078	0.177732370	0.186392895	0.197692126
-2.080080080	0.252481243	0.248608799	0.326879397	0.180386428	0.188859976	0.200377157
-2.073073073	0.255405437	0.251877451	0.330527325	0.183073661	0.191355129	0.203091644
-2.066066066	0.258352289	0.255176130	0.334195487	0.185794313	0.193878551	0.205835731
-2.059059059	0.261321724	0.258504787	0.337883493	0.188548620	0.196430439	0.208609561
-2.052052052	0.264313656	0.261863366	0.341590938	0.191336820	0.199010988	0.211413268
-2.045045045	0.267327994	0.265251799	0.345317403	0.194159142	0.201620387	0.214246986
-2.038038038	0.270364640	0.268670007	0.349062452	0.197015814	0.204258828	0.217110841
-2.031031031	0.273423484	0.272117900	0.352825638	0.199907059	0.206926495	0.220004953
-2.024024024	0.276504414	0.275595377	0.356606494	0.202833094	0.209623573	0.222929440
-2.017017017	0.279607305	0.279102327	0.360404540	0.205794135	0.212350241	0.225884410
-2.010010010	0.282732027	0.282638625	0.364219280	0.208790388	0.215106677	0.228869970
-2.003003003	0.285878439	0.286204134	0.368050202	0.211822059	0.217893054	0.231886216
-1.995995996	0.289046394	0.289798707	0.371896778	0.214889343	0.220709543	0.234933242
-1.988988989	0.292235735	0.293422182	0.375758463	0.217992435	0.223556310	0.238011133
-1.981981982	0.295446296	0.297074385	0.379634699	0.221131519	0.226433518	0.241119968
-1.974974975	0.298677903	0.300755129	0.383524907	0.224306776	0.229341325	0.244259819
-1.967967968	0.301930372	0.304464213	0.387428494	0.227518378	0.232279886	0.247430750
-1.960960961	0.305203509	0.308201425	0.391344852	0.230766494	0.235249351	0.250632820
-1.953953954	0.308497114	0.311966535	0.395273352	0.234051281	0.238249864	0.253866078
-1.946946947	0.311810974	0.315759302	0.399213353	0.237372893	0.241281566	0.257130566
-1.939939940	0.315144867	0.319579469	0.403164195	0.240731473	0.244344593	0.260426318
-1.932932933	0.318498562	0.323426766	0.407125199	0.244127158	0.247439074	0.263753359
-1.925925926	0.321871818	0.327300906	0.411095671	0.247560076	0.250565135	0.267111707
-1.918918919	0.325264384	0.331201588	0.415074902	0.251030347	0.253722894	0.270501368
-1.911911912	0.328675997	0.335128495	0.419062162	0.254538081	0.256912464	0.273922344
-1.904904905	0.332106385	0.339081296	0.423056705	0.258083380	0.260133952	0.277374622
-1.897897898	0.335555267	0.343059641	0.427057770	0.261666335	0.263387460	0.280858182
-1.890890891	0.339022348	0.347063166	0.431064575	0.265287029	0.266673080	0.284372995
-1.883883884	0.342507324	0.351091491	0.435076324	0.268945534	0.269990900	0.287919021
-1.876876877	0.346009881	0.355144217	0.439092203	0.272641910	0.273341000	0.291496208
-1.869869870	0.349529693	0.359220929	0.443111379	0.276376207	0.276723452	0.295104495
-1.862862863	0.353066421	0.363321197	0.447133004	0.280148465	0.280138323	0.298743810
-1.855855856	0.356619718	0.367444571	0.451156211	0.283958710	0.283585670	0.302414069
-1.848848849	0.360189223	0.371590584	0.455180118	0.287806958	0.287065540	0.306115176
-1.841841842	0.363774565	0.375758751	0.459203824	0.291693212	0.290577976	0.309847025
-1.834834835	0.367375360	0.379948569	0.463226412	0.295617461	0.294123010	0.313609496
-1.827827828	0.370991214	0.384159518	0.467246948	0.299579683	0.297700664	0.317402457
-1.820820821	0.374621718	0.388391057	0.471264481	0.303579841	0.301310954	0.321225764
-1.813813814	0.378266455	0.392642628	0.475278043	0.307617883	0.304953883	0.325079258
-1.806806807	0.381924993	0.396913654	0.479286651	0.311693746	0.308629445	0.328962770
-1.799799800	0.385596888	0.401203538	0.483289303	0.315807349	0.312337627	0.332876113
-1.792792793	0.389281685	0.405511665	0.487284984	0.319958597	0.316078402	0.336819090
-1.785785786	0.392978916	0.409837399	0.491272660	0.324147379	0.319851733	0.340791488
-1.778778779	0.396688100	0.414180085	0.495251284	0.328373570	0.323657573	0.344793079
-1.771771772	0.400408744	0.418539048	0.499219789	0.332637025	0.327495863	0.348823621
-1.764764765	0.404140342	0.422913594	0.503177099	0.336937586	0.331366533	0.352882856
-1.757757758	0.407882375	0.427303008	0.507122116	0.341275075	0.335269500	0.356970511
-1.750750751	0.411634311	0.431706554	0.511053732	0.345649297	0.339204670	0.361086298
-1.743743744	0.415395608	0.436123477	0.514970823	0.350060040	0.343171935	0.365229912
-1.736736737	0.419165706	0.440553002	0.518872249	0.354507072	0.347171174	0.369401031
-1.729729730	0.422944037	0.444994330	0.522756859	0.358990141	0.351202253	0.373599317
-1.722722723	0.426730016	0.449446646	0.526623486	0.363508979	0.355265026	0.377824415
-1.715715716	0.430523047	0.453909111	0.530470950	0.368063295	0.359359331	0.382075952
-1.708708709	0.434322521	0.458380865	0.534298059	0.372652780	0.363484991	0.386353539
-1.701701702	0.438127815	0.462861029	0.538103607	0.377277101	0.367641816	0.390656767
-1.694694695	0.441938293	0.467348702	0.541886378	0.381935906	0.371829601	0.394985210
-1.687687688	0.445753307	0.471842962	0.545645142	0.386628822	0.376048124	0.399338422
-1.680680681	0.449572193	0.476342866	0.549378660	0.391355452	0.380297147	0.403715941
-1.673673674	0.453394277	0.480847450	0.553085678	0.396115377	0.384576418	0.408117283
-1.666666667	0.457218869	0.485355729	0.556764938	0.400908155	0.388885667	0.412541946
-1.659659660	0.461045269	0.489866697	0.560415166	0.405733321	0.393224606	0.416989407
-1.652652653	0.464872760	0.494379327	0.564035082	0.410590386	0.397592931	0.421459124
-1.645645646	0.468700615	0.498892571	0.567623396	0.415478835	0.401990320	0.425950535
-1.638638639	0.472528092	0.503405361	0.571178812	0.420398129	0.406416434	0.430463056
-1.631631632	0.476354438	0.507916606	0.574700023	0.425347706	0.410870913	0.434996083
-1.624624625	0.480178884	0.512425198	0.578185716	0.430326974	0.415353379	0.439548991
-1.617617618	0.484000650	0.516930004	0.581634574	0.435335319	0.419863436	0.444121134
-1.610610611	0.487818944	0.521429875	0.585045271	0.440372097	0.424400666	0.448711842
-1.603603604	0.491632958	0.525923639	0.588416477	0.445436640	0.428964634	0.453320426
-1.596596597	0.495441875	0.530410104	0.591746857	0.450528249	0.433554882	0.457946173
-1.589589590	0.499244862	0.534888060	0.595035074	0.455646201	0.438170931	0.462588347
-1.582582583	0.503041077	0.539356276	0.598279787	0.460789742	0.442812283	0.467246193
-1.575575576	0.506829661	0.543813501	0.601479650	0.465958090	0.447478416	0.471918928
-1.568568569	0.510609748	0.548258466	0.604633320	0.471150434	0.452168787	0.476605750
-1.561561562	0.514380455	0.552689883	0.607739449	0.476365934	0.456882830	0.481305831
-1.554554555	0.518140891	0.557106445	0.610796692	0.481603720	0.461619958	0.486018322
-1.547547548	0.521890150	0.561506828	0.613803703	0.486862891	0.466379557	0.490742348
-1.540540541	0.525627316	0.565889687	0.616759137	0.492142516	0.471160993	0.495477011
-1.533533534	0.529351462	0.570253662	0.619661653	0.497441634	0.475963607	0.500221389
-1.526526527	0.533061647	0.574597376	0.622509912	0.502759251	0.480786714	0.504974536
-1.519519520	0.536756922	0.578919434	0.625302580	0.508094344	0.485629607	0.509735482
-1.512512513	0.540436325	0.583218426	0.628038326	0.513445854	0.490491551	0.514503232
-1.505505506	0.544098884	0.587492924	0.630715827	0.518812695	0.495371787	0.519276766
-1.498498498	0.547743616	0.591741486	0.633333766	0.524193744	0.500269530	0.524055040
-1.491491491	0.551369530	0.595962655	0.635890832	0.529587848	0.505183969	0.528836986
-1.484484484	0.554975621	0.600154959	0.638385725	0.534993821	0.510114266	0.533621510
-1.477477477	0.558560877	0.604316913	0.640817152	0.540410443	0.515059556	0.538407493
-1.470470470	0.562124277	0.608447019	0.643183833	0.545836460	0.520018947	0.543193791
-1.463463463	0.565664790	0.612543764	0.645484496	0.551270587	0.524991519	0.547979237
-1.456456456	0.569181374	0.616605625	0.647717885	0.556711502	0.529976325	0.552762637
-1.449449449	0.572672981	0.620631067	0.649882754	0.562157852	0.534972389	0.557542772
-1.442442442	0.576138555	0.624618544	0.651977873	0.567608249	0.539978706	0.562318400
-1.435435435	0.579577029	0.628566500	0.654002027	0.573061271	0.544994243	0.567088253
-1.428428428	0.582987333	0.632473370	0.655954016	0.578515461	0.550017939	0.571851037
-1.421421421	0.586368386	0.636337578	0.657832659	0.583969330	0.555048700	0.576605436
-1.414414414	0.589719100	0.640157543	0.659636791	0.589421352	0.560085406	0.581350107
-1.407407407	0.593038384	0.643931675	0.661365268	0.594869969	0.565126907	0.586083684
-1.400400400	0.596325136	0.647658379	0.663016966	0.600313589	0.570172019	0.590804776
-1.393393393	0.599578253	0.651336053	0.664590781	0.605750584	0.575219533	0.595511968
-1.386386386	0.602796624	0.654963090	0.666085631	0.611179293	0.580268206	0.600203821
-1.379379379	0.605979132	0.658537882	0.667500458	0.616598022	0.585316765	0.604878873
-1.372372372	0.609124658	0.662058814	0.668834228	0.622005043	0.590363906	0.609535638
-1.365365365	0.612232078	0.665524271	0.670085931	0.627398593	0.595408296	0.614172607
-1.358358358	0.615300263	0.668932637	0.671254585	0.632776878	0.600448569	0.618788247
-1.351351351	0.618328083	0.672282294	0.672339232	0.638138068	0.605483327	0.623381005
-1.344344344	0.621314404	0.675571628	0.673338945	0.643480304	0.610511143	0.627949303
-1.337337337	0.624258090	0.678799023	0.674252825	0.648801692	0.615530558	0.632491543
-1.330330330	0.627158002	0.681962867	0.675080000	0.654100307	0.620540080	0.637006105
-1.323323323	0.630013001	0.685061553	0.675819633	0.659374192	0.625538187	0.641491348
-1.316316316	0.632821948	0.688093476	0.676470916	0.664621358	0.630523325	0.645945610
-1.309309309	0.635583702	0.691057039	0.677033074	0.669839787	0.635493911	0.650367210
-1.302302302	0.638297122	0.693950651	0.677505366	0.675027430	0.640448327	0.654754447
-1.295295295	0.640961068	0.696772727	0.677887083	0.680182208	0.645384926	0.659105599
-1.288288288	0.643574404	0.699521695	0.678177555	0.685302014	0.650302030	0.663418930
-1.281281281	0.646135991	0.702195988	0.678376143	0.690384711	0.655197930	0.667692682
-1.274274274	0.648644695	0.704794054	0.678482249	0.695428137	0.660070884	0.671925082
-1.267267267	0.651099385	0.707314351	0.678495310	0.700430101	0.664919123	0.676114339
-1.260260260	0.653498932	0.709755351	0.678414802	0.705388385	0.669740845	0.680258647
-1.253253253	0.655842213	0.712115540	0.678240239	0.710300749	0.674534220	0.684356186
-1.246246246	0.658128106	0.714393420	0.677971176	0.715164925	0.679297387	0.688405119
-1.239239239	0.660355498	0.716587508	0.677607206	0.719978623	0.684028455	0.692403597
-1.232232232	0.662523278	0.718696341	0.677147964	0.724739532	0.688725507	0.696349759
-1.225225225	0.664630343	0.720718473	0.676593127	0.729445316	0.693386593	0.700241729
-1.218218218	0.666675596	0.722652479	0.675942413	0.734093621	0.698009739	0.704077623
-1.211211211	0.668657948	0.724496955	0.675195583	0.738682072	0.702592941	0.707855545
-1.204204204	0.670576317	0.726250517	0.674352439	0.743208277	0.707134169	0.711573591
-1.197197197	0.672429629	0.727911807	0.673412830	0.747669826	0.711631366	0.715229847
-1.190190190	0.674216820	0.729479490	0.672376645	0.752064294	0.716082448	0.718822393
-1.183183183	0.675936835	0.730952257	0.671243819	0.756389239	0.720485308	0.722349301
-1.176176176	0.677588627	0.732328825	0.670014331	0.760642208	0.724837813	0.725808640
-1.169169169	0.679171162	0.733607938	0.668688206	0.764820735	0.729137807	0.729198472
-1.162162162	0.680683415	0.734788370	0.667265510	0.768922344	0.733383109	0.732516857
-1.155155155	0.682124376	0.735868923	0.665746358	0.772944548	0.737571519	0.735761854
-1.148148148	0.683493042	0.736848430	0.664130910	0.776884854	0.741700812	0.738931520
-1.141141141	0.684788426	0.737725757	0.662419368	0.780740763	0.745768746	0.742023910
-1.134134134	0.686009553	0.738499799	0.660611982	0.784509769	0.749773056	0.745037084
-1.127127127	0.687155461	0.739169489	0.658709046	0.788189365	0.753711462	0.747969101
-1.120120120	0.688225203	0.739733790	0.656710901	0.791777041	0.757581665	0.750818028
-1.113113113	0.689217845	0.740191702	0.654617932	0.795270289	0.761381348	0.753581931
-1.106106106	0.690132470	0.740542262	0.652430567	0.798666600	0.765108181	0.756258888
-1.099099099	0.690968174	0.740784541	0.650149282	0.801963472	0.768759820	0.758846981
-1.092092092	0.691724070	0.740917650	0.647774595	0.805158404	0.772333906	0.761344300
-1.085085085	0.692399286	0.740940736	0.645307069	0.808248906	0.775828070	0.763748948
-1.078078078	0.692992968	0.740852987	0.642747310	0.811232493	0.779239934	0.766059036
-1.071071071	0.693504276	0.740653628	0.640095968	0.814106693	0.782567107	0.768272690
-1.064064064	0.693932389	0.740341926	0.637353735	0.816869045	0.785807196	0.770388047
-1.057057057	0.694276504	0.739917187	0.634521346	0.819517102	0.788957796	0.772403261
-1.050050050	0.694535834	0.739378759	0.631599575	0.822048433	0.792016502	0.774316503
-1.043043043	0.694709611	0.738726029	0.628589238	0.824460625	0.794980904	0.776125958
-1.036036036	0.694797083	0.737958429	0.625491194	0.826751283	0.797848591	0.777829834
-1.029029029	0.694797518	0.737075428	0.622306335	0.828918035	0.800617151	0.779426355
-1.022022022	0.694710201	0.736076542	0.619035597	0.830958530	0.803284173	0.780913771
-1.015015015	0.694534437	0.734961326	0.615679949	0.832870442	0.805847253	0.782290349
-1.008008008	0.694269548	0.733729377	0.612240400	0.834651473	0.808303988	0.783554384
-1.001001001	0.693914874	0.732380335	0.608717990	0.836299351	0.810651983	0.784704193
-0.993993994	0.693469775	0.730913882	0.605113796	0.837811834	0.812888852	0.785738121
-0.986986987	0.692933627	0.729329739	0.601428927	0.839186712	0.815012217	0.786654539
-0.979979980	0.692305825	0.727627670	0.597664523	0.840421806	0.817019715	0.787451846
-0.972972973	0.691585783	0.725807481	0.593821755	0.841514974	0.818908993	0.788128470
-0.965965966	0.690772931	0.723869016	0.589901822	0.842464106	0.820677717	0.788682868
-0.958958959	0.689866716	0.721812159	0.585905950	0.843267132	0.822323566	0.789113530
-0.951951952	0.688866604	0.719636833	0.581835391	0.843922018	0.823844242	0.789418976
-0.944944945	0.687772074	0.717342998	0.577691422	0.844426771	0.825237465	0.789597759
-0.937937938	0.686582623	0.714930652	0.573475340	0.844779435	0.826500978	0.789648464
-0.930930931	0.685297762	0.712399826	0.569188465	0.844978098	0.827632546	0.789569711
-0.923923924	0.683917018	0.709750588	0.564832133	0.845020889	0.828629964	0.789360152
-0.916916917	0.682439930	0.706983038	0.560407698	0.844905978	0.829491050	0.789018475
-0.909909910	0.680866050	0.704097304	0.555916530	0.844631577	0.830213653	0.788543402
-0.902902903	0.679194942	0.701093548	0.551360009	0.844195944	0.830795652	0.787933688
-0.895895896	0.677426180	0.697971955	0.546739526	0.843597376	0.831234956	0.787188124
-0.888888889	0.675559347	0.694732737	0.542056481	0.842834213	0.831529509	0.786305535
-0.881881882	0.673594034	0.691376128	0.537312278	0.841904838	0.831677288	0.785284780
-0.874874875	0.671529840	0.687902382	0.532508325	0.840807674	0.831676305	0.784124750
-0.867867868	0.669366367	0.684311770	0.527646032	0.839541183	0.831524609	0.782824368
-0.860860861	0.667103219	0.680604576	0.522726802	0.838103866	0.831220285	0.781382590
-0.853853854	0.664740002	0.676781095	0.517752039	0.836494257	0.830761455	0.779798401
-0.846846847	0.662276321	0.672841628	0.512723133	0.834710928	0.830146278	0.778070814
-0.839839840	0.659711775	0.668786480	0.507641467	0.832752478	0.829372952	0.776198868
-0.832832833	0.657045960	0.664615953	0.502508407	0.830617534	0.828439712	0.774181625
-0.825825826	0.654278461	0.660330342	0.497325303	0.828304747	0.827344828	0.772018172
-0.818818819	0.651408848	0.655929931	0.492093482	0.825812784	0.826086608	0.769707611
-0.811811812	0.648436679	0.651414986	0.486814246	0.823140328	0.824663392	0.767249059
-0.804804805	0.645361492	0.646785748	0.481488868	0.820286065	0.823073552	0.764641646
-0.797797798	0.642182798	0.642042431	0.476118586	0.817248683	0.821315492	0.761884505
-0.790790791	0.638900084	0.637185207	0.470704602	0.814026858	0.819387641	0.758976772
-0.783783784	0.635512802	0.632214204	0.465248073	0.810619249	0.817288449	0.755917577
-0.776776777	0.632020366	0.627129496	0.459750110	0.807024486	0.815016386	0.752706039
-0.769769770	0.628422145	0.621931091	0.454211769	0.803241155	0.812569931	0.749341257
-0.762762763	0.624717460	0.616618922	0.448634048	0.799267788	0.809947569	0.745822302
-0.755755756	0.620905573	0.611192835	0.443017878	0.795102842	0.807147782	0.742148206
-0.748748749	0.616985680	0.605652579	0.437364119	0.790744686	0.804169036	0.738317954
-0.741741742	0.612956905	0.599997784	0.431673550	0.786191577	0.801009772	0.734330469
-0.734734735	0.608818288	0.594227954	0.425946862	0.781441634	0.797668393	0.730184598
-0.727727728	0.604568777	0.588342444	0.420184652	0.776492816	0.794143242	0.725879096
-0.720720721	0.600207212	0.582340441	0.414387408	0.771342886	0.790432588	0.721412611
-0.713713714	0.595732320	0.576220944	0.408555504	0.765989376	0.786534601	0.716783656
-0.706706707	0.591142694	0.569982735	0.402689184	0.760429546	0.782447323	0.711990594
-0.699699700	0.586436778	0.563624356	0.396788552	0.754660333	0.778168636	0.707031605
-0.692692693	0.581612854	0.557144075	0.390853556	0.748678297	0.773696223	0.701904655
-0.685685686	0.576669018	0.550539847	0.384883974	0.742479556	0.769027522	0.696607465
-0.678678679	0.571603159	0.543809279	0.378879392	0.736059703	0.764159667	0.691137465
-0.671671672	0.566412934	0.536949578	0.372839188	0.729413723	0.759089422	0.685491748
-0.664664665	0.561095740	0.529957499	0.366762508	0.722535880	0.753813099	0.679667015
-0.657657658	0.555648680	0.522829280	0.360648236	0.715419590	0.748326453	0.673659509
-0.650650651	0.550068530	0.515560573	0.354494969	0.708057267	0.742624564	0.667464939
-0.643643644	0.544351694	0.508146352	0.348300978	0.700440138	0.736701674	0.661078390
-0.636636637	0.538494156	0.500580819	0.342064172	0.692558018	0.730551003	0.654494214
-0.629629630	0.532491426	0.492857280	0.335782045	0.684399031	0.724164496	0.647705907
-0.622622623	0.526338473	0.484968003	0.329451629	0.675949271	0.717532517	0.640705949
-0.615615616	0.520029652	0.476904050	0.323069421	0.667192374	0.710643445	0.633485621
-0.608608609	0.513558616	0.468655066	0.316631313	0.658108978	0.703483142	0.626034777
-0.601601602	0.506918210	0.460209029	0.310132494	0.648676039	0.696034253	0.618341563
-0.594594595	0.500100350	0.451551935	0.303567347	0.638865937	0.688275256	0.610392067
-0.587587588	0.493095875	0.442667412	0.296929305	0.628645313	0.680179150	0.602169881
-0.580580581	0.485894372	0.433536230	0.290210695	0.617973512	0.671711608	0.593655546
-0.573573574	0.478483959	0.424135682	0.283402529	0.606800468	0.662828309	0.584825835
-0.566566567	0.470851028	0.414438773	0.276494255	0.595063776	0.653470966	0.575652818
-0.559559560	0.462979922	0.404413176	0.269473431	0.582684528	0.643561201	0.566102626
-0.552552553	0.454852535	0.394019824	0.262325318	0.569561241	0.632990713	0.556133785
-0.545545546	0.446447807	0.383211005	0.255032348	0.555560687	0.621604645	0.545694926
-0.538538539	0.437741090	0.371927725	0.247573425	0.540503526	0.609171620	0.534721563
-0.531531532	0.428703316	0.360095944	0.239922987	0.524140677	0.595325081	0.523131454
-0.524524525	0.419299918	0.347621084	0.232049727	0.506112122	0.579434897	0.510817691
-0.517517518	0.409489397	0.334379685	0.223914807	0.485869439	0.560277224	0.497638063
-0.510510511	0.399221372	0.320206252	0.215469296	0.462514724	0.534934634	0.483397914
-0.503503504	0.388433880	0.304871397	0.206650389	0.434414395	0.492578225	0.467821049
-0.496496496	0.377049553	0.288043143	0.197375610	0.398044292	0.000000000	0.450496856
-0.489489489	0.364970029	0.269212483	0.187533536	0.342768692	0.000000000	0.430775319
-0.482482482	0.352067507	0.247533002	0.176968120	0.000000000	0.000000000	0.407531585
-0.475475475	0.338171471	0.221412957	0.165450313	0.000000000	0.000000000	0.378533375
-0.468468468	0.323046734	0.187151011	0.152621770	0.000000000	0.000000000	0.338132873
-0.461461461	0.306354803	0.130570933	0.137868079	0.000000000	0.000000000	0.259611460
-0.454454454	0.287580133	0.000000000	0.119972820	0.000000000	0.000000000	0.000000000
-0.447447447	0.265873017	0.000000000	0.095792883	0.000000000	0.000000000	0.000000000
-0.440440440	0.239656832	0.000000000	0.046504455	0.000000000	0.000000000	0.000000000
-0.433433433	0.205354903	0.000000000	0.000000000	0.000000000	0.000000000	0.000000000
-0.426426426	0.150243291	0.000000000	0.000000000	0.000000000	0.000000000	0.000000000
-0.419419419	0.000000000	0.000000000	0.000000000	0.000000000	0.000000000	0.000000000
-0.412412412	0.000000000	0.000000000	0.000000000	0.000000000	0.000000000	0.000000000
-0.405405405	0.000000000	0.000000000	0.000000000	0.000000000	0.000000000	0.000000000
-0.398398398	0.000000000	0.000000000	0.000000000	0.000000000	0.000000000	0.000000000
-0.391391391	0.000000000	0.000000000	0.000000000	0.000000000	0.000000000	0.000000000
-0.384384384	0.000000000	0.000000000	0.000000000	0.000000000	0.000000000	0.000000000
-0.377377377	0.000000000	0.000000000	0.000000000	0.000000000	0.000000000	0.000000000
-0.370370370	0.000000000	0.000000000	0.000000000	0.000000000	0.000000000	0.000000000
-0.363363363	0.000000000	0.000000000	0.000000000	0.000000000	0.000000000	0.000000000
-0.356356356	0.000000000	0.000000000	0.000000000	0.000000000	0.000000000	0.000000000
-0.349349349	0.000000000	0.000000000	0.000000000	0.000000000	0.000000000	0.000000000
-0.342342342	0.000000000	0.000000000	0.000000000	0.000000000	0.000000000	0.000000000
-0.335335335	0.000000000	0.000000000	0.000000000	0.000000000	0.000000000	0.000000000
-0.328328328	0.000000000	0.000000000	0.000000000	0.000000000	0.000000000	0.000000000
-0.321321321	0.000000000	0.000000000	0.000000000	0.000000000	0.000000000	0.000000000
-0.314314314	0.000000000	0.000000000	0.000000000	0.000000000	0.000000000	0.000000000
-0.307307307	0.000000000	0.000000000	0.000000000	0.000000000	0.000000000	0.000000000
-0.300300300	0.000000000	0.000000000	0.000000000	0.000000000	0.000000000	0.000000000
-0.293293293	0.000000000	0.000000000	0.000000000	0.000000000	0.000000000	0.000000000
-0.286286286	0.000000000	0.000000000	0.000000000	0.000000000	0.000000000	0.000000000
-0.279279279	0.000000000	0.000000000	0.000000000	0.000000000	0.000000000	0.000000000
-0.272272272	0.000000000	0.000000000	0.000000000	0.000000000	0.000000000	0.000000000
-0.265265265	0.000000000	0.000000000	0.000000000	0.000000000	0.000000000	0.000000000
-0.258258258	0.000000000	0.000000000	0.000000000	0.000000000	0.000000000	0.000000000
-0.251251251	0.000000000	0.000000000	0.000000000	0.000000000	0.000000000	0.000000000
-0.244244244	0.000000000	0.000000000	0.000000000	0.000000000	0.000000000	0.000000000
-0.237237237	0.000000000	0.000000000	0.000000000	0.000000000	0.000000000	0.000000000
-0.230230230	0.000000000	0.000000000	0.000000000	0.000000000	0.000000000	0.000000000
-0.223223223	0.000000000	0.000000000	0.000000000	0.000000000	0.000000000	0.000000000
-0.216216216	0.000000000	0.000000000	0.000000000	0.000000000	0.000000000	0.000000000
-0.209209209	0.000000000	0.000000000	0.000000000	0.000000000	0.000000000	0.000000000
-0.202202202	0.000000000	0.000000000	0.000000000	0.000000000	0.000000000	0.000000000
-0.195195195	0.000000000	0.000000000	0.000000000	0.000000000	0.000000000	0.000000000
-0.188188188	0.000000000	0.000000000	0.000000000	0.000000000	0.000000000	0.000000000
-0.181181181	0.000000000	0.000000000	0.000000000	0.000000000	0.000000000	0.000000000
-0.174174174	0.000000000	0.000000000	0.000000000	0.000000000	0.000000000	0.000000000
-0.167167167	0.000000000	0.000000000	0.000000000	0.000000000	0.000000000	0.000000000
-0.160160160	0.000000000	0.000000000	0.000000000	0.000000000	0.000000000	0.000000000
-0.153153153	0.000000000	0.000000000	0.000000000	0.000000000	0.000000000	0.000000000
-0.146146146	0.000000000	0.000000000	0.000000000	0.000000000	0.000000000	0.000000000
-0.139139139	0.000000000	0.000000000	0.000000000	0.000000000	0.000000000	0.000000000
-0.132132132	0.000000000	0.000000000	0.000000000	0.000000000	0.000000000	0.000000000
-0.125125125	0.000000000	0.000000000	0.000000000	0.000000000	0.000000000	0.000000000
-0.118118118	0.000000000	0.000000000	0.000000000	0.000000000	0.000000000	0.000000000
-0.111111111	0.000000000	0.000000000	0.000000000	0.000000000	0.000000000	0.000000000
-0.104104104	0.000000000	0.000000000	0.000000000	0.000000000	0.000000000	0.000000000
-0.097097097	0.000000000	0.000000000	0.000000000	0.000000000	0.000000000	0.000000000
-0.090090090	0.000000000	0.000000000	0.000000000	0.000000000	0.000000000	0.000000000
-0.083083083	0.000000000	0.000000000	0.000000000	0.000000000	0.000000000	0.000000000
-0.076076076	0.000000000	0.000000000	0.000000000	0.000000000	0.000000000	0.000000000
-0.069069069	0.000000000	0.000000000	0.000000000	0.000000000	0.000000000	0.000000000
-0.062062062	0.000000000	0.000000000	0.000000000	0.000000000	0.000000000	0.000000000
-0.055055055	0.000000000	0.000000000	0.000000000	0.000000000	0.000000000	0.000000000
-0.048048048	0.000000000	0.000000000	0.000000000	0.000000000	0.000000000	0.000000000
-0.041041041	0.000000000	0.000000000	0.000000000	0.000000000	0.000000000	0.000000000
-0.034034034	0.000000000	0.000000000	0.000000000	0.000000000	0.000000000	0.000000000
-0.027027027	0.000000000	0.000000000	0.000000000	0.000000000	0.000000000	0.000000000
-0.020020020	0.000000000	0.000000000	0.000000000	0.000000000	0.000000000	0.000000000
-0.013013013	0.000000000	0.000000000	0.000000000	0.000000000	0.000000000	0.000000000
-0.006006006	0.000000000	0.000000000	0.000000000	0.000000000	0.000000000	0.000000000
0.001001001	0.000000000	0.000000000	0.000000000	0.000000000	0.000000000	0.000000000
0.008008008	0.000000000	0.000000000	0.000000000	0.000000000	0.000000000	0.000000000
0.015015015	0.000000000	0.000000000	0.000000000	0.000000000	0.000000000	0.000000000
0.022022022	0.000000000	0.000000000	0.000000000	0.000000000	0.000000000	0.000000000
0.029029029	0.000000000	0.000000000	0.000000000	0.000000000	0.000000000	0.000000000
0.036036036	0.000000000	0.000000000	0.000000000	0.000000000	0.000000000	0.000000000
0.043043043	0.000000000	0.000000000	0.000000000	0.000000000	0.000000000	0.000000000
0.050050050	0.000000000	0.000000000	0.000000000	0.000000000	0.000000000	0.000000000
0.057057057	0.000000000	0.000000000	0.000000000	0.000000000	0.000000000	0.000000000
0.064064064	0.000000000	0.000000000	0.000000000	0.000000000	0.000000000	0.000000000
0.071071071	0.000000000	0.000000000	0.000000000	0.000000000	0.000000000	0.000000000
0.078078078	0.000000000	0.000000000	0.000000000	0.000000000	0.000000000	0.000000000
0.085085085	0.000000000	0.000000000	0.000000000	0.000000000	0.000000000	0.000000000
0.092092092	0.000000000	0.000000000	0.000000000	0.000000000	0.000000000	0.000000000
0.099099099	0.000000000	0.000000000	0.000000000	0.000000000	0.000000000	0.000000000
0.106106106	0.000000000	0.000000000	0.000000000	0.000000000	0.000000000	0.000000000
0.113113113	0.000000000	0.000000000	0.000000000	0.000000000	0.000000000	0.000000000
0.120120120	0.000000000	0.000000000	0.000000000	0.000000000	0.000000000	0.000000000
0.127127127	0.000000000	0.000000000	0.000000000	0.000000000	0.000000000	0.000000000
0.134134134	0.000000000	0.000000000	0.000000000	0.000000000	0.000000000	0.000000000
0.141141141	0.000000000	0.000000000	0.000000000	0.000000000	0.000000000	0.000000000
0.148148148	0.000000000	0.000000000	0.000000000	0.000000000	0.000000000	0.000000000
0.155155155	0.000000000	0.000000000	0.000000000	0.000000000	0.000000000	0.000000000
0.162162162	0.000000000	0.000000000	0.000000000	0.000000000	0.000000000	0.000000000
0.169169169	0.000000000	0.000000000	0.000000000	0.000000000	0.000000000	0.000000000
0.176176176	0.000000000	0.000000000	0.000000000	0.000000000	0.000000000	0.000000000
0.183183183	0.000000000	0.000000000	0.000000000	0.000000000	0.000000000	0.000000000
0.190190190	0.000000000	0.000000000	0.000000000	0.000000000	0.000000000	0.000000000
0.197197197	0.000000000	0.000000000	0.000000000	0.000000000	0.000000000	0.000000000
0.204204204	0.000000000	0.000000000	0.000000000	0.000000000	0.000000000	0.000000000
0.211211211	0.000000000	0.000000000	0.000000000	0.000000000	0.000000000	0.000000000
0.218218218	0.000000000	0.000000000	0.000000000	0.000000000	0.000000000	0.000000000
0.225225225	0.000000000	0.000000000	0.000000000	0.000000000	0.000000000	0.000000000
0.232232232	0.000000000	0.000000000	0.000000000	0.000000000	0.000000000	0.000000000
0.239239239	0.000000000	0.000000000	0.000000000	0.000000000	0.000000000	0.000000000
0.246246246	0.000000000	0.000000000	0.000000000	0.000000000	0.000000000	0.000000000
0.253253253	0.000000000	0.000000000	0.000000000	0.000000000	0.000000000	0.000000000
0.260260260	0.000000000	0.000000000	0.000000000	0.000000000	0.000000000	0.000000000
0.267267267	0.000000000	0.000000000	0.000000000	0.000000000	0.000000000	0.000000000
0.274274274	0.000000000	0.000000000	0.000000000	0.000000000	0.000000000	0.000000000
0.281281281	0.000000000	0.000000000	0.000000000	0.000000000	0.000000000	0.000000000
0.288288288	0.000000000	0.000000000	0.000000000	0.000000000	0.000000000	0.000000000
0.295295295	0.000000000	0.000000000	0.000000000	0.000000000	0.000000000	0.000000000
0.302302302	0.000000000	0.000000000	0.000000000	0.000000000	0.000000000	0.000000000
0.309309309	0.000000000	0.000000000	0.000000000	0.000000000	0.000000000	0.000000000
0.316316316	0.000000000	0.000000000	0.000000000	0.000000000	0.000000000	0.000000000
0.323323323	0.000000000	0.000000000	0.000000000	0.000000000	0.000000000	0.000000000
0.330330330	0.000000000	0.000000000	0.000000000	0.000000000	0.000000000	0.000000000
0.337337337	0.000000000	0.000000000	0.000000000	0.000000000	0.000000000	0.000000000
0.344344344	0.000000000	0.000000000	0.000000000	0.000000000	0.000000000	0.000000000
0.351351351	0.000000000	0.000000000	0.000000000	0.000000000	0.000000000	0.000000000
0.358358358	0.000000000	0.000000000	0.000000000	0.000000000	0.000000000	0.000000000
0.365365365	0.000000000	0.000000000	0.000000000	0.000000000	0.000000000	0.000000000
0.372372372	0.000000000	0.000000000	0.000000000	0.000000000	0.000000000	0.000000000
0.379379379	0.000000000	0.000000000	0.000000000	0.000000000	0.000000000	0.000000000
0.386386386	0.000000000	0.000000000	0.000000000	0.000000000	0.000000000	0.000000000
0.393393393	0.000000000	0.000000000	0.000000000	0.000000000	0.000000000	0.000000000
0.400400400	0.000000000	0.000000000	0.000000000	0.000000000	0.000000000	0.000000000
0.407407407	0.000000000	0.000000000	0.000000000	0.000000000	0.000000000	0.000000000
0.414414414	0.000000000	0.000000000	0.000000000	0.000000000	0.000000000	0.000000000
0.421421421	0.000000000	0.000000000	0.000000000	0.000000000	0.000000000	0.000000000
0.428428428	0.000000000	0.000000000	0.000000000	0.000000000	0.000000000	0.000000000
0.435435435	0.000000000	0.000000000	0.000000000	0.000000000	0.000000000	0.000000000
0.442442442	0.000000000	0.000000000	0.000000000	0.000000000	0.000000000	0.000000000
0.449449449	0.000000000	0.000000000	0.000000000	0.000000000	0.000000000	0.000000000
0.456456456	0.000000000	0.000000000	0.000000000	0.000000000	0.000000000	0.000000000
0.463463463	0.000000000	0.000000000	0.000000000	0.000000000	0.000000000	0.000000000
0.470470470	0.000000000	0.000000000	0.000000000	0.000000000	0.000000000	0.000000000
0.477477477	0.000000000	0.000000000	0.000000000	0.000000000	0.000000000	0.000000000
0.484484484	0.000000000	0.000000000	0.000000000	0.000000000	0.000000000	0.000000000
0.491491491	0.000000000	0.000000000	0.000000000	0.000000000	0.000000000	0.000000000
0.498498498	0.000000000	0.000000000	0.000000000	0.000000000	0.000000000	0.000000000
0.505505506	0.000000000	0.000000000	0.000000000	0.000000000	0.000000000	0.000000000
0.512512513	0.000000000	0.000000000	0.000000000	0.000000000	0.000000000	0.000000000
0.519519520	0.000000000	0.000000000	0.000000000	0.000000000	0.000000000	0.000000000
0.526526527	0.000000000	0.000000000	0.000000000	0.000000000	0.000000000	0.000000000
0.533533534	0.000000000	0.000000000	0.000000000	0.000000000	0.000000000	0.000000000
0.540540541	0.000000000	0.000000000	0.000000000	0.000000000	0.000000000	0.000000000
0.547547548	0.000000000	0.000000000	0.000000000	0.000000000	0.000000000	0.000000000
0.554554555	0.000000000	0.000000000	0.000000000	0.000000000	0.000000000	0.000000000
0.561561562	0.000000000	0.000000000	0.000000000	0.000000000	0.000000000	0.000000000
0.568568569	0.000000000	0.000000000	0.000000000	0.000000000	0.000000000	0.000000000
0.575575576	0.000000000	0.000000000	0.000000000	0.000000000	0.000000000	0.000000000
0.582582583	0.000000000	0.000000000	0.000000000	0.000000000	0.000000000	0.000000000
0.589589590	0.000000000	0.000000000	0.000000000	0.000000000	0.000000000	0.000000000
0.596596597	0.000000000	0.000000000	0.000000000	0.000000000	0.000000000	0.000000000
0.603603604	0.000000000	0.000000000	0.000000000	0.000000000	0.000000000	0.000000000
0.610610611	0.000000000	0.000000000	0.000000000	0.000000000	0.000000000	0.000000000
0.617617618	0.000000000	0.000000000	0.000000000	0.000000000	0.000000000	0.000000000
0.624624625	0.000000000	0.000000000	0.000000000	0.000000000	0.000000000	0.000000000
0.631631632	0.000000000	0.000000000	0.000000000	0.000000000	0.000000000	0.000000000
0.638638639	0.000000000	0.000000000	0.000000000	0.000000000	0.000000000	0.000000000
0.645645646	0.000000000	0.000000000	0.000000000	0.000000000	0.000000000	0.000000000
0.652652653	0.000000000	0.000000000	0.000000000	0.000000000	0.000000000	0.000000000
0.659659660	0.000000000	0.000000000	0.000000000	0.000000000	0.000000000	0.000000000
0.666666667	0.000000000	0.000000000	0.000000000	0.000000000	0.000000000	0.000000000
0.673673674	0.000000000	0.000000000	0.000000000	0.000000000	0.000000000	0.000000000
0.680680681	0.000000000	0.000000000	0.000000000	0.000000000	0.000000000	0.000000000
0.687687688	0.000000000	0.000000000	0.000000000	0.000000000	0.000000000	0.000000000
0.694694695	0.000000000	0.000000000	0.000000000	0.000000000	0.000000000	0.000000000
0.701701702	0.000000000	0.000000000	0.000000000	0.000000000	0.000000000	0.000000000
0.708708709	0.000000000	0.000000000	0.000000000	0.000000000	0.000000000	0.000000000
0.715715716	0.000000000	0.000000000	0.000000000	0.000000000	0.000000000	0.000000000
0.722722723	0.000000000	0.000000000	0.000000000	0.000000000	0.000000000	0.000000000
0.729729730	0.000000000	0.000000000	0.000000000	0.000000000	0.000000000	0.000000000
0.736736737	0.000000000	0.000000000	0.000000000	0.000000000	0.000000000	0.000000000
0.743743744	0.000000000	0.000000000	0.000000000	0.000000000	0.000000000	0.000000000
0.750750751	0.000000000	0.000000000	0.000000000	0.000000000	0.000000000	0.000000000
0.757757758	0.000000000	0.000000000	0.000000000	0.000000000	0.000000000	0.000000000
0.764764765	0.000000000	0.000000000	0.000000000	0.000000000	0.000000000	0.000000000
0.771771772	0.000000000	0.000000000	0.000000000	0.000000000	0.000000000	0.000000000
0.778778779	0.000000000	0.000000000	0.000000000	0.000000000	0.000000000	0.000000000
0.785785786	0.000000000	0.000000000	0.000000000	0.000000000	0.000000000	0.000000000
0.792792793	0.000000000	0.000000000	0.000000000	0.000000000	0.000000000	0.000000000
0.799799800	0.000000000	0.000000000	0.000000000	0.000000000	0.000000000	0.000000000
0.806806807	0.000000000	0.000000000	0.000000000	0.000000000	0.000000000	0.000000000
0.813813814	0.000000000	0.000000000	0.000000000	0.000000000	0.000000000	0.000000000
0.820820821	0.000000000	0.000000000	0.000000000	0.000000000	0.000000000	0.000000000
0.827827828	0.000000000	0.000000000	0.000000000	0.000000000	0.000000000	0.000000000
0.834834835	0.000000000	0.000000000	0.000000000	0.000000000	0.000000000	0.000000000
0.841841842	0.000000000	0.000000000	0.000000000	0.000000000	0.000000000	0.000000000
0.848848849	0.000000000	0.000000000	0.000000000	0.000000000	0.000000000	0.000000000
0.855855856	0.000000000	0.000000000	0.000000000	0.000000000	0.000000000	0.000000000
0.862862863	0.000000000	0.000000000	0.000000000	0.000000000	0.000000000	0.000000000
0.869869870	0.000000000	0.000000000	0.000000000	0.000000000	0.000000000	0.000000000
0.876876877	0.000000000	0.000000000	0.000000000	0.000000000	0.000000000	0.000000000
0.883883884	0.000000000	0.000000000	0.000000000	0.000000000	0.000000000	0.000000000
0.890890891	0.000000000	0.000000000	0.000000000	0.000000000	0.000000000	0.000000000
0.897897898	0.000000000	0.000000000	0.000000000	0.000000000	0.000000000	0.000000000
0.904904905	0.000000000	0.000000000	0.000000000	0.000000000	0.000000000	0.000000000
0.911911912	0.000000000	0.000000000	0.000000000	0.000000000	0.000000000	0.000000000
0.918918919	0.000000000	0.000000000	0.000000000	0.000000000	0.000000000	0.000000000
0.925925926	0.000000000	0.000000000	0.000000000	0.000000000	0.000000000	0.000000000
0.932932933	0.000000000	0.000000000	0.000000000	0.000000000	0.000000000	0.000000000
0.939939940	0.000000000	0.000000000	0.000000000	0.000000000	0.000000000	0.000000000
0.946946947	0.000000000	0.000000000	0.000000000	0.000000000	0.000000000	0.000000000
0.953953954	0.000000000	0.000000000	0.000000000	0.000000000	0.000000000	0.000000000
0.960960961	0.000000000	0.000000000	0.000000000	0.000000000	0.000000000	0.000000000
0.967967968	0.000000000	0.000000000	0.000000000	0.000000000	0.000000000	0.000000000
0.974974975	0.000000000	0.000000000	0.000000000	0.000000000	0.000000000	0.000000000
0.981981982	0.000000000	0.000000000	0.000000000	0.000000000	0.000000000	0.000000000
0.988988989	0.000000000	0.000000000	0.000000000	0.000000000	0.000000000	0.000000000
0.995995996	0.000000000	0.000000000	0.000000000	0.000000000	0.000000000	0.000000000
1.003003003	0.000000000	0.000000000	0.000000000	0.000000000	0.000000000	0.000000000
1.010010010	0.000000000	0.000000000	0.000000000	0.000000000	0.000000000	0.000000000
1.017017017	0.000000000	0.000000000	0.000000000	0.000000000	0.000000000	0.000000000
1.024024024	0.000000000	0.000000000	0.000000000	0.000000000	0.000000000	0.000000000
1.031031031	0.000000000	0.000000000	0.000000000	0.000000000	0.000000000	0.000000000
1.038038038	0.000000000	0.000000000	0.000000000	0.000000000	0.000000000	0.000000000
1.045045045	0.000000000	0.000000000	0.000000000	0.000000000	0.000000000	0.000000000
1.052052052	0.000000000	0.000000000	0.000000000	0.000000000	0.000000000	0.000000000
1.059059059	0.000000000	0.000000000	0.000000000	0.000000000	0.000000000	0.000000000
1.066066066	0.000000000	0.000000000	0.000000000	0.000000000	0.000000000	0.000000000
1.073073073	0.000000000	0.000000000	0.000000000	0.000000000	0.000000000	0.000000000
1.080080080	0.000000000	0.000000000	0.000000000	0.000000000	0.000000000	0.000000000
1.087087087	0.000000000	0.000000000	0.000000000	0.000000000	0.000000000	0.000000000
1.094094094	0.000000000	0.000000000	0.000000000	0.000000000	0.000000000	0.000000000
1.101101101	0.000000000	0.000000000	0.000000000	0.000000000	0.000000000	0.000000000
1.108108108	0.000000000	0.000000000	0.000000000	0.000000000	0.000000000	0.000000000
1.115115115	0.000000000	0.000000000	0.000000000	0.000000000	0.000000000	0.000000000
1.122122122	0.000000000	0.000000000	0.000000000	0.000000000	0.000000000	0.000000000
1.129129129	0.000000000	0.000000000	0.000000000	0.000000000	0.000000000	0.000000000
1.136136136	0.000000000	0.000000000	0.000000000	0.000000000	0.000000000	0.000000000
1.143143143	0.000000000	0.000000000	0.000000000	0.000000000	0.000000000	0.000000000
1.150150150	0.000000000	0.000000000	0.000000000	0.000000000	0.000000000	0.000000000
1.157157157	0.000000000	0.000000000	0.000000000	0.000000000	0.000000000	0.000000000
1.164164164	0.000000000	0.000000000	0.000000000	0.000000000	0.000000000	0.000000000
1.171171171	0.000000000	0.000000000	0.000000000	0.000000000	0.000000000	0.000000000
1.178178178	0.000000000	0.000000000	0.000000000	0.000000000	0.000000000	0.000000000
1.185185185	0.000000000	0.000000000	0.000000000	0.000000000	0.000000000	0.000000000
1.192192192	0.000000000	0.000000000	0.000000000	0.000000000	0.000000000	0.000000000
1.199199199	0.000000000	0.000000000	0.000000000	0.000000000	0.000000000	0.000000000
1.206206206	0.000000000	0.000000000	0.000000000	0.000000000	0.000000000	0.000000000
1.213213213	0.000000000	0.000000000	0.000000000	0.000000000	0.000000000	0.000000000
1.220220220	0.000000000	0.000000000	0.000000000	0.000000000	0.000000000	0.000000000
1.227227227	0.000000000	0.000000000	0.000000000	0.000000000	0.000000000	0.000000000
1.234234234	0.000000000	0.000000000	0.000000000	0.000000000	0.000000000	0.000000000
1.241241241	0.000000000	0.000000000	0.000000000	0.000000000	0.000000000	0.000000000
1.248248248	0.000000000	0.000000000	0.000000000	0.000000000	0.000000000	0.000000000
1.255255255	0.000000000	0.000000000	0.000000000	0.000000000	0.000000000	0.000000000
1.262262262	0.000000000	0.000000000	0.000000000	0.000000000	0.000000000	0.000000000
1.269269269	0.000000000	0.000000000	0.000000000	0.000000000	0.000000000	0.000000000
1.276276276	0.000000000	0.000000000	0.000000000	0.000000000	0.000000000	0.000000000
1.283283283	0.000000000	0.000000000	0.000000000	0.000000000	0.000000000	0.000000000
1.290290290	0.000000000	0.000000000	0.000000000	0.000000000	0.000000000	0.000000000
1.297297297	0.000000000	0.000000000	0.000000000	0.000000000	0.000000000	0.000000000
1.304304304	0.000000000	0.000000000	0.000000000	0.000000000	0.000000000	0.000000000
1.311311311	0.000000000	0.000000000	0.000000000	0.000000000	0.000000000	0.000000000
1.318318318	0.000000000	0.000000000	0.000000000	0.000000000	0.000000000	0.000000000
1.325325325	0.000000000	0.000000000	0.000000000	0.000000000	0.000000000	0.000000000
1.332332332	0.000000000	0.000000000	0.000000000	0.000000000	0.000000000	0.000000000
1.339339339	0.000000000	0.000000000	0.000000000	0.000000000	0.000000000	0.000000000
1.346346346	0.000000000	0.000000000	0.000000000	0.000000000	0.000000000	0.000000000
1.353353353	0.000000000	0.000000000	0.000000000	0.000000000	0.000000000	0.000000000
1.360360360	0.000000000	0.000000000	0.000000000	0.000000000	0.000000000	0.000000000
1.367367367	0.000000000	0.000000000	0.000000000	0.000000000	0.000000000	0.000000000
1.374374374	0.000000000	0.000000000	0.000000000	0.000000000	0.000000000	0.000000000
1.381381381	0.000000000	0.000000000	0.000000000	0.000000000	0.000000000	0.000000000
1.388388388	0.000000000	0.000000000	0.000000000	0.000000000	0.000000000	0.000000000
1.395395395	0.000000000	0.000000000	0.000000000	0.000000000	0.000000000	0.000000000
1.402402402	0.000000000	0.000000000	0.000000000	0.000000000	0.000000000	0.000000000
1.409409409	0.000000000	0.000000000	0.000000000	0.000000000	0.000000000	0.000000000
1.416416416	0.000000000	0.000000000	0.000000000	0.000000000	0.000000000	0.000000000
1.423423423	0.000000000	0.000000000	0.000000000	0.000000000	0.000000000	0.000000000
1.430430430	0.000000000	0.000000000	0.000000000	0.000000000	0.000000000	0.000000000
1.437437437	0.000000000	0.000000000	0.000000000	0.000000000	0.000000000	0.000000000
1.444444444	0.000000000	0.000000000	0.000000000	0.000000000	0.000000000	0.000000000
1.451451451	0.000000000	0.000000000	0.000000000	0.000000000	0.000000000	0.000000000
1.458458458	0.000000000	0.000000000	0.000000000	0.000000000	0.000000000	0.000000000
1.465465465	0.000000000	0.000000000	0.000000000	0.000000000	0.000000000	0.000000000
1.472472472	0.000000000	0.000000000	0.000000000	0.000000000	0.000000000	0.000000000
1.479479479	0.000000000	0.000000000	0.000000000	0.000000000	0.000000000	0.000000000
1.486486486	0.000000000	0.000000000	0.000000000	0.000000000	0.000000000	0.000000000
1.493493493	0.000000000	0.000000000	0.000000000	0.000000000	0.000000000	0.000000000
1.500500501	0.000000000	0.000000000	0.000000000	0.000000000	0.000000000	0.000000000
1.507507508	0.000000000	0.000000000	0.000000000	0.000000000	0.000000000	0.000000000
1.514514515	0.000000000	0.000000000	0.000000000	0.000000000	0.000000000	0.000000000
1.521521522	0.000000000	0.000000000	0.000000000	0.000000000	0.000000000	0.000000000
1.528528529	0.000000000	0.000000000	0.000000000	0.000000000	0.000000000	0.000000000
1.535535536	0.000000000	0.000000000	0.000000000	0.000000000	0.000000000	0.000000000
1.542542543	0.000000000	0.000000000	0.000000000	0.000000000	0.000000000	0.000000000
1.549549550	0.000000000	0.000000000	0.000000000	0.000000000	0.000000000	0.000000000
1.556556557	0.000000000	0.000000000	0.000000000	0.000000000	0.000000000	0.000000000
1.563563564	0.000000000	0.000000000	0.000000000	0.000000000	0.000000000	0.000000000
1.570570571	0.000000000	0.000000000	0.000000000	0.000000000	0.000000000	0.000000000
1.577577578	0.000000000	0.000000000	0.000000000	0.000000000	0.000000000	0.000000000
1.584584585	0.000000000	0.000000000	0.000000000	0.000000000	0.000000000	0.000000000
1.591591592	0.000000000	0.000000000	0.000000000	0.000000000	0.000000000	0.000000000
1.598598599	0.000000000	0.000000000	0.000000000	0.000000000	0.000000000	0.000000000
1.605605606	0.000000000	0.000000000	0.000000000	0.000000000	0.000000000	0.000000000
1.612612613	0.000000000	0.000000000	0.000000000	0.000000000	0.000000000	0.000000000
1.619619620	0.000000000	0.000000000	0.000000000	0.000000000	0.000000000	0.000000000
1.626626627	0.000000000	0.000000000	0.000000000	0.000000000	0.000000000	0.000000000
1.633633634	0.000000000	0.000000000	0.000000000	0.000000000	0.000000000	0.000000000
1.640640641	0.000000000	0.000000000	0.000000000	0.000000000	0.000000000	0.000000000
1.647647648	0.000000000	0.000000000	0.000000000	0.000000000	0.000000000	0.000000000
1.654654655	0.000000000	0.000000000	0.000000000	0.000000000	0.000000000	0.000000000
1.661661662	0.000000000	0.000000000	0.000000000	0.000000000	0.000000000	0.000000000
1.668668669	0.000000000	0.000000000	0.000000000	0.000000000	0.000000000	0.000000000
1.675675676	0.000000000	0.000000000	0.000000000	0.000000000	0.000000000	0.000000000
1.682682683	0.000000000	0.000000000	0.000000000	0.000000000	0.000000000	0.000000000
1.689689690	0.000000000	0.000000000	0.000000000	0.000000000	0.000000000	0.000000000
1.696696697	0.000000000	0.000000000	0.000000000	0.000000000	0.000000000	0.000000000
1.703703704	0.000000000	0.000000000	0.000000000	0.000000000	0.000000000	0.000000000
1.710710711	0.000000000	0.000000000	0.000000000	0.000000000	0.000000000	0.000000000
1.717717718	0.000000000	0.000000000	0.000000000	0.000000000	0.000000000	0.000000000
1.724724725	0.000000000	0.000000000	0.000000000	0.000000000	0.000000000	0.000000000
1.731731732	0.000000000	0.000000000	0.000000000	0.000000000	0.000000000	0.000000000
1.738738739	0.000000000	0.000000000	0.000000000	0.000000000	0.000000000	0.000000000
1.745745746	0.000000000	0.000000000	0.000000000	0.000000000	0.000000000	0.000000000
1.752752753	0.000000000	0.000000000	0.000000000	0.000000000	0.000000000	0.000000000
1.759759760	0.000000000	0.000000000	0.000000000	0.000000000	0.000000000	0.000000000
1.766766767	0.000000000	0.000000000	0.000000000	0.000000000	0.000000000	0.000000000
1.773773774	0.000000000	0.000000000	0.000000000	0.000000000	0.000000000	0.000000000
1.780780781	0.000000000	0.000000000	0.000000000	0.000000000	0.000000000	0.000000000
1.787787788	0.000000000	0.000000000	0.000000000	0.000000000	0.000000000	0.000000000
1.794794795	0.000000000	0.000000000	0.000000000	0.000000000	0.000000000	0.000000000
1.801801802	0.000000000	0.000000000	0.000000000	0.000000000	0.000000000	0.000000000
1.808808809	0.000000000	0.000000000	0.000000000	0.000000000	0.000000000	0.000000000
1.815815816	0.000000000	0.000000000	0.000000000	0.000000000	0.000000000	0.000000000
1.822822823	0.000000000	0.000000000	0.000000000	0.000000000	0.000000000	0.000000000
1.829829830	0.000000000	0.000000000	0.000000000	0.000000000	0.000000000	0.000000000
1.836836837	0.000000000	0.000000000	0.000000000	0.000000000	0.000000000	0.000000000
1.843843844	0.000000000	0.000000000	0.000000000	0.000000000	0.000000000	0.000000000
1.850850851	0.000000000	0.000000000	0.000000000	0.000000000	0.000000000	0.000000000
1.857857858	0.000000000	0.000000000	0.000000000	0.000000000	0.000000000	0.000000000
1.864864865	0.000000000	0.000000000	0.000000000	0.000000000	0.000000000	0.000000000
1.871871872	0.000000000	0.000000000	0.000000000	0.000000000	0.000000000	0.000000000
1.878878879	0.000000000	0.000000000	0.000000000	0.000000000	0.000000000	0.000000000
1.885885886	0.000000000	0.000000000	0.000000000	0.000000000	0.000000000	0.000000000
1.892892893	0.000000000	0.000000000	0.000000000	0.000000000	0.000000000	0.000000000
1.899899900	0.000000000	0.000000000	0.000000000	0.000000000	0.000000000	0.000000000
1.906906907	0.000000000	0.000000000	0.000000000	0.000000000	0.000000000	0.000000000
1.913913914	0.000000000	0.000000000	0.000000000	0.000000000	0.000000000	0.000000000
1.920920921	0.000000000	0.000000000	0.000000000	0.000000000	0.000000000	0.000000000
1.927927928	0.000000000	0.000000000	0.000000000	0.000000000	0.000000000	0.000000000
1.934934935	0.000000000	0.000000000	0.000000000	0.000000000	0.000000000	0.000000000
1.941941942	0.000000000	0.000000000	0.000000000	0.000000000	0.000000000	0.000000000
1.948948949	0.000000000	0.000000000	0.000000000	0.000000000	0.000000000	0.000000000
1.955955956	0.000000000	0.000000000	0.000000000	0.000000000	0.000000000	0.000000000
1.962962963	0.000000000	0.000000000	0.000000000	0.000000000	0.000000000	0.000000000
1.969969970	0.000000000	0.000000000	0.000000000	0.000000000	0.000000000	0.000000000
1.976976977	0.000000000	0.000000000	0.000000000	0.000000000	0.000000000	0.000000000
1.983983984	0.000000000	0.000000000	0.000000000	0.000000000	0.000000000	0.000000000
1.990990991	0.000000000	0.000000000	0.000000000	0.000000000	0.000000000	0.000000000
1.997997998	0.000000000	0.000000000	0.000000000	0.000000000	0.000000000	0.000000000
2.005005005	0.000000000	0.000000000	0.000000000	0.000000000	0.000000000	0.000000000
2.012012012	0.000000000	0.000000000	0.000000000	0.000000000	0.000000000	0.000000000
2.019019019	0.000000000	0.000000000	0.000000000	0.000000000	0.000000000	0.000000000
2.026026026	0.000000000	0.000000000	0.000000000	0.000000000	0.000000000	0.000000000
2.033033033	0.000000000	0.000000000	0.000000000	0.000000000	0.000000000	0.000000000
2.040040040	0.000000000	0.000000000	0.000000000	0.000000000	0.000000000	0.000000000
2.047047047	0.000000000	0.000000000	0.000000000	0.000000000	0.000000000	0.000000000
2.054054054	0.000000000	0.000000000	0.000000000	0.000000000	0.000000000	0.000000000
2.061061061	0.000000000	0.000000000	0.000000000	0.000000000	0.000000000	0.000000000
2.068068068	0.000000000	0.000000000	0.000000000	0.000000000	0.000000000	0.000000000
2.075075075	0.000000000	0.000000000	0.000000000	0.000000000	0.000000000	0.000000000
2.082082082	0.000000000	0.000000000	0.000000000	0.000000000	0.000000000	0.000000000
2.089089089	0.000000000	0.000000000	0.000000000	0.000000000	0.000000000	0.000000000
2.096096096	0.000000000	0.000000000	0.000000000	0.000000000	0.000000000	0.000000000
2.103103103	0.000000000	0.000000000	0.000000000	0.000000000	0.000000000	0.000000000
2.110110110	0.000000000	0.000000000	0.000000000	0.000000000	0.000000000	0.000000000
2.117117117	0.000000000	0.000000000	0.000000000	0.000000000	0.000000000	0.000000000
2.124124124	0.000000000	0.000000000	0.000000000	0.000000000	0.000000000	0.000000000
2.131131131	0.000000000	0.000000000	0.000000000	0.000000000	0.000000000	0.000000000
2.138138138	0.000000000	0.000000000	0.000000000	0.000000000	0.000000000	0.000000000
2.145145145	0.000000000	0.000000000	0.000000000	0.000000000	0.000000000	0.000000000
2.152152152	0.000000000	0.000000000	0.000000000	0.000000000	0.000000000	0.000000000
2.159159159	0.000000000	0.000000000	0.000000000	0.000000000	0.000000000	0.000000000
2.166166166	0.000000000	0.000000000	0.000000000	0.000000000	0.000000000	0.000000000
2.173173173	0.000000000	0.000000000	0.000000000	0.000000000	0.000000000	0.000000000
2.180180180	0.000000000	0.000000000	0.000000000	0.000000000	0.000000000	0.000000000
2.187187187	0.000000000	0.000000000	0.000000000	0.000000000	0.000000000	0.000000000
2.194194194	0.000000000	0.000000000	0.000000000	0.000000000	0.000000000	0.000000000
2.201201201	0.000000000	0.000000000	0.000000000	0.000000000	0.000000000	0.000000000
2.208208208	0.000000000	0.000000000	0.000000000	0.000000000	0.000000000	0.000000000
2.215215215	0.000000000	0.000000000	0.000000000	0.000000000	0.000000000	0.000000000
2.222222222	0.000000000	0.000000000	0.000000000	0.000000000	0.000000000	0.000000000
2.229229229	0.000000000	0.000000000	0.000000000	0.000000000	0.000000000	0.000000000
2.236236236	0.000000000	0.000000000	0.000000000	0.000000000	0.000000000	0.000000000
2.243243243	0.000000000	0.000000000	0.000000000	0.000000000	0.000000000	0.000000000
2.250250250	0.000000000	0.000000000	0.000000000	0.000000000	0.000000000	0.000000000
2.257257257	0.000000000	0.000000000	0.000000000	0.000000000	0.000000000	0.000000000
2.264264264	0.000000000	0.000000000	0.000000000	0.000000000	0.000000000	0.000000000
2.271271271	0.000000000	0.000000000	0.000000000	0.000000000	0.000000000	0.000000000
2.278278278	0.000000000	0.000000000	0.000000000	0.000000000	0.000000000	0.000000000
2.285285285	0.000000000	0.000000000	0.000000000	0.000000000	0.000000000	0.000000000
2.292292292	0.000000000	0.000000000	0.000000000	0.000000000	0.000000000	0.000000000
2.299299299	0.000000000	0.000000000	0.000000000	0.000000000	0.000000000	0.000000000
2.306306306	0.000000000	0.000000000	0.000000000	0.000000000	0.000000000	0.000000000
2.313313313	0.000000000	0.000000000	0.000000000	0.000000000	0.000000000	0.000000000
2.320320320	0.000000000	0.000000000	0.000000000	0.000000000	0.000000000	0.000000000
2.327327327	0.000000000	0.000000000	0.000000000	0.000000000	0.000000000	0.000000000
2.334334334	0.000000000	0.000000000	0.000000000	0.000000000	0.000000000	0.000000000
2.341341341	0.000000000	0.000000000	0.000000000	0.000000000	0.000000000	0.000000000
2.348348348	0.000000000	0.000000000	0.000000000	0.000000000	0.000000000	0.000000000
2.355355355	0.000000000	0.000000000	0.000000000	0.000000000	0.000000000	0.000000000
2.362362362	0.000000000	0.000000000	0.000000000	0.000000000	0.000000000	0.000000000
2.369369369	0.000000000	0.000000000	0.000000000	0.000000000	0.000000000	0.000000000
2.376376376	0.000000000	0.000000000	0.000000000	0.000000000	0.000000000	0.000000000
2.383383383	0.000000000	0.000000000	0.000000000	0.000000000	0.000000000	0.000000000
2.390390390	0.000000000	0.000000000	0.000000000	0.000000000	0.000000000	0.000000000
2.397397397	0.000000000	0.000000000	0.000000000	0.000000000	0.000000000	0.000000000
2.404404404	0.000000000	0.000000000	0.000000000	0.000000000	0.000000000	0.000000000
2.411411411	0.000000000	0.000000000	0.000000000	0.000000000	0.000000000	0.000000000
2.418418418	0.000000000	0.000000000	0.000000000	0.000000000	0.000000000	0.000000000
2.425425425	0.000000000	0.000000000	0.000000000	0.000000000	0.000000000	0.000000000
2.432432432	0.000000000	0.000000000	0.000000000	0.000000000	0.000000000	0.000000000
2.439439439	0.000000000	0.000000000	0.000000000	0.000000000	0.000000000	0.000000000
2.446446446	0.000000000	0.000000000	0.000000000	0.000000000	0.000000000	0.000000000
2.453453453	0.000000000	0.000000000	0.000000000	0.000000000	0.000000000	0.000000000
2.460460460	0.000000000	0.000000000	0.000000000	0.000000000	0.000000000	0.000000000
2.467467467	0.000000000	0.000000000	0.000000000	0.000000000	0.000000000	0.000000000
2.474474474	0.000000000	0.000000000	0.000000000	0.000000000	0.000000000	0.000000000
2.481481481	0.000000000	0.000000000	0.000000000	0.000000000	0.000000000	0.000000000
2.488488488	0.000000000	0.000000000	0.000000000	0.000000000	0.000000000	0.000000000
2.495495495	0.000000000	0.000000000	0.000000000	0.000000000	0.000000000	0.000000000
2.502502503	0.000000000	0.000000000	0.000000000	0.000000000	0.000000000	0.000000000
2.509509510	0.000000000	0.000000000	0.000000000	0.000000000	0.000000000	0.000000000
2.516516517	0.000000000	0.000000000	0.000000000	0.000000000	0.000000000	0.000000000
2.523523524	0.000000000	0.000000000	0.000000000	0.000000000	0.000000000	0.000000000
2.530530531	0.000000000	0.000000000	0.000000000	0.000000000	0.000000000	0.000000000
2.537537538	0.000000000	0.000000000	0.000000000	0.000000000	0.000000000	0.000000000
2.544544545	0.000000000	0.000000000	0.000000000	0.000000000	0.000000000	0.000000000
2.551551552	0.000000000	0.000000000	0.000000000	0.000000000	0.000000000	0.000000000
2.558558559	0.000000000	0.000000000	0.000000000	0.000000000	0.000000000	0.000000000
2.565565566	0.000000000	0.000000000	0.000000000	0.000000000	0.000000000	0.000000000
2.572572573	0.000000000	0.000000000	0.000000000	0.000000000	0.000000000	0.000000000
2.579579580	0.000000000	0.000000000	0.000000000	0.000000000	0.000000000	0.000000000
2.586586587	0.000000000	0.000000000	0.000000000	0.000000000	0.000000000	0.000000000
2.593593594	0.000000000	0.000000000	0.000000000	0.000000000	0.000000000	0.000000000
2.600600601	0.000000000	0.000000000	0.000000000	0.000000000	0.000000000	0.000000000
2.607607608	0.000000000	0.000000000	0.000000000	0.000000000	0.000000000	0.000000000
2.614614615	0.000000000	0.000000000	0.000000000	0.000000000	0.000000000	0.000000000
2.621621622	0.000000000	0.000000000	0.000000000	0.000000000	0.000000000	0.000000000
2.628628629	0.000000000	0.000000000	0.000000000	0.000000000	0.000000000	0.000000000
2.635635636	0.000000000	0.000000000	0.000000000	0.000000000	0.000000000	0.000000000
2.642642643	0.000000000	0.000000000	0.000000000	0.000000000	0.000000000	0.000000000
2.649649650	0.000000000	0.000000000	0.000000000	0.000000000	0.000000000	0.000000000
2.656656657	0.000000000	0.000000000	0.000000000	0.000000000	0.000000000	0.000000000
2.663663664	0.000000000	0.000000000	0.000000000	0.000000000	0.000000000	0.000000000
2.670670671	0.000000000	0.000000000	0.000000000	0.000000000	0.000000000	0.000000000
2.677677678	0.000000000	0.000000000	0.000000000	0.000000000	0.000000000	0.000000000
2.684684685	0.000000000	0.000000000	0.000000000	0.000000000	0.000000000	0.000000000
2.691691692	0.000000000	0.000000000	0.000000000	0.000000000	0.000000000	0.000000000
2.698698699	0.000000000	0.000000000	0.000000000	0.000000000	0.000000000	0.000000000
2.705705706	0.000000000	0.000000000	0.000000000	0.000000000	0.000000000	0.000000000
2.712712713	0.000000000	0.000000000	0.000000000	0.000000000	0.000000000	0.000000000
2.719719720	0.000000000	0.000000000	0.000000000	0.000000000	0.000000000	0.000000000
2.726726727	0.000000000	0.000000000	0.000000000	0.000000000	0.000000000	0.000000000
2.733733734	0.000000000	0.000000000	0.000000000	0.000000000	0.000000000	0.000000000
2.740740741	0.000000000	0.000000000	0.000000000	0.000000000	0.000000000	0.000000000
2.747747748	0.000000000	0.000000000	0.000000000	0.000000000	0.000000000	0.000000000
2.754754755	0.000000000	0.000000000	0.000000000	0.000000000	0.000000000	0.000000000
2.761761762	0.000000000	0.000000000	0.000000000	0.000000000	0.000000000	0.000000000
2.768768769	0.000000000	0.000000000	0.000000000	0.000000000	0.000000000	0.000000000
2.775775776	0.000000000	0.000000000	0.000000000	0.000000000	0.000000000	0.000000000
2.782782783	0.000000000	0.000000000	0.000000000	0.000000000	0.000000000	0.000000000
2.789789790	0.000000000	0.000000000	0.000000000	0.000000000	0.000000000	0.000000000
2.796796797	0.000000000	0.000000000	0.000000000	0.000000000	0.000000000	0.000000000
2.803803804	0.000000000	0.000000000	0.000000000	0.000000000	0.000000000	0.000000000
2.810810811	0.000000000	0.000000000	0.000000000	0.000000000	0.000000000	0.000000000
2.817817818	0.000000000	0.000000000	0.000000000	0.000000000	0.000000000	0.000000000
2.824824825	0.000000000	0.000000000	0.000000000	0.000000000	0.000000000	0.000000000
2.831831832	0.000000000	0.000000000	0.000000000	0.000000000	0.000000000	0.000000000
2.838838839	0.000000000	0.000000000	0.000000000	0.000000000	0.000000000	0.000000000
2.845845846	0.000000000	0.000000000	0.000000000	0.000000000	0.000000000	0.000000000
2.852852853	0.000000000	0.000000000	0.000000000	0.000000000	0.000000000	0.000000000
2.859859860	0.000000000	0.000000000	0.000000000	0.000000000	0.000000000	0.000000000
2.866866867	0.000000000	0.000000000	0.000000000	0.000000000	0.000000000	0.000000000
2.873873874	0.000000000	0.000000000	0.000000000	0.000000000	0.000000000	0.000000000
2.880880881	0.000000000	0.000000000	0.000000000	0.000000000	0.000000000	0.000000000
2.887887888	0.000000000	0.000000000	0.000000000	0.000000000	0.000000000	0.000000000
2.894894895	0.000000000	0.000000000	0.000000000	0.000000000	0.000000000	0.000000000
2.901901902	0.000000000	0.000000000	0.000000000	0.000000000	0.000000000	0.000000000
2.908908909	0.000000000	0.000000000	0.000000000	0.000000000	0.000000000	0.000000000
2.915915916	0.000000000	0.000000000	0.000000000	0.000000000	0.000000000	0.000000000
2.922922923	0.000000000	0.000000000	0.000000000	0.000000000	0.000000000	0.000000000
2.929929930	0.000000000	0.000000000	0.000000000	0.000000000	0.000000000	0.000000000
2.936936937	0.000000000	0.000000000	0.000000000	0.000000000	0.000000000	0.000000000
2.943943944	0.000000000	0.000000000	0.000000000	0.000000000	0.000000000	0.000000000
2.950950951	0.000000000	0.000000000	0.000000000	0.000000000	0.000000000	0.000000000
2.957957958	0.000000000	0.000000000	0.000000000	0.000000000	0.000000000	0.000000000
2.964964965	0.000000000	0.000000000	0.000000000	0.000000000	0.000000000	0.000000000
2.971971972	0.000000000	0.000000000	0.000000000	0.000000000	0.000000000	0.000000000
2.978978979	0.000000000	0.000000000	0.000000000	0.000000000	0.000000000	0.000000000
2.985985986	0.000000000	0.000000000	0.000000000	0.000000000	0.000000000	0.000000000
2.992992993	0.000000000	0.000000000	0.000000000	0.000000000	0.000000000	0.000000000
3.000000000	0.000000000	0.000000000	0.000000000	0.000000000	0.000000000	0.000000000
