-4.000000000	0.005191652	0.006879163	0.009637867	0.032331021	0.016789821	0.022699552
-3.992992993	0.005268872	0.006986677	0.009808048	0.032867071	0.016988540	0.023000987
-3.985985986	0.005347275	0.007095883	0.009981199	0.033411180	0.017189710	0.023306462
-3.978978979	0.005426881	0.007206808	0.010157369	0.033963449	0.017393363	0.023616031
-3.971971972	0.005507708	0.007319480	0.010336610	0.034523981	0.017599529	0.023929747
-3.964964965	0.005589775	0.007433926	0.010518974	0.035092879	0.017808241	0.024247666
-3.957957958	0.005673103	0.007550173	0.010704515	0.035670248	0.018019530	0.024569843
-3.950950951	0.005757710	0.007668249	0.010893286	0.036256191	0.018233431	0.024896334
-3.943943944	0.005843616	0.007788184	0.011085341	0.036850816	0.018449975	0.025227197
-3.936936937	0.005930843	0.007910007	0.011280736	0.037454228	0.018669196	0.025562488
-3.929929930	0.006019411	0.008033747	0.011479528	0.038066535	0.018891128	0.025902267
-3.922922923	0.006109341	0.008159433	0.011681774	0.038687844	0.019115806	0.026246592
-3.915915916	0.006200654	0.008287098	0.011887531	0.039318265	0.019343265	0.026595523
-3.908908909	0.006293373	0.008416771	0.012096860	0.039957907	0.019573539	0.026949121
-3.901901902	0.006387519	0.008548483	0.012309820	0.040606881	0.019806664	0.027307447
-3.894894895	0.006483114	0.008682268	0.012526472	0.041265297	0.020042677	0.027670564
-3.887887888	0.006580182	0.008818157	0.012746878	0.041933267	0.020281614	0.028038533
-3.880880881	0.006678746	0.008956183	0.012971102	0.042610904	0.020523513	0.028411419
-3.873873874	0.006778829	0.009096379	0.013199206	0.043298321	0.020768410	0.028789285
-3.866866867	0.006880455	0.009238780	0.013431256	0.043995631	0.021016345	0.029172198
-3.859859860	0.006983648	0.009383419	0.013667319	0.044702948	0.021267355	0.029560223
-3.852852853	0.007088434	0.009530332	0.013907460	0.045420389	0.021521479	0.029953427
-3.845845846	0.007194837	0.009679554	0.014151748	0.046148069	0.021778757	0.030351877
-3.838838839	0.007302882	0.009831121	0.014400252	0.046886103	0.022039229	0.030755642
-3.831831832	0.007412596	0.009985069	0.014653042	0.047634610	0.022302935	0.031164790
-3.824824825	0.007524004	0.010141436	0.014910189	0.048393706	0.022569917	0.031579393
-3.817817818	0.007637134	0.010300259	0.015171767	0.049163509	0.022840215	0.031999520
-3.810810811	0.007752013	0.010461577	0.015437847	0.049944139	0.023113873	0.032425243
-3.803803804	0.007868667	0.010625428	0.015708505	0.050735714	0.023390932	0.032856635
-3.796796797	0.007987126	0.010791851	0.015983816	0.051538354	0.023671435	0.033293770
-3.789789790	0.008107417	0.010960887	0.016263857	0.052352179	0.023955427	0.033736721
-3.782782783	0.008229570	0.011132576	0.016548707	0.053177310	0.024242951	0.034185564
-3.775775776	0.008353613	0.011306959	0.016838444	0.054013868	0.024534053	0.034640375
-3.768768769	0.008479577	0.011484079	0.017133149	0.054861973	0.024828777	0.035101230
-3.761761762	0.008607492	0.011663976	0.017432904	0.055721749	0.025127169	0.035568207
-3.754754755	0.008737388	0.011846695	0.017737791	0.056593318	0.025429276	0.036041386
-3.747747748	0.008869297	0.012032279	0.018047894	0.057476801	0.025735144	0.036520845
-3.740740741	0.009003251	0.012220772	0.018363299	0.058372322	0.026044822	0.037006665
-3.733733734	0.009139281	0.012412219	0.018684093	0.059280004	0.026358358	0.037498928
-3.726726727	0.009277421	0.012606666	0.019010363	0.060199970	0.026675800	0.037997716
-3.719719720	0.009417703	0.012804160	0.019342199	0.061132344	0.026997198	0.038503113
-3.712712713	0.009560162	0.013004747	0.019679690	0.062077251	0.027322601	0.039015202
-3.705705706	0.009704832	0.013208474	0.020022930	0.063034813	0.027652061	0.039534068
-3.698698699	0.009851747	0.013415391	0.020372011	0.064005156	0.027985628	0.040059799
-3.691691692	0.010000943	0.013625547	0.020727027	0.064988403	0.028323355	0.040592481
-3.684684685	0.010152457	0.013838991	0.021088076	0.065984679	0.028665293	0.041132202
-3.677677678	0.010306324	0.014055773	0.021455254	0.066994108	0.029011497	0.041679051
-3.670670671	0.010462582	0.014275946	0.021828659	0.068016815	0.029362020	0.042233119
-3.663663664	0.010621268	0.014499560	0.022208393	0.069052924	0.029716916	0.042794496
-3.656656657	0.010782421	0.014726670	0.022594557	0.070102559	0.030076240	0.043363275
-3.649649650	0.010946079	0.014957329	0.022987253	0.071165845	0.030440049	0.043939548
-3.642642643	0.011112282	0.015191590	0.023386588	0.072242905	0.030808399	0.044523410
-3.635635636	0.011281071	0.015429509	0.023792665	0.073333864	0.031181347	0.045114956
-3.628628629	0.011452485	0.015671143	0.024205594	0.074438846	0.031558950	0.045714281
-3.621621622	0.011626567	0.015916547	0.024625484	0.075557972	0.031941268	0.046321484
-3.614614615	0.011803358	0.016165779	0.025052444	0.076691367	0.032328360	0.046936662
-3.607607608	0.011982900	0.016418899	0.025486587	0.077839154	0.032720286	0.047559914
-3.600600601	0.012165239	0.016675964	0.025928027	0.079001453	0.033117106	0.048191341
-3.593593594	0.012350416	0.016937036	0.026376880	0.080178389	0.033518882	0.048831044
-3.586586587	0.012538478	0.017202174	0.026833262	0.081370080	0.033925676	0.049479126
-3.579579580	0.012729469	0.017471442	0.027297291	0.082576649	0.034337551	0.050135689
-3.572572573	0.012923436	0.017744902	0.027769088	0.083798215	0.034754571	0.050800839
-3.565565566	0.013120425	0.018022617	0.028248775	0.085034899	0.035176801	0.051474681
-3.558558559	0.013320485	0.018304651	0.028736475	0.086286817	0.035604305	0.052157321
-3.551551552	0.013523663	0.018591071	0.029232313	0.087554090	0.036037149	0.052848867
-3.544544545	0.013730008	0.018881943	0.029736417	0.088836833	0.036475401	0.053549429
-3.537537538	0.013939571	0.019177334	0.030248914	0.090135164	0.036919127	0.054259115
-3.530530531	0.014152402	0.019477312	0.030769935	0.091449196	0.037368398	0.054978037
-3.523523524	0.014368552	0.019781946	0.031299612	0.092779046	0.037823280	0.055706307
-3.516516517	0.014588074	0.020091308	0.031838078	0.094124826	0.038283845	0.056444038
-3.509509510	0.014811020	0.020405467	0.032385469	0.095486648	0.038750164	0.057191345
-3.502502503	0.015037445	0.020724496	0.032941922	0.096864623	0.039222308	0.057948342
-3.495495495	0.015267403	0.021048469	0.033507577	0.098258861	0.039700349	0.058715146
-3.488488488	0.015500949	0.021377459	0.034082573	0.099669471	0.040184361	0.059491874
-3.481481481	0.015738141	0.021711542	0.034667054	0.101096559	0.040674419	0.060278646
-3.474474474	0.015979034	0.022050793	0.035261164	0.102540232	0.041170596	0.061075580
-3.467467467	0.016223688	0.022395291	0.035865049	0.104000593	0.041672970	0.061882798
-3.460460460	0.016472162	0.022745114	0.036478857	0.105477744	0.042181618	0.062700421
-3.453453453	0.016724515	0.023100341	0.037102738	0.106971787	0.042696615	0.063528573
-3.446446446	0.016980808	0.023461053	0.037736844	0.108482821	0.043218043	0.064367378
-3.439439439	0.017241102	0.023827331	0.038381328	0.110010942	0.043745979	0.065216960
-3.432432432	0.017505462	0.024199258	0.039036347	0.111556248	0.044280505	0.066077446
-3.425425425	0.017773950	0.024576918	0.039702057	0.113118830	0.044821701	0.066948964
-3.418418418	0.018046631	0.024960396	0.040378617	0.114698780	0.045369650	0.067831641
-3.411411411	0.018323571	0.025349779	0.041066189	0.116296189	0.045924436	0.068725608
-3.404404404	0.018604836	0.025745153	0.041764937	0.117911142	0.046486142	0.069630995
-3.397397397	0.018890494	0.026146607	0.042475024	0.119543724	0.047054853	0.070547934
-3.390390390	0.019180614	0.026554231	0.043196619	0.121194019	0.047630655	0.071476557
-3.383383383	0.019475265	0.026968116	0.043929889	0.122862107	0.048213636	0.072416998
-3.376376376	0.019774519	0.027388353	0.044675006	0.124548064	0.048803884	0.073369393
-3.369369369	0.020078447	0.027815036	0.045432143	0.126251965	0.049401486	0.074333876
-3.362362362	0.020387122	0.028248260	0.046201473	0.127973884	0.050006534	0.075310586
-3.355355355	0.020700618	0.028688121	0.046983175	0.129713889	0.050619118	0.076299659
-3.348348348	0.021019011	0.029134715	0.047777426	0.131472047	0.051239331	0.077301236
-3.341341341	0.021342377	0.029588140	0.048584407	0.133248421	0.051867264	0.078315455
-3.334334334	0.021670793	0.030048497	0.049404300	0.135043071	0.052503012	0.079342459
-3.327327327	0.022004338	0.030515886	0.050237290	0.136856057	0.053146670	0.080382389
-3.320320320	0.022343092	0.030990409	0.051083564	0.138687430	0.053798334	0.081435388
-3.313313313	0.022687136	0.031472170	0.051943310	0.140537242	0.054458101	0.082501601
-3.306306306	0.023036551	0.031961274	0.052816717	0.142405541	0.055126068	0.083581171
-3.299299299	0.023391423	0.032457826	0.053703979	0.144292369	0.055802336	0.084674245
-3.292292292	0.023751834	0.032961935	0.054605290	0.146197768	0.056487004	0.085780971
-3.285285285	0.024117872	0.033473708	0.055520845	0.148121773	0.057180173	0.086901494
-3.278278278	0.024489624	0.033993257	0.056450843	0.150064417	0.057881945	0.088035965
-3.271271271	0.024867177	0.034520693	0.057395484	0.152025729	0.058592425	0.089184533
-3.264264264	0.025250623	0.035056128	0.058354969	0.154005732	0.059311715	0.090347348
-3.257257257	0.025640051	0.035599678	0.059329503	0.156004448	0.060039923	0.091524560
-3.250250250	0.026035555	0.036151457	0.060319291	0.158021893	0.060777153	0.092716323
-3.243243243	0.026437229	0.036711584	0.061324541	0.160058078	0.061523515	0.093922789
-3.236236236	0.026845168	0.037280177	0.062345461	0.162113010	0.062279116	0.095144112
-3.229229229	0.027259468	0.037857355	0.063382264	0.164186693	0.063044066	0.096380445
-3.222222222	0.027680228	0.038443241	0.064435163	0.166279124	0.063818477	0.097631945
-3.215215215	0.028107547	0.039037957	0.065504372	0.168390297	0.064602460	0.098898766
-3.208208208	0.028541527	0.039641628	0.066590108	0.170520200	0.065396129	0.100181065
-3.201201201	0.028982268	0.040254379	0.067692589	0.172668816	0.066199598	0.101478999
-3.194194194	0.029429877	0.040876339	0.068812036	0.174836124	0.067012982	0.102792726
-3.187187187	0.029884457	0.041507636	0.069948671	0.177022097	0.067836397	0.104122404
-3.180180180	0.030346116	0.042148401	0.071102717	0.179226703	0.068669962	0.105468192
-3.173173173	0.030814963	0.042798764	0.072274399	0.181449903	0.069513794	0.106830248
-3.166166166	0.031291107	0.043458861	0.073463945	0.183691655	0.070368015	0.108208734
-3.159159159	0.031774660	0.044128825	0.074671583	0.185951910	0.071232744	0.109603808
-3.152152152	0.032265735	0.044808794	0.075897543	0.188230613	0.072108104	0.111015633
-3.145145145	0.032764447	0.045498905	0.077142057	0.190527704	0.072994219	0.112444367
-3.138138138	0.033270913	0.046199299	0.078405357	0.192843116	0.073891212	0.113890174
-3.131131131	0.033785251	0.046910115	0.079687678	0.195176777	0.074799209	0.115353214
-3.124124124	0.034307580	0.047631497	0.080989257	0.197528608	0.075718336	0.116833649
-3.117117117	0.034838022	0.048363589	0.082310331	0.199898523	0.076648723	0.118331641
-3.110110110	0.035376700	0.049106537	0.083651137	0.202286432	0.077590496	0.119847352
-3.103103103	0.035923739	0.049860488	0.085011917	0.204692236	0.078543787	0.121380945
-3.096096096	0.036479266	0.050625592	0.086392911	0.207115831	0.079508727	0.122932582
-3.089089089	0.037043408	0.051401998	0.087794361	0.209557105	0.080485447	0.124502424
-3.082082082	0.037616297	0.052189860	0.089216511	0.212015940	0.081474081	0.126090634
-3.075075075	0.038198064	0.052989330	0.090659606	0.214492211	0.082474764	0.127697375
-3.068068068	0.038788843	0.053800564	0.092123890	0.216985786	0.083487632	0.129322807
-3.061061061	0.039388769	0.054623719	0.093609611	0.219496525	0.084512820	0.130967092
-3.054054054	0.039997980	0.055458953	0.095117014	0.222024282	0.085550468	0.132630392
-3.047047047	0.040616616	0.056306427	0.096646349	0.224568902	0.086600713	0.134312868
-3.040040040	0.041244817	0.057166302	0.098197863	0.227130224	0.087663696	0.136014679
-3.033033033	0.041882726	0.058038741	0.099771807	0.229708080	0.088739558	0.137735986
-3.026026026	0.042530490	0.058923909	0.101368429	0.232302292	0.089828441	0.139476948
-3.019019019	0.043188254	0.059821973	0.102987980	0.234912676	0.090930489	0.141237723
-3.012012012	0.043856167	0.060733101	0.104630711	0.237539040	0.092045845	0.143018470
-3.005005005	0.044534381	0.061657461	0.106296872	0.240181183	0.093174655	0.144819346
-2.997997998	0.045223049	0.062595225	0.107986715	0.242838897	0.094317065	0.146640507
-2.990990991	0.045922325	0.063546567	0.109700491	0.245511967	0.095473224	0.148482108
-2.983983984	0.046632366	0.064511659	0.111438450	0.248200166	0.096643279	0.150344303
-2.976976977	0.047353331	0.065490678	0.113200845	0.250903263	0.097827379	0.152227245
-2.969969970	0.048085382	0.066483801	0.114987925	0.253621016	0.099025675	0.154131086
-2.962962963	0.048828682	0.067491206	0.116799941	0.256353176	0.100238319	0.156055976
-2.955955956	0.049583395	0.068513075	0.118637144	0.259099484	0.101465463	0.158002064
-2.948948949	0.050349689	0.069549589	0.120499782	0.261859674	0.102707260	0.159969499
-2.941941942	0.051127733	0.070600931	0.122388105	0.264633470	0.103963865	0.161958424
-2.934934935	0.051917699	0.071667286	0.124302359	0.267420588	0.105235432	0.163968985
-2.927927928	0.052719762	0.072748841	0.126242793	0.270220734	0.106522117	0.166001323
-2.920920921	0.053534095	0.073845782	0.128209652	0.273033608	0.107824078	0.168055580
-2.913913914	0.054360879	0.074958299	0.130203180	0.275858898	0.109141472	0.170131892
-2.906906907	0.055200292	0.076086583	0.132223620	0.278696285	0.110474457	0.172230396
-2.899899900	0.056052518	0.077230825	0.134271216	0.281545440	0.111823193	0.174351226
-2.892892893	0.056917741	0.078391219	0.136346205	0.284406025	0.113187840	0.176494512
-2.885885886	0.057796148	0.079567959	0.138448826	0.287277693	0.114568559	0.178660384
-2.878878879	0.058687928	0.080761241	0.140579316	0.290160087	0.115965512	0.180848967
-2.871871872	0.059593273	0.081971262	0.142737909	0.293052844	0.117378860	0.183060385
-2.864864865	0.060512376	0.083198222	0.144924834	0.295955588	0.118808766	0.185294757
-2.857857858	0.061445433	0.084442318	0.147140323	0.298867936	0.120255394	0.187552202
-2.850850851	0.062392642	0.085703753	0.149384600	0.301789494	0.121718908	0.189832832
-2.843843844	0.063354204	0.086982729	0.151657890	0.304719861	0.123199473	0.192136758
-2.836836837	0.064330321	0.088279447	0.153960412	0.307658625	0.124697253	0.194464087
-2.829829830	0.065321199	0.089594114	0.156292383	0.310605365	0.126212415	0.196814922
-2.822822823	0.066327044	0.090926934	0.158654016	0.313559650	0.127745124	0.199189364
-2.815815816	0.067348067	0.092278113	0.161045522	0.316521042	0.129295548	0.201587507
-2.808808809	0.068384480	0.093647859	0.163467105	0.319489093	0.130863852	0.204009442
-2.801801802	0.069436496	0.095036381	0.165918967	0.322463342	0.132450203	0.206455257
-2.794794795	0.070504332	0.096443886	0.168401306	0.325443325	0.134054770	0.208925034
-2.787787788	0.071588208	0.097870586	0.170914313	0.328428564	0.135677720	0.211418851
-2.780780781	0.072688344	0.099316691	0.173458177	0.331418573	0.137319220	0.213936781
-2.773773774	0.073804964	0.100782413	0.176033079	0.334412859	0.138979439	0.216478892
-2.766766767	0.074938293	0.102267963	0.178639197	0.337410916	0.140658544	0.219045247
-2.759759760	0.076088560	0.103773556	0.181276702	0.340412232	0.142356703	0.221635903
-2.752752753	0.077255995	0.105299404	0.183945760	0.343416286	0.144074085	0.224250912
-2.745745746	0.078440831	0.106845721	0.186646530	0.346422545	0.145810856	0.226890320
-2.738738739	0.079643303	0.108412721	0.189379165	0.349430471	0.147567185	0.229554167
-2.731731732	0.080863648	0.110000620	0.192143812	0.352439515	0.149343239	0.232242488
-2.724724725	0.082102105	0.111609633	0.194940609	0.355449120	0.151139184	0.234955308
-2.717717718	0.083358916	0.113239975	0.197769689	0.358458720	0.152955188	0.237692651
-2.710710711	0.084634325	0.114891861	0.200631176	0.361467741	0.154791416	0.240454528
-2.703703704	0.085928579	0.116565508	0.203525186	0.364475599	0.156648035	0.243240949
-2.696696697	0.087241925	0.118261131	0.206451828	0.367481704	0.158525209	0.246051913
-2.689689690	0.088574614	0.119978945	0.209411203	0.370485457	0.160423103	0.248887411
-2.682682683	0.089926899	0.121719166	0.212403399	0.373486250	0.162341879	0.251747430
-2.675675676	0.091299035	0.123482010	0.215428501	0.376483467	0.164281702	0.254631945
-2.668668669	0.092691278	0.125267691	0.218486580	0.379476487	0.166242733	0.257540925
-2.661661662	0.094103888	0.127076424	0.221577698	0.382464678	0.168225132	0.260474332
-2.654654655	0.095537125	0.128908422	0.224701909	0.385447403	0.170229060	0.263432115
-2.647647648	0.096991252	0.130763900	0.227859254	0.388424015	0.172254674	0.266414219
-2.640640641	0.098466535	0.132643069	0.231049764	0.391393863	0.174302132	0.269420577
-2.633633634	0.099963240	0.134546143	0.234273458	0.394356286	0.176371590	0.272451112
-2.626626627	0.101481637	0.136473331	0.237530347	0.397310619	0.178463201	0.275505741
-2.619619620	0.103021995	0.138424843	0.240820425	0.400256189	0.180577119	0.278584367
-2.612612613	0.104584587	0.140400889	0.244143676	0.403192316	0.182713494	0.281686886
-2.605605606	0.106169688	0.142401676	0.247500073	0.406118315	0.184872475	0.284813181
-2.598598599	0.107777574	0.144427409	0.250889573	0.409033495	0.187054209	0.287963126
-2.591591592	0.109408521	0.146478294	0.254312121	0.411937158	0.189258841	0.291136584
-2.584584585	0.111062810	0.148554533	0.257767648	0.414828603	0.191486514	0.294333406
-2.577577578	0.112740721	0.150656327	0.261256072	0.417707121	0.193737368	0.297553432
-2.570570571	0.114442536	0.152783876	0.264777293	0.420571999	0.196011541	0.300796490
-2.563563564	0.116168538	0.154937376	0.268331199	0.423422521	0.198309168	0.304062397
-2.556556557	0.117919014	0.157117022	0.271917662	0.426257963	0.200630381	0.307350956
-2.549549550	0.119694248	0.159323007	0.275536537	0.429077601	0.202975312	0.310661959
-2.542542543	0.121494528	0.161555520	0.279187664	0.431880703	0.205344085	0.313995183
-2.535535536	0.123320143	0.163814749	0.282870866	0.434666537	0.207736824	0.317350394
-2.528528529	0.125171383	0.166100878	0.286585947	0.437434365	0.210153650	0.320727344
-2.521521522	0.127048537	0.168414089	0.290332698	0.440183446	0.212594678	0.324125771
-2.514514515	0.128951897	0.170754559	0.294110887	0.442913039	0.215060023	0.327545399
-2.507507508	0.130881755	0.173122463	0.297920267	0.445622398	0.217549792	0.330985937
-2.500500501	0.132838403	0.175517973	0.301760571	0.448310776	0.220064091	0.334447080
-2.493493493	0.134822135	0.177941256	0.305631512	0.450977423	0.222603020	0.337928509
-2.486486486	0.136833245	0.180392475	0.309532786	0.453621589	0.225166677	0.341429888
-2.479479479	0.138872025	0.182871790	0.313464066	0.456242523	0.227755153	0.344950868
-2.472472472	0.140938771	0.185379356	0.317425007	0.458839473	0.230368535	0.348491081
-2.465465465	0.143033775	0.187915324	0.321415240	0.461411685	0.233006906	0.352050145
-2.458458458	0.145157334	0.190479838	0.325434379	0.463958407	0.235670343	0.355627662
-2.451451451	0.147309739	0.193073041	0.329482012	0.466478887	0.238358918	0.359223217
-2.444444444	0.149491285	0.195695068	0.333557708	0.468972374	0.241072696	0.362836376
-2.437437437	0.151702265	0.198346049	0.337661012	0.471438116	0.243811740	0.366466691
-2.430430430	0.153942970	0.201026109	0.341791447	0.473875365	0.246576103	0.370113696
-2.423423423	0.156213693	0.203735367	0.345948511	0.476283374	0.249365834	0.373776904
-2.416416416	0.158514724	0.206473935	0.350131681	0.478661397	0.252180975	0.377455815
-2.409409409	0.160846353	0.209241920	0.354340406	0.481008694	0.255021561	0.381149906
-2.402402402	0.163208866	0.212039422	0.358574114	0.483324524	0.257887622	0.384858638
-2.395395395	0.165602552	0.214866533	0.362832207	0.485608153	0.260779178	0.388581454
-2.388388388	0.168027695	0.217723340	0.367114061	0.487858848	0.263696245	0.392317776
-2.381381381	0.170484578	0.220609921	0.371419028	0.490075882	0.266638828	0.396067007
-2.374374374	0.172973481	0.223526348	0.375746432	0.492258532	0.269606926	0.399828531
-2.367367367	0.175494684	0.226472683	0.380095572	0.494406081	0.272600531	0.403601712
-2.360360360	0.178048463	0.229448981	0.384465721	0.496517817	0.275619624	0.407385894
-2.353353353	0.180635091	0.232455289	0.388856123	0.498593034	0.278664180	0.411180401
-2.346346346	0.183254838	0.235491645	0.393265997	0.500631031	0.281734163	0.414984536
-2.339339339	0.185907972	0.238558077	0.397694533	0.502631116	0.284829528	0.418797583
-2.332332332	0.188594756	0.241654604	0.402140893	0.504592603	0.287950222	0.422618802
-2.325325325	0.191315451	0.244781238	0.406604213	0.506514815	0.291096182	0.426447434
-2.318318318	0.194070312	0.247937977	0.411083598	0.508397081	0.294267334	0.430282699
-2.311311311	0.196859592	0.251124811	0.415578126	0.510238739	0.297463594	0.434123796
-2.304304304	0.199683538	0.254341721	0.420086846	0.512039138	0.300684868	0.437969899
-2.297297297	0.202542392	0.257588673	0.424608778	0.513797634	0.303931050	0.441820166
-2.290290290	0.205436393	0.260865625	0.429142913	0.515513593	0.307202024	0.445673728
-2.283283283	0.208365771	0.264172523	0.433688212	0.517186393	0.310497661	0.449529697
-2.276276276	0.211330755	0.267509302	0.438243607	0.518815421	0.313817822	0.453387161
-2.269269269	0.214331563	0.270875882	0.442808001	0.520400075	0.317162354	0.457245188
-2.262262262	0.217368411	0.274272173	0.447380267	0.521939765	0.320531092	0.461102823
-2.255255255	0.220441505	0.277698071	0.451959248	0.523433912	0.323923860	0.464959087
-2.248248248	0.223551047	0.281153461	0.456543757	0.524881951	0.327340466	0.468812981
-2.241241241	0.226697228	0.284638211	0.461132579	0.526283327	0.330780705	0.472663484
-2.234234234	0.229880235	0.288152178	0.465724466	0.527637501	0.334244361	0.476509549
-2.227227227	0.233100245	0.291695203	0.470318144	0.528943946	0.337731201	0.480350112
-2.220220220	0.236357426	0.295267114	0.474912308	0.530202147	0.341240978	0.484184081
-2.213213213	0.239651939	0.298867724	0.479505622	0.531411606	0.344773430	0.488010348
-2.206206206	0.242983933	0.302496828	0.484096723	0.532571839	0.348328280	0.491827776
-2.199199199	0.246353550	0.306154210	0.488684217	0.533682375	0.351905237	0.495635212
-2.192192192	0.249760920	0.309839633	0.493266682	0.534742761	0.355503991	0.499431478
-2.185185185	0.253206165	0.313552848	0.497842667	0.535752557	0.359124217	0.503215375
-2.178178178	0.256689392	0.317293587	0.502410693	0.536711341	0.362765576	0.506985681
-2.171171171	0.260210700	0.321061566	0.506969251	0.537618705	0.366427707	0.510741154
-2.164164164	0.263770175	0.324856481	0.511516806	0.538474261	0.370110236	0.514480532
-2.157157157	0.267367890	0.328678014	0.516051796	0.539277635	0.373812769	0.518202529
-2.150150150	0.271003907	0.332525827	0.520572631	0.540028470	0.377534893	0.521905840
-2.143143143	0.274678272	0.336399563	0.525077693	0.540726430	0.381276180	0.525589140
-2.136136136	0.278391020	0.340298846	0.529565341	0.541371192	0.385036179	0.529251083
-2.129129129	0.282142169	0.344223283	0.534033906	0.541962455	0.388814423	0.532890304
-2.122122122	0.285931725	0.348172459	0.538481696	0.542499935	0.392610425	0.536505418
-2.115115115	0.289759676	0.352145940	0.542906993	0.542983365	0.396423675	0.540095022
-2.108108108	0.293625996	0.356143272	0.547308056	0.543412498	0.400253647	0.543657693
-2.101101101	0.297530642	0.360163979	0.551683122	0.543787108	0.404099791	0.547191992
-2.094094094	0.301473554	0.364207567	0.556030405	0.544106984	0.407961539	0.550696462
-2.087087087	0.305454653	0.368273517	0.560348098	0.544371939	0.411838298	0.554169627
-2.080080080	0.309473845	0.372361290	0.564634374	0.544581802	0.415729456	0.557609997
-2.073073073	0.313531014	0.376470326	0.568887384	0.544736423	0.419634379	0.561016067
-2.066066066	0.317626028	0.380600041	0.573105265	0.544835673	0.423552409	0.564386313
-2.059059059	0.321758733	0.384749830	0.577286131	0.544879442	0.427482866	0.567719202
-2.052052052	0.325928955	0.388919064	0.581428085	0.544867640	0.431425047	0.571013182
-2.045045045	0.330136498	0.393107090	0.585529209	0.544800197	0.435378226	0.574266692
-2.038038038	0.334381147	0.397313234	0.589587576	0.544677065	0.439341652	0.577478158
-2.031031031	0.338662662	0.401536796	0.593601242	0.544498216	0.443314552	0.580645993
-2.024024024	0.342980781	0.405777052	0.597568252	0.544263641	0.447296127	0.583768601
-2.017017017	0.347335219	0.410033255	0.601486642	0.543973354	0.451285554	0.586844377
-2.010010010	0.351725667	0.414304632	0.605354437	0.543627387	0.455281986	0.589871707
-2.003003003	0.356151789	0.418590387	0.609169655	0.543225795	0.459284548	0.592848968
-1.995995996	0.360613227	0.422889696	0.612930306	0.542768652	0.463292344	0.595774532
-1.988988989	0.365109593	0.427201712	0.616634398	0.542256055	0.467304447	0.598646765
-1.981981982	0.369640476	0.431525562	0.620279932	0.541688118	0.471319910	0.601464030
-1.974974975	0.374205435	0.435860348	0.623864911	0.541064980	0.475337755	0.604224684
-1.967967968	0.378804002	0.440205145	0.627387333	0.540386796	0.479356980	0.606927083
-1.960960961	0.383435680	0.444559001	0.630845200	0.539653745	0.483376556	0.609569584
-1.953953954	0.388099942	0.448920941	0.634236518	0.538866025	0.487395428	0.612150541
-1.946946947	0.392796232	0.453289961	0.637559296	0.538023854	0.491412514	0.614668312
-1.939939940	0.397523963	0.457665033	0.640811549	0.537127472	0.495426703	0.617121257
-1.932932933	0.402282517	0.462045099	0.643991302	0.536177136	0.499436861	0.619507740
-1.925925926	0.407071242	0.466429078	0.647096588	0.535173125	0.503441823	0.621826131
-1.918918919	0.411889457	0.470815861	0.650125454	0.534115737	0.507440398	0.624074808
-1.911911912	0.416736444	0.475204312	0.653075959	0.533005291	0.511431369	0.626252156
-1.904904905	0.421611452	0.479593269	0.655946180	0.531842122	0.515413491	0.628356569
-1.897897898	0.426513698	0.483981544	0.658734208	0.530626589	0.519385490	0.630386456
-1.890890891	0.431442361	0.488367922	0.661438158	0.529359065	0.523346067	0.632340235
-1.883883884	0.436396584	0.492751160	0.664056164	0.528039945	0.527293896	0.634216342
-1.876876877	0.441375477	0.497129992	0.666586384	0.526669641	0.531227621	0.636013226
-1.869869870	0.446378109	0.501503123	0.669027002	0.525248584	0.535145861	0.637729357
-1.862862863	0.451403513	0.505869233	0.671376229	0.523777221	0.539047209	0.639363222
-1.855855856	0.456450685	0.510226977	0.673632308	0.522256018	0.542930230	0.640913329
-1.848848849	0.461518581	0.514574983	0.675793511	0.520685459	0.546793463	0.642378210
-1.841841842	0.466606118	0.518911854	0.677858147	0.519066045	0.550635419	0.643756421
-1.834834835	0.471712173	0.523236168	0.679824557	0.517398290	0.554454586	0.645046543
-1.827827828	0.476835585	0.527546479	0.681691123	0.515682730	0.558249424	0.646247188
-1.820820821	0.481975149	0.531841316	0.683456268	0.513919911	0.562018370	0.647356993
-1.813813814	0.487129620	0.536119183	0.685118453	0.512110400	0.565759832	0.648374631
-1.806806807	0.492297714	0.540378562	0.686676189	0.510254775	0.569472198	0.649298804
-1.799799800	0.497478100	0.544617911	0.688128027	0.508353631	0.573153830	0.650128252
-1.792792793	0.502669411	0.548835665	0.689472572	0.506407577	0.576803065	0.650861750
-1.785785786	0.507870231	0.553030238	0.690708475	0.504417235	0.580418221	0.651498112
-1.778778779	0.513079107	0.557200020	0.691834442	0.502383242	0.583997589	0.652036191
-1.771771772	0.518294537	0.561343383	0.692849231	0.500306247	0.587539441	0.652474884
-1.764764765	0.523514980	0.565458677	0.693751658	0.498186913	0.591042028	0.652813129
-1.757757758	0.528738849	0.569544232	0.694540596	0.496025913	0.594503580	0.653049912
-1.750750751	0.533964515	0.573598359	0.695214977	0.493823935	0.597922308	0.653184264
-1.743743744	0.539190303	0.577619352	0.695773796	0.491581675	0.601296402	0.653215266
-1.736736737	0.544414496	0.581605486	0.696216110	0.489299842	0.604624039	0.653142049
-1.729729730	0.549635330	0.585555021	0.696541042	0.486979155	0.607903374	0.652963797
-1.722722723	0.554851001	0.589466199	0.696747779	0.484620342	0.611132549	0.652679745
-1.715715716	0.560059658	0.593337249	0.696835580	0.482224143	0.614309690	0.652289186
-1.708708709	0.565259406	0.597166385	0.696803770	0.479791304	0.617432912	0.651791469
-1.701701702	0.570448310	0.600951810	0.696651746	0.477322581	0.620500312	0.651186002
-1.694694695	0.575624387	0.604691712	0.696378978	0.474818737	0.623509981	0.650472252
-1.687687688	0.580785613	0.608384271	0.695985009	0.472280545	0.626459997	0.649649746
-1.680680681	0.585929921	0.612027655	0.695469456	0.469708783	0.629348430	0.648718077
-1.673673674	0.591055203	0.615620026	0.694832013	0.467104235	0.632173341	0.647676898
-1.666666667	0.596159305	0.619159536	0.694072449	0.464467693	0.634932787	0.646525932
-1.659659660	0.601240037	0.622644333	0.693190614	0.461799953	0.637624820	0.645264963
-1.652652653	0.606295163	0.626072559	0.692186432	0.459101816	0.640247488	0.643893848
-1.645645646	0.611322410	0.629442353	0.691059909	0.456374089	0.642798837	0.642412508
-1.638638639	0.616319465	0.632751851	0.689811131	0.453617582	0.645276915	0.640820936
-1.631631632	0.621283975	0.635999189	0.688440264	0.450833109	0.647679771	0.639119196
-1.624624625	0.626213552	0.639182504	0.686947553	0.448021486	0.650005456	0.637307422
-1.617617618	0.631105769	0.642299933	0.685333326	0.445183534	0.652252029	0.635385822
-1.610610611	0.635958163	0.645349619	0.683597993	0.442320073	0.654417554	0.633354675
-1.603603604	0.640768238	0.648329710	0.681742043	0.439431927	0.656500106	0.631214334
-1.596596597	0.645533464	0.651238358	0.679766048	0.436519921	0.658497768	0.628965229
-1.589589590	0.650251278	0.654073726	0.677670660	0.433584879	0.660408639	0.626607860
-1.582582583	0.654919087	0.656833985	0.675456614	0.430627628	0.662230832	0.624142804
-1.575575576	0.659534269	0.659517320	0.673124724	0.427648991	0.663962476	0.621570714
-1.568568569	0.664094173	0.662121925	0.670675884	0.424649794	0.665601722	0.618892317
-1.561561562	0.668596123	0.664646014	0.668111069	0.421630859	0.667146738	0.616108415
-1.554554555	0.673037418	0.667087812	0.665431331	0.418593009	0.668595720	0.613219886
-1.547547548	0.677415334	0.669445568	0.662637801	0.415537063	0.669946887	0.610227684
-1.540540541	0.681727127	0.671717546	0.659731687	0.412463839	0.671198487	0.607132834
-1.533533534	0.685970033	0.673902035	0.656714273	0.409374150	0.672348798	0.603936440
-1.526526527	0.690141272	0.675997347	0.653586918	0.406268808	0.673396133	0.600639678
-1.519519520	0.694238049	0.678001818	0.650351055	0.403148620	0.674338837	0.597243795
-1.512512513	0.698257557	0.679913812	0.647008188	0.400014391	0.675175293	0.593750115
-1.505505506	0.702196978	0.681731723	0.643559891	0.396866918	0.675903925	0.590160030
-1.498498498	0.706053487	0.683453975	0.640007811	0.393706995	0.676523199	0.586475005
-1.491491491	0.709824253	0.685079024	0.636353658	0.390535413	0.677031626	0.582696573
-1.484484484	0.713506444	0.686605360	0.632599209	0.387352953	0.677427762	0.578826339
-1.477477477	0.717097225	0.688031512	0.628746307	0.384160393	0.677710216	0.574865972
-1.470470470	0.720593765	0.689356044	0.624796853	0.380958505	0.677877647	0.570817207
-1.463463463	0.723993241	0.690577561	0.620752809	0.377748053	0.677928767	0.566681847
-1.456456456	0.727292833	0.691694709	0.616616197	0.374529795	0.677862349	0.562461754
-1.449449449	0.730489738	0.692706179	0.612389090	0.371304481	0.677677220	0.558158854
-1.442442442	0.733581163	0.693610706	0.608073617	0.368072854	0.677372274	0.553775131
-1.435435435	0.736564335	0.694407071	0.603671956	0.364835650	0.676946464	0.549312628
-1.428428428	0.739436499	0.695094103	0.599186333	0.361593595	0.676398814	0.544773441
-1.421421421	0.742194926	0.695670684	0.594619020	0.358347409	0.675728412	0.540159722
-1.414414414	0.744836913	0.696135745	0.589972332	0.355097802	0.674934422	0.535473675
-1.407407407	0.747359788	0.696488271	0.585248622	0.351845476	0.674016076	0.530717550
-1.400400400	0.749760911	0.696727302	0.580450285	0.348591122	0.672972685	0.525893646
-1.393393393	0.752037680	0.696851935	0.575579746	0.345335425	0.671803636	0.521004305
-1.386386386	0.754187535	0.696861324	0.570639464	0.342079058	0.670508394	0.516051914
-1.379379379	0.756207957	0.696754681	0.565631929	0.338822685	0.669086509	0.511038895
-1.372372372	0.758096477	0.696531282	0.560559654	0.335566961	0.667537610	0.505967709
-1.365365365	0.759850675	0.696190460	0.555425177	0.332312529	0.665861413	0.500840850
-1.358358358	0.761468187	0.695731616	0.550231057	0.329060025	0.664057723	0.495660845
-1.351351351	0.762946706	0.695154212	0.544979871	0.325810072	0.662126429	0.490430246
-1.344344344	0.764283988	0.694457776	0.539674209	0.322563284	0.660067513	0.485151633
-1.337337337	0.765477852	0.693641903	0.534316674	0.319320263	0.657881048	0.479827609
-1.330330330	0.766526187	0.692706255	0.528909879	0.316081602	0.655567199	0.474460794
-1.323323323	0.767426953	0.691650563	0.523456442	0.312847882	0.653126224	0.469053826
-1.316316316	0.768178187	0.690474624	0.517958984	0.309619674	0.650558479	0.463609358
-1.309309309	0.768778004	0.689178309	0.512420128	0.306397538	0.647864412	0.458130052
-1.302302302	0.769224602	0.687761557	0.506842494	0.303182022	0.645044572	0.452618577
-1.295295295	0.769516263	0.686224378	0.501228696	0.299973663	0.642099601	0.447077609
-1.288288288	0.769651360	0.684566854	0.495581343	0.296772988	0.639030242	0.441509822
-1.281281281	0.769628357	0.682789139	0.489903031	0.293580513	0.635837336	0.435917891
-1.274274274	0.769445813	0.680891460	0.484196343	0.290396740	0.632521822	0.430304486
-1.267267267	0.769102387	0.678874113	0.478463849	0.287222164	0.629084738	0.424672270
-1.260260260	0.768596837	0.676737471	0.472708098	0.284057265	0.625527220	0.419023893
-1.253253253	0.767928025	0.674481977	0.466931622	0.280902514	0.621850502	0.413361995
-1.246246246	0.767094923	0.672108147	0.461136926	0.277758370	0.618055919	0.407689196
-1.239239239	0.766096608	0.669616570	0.455326493	0.274625280	0.614144900	0.402008098
-1.232232232	0.764932273	0.667007905	0.449502778	0.271503681	0.610118973	0.396321284
-1.225225225	0.763601220	0.664282886	0.443668205	0.268393999	0.605979761	0.390631306
-1.218218218	0.762102874	0.661442316	0.437825170	0.265296647	0.601728980	0.384940695
-1.211211211	0.760436772	0.658487069	0.431976032	0.262212029	0.597368444	0.379251945
-1.204204204	0.758602575	0.655418091	0.426123117	0.259140538	0.592900054	0.373567523
-1.197197197	0.756600065	0.652236395	0.420268712	0.256082553	0.588325805	0.367889858
-1.190190190	0.754429147	0.648943064	0.414415066	0.253038446	0.583647779	0.362221340
-1.183183183	0.752089853	0.645539249	0.408564390	0.250008576	0.578868146	0.356564321
-1.176176176	0.749582338	0.642026167	0.402718850	0.246993292	0.573989161	0.350921110
-1.169169169	0.746906886	0.638405101	0.396880569	0.243992931	0.569013159	0.345293971
-1.162162162	0.744063908	0.634677398	0.391051627	0.241007821	0.563942556	0.339685122
-1.155155155	0.741053944	0.630844470	0.385234059	0.238038279	0.558779848	0.334096732
-1.148148148	0.737877662	0.626907790	0.379429850	0.235084612	0.553527601	0.328530919
-1.141141141	0.734535860	0.622868889	0.373640940	0.232147115	0.548188457	0.322989749
-1.134134134	0.731029464	0.618729361	0.367869220	0.229226077	0.542765123	0.317475235
-1.127127127	0.727359528	0.614490856	0.362116530	0.226321772	0.537260374	0.311989335
-1.120120120	0.723527237	0.610155079	0.356384662	0.223434466	0.531677045	0.306533947
-1.113113113	0.719533899	0.605723789	0.350675356	0.220564418	0.526018030	0.301110914
-1.106106106	0.715380953	0.601198800	0.344990301	0.217711873	0.520286279	0.295722018
-1.099099099	0.711069959	0.596581973	0.339331135	0.214877069	0.514484792	0.290368982
-1.092092092	0.706602605	0.591875221	0.333699442	0.212060235	0.508616615	0.285053465
-1.085085085	0.701980699	0.587080501	0.328096759	0.209261589	0.502684840	0.279777067
-1.078078078	0.697206170	0.582199817	0.322524565	0.206481341	0.496692595	0.274541322
-1.071071071	0.692281067	0.577235215	0.316984290	0.203719693	0.490643046	0.269347701
-1.064064064	0.687207552	0.572188781	0.311477313	0.200976835	0.484539387	0.264197614
-1.057057057	0.681987904	0.567062641	0.306004959	0.198252954	0.478384841	0.259092401
-1.050050050	0.676624513	0.561858957	0.300568502	0.195548222	0.472182651	0.254033342
-1.043043043	0.671119877	0.556579925	0.295169166	0.192862808	0.465936079	0.249021650
-1.036036036	0.665476599	0.551227775	0.289808121	0.190196869	0.459648399	0.244058473
-1.029029029	0.659697385	0.545804765	0.284486492	0.187550558	0.453322895	0.239144895
-1.022022022	0.653785040	0.540313183	0.279205349	0.184924016	0.446962854	0.234281935
-1.015015015	0.647742464	0.534755341	0.273965716	0.182317380	0.440571563	0.229470546
-1.008008008	0.641572650	0.529133576	0.268768568	0.179730777	0.434152306	0.224711619
-1.001001001	0.635278677	0.523450247	0.263614832	0.177164327	0.427708356	0.220005982
-0.993993994	0.628863711	0.517707730	0.258505389	0.174618144	0.421242973	0.215354398
-0.986986987	0.622330996	0.511908422	0.253441073	0.172092334	0.414759398	0.210757569
-0.979979980	0.615683852	0.506054732	0.248422674	0.169586997	0.408260851	0.206216136
-0.972972973	0.608925673	0.500149083	0.243450937	0.167102225	0.401750525	0.201730679
-0.965965966	0.602059917	0.494193911	0.238526567	0.164638105	0.395231583	0.197301719
-0.958958959	0.595090109	0.488191658	0.233650224	0.162194717	0.388707151	0.192929717
-0.951951952	0.588019830	0.482144776	0.228822529	0.159772133	0.382180318	0.188615078
-0.944944945	0.580852716	0.476055720	0.224044062	0.157370423	0.375654129	0.184358151
-0.937937938	0.573592453	0.469926950	0.219315367	0.154989647	0.369131584	0.180159231
-0.930930931	0.566242774	0.463760927	0.214636948	0.152629861	0.362615633	0.176018556
-0.923923924	0.558807450	0.457560113	0.210009275	0.150291116	0.356109170	0.171936315
-0.916916917	0.551290292	0.451326965	0.205432783	0.147973457	0.349615034	0.167912647
-0.909909910	0.543695141	0.445063941	0.200907874	0.145676923	0.343136004	0.163947639
-0.902902903	0.536025866	0.438773490	0.196434917	0.143401549	0.336674796	0.160041332
-0.895895896	0.528286362	0.432458058	0.192014249	0.141147364	0.330234060	0.156193722
-0.888888889	0.520480543	0.426120080	0.187646180	0.138914392	0.323816377	0.152404760
-0.881881882	0.512612337	0.419761984	0.183330990	0.136702654	0.317424259	0.148674354
-0.874874875	0.504685688	0.413386188	0.179068932	0.134512165	0.311060143	0.145002372
-0.867867868	0.496704544	0.406995096	0.174860234	0.132342935	0.304726392	0.141388642
-0.860860861	0.488672861	0.400591102	0.170705099	0.130194970	0.298425294	0.137832956
-0.853853854	0.480594597	0.394176584	0.166603705	0.128068274	0.292159058	0.134335070
-0.846846847	0.472473705	0.387753908	0.162556211	0.125962845	0.285929811	0.130894707
-0.839839840	0.464314137	0.381325421	0.158562751	0.123878675	0.279739605	0.127511557
-0.832832833	0.456119837	0.374893458	0.154623444	0.121815756	0.273590406	0.124185283
-0.825825826	0.447894740	0.368460334	0.150738386	0.119774075	0.267484101	0.120915516
-0.818818819	0.439642766	0.362028348	0.146907658	0.117753614	0.261422495	0.117701865
-0.811811812	0.431367825	0.355599780	0.143131322	0.115754353	0.255407311	0.114543913
-0.804804805	0.423073811	0.349176894	0.139409428	0.113776267	0.249440190	0.111441220
-0.797797798	0.414764599	0.342761931	0.135742007	0.111819331	0.243522693	0.108393326
-0.790790791	0.406444048	0.336357117	0.132129081	0.109883513	0.237656301	0.105399755
-0.783783784	0.398115996	0.329964656	0.128570655	0.107968780	0.231842414	0.102460011
-0.776776777	0.389784264	0.323586734	0.125066724	0.106075096	0.226082358	0.099573585
-0.769769770	0.381452652	0.317225517	0.121617273	0.104202420	0.220377379	0.096739953
-0.762762763	0.373124939	0.310883150	0.118222274	0.102350712	0.214728651	0.093958583
-0.755755756	0.364804886	0.304561761	0.114881690	0.100519926	0.209137276	0.091228931
-0.748748749	0.356496233	0.298263456	0.111595475	0.098710014	0.203604287	0.088550447
-0.741741742	0.348202703	0.291990322	0.108363575	0.096920927	0.198130649	0.085922572
-0.734734735	0.339928001	0.285744428	0.105185927	0.095152612	0.192717264	0.083344747
-0.727727728	0.331675816	0.279527821	0.102062460	0.093405013	0.187364972	0.080816407
-0.720720721	0.323449823	0.273342532	0.098993096	0.091678074	0.182074559	0.078336986
-0.713713714	0.315253682	0.267190571	0.095977749	0.089971734	0.176846755	0.075905921
-0.706706707	0.307091043	0.261073930	0.093016327	0.088285931	0.171682241	0.073522648
-0.699699700	0.298965548	0.254994581	0.090108730	0.086620601	0.166581653	0.071186608
-0.692692693	0.290880830	0.248954481	0.087254854	0.084975679	0.161545587	0.068897245
-0.685685686	0.282840518	0.242955565	0.084454584	0.083351095	0.156574601	0.066654011
-0.678678679	0.274848238	0.236999751	0.081707803	0.081746779	0.151669224	0.064456364
-0.671671672	0.266907618	0.231088941	0.079014382	0.080162659	0.146829956	0.062303771
-0.664664665	0.259022284	0.225225017	0.076374190	0.078598660	0.142057278	0.060195708
-0.657657658	0.251195870	0.219409843	0.073787085	0.077054707	0.137351653	0.058131662
-0.650650651	0.243432014	0.213645265	0.071252919	0.075530720	0.132713534	0.056111131
-0.643643644	0.235734365	0.207933113	0.068771536	0.074026621	0.128143369	0.054133626
-0.636636637	0.228106580	0.202275195	0.066342772	0.072542327	0.123641606	0.052198669
-0.629629630	0.220552328	0.196673302	0.063966454	0.071077755	0.119208698	0.050305799
-0.622622623	0.213075290	0.191129208	0.061642398	0.069632819	0.114845110	0.048454567
-0.615615616	0.205679161	0.185644663	0.059370413	0.068207434	0.110551325	0.046644539
-0.608608609	0.198367650	0.180221400	0.057150295	0.066801509	0.106327845	0.044875297
-0.601601602	0.191144477	0.174861130	0.054981831	0.065414956	0.102175201	0.043146437
-0.594594595	0.184013377	0.169565541	0.052864796	0.064047681	0.098093955	0.041457573
-0.587587588	0.176978093	0.164336300	0.050798950	0.062699592	0.094084708	0.039808331
-0.580580581	0.170042377	0.159175048	0.048784044	0.061370593	0.090148099	0.038198355
-0.573573574	0.163209985	0.154083401	0.046819811	0.060060588	0.086284814	0.036627303
-0.566566567	0.156484674	0.149062949	0.044905972	0.058769478	0.082495586	0.035094848
-0.559559560	0.149870196	0.144115251	0.043042232	0.057497163	0.078781201	0.033600678
-0.552552553	0.143370292	0.139241838	0.041228279	0.056243542	0.075142496	0.032144492
-0.545545546	0.136988684	0.134444207	0.039463786	0.055008512	0.071580364	0.030726006
-0.538538539	0.130729070	0.129723821	0.037748407	0.053791969	0.068095755	0.029344943
-0.531531532	0.124595108	0.125082107	0.036081776	0.052593805	0.064689670	0.028001041
-0.524524525	0.118590411	0.120520451	0.034463511	0.051413914	0.061363166	0.026694044
-0.517517518	0.112718532	0.116040197	0.032893209	0.050252187	0.058117351	0.025423709
-0.510510511	0.106982950	0.111642645	0.031370447	0.049108512	0.054953379	0.024189794
-0.503503504	0.101387058	0.107329048	0.029894779	0.047982777	0.051872447	0.022992067
-0.496496496	0.095934144	0.103100606	0.028465739	0.046874870	0.048875784	0.021830298
-0.489489489	0.090627378	0.098958467	0.027082841	0.045784674	0.045964651	0.020704257
-0.482482482	0.085469789	0.094903720	0.025745573	0.044712073	0.043140322	0.019613718
-0.475475475	0.080464249	0.090937394	0.024453402	0.043656949	0.040404078	0.018558447
-0.468468468	0.075613451	0.087060454	0.023205773	0.042619181	0.037757194	0.017538212
-0.461461461	0.070919889	0.083273796	0.022002105	0.041598649	0.035200921	0.016552770
-0.454454454	0.066385839	0.079578244	0.020841796	0.040595230	0.032736474	0.015601871
-0.447447447	0.062013329	0.075974550	0.019724221	0.039608800	0.030365009	0.014685254
-0.440440440	0.057804127	0.072463382	0.018648728	0.038639232	0.028087606	0.013802645
-0.433433433	0.053759709	0.069045329	0.017614647	0.037686400	0.025905249	0.012953754
-0.426426426	0.049881245	0.065720891	0.016621281	0.036750175	0.023818802	0.012138274
-0.419419419	0.046169572	0.062490481	0.015667913	0.035830427	0.021828983	0.011355878
-0.412412412	0.042625175	0.059354414	0.014753802	0.034927024	0.019936345	0.010606216
-0.405405405	0.039248169	0.056312914	0.013878188	0.034039833	0.018141249	0.009888915
-0.398398398	0.036038279	0.053366099	0.013040287	0.033168719	0.016443837	0.009203575
-0.391391391	0.032994825	0.050513987	0.012239299	0.032313547	0.014844010	0.008549768
-0.384384384	0.030116710	0.047756490	0.011474402	0.031474179	0.013341404	0.007927037
-0.377377377	0.027402405	0.045093410	0.010744757	0.030650475	0.011935367	0.007334895
-0.370370370	0.024849944	0.042524440	0.010049507	0.029842297	0.010624940	0.006772820
-0.363363363	0.022456920	0.040049158	0.009387780	0.029049502	0.009408838	0.006240260
-0.356356356	0.020220483	0.037667030	0.008758690	0.028271947	0.008285434	0.005736626
-0.349349349	0.018137340	0.035377404	0.008161337	0.027509488	0.007252752	0.005261297
-0.342342342	0.016203770	0.033179514	0.007594809	0.026761978	0.006308459	0.004813616
-0.335335335	0.014415628	0.031072474	0.007058185	0.026029272	0.005449865	0.004392892
-0.328328328	0.012768367	0.029055285	0.006550535	0.025311220	0.004673926	0.003998401
-0.321321321	0.011257056	0.027126830	0.006070921	0.024607672	0.003977258	0.003629384
-0.314314314	0.009876409	0.025285875	0.005618401	0.023918479	0.003356151	0.003285053
-0.307307307	0.008620813	0.023531076	0.005192028	0.023243487	0.002806598	0.002964587
-0.300300300	0.007484364	0.021860976	0.004790856	0.022582544	0.002324326	0.002667139
-0.293293293	0.006460906	0.020274009	0.004413936	0.021935494	0.001904831	0.002391834
-0.286286286	0.005544077	0.018768505	0.004060323	0.021302183	0.001543428	0.002137777
-0.279279279	0.004727350	0.017342691	0.003729074	0.020682453	0.001235299	0.001904048
-0.272272272	0.004004087	0.015994698	0.003419253	0.020076147	0.000975553	0.001689714
-0.265265265	0.003367591	0.014722565	0.003129932	0.019483106	0.000759279	0.001493825
-0.258258258	0.002811153	0.013524243	0.002860190	0.018903169	0.000581619	0.001315425
-0.251251251	0.002328113	0.012397603	0.002609117	0.018336176	0.000437822	0.001153549
-0.244244244	0.001911906	0.011340443	0.002375819	0.017781966	0.000323313	0.001007232
-0.237237237	0.001556118	0.010350490	0.002159411	0.017240376	0.000233751	0.000875509
-0.230230230	0.001254536	0.009425416	0.001959028	0.016711242	0.000165079	0.000757426
-0.223223223	0.001001189	0.008562837	0.001773821	0.016194400	0.000113577	0.000652036
-0.216216216	0.000790397	0.007760326	0.001602960	0.015689685	0.000075894	0.000558411
-0.209209209	0.000616801	0.007015420	0.001445633	0.015196932	0.000049077	0.000475641
-0.202202202	0.000475401	0.006325630	0.001301053	0.014715975	0.000030580	0.000402839
-0.195195195	0.000361573	0.005688448	0.001168453	0.014246646	0.000018267	0.000339147
-0.188188188	0.000271095	0.005101354	0.001047089	0.013788779	0.000010397	0.000283738
-0.181181181	0.000200151	0.004561831	0.000936244	0.013342205	0.000005596	0.000235819
-0.174174174	0.000145335	0.004067368	0.000835224	0.012906757	0.000002822	0.000194636
-0.167167167	0.000103650	0.003615473	0.000743362	0.012482266	0.000001318	0.000159474
-0.160160160	0.000072492	0.003203679	0.000660017	0.012068563	0.000000562	0.000129659
-0.153153153	0.000049635	0.002829552	0.000584576	0.011665479	0.000000214	0.000104563
-0.146146146	0.000033206	0.002490702	0.000516451	0.011272845	0.000000071	0.000083601
-0.139139139	0.000021660	0.002184790	0.000455085	0.010890491	0.000000020	0.000066235
-0.132132132	0.000013740	0.001909532	0.000399945	0.010518249	0.000000005	0.000051973
-0.125125125	0.000008453	0.001662712	0.000350527	0.010155948	0.000000001	0.000040366
-0.118118118	0.000005027	0.001442183	0.000306355	0.009803420	0.000000000	0.000031012
-0.111111111	0.000002879	0.001245874	0.000266980	0.009460496	0.000000000	0.000023552
-0.104104104	0.000001581	0.001071797	0.000231978	0.009127006	0.000000000	0.000017667
-0.097097097	0.000000828	0.000918051	0.000200953	0.008802782	0.000000000	0.000013079
-0.090090090	0.000000411	0.000782824	0.000173534	0.008487655	0.000000000	0.000009548
-0.083083083	0.000000192	0.000664398	0.000149376	0.008181459	0.000000000	0.000006866
-0.076076076	0.000000084	0.000561148	0.000128156	0.007884025	0.000000000	0.000004858
-0.069069069	0.000000034	0.000471550	0.000109578	0.007595186	0.000000000	0.000003378
-0.062062062	0.000000012	0.000394175	0.000093366	0.007314777	0.000000000	0.000002306
-0.055055055	0.000000004	0.000327692	0.000079267	0.007042631	0.000000000	0.000001542
-0.048048048	0.000000001	0.000270868	0.000067048	0.006778584	0.000000000	0.000001009
-0.041041041	0.000000000	0.000222566	0.000056496	0.006522472	0.000000000	0.000000645
-0.034034034	0.000000000	0.000181743	0.000047418	0.006274131	0.000000000	0.000000402
-0.027027027	0.000000000	0.000147446	0.000039638	0.006033400	0.000000000	0.000000243
-0.020020020	0.000000000	0.000118811	0.000032996	0.005800116	0.000000000	0.000000143
-0.013013013	0.000000000	0.000095060	0.000027349	0.005574120	0.000000000	0.000000081
-0.006006006	0.000000000	0.000075494	0.000022568	0.005355253	0.000000000	0.000000044
0.001001001	0.000000000	0.000059490	0.000018538	0.005143356	0.000000000	0.000000023
0.008008008	0.000000000	0.000046497	0.000015155	0.004938273	0.000000000	0.000000012
0.015015015	0.000000000	0.000036033	0.000012329	0.004739849	0.000000000	0.000000006
0.022022022	0.000000000	0.000027673	0.000009980	0.004547928	0.000000000	0.000000002
0.029029029	0.000000000	0.000021053	0.000008036	0.004362359	0.000000000	0.000000001
0.036036036	0.000000000	0.000015858	0.000006436	0.004182990	0.000000000	0.000000000
0.043043043	0.000000000	0.000011821	0.000005126	0.004009672	0.000000000	0.000000000
0.050050050	0.000000000	0.000008715	0.000004059	0.003842256	0.000000000	0.000000000
0.057057057	0.000000000	0.000006350	0.000003195	0.003680595	0.000000000	0.000000000
0.064064064	0.000000000	0.000004571	0.000002499	0.003524545	0.000000000	0.000000000
0.071071071	0.000000000	0.000003247	0.000001942	0.003373962	0.000000000	0.000000000
0.078078078	0.000000000	0.000002275	0.000001500	0.003228705	0.000000000	0.000000000
0.085085085	0.000000000	0.000001571	0.000001150	0.003088634	0.000000000	0.000000000
0.092092092	0.000000000	0.000001068	0.000000875	0.002953611	0.000000000	0.000000000
0.099099099	0.000000000	0.000000714	0.000000661	0.002823499	0.000000000	0.000000000
0.106106106	0.000000000	0.000000469	0.000000496	0.002698165	0.000000000	0.000000000
0.113113113	0.000000000	0.000000303	0.000000369	0.002577477	0.000000000	0.000000000
0.120120120	0.000000000	0.000000191	0.000000272	0.002461303	0.000000000	0.000000000
0.127127127	0.000000000	0.000000118	0.000000199	0.002349516	0.000000000	0.000000000
0.134134134	0.000000000	0.000000071	0.000000144	0.002241990	0.000000000	0.000000000
0.141141141	0.000000000	0.000000042	0.000000103	0.002138599	0.000000000	0.000000000
0.148148148	0.000000000	0.000000024	0.000000073	0.002039223	0.000000000	0.000000000
0.155155155	0.000000000	0.000000013	0.000000052	0.001943740	0.000000000	0.000000000
0.162162162	0.000000000	0.000000007	0.000000036	0.001852033	0.000000000	0.000000000
0.169169169	0.000000000	0.000000004	0.000000025	0.001763985	0.000000000	0.000000000
0.176176176	0.000000000	0.000000002	0.000000017	0.001679484	0.000000000	0.000000000
0.183183183	0.000000000	0.000000001	0.000000011	0.001598416	0.000000000	0.000000000
0.190190190	0.000000000	0.000000000	0.000000007	0.001520674	0.000000000	0.000000000
0.197197197	0.000000000	0.000000000	0.000000005	0.001446150	0.000000000	0.000000000
0.204204204	0.000000000	0.000000000	0.000000003	0.001374738	0.000000000	0.000000000
0.211211211	0.000000000	0.000000000	0.000000002	0.001306337	0.000000000	0.000000000
0.218218218	0.000000000	0.000000000	0.000000001	0.001240844	0.000000000	0.000000000
0.225225225	0.000000000	0.000000000	0.000000001	0.001178162	0.000000000	0.000000000
0.232232232	0.000000000	0.000000000	0.000000000	0.001118194	0.000000000	0.000000000
0.239239239	0.000000000	0.000000000	0.000000000	0.001060846	0.000000000	0.000000000
0.246246246	0.000000000	0.000000000	0.000000000	0.001006027	0.000000000	0.000000000
0.253253253	0.000000000	0.000000000	0.000000000	0.000953645	0.000000000	0.000000000
0.260260260	0.000000000	0.000000000	0.000000000	0.000903615	0.000000000	0.000000000
0.267267267	0.000000000	0.000000000	0.000000000	0.000855851	0.000000000	0.000000000
0.274274274	0.000000000	0.000000000	0.000000000	0.000810268	0.000000000	0.000000000
0.281281281	0.000000000	0.000000000	0.000000000	0.000766787	0.000000000	0.000000000
0.288288288	0.000000000	0.000000000	0.000000000	0.000725327	0.000000000	0.000000000
0.295295295	0.000000000	0.000000000	0.000000000	0.000685813	0.000000000	0.000000000
0.302302302	0.000000000	0.000000000	0.000000000	0.000648169	0.000000000	0.000000000
0.309309309	0.000000000	0.000000000	0.000000000	0.000612322	0.000000000	0.000000000
0.316316316	0.000000000	0.000000000	0.000000000	0.000578202	0.000000000	0.000000000
0.323323323	0.000000000	0.000000000	0.000000000	0.000545740	0.000000000	0.000000000
0.330330330	0.000000000	0.000000000	0.000000000	0.000514869	0.000000000	0.000000000
0.337337337	0.000000000	0.000000000	0.000000000	0.000485525	0.000000000	0.000000000
0.344344344	0.000000000	0.000000000	0.000000000	0.000457645	0.000000000	0.000000000
0.351351351	0.000000000	0.000000000	0.000000000	0.000431168	0.000000000	0.000000000
0.358358358	0.000000000	0.000000000	0.000000000	0.000406034	0.000000000	0.000000000
0.365365365	0.000000000	0.000000000	0.000000000	0.000382187	0.000000000	0.000000000
0.372372372	0.000000000	0.000000000	0.000000000	0.000359572	0.000000000	0.000000000
0.379379379	0.000000000	0.000000000	0.000000000	0.000338135	0.000000000	0.000000000
0.386386386	0.000000000	0.000000000	0.000000000	0.000317825	0.000000000	0.000000000
0.393393393	0.000000000	0.000000000	0.000000000	0.000298591	0.000000000	0.000000000
0.400400400	0.000000000	0.000000000	0.000000000	0.000280385	0.000000000	0.000000000
0.407407407	0.000000000	0.000000000	0.000000000	0.000263160	0.000000000	0.000000000
0.414414414	0.000000000	0.000000000	0.000000000	0.000246872	0.000000000	0.000000000
0.421421421	0.000000000	0.000000000	0.000000000	0.000231478	0.000000000	0.000000000
0.428428428	0.000000000	0.000000000	0.000000000	0.000216935	0.000000000	0.000000000
0.435435435	0.000000000	0.000000000	0.000000000	0.000203204	0.000000000	0.000000000
0.442442442	0.000000000	0.000000000	0.000000000	0.000190245	0.000000000	0.000000000
0.449449449	0.000000000	0.000000000	0.000000000	0.000178021	0.000000000	0.000000000
0.456456456	0.000000000	0.000000000	0.000000000	0.000166498	0.000000000	0.000000000
0.463463463	0.000000000	0.000000000	0.000000000	0.000155639	0.000000000	0.000000000
0.470470470	0.000000000	0.000000000	0.000000000	0.000145412	0.000000000	0.000000000
0.477477477	0.000000000	0.000000000	0.000000000	0.000135786	0.000000000	0.000000000
0.484484484	0.000000000	0.000000000	0.000000000	0.000126729	0.000000000	0.000000000
0.491491491	0.000000000	0.000000000	0.000000000	0.000118214	0.000000000	0.000000000
0.498498498	0.000000000	0.000000000	0.000000000	0.000110211	0.000000000	0.000000000
0.505505506	0.000000000	0.000000000	0.000000000	0.000102694	0.000000000	0.000000000
0.512512513	0.000000000	0.000000000	0.000000000	0.000095637	0.000000000	0.000000000
0.519519520	0.000000000	0.000000000	0.000000000	0.000089015	0.000000000	0.000000000
0.526526527	0.000000000	0.000000000	0.000000000	0.000082806	0.000000000	0.000000000
0.533533534	0.000000000	0.000000000	0.000000000	0.000076987	0.000000000	0.000000000
0.540540541	0.000000000	0.000000000	0.000000000	0.000071537	0.000000000	0.000000000
0.547547548	0.000000000	0.000000000	0.000000000	0.000066434	0.000000000	0.000000000
0.554554555	0.000000000	0.000000000	0.000000000	0.000061660	0.000000000	0.000000000
0.561561562	0.000000000	0.000000000	0.000000000	0.000057195	0.000000000	0.000000000
0.568568569	0.000000000	0.000000000	0.000000000	0.000053023	0.000000000	0.000000000
0.575575576	0.000000000	0.000000000	0.000000000	0.000049127	0.000000000	0.000000000
0.582582583	0.000000000	0.000000000	0.000000000	0.000045489	0.000000000	0.000000000
0.589589590	0.000000000	0.000000000	0.000000000	0.000042096	0.000000000	0.000000000
0.596596597	0.000000000	0.000000000	0.000000000	0.000038932	0.000000000	0.000000000
0.603603604	0.000000000	0.000000000	0.000000000	0.000035984	0.000000000	0.000000000
0.610610611	0.000000000	0.000000000	0.000000000	0.000033239	0.000000000	0.000000000
0.617617618	0.000000000	0.000000000	0.000000000	0.000030685	0.000000000	0.000000000
0.624624625	0.000000000	0.000000000	0.000000000	0.000028309	0.000000000	0.000000000
0.631631632	0.000000000	0.000000000	0.000000000	0.000026100	0.000000000	0.000000000
0.638638639	0.000000000	0.000000000	0.000000000	0.000024049	0.000000000	0.000000000
0.645645646	0.000000000	0.000000000	0.000000000	0.000022144	0.000000000	0.000000000
0.652652653	0.000000000	0.000000000	0.000000000	0.000020378	0.000000000	0.000000000
0.659659660	0.000000000	0.000000000	0.000000000	0.000018740	0.000000000	0.000000000
0.666666667	0.000000000	0.000000000	0.000000000	0.000017222	0.000000000	0.000000000
0.673673674	0.000000000	0.000000000	0.000000000	0.000015817	0.000000000	0.000000000
0.680680681	0.000000000	0.000000000	0.000000000	0.000014517	0.000000000	0.000000000
0.687687688	0.000000000	0.000000000	0.000000000	0.000013315	0.000000000	0.000000000
0.694694695	0.000000000	0.000000000	0.000000000	0.000012204	0.000000000	0.000000000
0.701701702	0.000000000	0.000000000	0.000000000	0.000011178	0.000000000	0.000000000
0.708708709	0.000000000	0.000000000	0.000000000	0.000010231	0.000000000	0.000000000
0.715715716	0.000000000	0.000000000	0.000000000	0.000009358	0.000000000	0.000000000
0.722722723	0.000000000	0.000000000	0.000000000	0.000008553	0.000000000	0.000000000
0.729729730	0.000000000	0.000000000	0.000000000	0.000007812	0.000000000	0.000000000
0.736736737	0.000000000	0.000000000	0.000000000	0.000007131	0.000000000	0.000000000
0.743743744	0.000000000	0.000000000	0.000000000	0.000006504	0.000000000	0.000000000
0.750750751	0.000000000	0.000000000	0.000000000	0.000005927	0.000000000	0.000000000
0.757757758	0.000000000	0.000000000	0.000000000	0.000005398	0.000000000	0.000000000
0.764764765	0.000000000	0.000000000	0.000000000	0.000004913	0.000000000	0.000000000
0.771771772	0.000000000	0.000000000	0.000000000	0.000004468	0.000000000	0.000000000
0.778778779	0.000000000	0.000000000	0.000000000	0.000004060	0.000000000	0.000000000
0.785785786	0.000000000	0.000000000	0.000000000	0.000003686	0.000000000	0.000000000
0.792792793	0.000000000	0.000000000	0.000000000	0.000003345	0.000000000	0.000000000
0.799799800	0.000000000	0.000000000	0.000000000	0.000003032	0.000000000	0.000000000
0.806806807	0.000000000	0.000000000	0.000000000	0.000002747	0.000000000	0.000000000
0.813813814	0.000000000	0.000000000	0.000000000	0.000002487	0.000000000	0.000000000
0.820820821	0.000000000	0.000000000	0.000000000	0.000002249	0.000000000	0.000000000
0.827827828	0.000000000	0.000000000	0.000000000	0.000002033	0.000000000	0.000000000
0.834834835	0.000000000	0.000000000	0.000000000	0.000001836	0.000000000	0.000000000
0.841841842	0.000000000	0.000000000	0.000000000	0.000001656	0.000000000	0.000000000
0.848848849	0.000000000	0.000000000	0.000000000	0.000001493	0.000000000	0.000000000
0.855855856	0.000000000	0.000000000	0.000000000	0.000001345	0.000000000	0.000000000
0.862862863	0.000000000	0.000000000	0.000000000	0.000001211	0.000000000	0.000000000
0.869869870	0.000000000	0.000000000	0.000000000	0.000001089	0.000000000	0.000000000
0.876876877	0.000000000	0.000000000	0.000000000	0.000000978	0.000000000	0.000000000
0.883883884	0.000000000	0.000000000	0.000000000	0.000000878	0.000000000	0.000000000
0.890890891	0.000000000	0.000000000	0.000000000	0.000000788	0.000000000	0.000000000
0.897897898	0.000000000	0.000000000	0.000000000	0.000000706	0.000000000	0.000000000
0.904904905	0.000000000	0.000000000	0.000000000	0.000000632	0.000000000	0.000000000
0.911911912	0.000000000	0.000000000	0.000000000	0.000000566	0.000000000	0.000000000
0.918918919	0.000000000	0.000000000	0.000000000	0.000000505	0.000000000	0.000000000
0.925925926	0.000000000	0.000000000	0.000000000	0.000000451	0.000000000	0.000000000
0.932932933	0.000000000	0.000000000	0.000000000	0.000000403	0.000000000	0.000000000
0.939939940	0.000000000	0.000000000	0.000000000	0.000000359	0.000000000	0.000000000
0.946946947	0.000000000	0.000000000	0.000000000	0.000000320	0.000000000	0.000000000
0.953953954	0.000000000	0.000000000	0.000000000	0.000000284	0.000000000	0.000000000
0.960960961	0.000000000	0.000000000	0.000000000	0.000000253	0.000000000	0.000000000
0.967967968	0.000000000	0.000000000	0.000000000	0.000000224	0.000000000	0.000000000
0.974974975	0.000000000	0.000000000	0.000000000	0.000000199	0.000000000	0.000000000
0.981981982	0.000000000	0.000000000	0.000000000	0.000000176	0.000000000	0.000000000
0.988988989	0.000000000	0.000000000	0.000000000	0.000000156	0.000000000	0.000000000
0.995995996	0.000000000	0.000000000	0.000000000	0.000000138	0.000000000	0.000000000
1.003003003	0.000000000	0.000000000	0.000000000	0.000000122	0.000000000	0.000000000
1.010010010	0.000000000	0.000000000	0.000000000	0.000000108	0.000000000	0.000000000
1.017017017	0.000000000	0.000000000	0.000000000	0.000000095	0.000000000	0.000000000
1.024024024	0.000000000	0.000000000	0.000000000	0.000000084	0.000000000	0.000000000
1.031031031	0.000000000	0.000000000	0.000000000	0.000000074	0.000000000	0.000000000
1.038038038	0.000000000	0.000000000	0.000000000	0.000000065	0.000000000	0.000000000
1.045045045	0.000000000	0.000000000	0.000000000	0.000000057	0.000000000	0.000000000
1.052052052	0.000000000	0.000000000	0.000000000	0.000000050	0.000000000	0.000000000
1.059059059	0.000000000	0.000000000	0.000000000	0.000000044	0.000000000	0.000000000
1.066066066	0.000000000	0.000000000	0.000000000	0.000000038	0.000000000	0.000000000
1.073073073	0.000000000	0.000000000	0.000000000	0.000000033	0.000000000	0.000000000
1.080080080	0.000000000	0.000000000	0.000000000	0.000000029	0.000000000	0.000000000
1.087087087	0.000000000	0.000000000	0.000000000	0.000000025	0.000000000	0.000000000
1.094094094	0.000000000	0.000000000	0.000000000	0.000000022	0.000000000	0.000000000
1.101101101	0.000000000	0.000000000	0.000000000	0.000000019	0.000000000	0.000000000
1.108108108	0.000000000	0.000000000	0.000000000	0.000000017	0.000000000	0.000000000
1.115115115	0.000000000	0.000000000	0.000000000	0.000000015	0.000000000	0.000000000
1.122122122	0.000000000	0.000000000	0.000000000	0.000000013	0.000000000	0.000000000
1.129129129	0.000000000	0.000000000	0.000000000	0.000000011	0.000000000	0.000000000
1.136136136	0.000000000	0.000000000	0.000000000	0.000000009	0.000000000	0.000000000
1.143143143	0.000000000	0.000000000	0.000000000	0.000000008	0.000000000	0.000000000
1.150150150	0.000000000	0.000000000	0.000000000	0.000000007	0.000000000	0.000000000
1.157157157	0.000000000	0.000000000	0.000000000	0.000000006	0.000000000	0.000000000
1.164164164	0.000000000	0.000000000	0.000000000	0.000000005	0.000000000	0.000000000
1.171171171	0.000000000	0.000000000	0.000000000	0.000000004	0.000000000	0.000000000
1.178178178	0.000000000	0.000000000	0.000000000	0.000000004	0.000000000	0.000000000
1.185185185	0.000000000	0.000000000	0.000000000	0.000000003	0.000000000	0.000000000
1.192192192	0.000000000	0.000000000	0.000000000	0.000000003	0.000000000	0.000000000
1.199199199	0.000000000	0.000000000	0.000000000	0.000000002	0.000000000	0.000000000
1.206206206	0.000000000	0.000000000	0.000000000	0.000000002	0.000000000	0.000000000
1.213213213	0.000000000	0.000000000	0.000000000	0.000000002	0.000000000	0.000000000
1.220220220	0.000000000	0.000000000	0.000000000	0.000000002	0.000000000	0.000000000
1.227227227	0.000000000	0.000000000	0.000000000	0.000000001	0.000000000	0.000000000
1.234234234	0.000000000	0.000000000	0.000000000	0.000000001	0.000000000	0.000000000
1.241241241	0.000000000	0.000000000	0.000000000	0.000000001	0.000000000	0.000000000
1.248248248	0.000000000	0.000000000	0.000000000	0.000000001	0.000000000	0.000000000
1.255255255	0.000000000	0.000000000	0.000000000	0.000000001	0.000000000	0.000000000
1.262262262	0.000000000	0.000000000	0.000000000	0.000000001	0.000000000	0.000000000
1.269269269	0.000000000	0.000000000	0.000000000	0.000000000	0.000000000	0.000000000
1.276276276	0.000000000	0.000000000	0.000000000	0.000000000	0.000000000	0.000000000
1.283283283	0.000000000	0.000000000	0.000000000	0.000000000	0.000000000	0.000000000
1.290290290	0.000000000	0.000000000	0.000000000	0.000000000	0.000000000	0.000000000
1.297297297	0.000000000	0.000000000	0.000000000	0.000000000	0.000000000	0.000000000
1.304304304	0.000000000	0.000000000	0.000000000	0.000000000	0.000000000	0.000000000
1.311311311	0.000000000	0.000000000	0.000000000	0.000000000	0.000000000	0.000000000
1.318318318	0.000000000	0.000000000	0.000000000	0.000000000	0.000000000	0.000000000
1.325325325	0.000000000	0.000000000	0.000000000	0.000000000	0.000000000	0.000000000
1.332332332	0.000000000	0.000000000	0.000000000	0.000000000	0.000000000	0.000000000
1.339339339	0.000000000	0.000000000	0.000000000	0.000000000	0.000000000	0.000000000
1.346346346	0.000000000	0.000000000	0.000000000	0.000000000	0.000000000	0.000000000
1.353353353	0.000000000	0.000000000	0.000000000	0.000000000	0.000000000	0.000000000
1.360360360	0.000000000	0.000000000	0.000000000	0.000000000	0.000000000	0.000000000
1.367367367	0.000000000	0.000000000	0.000000000	0.000000000	0.000000000	0.000000000
1.374374374	0.000000000	0.000000000	0.000000000	0.000000000	0.000000000	0.000000000
1.381381381	0.000000000	0.000000000	0.000000000	0.000000000	0.000000000	0.000000000
1.388388388	0.000000000	0.000000000	0.000000000	0.000000000	0.000000000	0.000000000
1.395395395	0.000000000	0.000000000	0.000000000	0.000000000	0.000000000	0.000000000
1.402402402	0.000000000	0.000000000	0.000000000	0.000000000	0.000000000	0.000000000
1.409409409	0.000000000	0.000000000	0.000000000	0.000000000	0.000000000	0.000000000
1.416416416	0.000000000	0.000000000	0.000000000	0.000000000	0.000000000	0.000000000
1.423423423	0.000000000	0.000000000	0.000000000	0.000000000	0.000000000	0.000000000
1.430430430	0.000000000	0.000000000	0.000000000	0.000000000	0.000000000	0.000000000
1.437437437	0.000000000	0.000000000	0.000000000	0.000000000	0.000000000	0.000000000
1.444444444	0.000000000	0.000000000	0.000000000	0.000000000	0.000000000	0.000000000
1.451451451	0.000000000	0.000000000	0.000000000	0.000000000	0.000000000	0.000000000
1.458458458	0.000000000	0.000000000	0.000000000	0.000000000	0.000000000	0.000000000
1.465465465	0.000000000	0.000000000	0.000000000	0.000000000	0.000000000	0.000000000
1.472472472	0.000000000	0.000000000	0.000000000	0.000000000	0.000000000	0.000000000
1.479479479	0.000000000	0.000000000	0.000000000	0.000000000	0.000000000	0.000000000
1.486486486	0.000000000	0.000000000	0.000000000	0.000000000	0.000000000	0.000000000
1.493493493	0.000000000	0.000000000	0.000000000	0.000000000	0.000000000	0.000000000
1.500500501	0.000000000	0.000000000	0.000000000	0.000000000	0.000000000	0.000000000
1.507507508	0.000000000	0.000000000	0.000000000	0.000000000	0.000000000	0.000000000
1.514514515	0.000000000	0.000000000	0.000000000	0.000000000	0.000000000	0.000000000
1.521521522	0.000000000	0.000000000	0.000000000	0.000000000	0.000000000	0.000000000
1.528528529	0.000000000	0.000000000	0.000000000	0.000000000	0.000000000	0.000000000
1.535535536	0.000000000	0.000000000	0.000000000	0.000000000	0.000000000	0.000000000
1.542542543	0.000000000	0.000000000	0.000000000	0.000000000	0.000000000	0.000000000
1.549549550	0.000000000	0.000000000	0.000000000	0.000000000	0.000000000	0.000000000
1.556556557	0.000000000	0.000000000	0.000000000	0.000000000	0.000000000	0.000000000
1.563563564	0.000000000	0.000000000	0.000000000	0.000000000	0.000000000	0.000000000
1.570570571	0.000000000	0.000000000	0.000000000	0.000000000	0.000000000	0.000000000
1.577577578	0.000000000	0.000000000	0.000000000	0.000000000	0.000000000	0.000000000
1.584584585	0.000000000	0.000000000	0.000000000	0.000000000	0.000000000	0.000000000
1.591591592	0.000000000	0.000000000	0.000000000	0.000000000	0.000000000	0.000000000
1.598598599	0.000000000	0.000000000	0.000000000	0.000000000	0.000000000	0.000000000
1.605605606	0.000000000	0.000000000	0.000000000	0.000000000	0.000000000	0.000000000
1.612612613	0.000000000	0.000000000	0.000000000	0.000000000	0.000000000	0.000000000
1.619619620	0.000000000	0.000000000	0.000000000	0.000000000	0.000000000	0.000000000
1.626626627	0.000000000	0.000000000	0.000000000	0.000000000	0.000000000	0.000000000
1.633633634	0.000000000	0.000000000	0.000000000	0.000000000	0.000000000	0.000000000
1.640640641	0.000000000	0.000000000	0.000000000	0.000000000	0.000000000	0.000000000
1.647647648	0.000000000	0.000000000	0.000000000	0.000000000	0.000000000	0.000000000
1.654654655	0.000000000	0.000000000	0.000000000	0.000000000	0.000000000	0.000000000
1.661661662	0.000000000	0.000000000	0.000000000	0.000000000	0.000000000	0.000000000
1.668668669	0.000000000	0.000000000	0.000000000	0.000000000	0.000000000	0.000000000
1.675675676	0.000000000	0.000000000	0.000000000	0.000000000	0.000000000	0.000000000
1.682682683	0.000000000	0.000000000	0.000000000	0.000000000	0.000000000	0.000000000
1.689689690	0.000000000	0.000000000	0.000000000	0.000000000	0.000000000	0.000000000
1.696696697	0.000000000	0.000000000	0.000000000	0.000000000	0.000000000	0.000000000
1.703703704	0.000000000	0.000000000	0.000000000	0.000000000	0.000000000	0.000000000
1.710710711	0.000000000	0.000000000	0.000000000	0.000000000	0.000000000	0.000000000
1.717717718	0.000000000	0.000000000	0.000000000	0.000000000	0.000000000	0.000000000
1.724724725	0.000000000	0.000000000	0.000000000	0.000000000	0.000000000	0.000000000
1.731731732	0.000000000	0.000000000	0.000000000	0.000000000	0.000000000	0.000000000
1.738738739	0.000000000	0.000000000	0.000000000	0.000000000	0.000000000	0.000000000
1.745745746	0.000000000	0.000000000	0.000000000	0.000000000	0.000000000	0.000000000
1.752752753	0.000000000	0.000000000	0.000000000	0.000000000	0.000000000	0.000000000
1.759759760	0.000000000	0.000000000	0.000000000	0.000000000	0.000000000	0.000000000
1.766766767	0.000000000	0.000000000	0.000000000	0.000000000	0.000000000	0.000000000
1.773773774	0.000000000	0.000000000	0.000000000	0.000000000	0.000000000	0.000000000
1.780780781	0.000000000	0.000000000	0.000000000	0.000000000	0.000000000	0.000000000
1.787787788	0.000000000	0.000000000	0.000000000	0.000000000	0.000000000	0.000000000
1.794794795	0.000000000	0.000000000	0.000000000	0.000000000	0.000000000	0.000000000
1.801801802	0.000000000	0.000000000	0.000000000	0.000000000	0.000000000	0.000000000
1.808808809	0.000000000	0.000000000	0.000000000	0.000000000	0.000000000	0.000000000
1.815815816	0.000000000	0.000000000	0.000000000	0.000000000	0.000000000	0.000000000
1.822822823	0.000000000	0.000000000	0.000000000	0.000000000	0.000000000	0.000000000
1.829829830	0.000000000	0.000000000	0.000000000	0.000000000	0.000000000	0.000000000
1.836836837	0.000000000	0.000000000	0.000000000	0.000000000	0.000000000	0.000000000
1.843843844	0.000000000	0.000000000	0.000000000	0.000000000	0.000000000	0.000000000
1.850850851	0.000000000	0.000000000	0.000000000	0.000000000	0.000000000	0.000000000
1.857857858	0.000000000	0.000000000	0.000000000	0.000000000	0.000000000	0.000000000
1.864864865	0.000000000	0.000000000	0.000000000	0.000000000	0.000000000	0.000000000
1.871871872	0.000000000	0.000000000	0.000000000	0.000000000	0.000000000	0.000000000
1.878878879	0.000000000	0.000000000	0.000000000	0.000000000	0.000000000	0.000000000
1.885885886	0.000000000	0.000000000	0.000000000	0.000000000	0.000000000	0.000000000
1.892892893	0.000000000	0.000000000	0.000000000	0.000000000	0.000000000	0.000000000
1.899899900	0.000000000	0.000000000	0.000000000	0.000000000	0.000000000	0.000000000
1.906906907	0.000000000	0.000000000	0.000000000	0.000000000	0.000000000	0.000000000
1.913913914	0.000000000	0.000000000	0.000000000	0.000000000	0.000000000	0.000000000
1.920920921	0.000000000	0.000000000	0.000000000	0.000000000	0.000000000	0.000000000
1.927927928	0.000000000	0.000000000	0.000000000	0.000000000	0.000000000	0.000000000
1.934934935	0.000000000	0.000000000	0.000000000	0.000000000	0.000000000	0.000000000
1.941941942	0.000000000	0.000000000	0.000000000	0.000000000	0.000000000	0.000000000
1.948948949	0.000000000	0.000000000	0.000000000	0.000000000	0.000000000	0.000000000
1.955955956	0.000000000	0.000000000	0.000000000	0.000000000	0.000000000	0.000000000
1.962962963	0.000000000	0.000000000	0.000000000	0.000000000	0.000000000	0.000000000
1.969969970	0.000000000	0.000000000	0.000000000	0.000000000	0.000000000	0.000000000
1.976976977	0.000000000	0.000000000	0.000000000	0.000000000	0.000000000	0.000000000
1.983983984	0.000000000	0.000000000	0.000000000	0.000000000	0.000000000	0.000000000
1.990990991	0.000000000	0.000000000	0.000000000	0.000000000	0.000000000	0.000000000
1.997997998	0.000000000	0.000000000	0.000000000	0.000000000	0.000000000	0.000000000
2.005005005	0.000000000	0.000000000	0.000000000	0.000000000	0.000000000	0.000000000
2.012012012	0.000000000	0.000000000	0.000000000	0.000000000	0.000000000	0.000000000
2.019019019	0.000000000	0.000000000	0.000000000	0.000000000	0.000000000	0.000000000
2.026026026	0.000000000	0.000000000	0.000000000	0.000000000	0.000000000	0.000000000
2.033033033	0.000000000	0.000000000	0.000000000	0.000000000	0.000000000	0.000000000
2.040040040	0.000000000	0.000000000	0.000000000	0.000000000	0.000000000	0.000000000
2.047047047	0.000000000	0.000000000	0.000000000	0.000000000	0.000000000	0.000000000
2.054054054	0.000000000	0.000000000	0.000000000	0.000000000	0.000000000	0.000000000
2.061061061	0.000000000	0.000000000	0.000000000	0.000000000	0.000000000	0.000000000
2.068068068	0.000000000	0.000000000	0.000000000	0.000000000	0.000000000	0.000000000
2.075075075	0.000000000	0.000000000	0.000000000	0.000000000	0.000000000	0.000000000
2.082082082	0.000000000	0.000000000	0.000000000	0.000000000	0.000000000	0.000000000
2.089089089	0.000000000	0.000000000	0.000000000	0.000000000	0.000000000	0.000000000
2.096096096	0.000000000	0.000000000	0.000000000	0.000000000	0.000000000	0.000000000
2.103103103	0.000000000	0.000000000	0.000000000	0.000000000	0.000000000	0.000000000
2.110110110	0.000000000	0.000000000	0.000000000	0.000000000	0.000000000	0.000000000
2.117117117	0.000000000	0.000000000	0.000000000	0.000000000	0.000000000	0.000000000
2.124124124	0.000000000	0.000000000	0.000000000	0.000000000	0.000000000	0.000000000
2.131131131	0.000000000	0.000000000	0.000000000	0.000000000	0.000000000	0.000000000
2.138138138	0.000000000	0.000000000	0.000000000	0.000000000	0.000000000	0.000000000
2.145145145	0.000000000	0.000000000	0.000000000	0.000000000	0.000000000	0.000000000
2.152152152	0.000000000	0.000000000	0.000000000	0.000000000	0.000000000	0.000000000
2.159159159	0.000000000	0.000000000	0.000000000	0.000000000	0.000000000	0.000000000
2.166166166	0.000000000	0.000000000	0.000000000	0.000000000	0.000000000	0.000000000
2.173173173	0.000000000	0.000000000	0.000000000	0.000000000	0.000000000	0.000000000
2.180180180	0.000000000	0.000000000	0.000000000	0.000000000	0.000000000	0.000000000
2.187187187	0.000000000	0.000000000	0.000000000	0.000000000	0.000000000	0.000000000
2.194194194	0.000000000	0.000000000	0.000000000	0.000000000	0.000000000	0.000000000
2.201201201	0.000000000	0.000000000	0.000000000	0.000000000	0.000000000	0.000000000
2.208208208	0.000000000	0.000000000	0.000000000	0.000000000	0.000000000	0.000000000
2.215215215	0.000000000	0.000000000	0.000000000	0.000000000	0.000000000	0.000000000
2.222222222	0.000000000	0.000000000	0.000000000	0.000000000	0.000000000	0.000000000
2.229229229	0.000000000	0.000000000	0.000000000	0.000000000	0.000000000	0.000000000
2.236236236	0.000000000	0.000000000	0.000000000	0.000000000	0.000000000	0.000000000
2.243243243	0.000000000	0.000000000	0.000000000	0.000000000	0.000000000	0.000000000
2.250250250	0.000000000	0.000000000	0.000000000	0.000000000	0.000000000	0.000000000
2.257257257	0.000000000	0.000000000	0.000000000	0.000000000	0.000000000	0.000000000
2.264264264	0.000000000	0.000000000	0.000000000	0.000000000	0.000000000	0.000000000
2.271271271	0.000000000	0.000000000	0.000000000	0.000000000	0.000000000	0.000000000
2.278278278	0.000000000	0.000000000	0.000000000	0.000000000	0.000000000	0.000000000
2.285285285	0.000000000	0.000000000	0.000000000	0.000000000	0.000000000	0.000000000
2.292292292	0.000000000	0.000000000	0.000000000	0.000000000	0.000000000	0.000000000
2.299299299	0.000000000	0.000000000	0.000000000	0.000000000	0.000000000	0.000000000
2.306306306	0.000000000	0.000000000	0.000000000	0.000000000	0.000000000	0.000000000
2.313313313	0.000000000	0.000000000	0.000000000	0.000000000	0.000000000	0.000000000
2.320320320	0.000000000	0.000000000	0.000000000	0.000000000	0.000000000	0.000000000
2.327327327	0.000000000	0.000000000	0.000000000	0.000000000	0.000000000	0.000000000
2.334334334	0.000000000	0.000000000	0.000000000	0.000000000	0.000000000	0.000000000
2.341341341	0.000000000	0.000000000	0.000000000	0.000000000	0.000000000	0.000000000
2.348348348	0.000000000	0.000000000	0.000000000	0.000000000	0.000000000	0.000000000
2.355355355	0.000000000	0.000000000	0.000000000	0.000000000	0.000000000	0.000000000
2.362362362	0.000000000	0.000000000	0.000000000	0.000000000	0.000000000	0.000000000
2.369369369	0.000000000	0.000000000	0.000000000	0.000000000	0.000000000	0.000000000
2.376376376	0.000000000	0.000000000	0.000000000	0.000000000	0.000000000	0.000000000
2.383383383	0.000000000	0.000000000	0.000000000	0.000000000	0.000000000	0.000000000
2.390390390	0.000000000	0.000000000	0.000000000	0.000000000	0.000000000	0.000000000
2.397397397	0.000000000	0.000000000	0.000000000	0.000000000	0.000000000	0.000000000
2.404404404	0.000000000	0.000000000	0.000000000	0.000000000	0.000000000	0.000000000
2.411411411	0.000000000	0.000000000	0.000000000	0.000000000	0.000000000	0.000000000
2.418418418	0.000000000	0.000000000	0.000000000	0.000000000	0.000000000	0.000000000
2.425425425	0.000000000	0.000000000	0.000000000	0.000000000	0.000000000	0.000000000
2.432432432	0.000000000	0.000000000	0.000000000	0.000000000	0.000000000	0.000000000
2.439439439	0.000000000	0.000000000	0.000000000	0.000000000	0.000000000	0.000000000
2.446446446	0.000000000	0.000000000	0.000000000	0.000000000	0.000000000	0.000000000
2.453453453	0.000000000	0.000000000	0.000000000	0.000000000	0.000000000	0.000000000
2.460460460	0.000000000	0.000000000	0.000000000	0.000000000	0.000000000	0.000000000
2.467467467	0.000000000	0.000000000	0.000000000	0.000000000	0.000000000	0.000000000
2.474474474	0.000000000	0.000000000	0.000000000	0.000000000	0.000000000	0.000000000
2.481481481	0.000000000	0.000000000	0.000000000	0.000000000	0.000000000	0.000000000
2.488488488	0.000000000	0.000000000	0.000000000	0.000000000	0.000000000	0.000000000
2.495495495	0.000000000	0.000000000	0.000000000	0.000000000	0.000000000	0.000000000
2.502502503	0.000000000	0.000000000	0.000000000	0.000000000	0.000000000	0.000000000
2.509509510	0.000000000	0.000000000	0.000000000	0.000000000	0.000000000	0.000000000
2.516516517	0.000000000	0.000000000	0.000000000	0.000000000	0.000000000	0.000000000
2.523523524	0.000000000	0.000000000	0.000000000	0.000000000	0.000000000	0.000000000
2.530530531	0.000000000	0.000000000	0.000000000	0.000000000	0.000000000	0.000000000
2.537537538	0.000000000	0.000000000	0.000000000	0.000000000	0.000000000	0.000000000
2.544544545	0.000000000	0.000000000	0.000000000	0.000000000	0.000000000	0.000000000
2.551551552	0.000000000	0.000000000	0.000000000	0.000000000	0.000000000	0.000000000
2.558558559	0.000000000	0.000000000	0.000000000	0.000000000	0.000000000	0.000000000
2.565565566	0.000000000	0.000000000	0.000000000	0.000000000	0.000000000	0.000000000
2.572572573	0.000000000	0.000000000	0.000000000	0.000000000	0.000000000	0.000000000
2.579579580	0.000000000	0.000000000	0.000000000	0.000000000	0.000000000	0.000000000
2.586586587	0.000000000	0.000000000	0.000000000	0.000000000	0.000000000	0.000000000
2.593593594	0.000000000	0.000000000	0.000000000	0.000000000	0.000000000	0.000000000
2.600600601	0.000000000	0.000000000	0.000000000	0.000000000	0.000000000	0.000000000
2.607607608	0.000000000	0.000000000	0.000000000	0.000000000	0.000000000	0.000000000
2.614614615	0.000000000	0.000000000	0.000000000	0.000000000	0.000000000	0.000000000
2.621621622	0.000000000	0.000000000	0.000000000	0.000000000	0.000000000	0.000000000
2.628628629	0.000000000	0.000000000	0.000000000	0.000000000	0.000000000	0.000000000
2.635635636	0.000000000	0.000000000	0.000000000	0.000000000	0.000000000	0.000000000
2.642642643	0.000000000	0.000000000	0.000000000	0.000000000	0.000000000	0.000000000
2.649649650	0.000000000	0.000000000	0.000000000	0.000000000	0.000000000	0.000000000
2.656656657	0.000000000	0.000000000	0.000000000	0.000000000	0.000000000	0.000000000
2.663663664	0.000000000	0.000000000	0.000000000	0.000000000	0.000000000	0.000000000
2.670670671	0.000000000	0.000000000	0.000000000	0.000000000	0.000000000	0.000000000
2.677677678	0.000000000	0.000000000	0.000000000	0.000000000	0.000000000	0.000000000
2.684684685	0.000000000	0.000000000	0.000000000	0.000000000	0.000000000	0.000000000
2.691691692	0.000000000	0.000000000	0.000000000	0.000000000	0.000000000	0.000000000
2.698698699	0.000000000	0.000000000	0.000000000	0.000000000	0.000000000	0.000000000
2.705705706	0.000000000	0.000000000	0.000000000	0.000000000	0.000000000	0.000000000
2.712712713	0.000000000	0.000000000	0.000000000	0.000000000	0.000000000	0.000000000
2.719719720	0.000000000	0.000000000	0.000000000	0.000000000	0.000000000	0.000000000
2.726726727	0.000000000	0.000000000	0.000000000	0.000000000	0.000000000	0.000000000
2.733733734	0.000000000	0.000000000	0.000000000	0.000000000	0.000000000	0.000000000
2.740740741	0.000000000	0.000000000	0.000000000	0.000000000	0.000000000	0.000000000
2.747747748	0.000000000	0.000000000	0.000000000	0.000000000	0.000000000	0.000000000
2.754754755	0.000000000	0.000000000	0.000000000	0.000000000	0.000000000	0.000000000
2.761761762	0.000000000	0.000000000	0.000000000	0.000000000	0.000000000	0.000000000
2.768768769	0.000000000	0.000000000	0.000000000	0.000000000	0.000000000	0.000000000
2.775775776	0.000000000	0.000000000	0.000000000	0.000000000	0.000000000	0.000000000
2.782782783	0.000000000	0.000000000	0.000000000	0.000000000	0.000000000	0.000000000
2.789789790	0.000000000	0.000000000	0.000000000	0.000000000	0.000000000	0.000000000
2.796796797	0.000000000	0.000000000	0.000000000	0.000000000	0.000000000	0.000000000
2.803803804	0.000000000	0.000000000	0.000000000	0.000000000	0.000000000	0.000000000
2.810810811	0.000000000	0.000000000	0.000000000	0.000000000	0.000000000	0.000000000
2.817817818	0.000000000	0.000000000	0.000000000	0.000000000	0.000000000	0.000000000
2.824824825	0.000000000	0.000000000	0.000000000	0.000000000	0.000000000	0.000000000
2.831831832	0.000000000	0.000000000	0.000000000	0.000000000	0.000000000	0.000000000
2.838838839	0.000000000	0.000000000	0.000000000	0.000000000	0.000000000	0.000000000
2.845845846	0.000000000	0.000000000	0.000000000	0.000000000	0.000000000	0.000000000
2.852852853	0.000000000	0.000000000	0.000000000	0.000000000	0.000000000	0.000000000
2.859859860	0.000000000	0.000000000	0.000000000	0.000000000	0.000000000	0.000000000
2.866866867	0.000000000	0.000000000	0.000000000	0.000000000	0.000000000	0.000000000
2.873873874	0.000000000	0.000000000	0.000000000	0.000000000	0.000000000	0.000000000
2.880880881	0.000000000	0.000000000	0.000000000	0.000000000	0.000000000	0.000000000
2.887887888	0.000000000	0.000000000	0.000000000	0.000000000	0.000000000	0.000000000
2.894894895	0.000000000	0.000000000	0.000000000	0.000000000	0.000000000	0.000000000
2.901901902	0.000000000	0.000000000	0.000000000	0.000000000	0.000000000	0.000000000
2.908908909	0.000000000	0.000000000	0.000000000	0.000000000	0.000000000	0.000000000
2.915915916	0.000000000	0.000000000	0.000000000	0.000000000	0.000000000	0.000000000
2.922922923	0.000000000	0.000000000	0.000000000	0.000000000	0.000000000	0.000000000
2.929929930	0.000000000	0.000000000	0.000000000	0.000000000	0.000000000	0.000000000
2.936936937	0.000000000	0.000000000	0.000000000	0.000000000	0.000000000	0.000000000
2.943943944	0.000000000	0.000000000	0.000000000	0.000000000	0.000000000	0.000000000
2.950950951	0.000000000	0.000000000	0.000000000	0.000000000	0.000000000	0.000000000
2.957957958	0.000000000	0.000000000	0.000000000	0.000000000	0.000000000	0.000000000
2.964964965	0.000000000	0.000000000	0.000000000	0.000000000	0.000000000	0.000000000
2.971971972	0.000000000	0.000000000	0.000000000	0.000000000	0.000000000	0.000000000
2.978978979	0.000000000	0.000000000	0.000000000	0.000000000	0.000000000	0.000000000
2.985985986	0.000000000	0.000000000	0.000000000	0.000000000	0.000000000	0.000000000
2.992992993	0.000000000	0.000000000	0.000000000	0.000000000	0.000000000	0.000000000
3.000000000	0.000000000	0.000000000	0.000000000	0.000000000	0.000000000	0.000000000
