-4.00000000	0.005470293	0.011385104	0.017372367	0.047240888	0.017811890	0.024064885
-3.99299299	0.005541347	0.011510273	0.017558449	0.047746245	0.017982406	0.024287377
-3.98598599	0.005613378	0.011636908	0.017746642	0.048256680	0.018154696	0.024512090
-3.97897898	0.005686400	0.011765026	0.017936971	0.048772237	0.018328780	0.024739049
-3.97197197	0.005760427	0.011894646	0.018129463	0.049292961	0.018504678	0.024968276
-3.96496496	0.005835474	0.012025786	0.018324143	0.049818894	0.018682409	0.025199796
-3.95795796	0.005911555	0.012158465	0.018521037	0.050350083	0.018861995	0.025433633
-3.95095095	0.005988686	0.012292702	0.018720170	0.050886572	0.019043456	0.025669811
-3.94394394	0.006066882	0.012428517	0.018921571	0.051428405	0.019226814	0.025908357
-3.93693694	0.006146158	0.012565928	0.019125265	0.051975629	0.019412088	0.026149294
-3.92992993	0.006226529	0.012704956	0.019331279	0.052528288	0.019599302	0.026392647
-3.92292292	0.006308013	0.012845621	0.019539643	0.053086428	0.019788476	0.026638444
-3.91591592	0.006390625	0.012987943	0.019750382	0.053650095	0.019979632	0.026886709
-3.90890891	0.006474380	0.013131942	0.019963526	0.054219335	0.020172793	0.027137469
-3.90190190	0.006559297	0.013277639	0.020179104	0.054794194	0.020367982	0.027390751
-3.89489489	0.006645392	0.013425056	0.020397143	0.055374719	0.020565220	0.027646580
-3.88788789	0.006732682	0.013574213	0.020617674	0.055960956	0.020764531	0.027904985
-3.88088088	0.006821185	0.013725133	0.020840726	0.056552952	0.020965938	0.028165993
-3.87387387	0.006910917	0.013877837	0.021066329	0.057150754	0.021169465	0.028429631
-3.86686687	0.007001898	0.014032347	0.021294513	0.057754409	0.021375136	0.028695927
-3.85985986	0.007094146	0.014188686	0.021525309	0.058363965	0.021582975	0.028964910
-3.85285285	0.007187678	0.014346877	0.021758749	0.058979470	0.021793005	0.029236608
-3.84584585	0.007282513	0.014506942	0.021994863	0.059600969	0.022005253	0.029511051
-3.83883884	0.007378672	0.014668905	0.022233684	0.060228513	0.022219742	0.029788266
-3.83183183	0.007476173	0.014832790	0.022475244	0.060862148	0.022436498	0.030068285
-3.82482482	0.007575035	0.014998620	0.022719575	0.061501923	0.022655547	0.030351137
-3.81781782	0.007675279	0.015166420	0.022966710	0.062147886	0.022876915	0.030636852
-3.81081081	0.007776925	0.015336215	0.023216683	0.062800086	0.023100627	0.030925460
-3.80380380	0.007879994	0.015508029	0.023469528	0.063458570	0.023326710	0.031216993
-3.79679680	0.007984506	0.015681887	0.023725279	0.064123389	0.023555191	0.031511481
-3.78978979	0.008090482	0.015857815	0.023983970	0.064794590	0.023786098	0.031808957
-3.78278278	0.008197945	0.016035839	0.024245637	0.065472222	0.024019457	0.032109451
-3.77577578	0.008306916	0.016215985	0.024510315	0.066156335	0.024255296	0.032412997
-3.76876877	0.008417416	0.016398279	0.024778040	0.066846978	0.024493643	0.032719627
-3.76176176	0.008529470	0.016582749	0.025048848	0.067544200	0.024734527	0.033029373
-3.75475475	0.008643099	0.016769421	0.025322776	0.068248050	0.024977977	0.033342270
-3.74774775	0.008758327	0.016958324	0.025599862	0.068958578	0.025224021	0.033658350
-3.74074074	0.008875177	0.017149484	0.025880142	0.069675834	0.025472690	0.033977648
-3.73373373	0.008993673	0.017342931	0.026163655	0.070399866	0.025724012	0.034300198
-3.72672673	0.009113840	0.017538693	0.026450440	0.071130725	0.025978017	0.034626035
-3.71971972	0.009235702	0.017736798	0.026740536	0.071868461	0.026234738	0.034955193
-3.71271271	0.009359284	0.017937277	0.027033981	0.072613122	0.026494203	0.035287709
-3.70570571	0.009484612	0.018140159	0.027330817	0.073364759	0.026756445	0.035623619
-3.69869870	0.009611712	0.018345475	0.027631082	0.074123422	0.027021495	0.035962958
-3.69169169	0.009740609	0.018553254	0.027934820	0.074889161	0.027289385	0.036305763
-3.68468468	0.009871330	0.018763527	0.028242070	0.075662024	0.027560147	0.036652071
-3.67767768	0.010003903	0.018976327	0.028552874	0.076442063	0.027833814	0.037001920
-3.67067067	0.010138355	0.019191684	0.028867276	0.077229328	0.028110419	0.037355348
-3.66366366	0.010274713	0.019409632	0.029185318	0.078023867	0.028389996	0.037712392
-3.65665666	0.010413006	0.019630201	0.029507043	0.078825731	0.028672577	0.038073092
-3.64964965	0.010553262	0.019853426	0.029832495	0.079634970	0.028958199	0.038437486
-3.64264264	0.010695511	0.020079339	0.030161719	0.080451633	0.029246894	0.038805615
-3.63563564	0.010839783	0.020307975	0.030494759	0.081275771	0.029538699	0.039177517
-3.62862863	0.010986107	0.020539368	0.030831662	0.082107432	0.029833649	0.039553234
-3.62162162	0.011134514	0.020773552	0.031172473	0.082946666	0.030131780	0.039932806
-3.61461461	0.011285034	0.021010563	0.031517238	0.083793524	0.030433127	0.040316274
-3.60760761	0.011437700	0.021250436	0.031866006	0.084648053	0.030737729	0.040703680
-3.60060060	0.011592544	0.021493206	0.032218823	0.085510305	0.031045621	0.041095066
-3.59359359	0.011749597	0.021738912	0.032575737	0.086380327	0.031356842	0.041490475
-3.58658659	0.011908892	0.021987589	0.032936799	0.087258169	0.031671429	0.041889949
-3.57957958	0.012070464	0.022239275	0.033302056	0.088143879	0.031989422	0.042293532
-3.57257257	0.012234345	0.022494008	0.033671559	0.089037507	0.032310859	0.042701268
-3.56556557	0.012400571	0.022751827	0.034045358	0.089939101	0.032635779	0.043113202
-3.55855856	0.012569177	0.023012769	0.034423505	0.090848709	0.032964222	0.043529377
-3.55155155	0.012740197	0.023276875	0.034806051	0.091766380	0.033296230	0.043949840
-3.54454454	0.012913669	0.023544185	0.035193049	0.092692162	0.033631841	0.044374636
-3.53753754	0.013089628	0.023814739	0.035584551	0.093626102	0.033971099	0.044803811
-3.53053053	0.013268112	0.024088577	0.035980612	0.094568248	0.034314044	0.045237413
-3.52352352	0.013449159	0.024365742	0.036381284	0.095518647	0.034660719	0.045675488
-3.51651652	0.013632806	0.024646275	0.036786624	0.096477347	0.035011167	0.046118084
-3.50950951	0.013819094	0.024930219	0.037196686	0.097444393	0.035365430	0.046565249
-3.50250250	0.014008061	0.025217616	0.037611526	0.098419833	0.035723553	0.047017033
-3.49549550	0.014199748	0.025508511	0.038031202	0.099403713	0.036085580	0.047473484
-3.48848849	0.014394195	0.025802948	0.038455770	0.100396077	0.036451556	0.047934652
-3.48148148	0.014591443	0.026100970	0.038885289	0.101396973	0.036821525	0.048400588
-3.47447447	0.014791536	0.026402625	0.039319817	0.102406445	0.037195534	0.048871341
-3.46746747	0.014994515	0.026707956	0.039759414	0.103424538	0.037573630	0.049346964
-3.46046046	0.015200424	0.027017012	0.040204139	0.104451295	0.037955858	0.049827509
-3.45345345	0.015409306	0.027329838	0.040654054	0.105486762	0.038342267	0.050313027
-3.44644645	0.015621207	0.027646483	0.041109219	0.106530981	0.038732904	0.050803572
-3.43943944	0.015836171	0.027966994	0.041569697	0.107583996	0.039127819	0.051299197
-3.43243243	0.016054245	0.028291422	0.042035552	0.108645849	0.039527059	0.051799955
-3.42542543	0.016275476	0.028619814	0.042506845	0.109716582	0.039930676	0.052305903
-3.41841842	0.016499911	0.028952221	0.042983642	0.110796237	0.040338718	0.052817094
-3.41141141	0.016727598	0.029288694	0.043466007	0.111884855	0.040751237	0.053333585
-3.40440440	0.016958586	0.029629284	0.043954006	0.112982476	0.041168285	0.053855432
-3.39739740	0.017192924	0.029974044	0.044447706	0.114089141	0.041589913	0.054382690
-3.39039039	0.017430664	0.030323025	0.044947174	0.115204889	0.042016175	0.054915419
-3.38338338	0.017671857	0.030676282	0.045452477	0.116329758	0.042447122	0.055453676
-3.37637638	0.017916554	0.031033868	0.045963685	0.117463787	0.042882809	0.055997519
-3.36936937	0.018164808	0.031395837	0.046480866	0.118607014	0.043323291	0.056547007
-3.36236236	0.018416673	0.031762246	0.047004092	0.119759475	0.043768623	0.057102201
-3.35535536	0.018672203	0.032133150	0.047533432	0.120921207	0.044218860	0.057663160
-3.34834835	0.018931454	0.032508607	0.048068959	0.122092244	0.044674058	0.058229946
-3.34134134	0.019194482	0.032888673	0.048610746	0.123272622	0.045134275	0.058802620
-3.33433433	0.019461343	0.033273406	0.049158865	0.124462374	0.045599569	0.059381244
-3.32732733	0.019732096	0.033662867	0.049713390	0.125661534	0.046069997	0.059965880
-3.32032032	0.020006798	0.034057113	0.050274398	0.126870135	0.046545619	0.060556593
-3.31331331	0.020285511	0.034456206	0.050841963	0.128088207	0.047026493	0.061153447
-3.30630631	0.020568294	0.034860208	0.051416162	0.129315781	0.047512682	0.061756505
-3.29929930	0.020855209	0.035269179	0.051997073	0.130552888	0.048004245	0.062365833
-3.29229229	0.021146319	0.035683182	0.052584773	0.131799556	0.048501244	0.062981497
-3.28528529	0.021441686	0.036102282	0.053179343	0.133055813	0.049003742	0.063603564
-3.27827828	0.021741374	0.036526541	0.053780861	0.134321686	0.049511801	0.064232100
-3.27127127	0.022045450	0.036956026	0.054389409	0.135597202	0.050025486	0.064867174
-3.26426426	0.022353980	0.037390802	0.055005068	0.136882384	0.050544861	0.065508854
-3.25725726	0.022667030	0.037830936	0.055627922	0.138177259	0.051069991	0.066157209
-3.25025025	0.022984670	0.038276495	0.056258052	0.139481847	0.051600943	0.066812308
-3.24324324	0.023306968	0.038727548	0.056895544	0.140796172	0.052137783	0.067474223
-3.23623624	0.023633995	0.039184163	0.057540482	0.142120254	0.052680578	0.068143024
-3.22922923	0.023965823	0.039646411	0.058192953	0.143454112	0.053229396	0.068818783
-3.22222222	0.024302523	0.040114363	0.058853044	0.144797766	0.053784308	0.069501573
-3.21521522	0.024644170	0.040588090	0.059520841	0.146151231	0.054345381	0.070191467
-3.20820821	0.024990839	0.041067664	0.060196436	0.147514525	0.054912688	0.070888537
-3.20120120	0.025342605	0.041553161	0.060879915	0.148887662	0.055486299	0.071592860
-3.19419419	0.025699546	0.042044653	0.061571372	0.150270656	0.056066287	0.072304510
-3.18718719	0.026061740	0.042542216	0.062270895	0.151663518	0.056652723	0.073023562
-3.18018018	0.026429266	0.043045926	0.062978579	0.153066260	0.057245682	0.073750094
-3.17317317	0.026802204	0.043555861	0.063694517	0.154478890	0.057845239	0.074484183
-3.16616617	0.027180638	0.044072098	0.064418802	0.155901417	0.058451469	0.075225907
-3.15915916	0.027564649	0.044594717	0.065151531	0.157333848	0.059064447	0.075975343
-3.15215215	0.027954322	0.045123797	0.065892798	0.158776187	0.059684252	0.076732572
-3.14514515	0.028349743	0.045659419	0.066642702	0.160228438	0.060310960	0.077497674
-3.13813814	0.028750999	0.046201665	0.067401339	0.161690603	0.060944650	0.078270729
-3.13113113	0.029158177	0.046750618	0.068168810	0.163162683	0.061585402	0.079051819
-3.12412412	0.029571368	0.047306363	0.068945214	0.164644676	0.062233297	0.079841026
-3.11711712	0.029990663	0.047868982	0.069730653	0.166136580	0.062888414	0.080638432
-3.11011011	0.030416152	0.048438564	0.070525227	0.167638389	0.063550837	0.081444122
-3.10310310	0.030847931	0.049015193	0.071329040	0.169150099	0.064220649	0.082258180
-3.09609610	0.031286094	0.049598959	0.072142196	0.170671700	0.064897933	0.083080691
-3.08908909	0.031730737	0.050189950	0.072964799	0.172203184	0.065582774	0.083911740
-3.08208208	0.032181959	0.050788256	0.073796955	0.173744539	0.066275258	0.084751414
-3.07507508	0.032639859	0.051393968	0.074638771	0.175295751	0.066975471	0.085599800
-3.06806807	0.033104537	0.052007179	0.075490355	0.176856805	0.067683501	0.086456986
-3.06106106	0.033576095	0.052627980	0.076351816	0.178427684	0.068399437	0.087323061
-3.05405405	0.034054639	0.053256467	0.077223262	0.180008370	0.069123366	0.088198114
-3.04704705	0.034540272	0.053892735	0.078104805	0.181598840	0.069855381	0.089082235
-3.04004004	0.035033102	0.054536881	0.078996557	0.183199072	0.070595571	0.089975514
-3.03303303	0.035533238	0.055189001	0.079898630	0.184809041	0.071344029	0.090878045
-3.02602603	0.036040789	0.055849195	0.080811138	0.186428719	0.072100849	0.091789917
-3.01901902	0.036555867	0.056517561	0.081734195	0.188058077	0.072866124	0.092711226
-3.01201201	0.037078585	0.057194202	0.082667917	0.189697083	0.073639949	0.093642063
-3.00500501	0.037609059	0.057879220	0.083612421	0.191345704	0.074422420	0.094582525
-2.99799800	0.038147406	0.058572716	0.084567824	0.193003904	0.075213634	0.095532705
-2.99099099	0.038693742	0.059274797	0.085534245	0.194671644	0.076013689	0.096492699
-2.98398398	0.039248190	0.059985566	0.086511803	0.196348884	0.076822684	0.097462605
-2.97697698	0.039810870	0.060705132	0.087500620	0.198035581	0.077640719	0.098442518
-2.96996997	0.040381906	0.061433602	0.088500815	0.199731690	0.078467895	0.099432539
-2.96296296	0.040961424	0.062171085	0.089512513	0.201437162	0.079304313	0.100432764
-2.95595596	0.041549551	0.062917691	0.090535835	0.203151948	0.080150077	0.101443293
-2.94894895	0.042146415	0.063673533	0.091570908	0.204875994	0.081005290	0.102464226
-2.94194194	0.042752149	0.064438722	0.092617855	0.206609246	0.081870057	0.103495664
-2.93493493	0.043366884	0.065213372	0.093676804	0.208351646	0.082744484	0.104537709
-2.92792793	0.043990756	0.065997600	0.094747882	0.210103134	0.083628679	0.105590462
-2.92092092	0.044623901	0.066791521	0.095831217	0.211863645	0.084522749	0.106654027
-2.91391391	0.045266458	0.067595253	0.096926937	0.213633115	0.085426803	0.107728506
-2.90690691	0.045918567	0.068408916	0.098035174	0.215411474	0.086340951	0.108814003
-2.89989990	0.046580371	0.069232628	0.099156058	0.217198652	0.087265305	0.109910624
-2.89289289	0.047252015	0.070066513	0.100289720	0.218994575	0.088199976	0.111018474
-2.88588589	0.047933644	0.070910692	0.101436295	0.220799165	0.089145077	0.112137659
-2.87887888	0.048625409	0.071765291	0.102595914	0.222612343	0.090100723	0.113268285
-2.87187187	0.049327460	0.072630433	0.103768714	0.224434026	0.091067030	0.114410460
-2.86486486	0.050039949	0.073506246	0.104954829	0.226264129	0.092044112	0.115564292
-2.85785786	0.050763032	0.074392858	0.106154396	0.228102563	0.093032089	0.116729889
-2.85085085	0.051496865	0.075290398	0.107367551	0.229949235	0.094031077	0.117907360
-2.84384384	0.052241609	0.076198997	0.108594434	0.231804052	0.095041197	0.119096815
-2.83683684	0.052997425	0.077118787	0.109835181	0.233666916	0.096062569	0.120298364
-2.82982983	0.053764477	0.078049901	0.111089934	0.235537726	0.097095315	0.121512118
-2.82282282	0.054542930	0.078992473	0.112358832	0.237416377	0.098139557	0.122738189
-2.81581582	0.055332954	0.079946640	0.113642016	0.239302763	0.099195418	0.123976687
-2.80880881	0.056134719	0.080912538	0.114939629	0.241196773	0.100263025	0.125227726
-2.80180180	0.056948397	0.081890307	0.116251812	0.243098293	0.101342502	0.126491419
-2.79479479	0.057774164	0.082880086	0.117578709	0.245007207	0.102433976	0.127767878
-2.78778779	0.058612199	0.083882016	0.118920465	0.246923393	0.103537575	0.129057218
-2.78078078	0.059462680	0.084896241	0.120277223	0.248846728	0.104653427	0.130359553
-2.77377377	0.060325790	0.085922904	0.121649128	0.250777086	0.105781664	0.131674998
-2.76676677	0.061201715	0.086962150	0.123036328	0.252714335	0.106922416	0.133003667
-2.75975976	0.062090641	0.088014126	0.124438967	0.254658341	0.108075814	0.134345677
-2.75275275	0.062992759	0.089078980	0.125857194	0.256608967	0.109241993	0.135701143
-2.74574575	0.063908260	0.090156861	0.127291155	0.258566073	0.110421085	0.137070182
-2.73873874	0.064837340	0.091247921	0.128740998	0.260529513	0.111613227	0.138452911
-2.73173173	0.065780196	0.092352311	0.130206873	0.262499140	0.112818553	0.139849445
-2.72472472	0.066737028	0.093470184	0.131688928	0.264474801	0.114037202	0.141259903
-2.71771772	0.067708037	0.094601695	0.133187312	0.266456342	0.115269311	0.142684402
-2.71071071	0.068693431	0.095747000	0.134702176	0.268443603	0.116515019	0.144123060
-2.70370370	0.069693415	0.096906257	0.136233668	0.270436422	0.117774466	0.145575994
-2.69669670	0.070708201	0.098079624	0.137781940	0.272434633	0.119047794	0.147043324
-2.68968969	0.071738002	0.099267262	0.139347142	0.274438066	0.120335144	0.148525166
-2.68268268	0.072783032	0.100469330	0.140929425	0.276446546	0.121636659	0.150021640
-2.67567568	0.073843511	0.101685993	0.142528940	0.278459897	0.122952483	0.151532864
-2.66866867	0.074919658	0.102917414	0.144145839	0.280477937	0.124282761	0.153058957
-2.66166166	0.076011699	0.104163758	0.145780271	0.282500481	0.125627638	0.154600036
-2.65465465	0.077119860	0.105425192	0.147432389	0.284527339	0.126987261	0.156156222
-2.64764765	0.078244369	0.106701883	0.149102344	0.286558320	0.128361777	0.157727633
-2.64064064	0.079385459	0.107994000	0.150790287	0.288593227	0.129751334	0.159314386
-2.63363363	0.080543364	0.109301714	0.152496370	0.290631858	0.131156083	0.160916601
-2.62662663	0.081718321	0.110625196	0.154220742	0.292674010	0.132576171	0.162534395
-2.61961962	0.082910572	0.111964618	0.155963555	0.294719475	0.134011751	0.164167887
-2.61261261	0.084120358	0.113320155	0.157724960	0.296768040	0.135462973	0.165817195
-2.60560561	0.085347927	0.114691981	0.159505106	0.298819490	0.136929990	0.167482436
-2.59859860	0.086593525	0.116080273	0.161304143	0.300873604	0.138412954	0.169163727
-2.59159159	0.087857406	0.117485208	0.163122221	0.302930158	0.139912021	0.170861186
-2.58458458	0.089139823	0.118906964	0.164959488	0.304988925	0.141427342	0.172574928
-2.57757758	0.090441032	0.120345720	0.166816092	0.307049672	0.142959075	0.174305070
-2.57057057	0.091761295	0.121801658	0.168692180	0.309112165	0.144507374	0.176051726
-2.56356356	0.093100874	0.123274959	0.170587901	0.311176163	0.146072396	0.177815013
-2.55655656	0.094460033	0.124765806	0.172503398	0.313241423	0.147654297	0.179595044
-2.54954955	0.095839043	0.126274381	0.174438818	0.315307697	0.149253235	0.181391933
-2.54254254	0.097238173	0.127800871	0.176394304	0.317374735	0.150869367	0.183205793
-2.53553554	0.098657698	0.129345460	0.178370000	0.319442279	0.152502852	0.185036736
-2.52852853	0.100097894	0.130908335	0.180366047	0.321510072	0.154153848	0.186884873
-2.52152152	0.101559041	0.132489683	0.182382586	0.323577850	0.155822515	0.188750314
-2.51451451	0.103041421	0.134089692	0.184419756	0.325645346	0.157509012	0.190633169
-2.50750751	0.104545320	0.135708551	0.186477695	0.327712288	0.159213499	0.192533546
-2.50050050	0.106071025	0.137346451	0.188556540	0.329778403	0.160936135	0.194451552
-2.49349349	0.107618826	0.139003580	0.190656425	0.331843411	0.162677082	0.196387293
-2.48648649	0.109189017	0.140680131	0.192777484	0.333907029	0.164436499	0.198340874
-2.47947948	0.110781894	0.142376294	0.194919847	0.335968973	0.166214546	0.200312398
-2.47247247	0.112397756	0.144092264	0.197083644	0.338028950	0.168011385	0.202301967
-2.46546547	0.114036902	0.145828231	0.199269003	0.340086668	0.169827176	0.204309682
-2.45845846	0.115699638	0.147584389	0.201476048	0.342141829	0.171662080	0.206335641
-2.45145145	0.117386270	0.149360933	0.203704902	0.344194131	0.173516256	0.208379942
-2.44444444	0.119097106	0.151158056	0.205955687	0.346243269	0.175389866	0.210442680
-2.43743744	0.120832458	0.152975953	0.208228520	0.348288935	0.177283069	0.212523949
-2.43043043	0.122592639	0.154814818	0.210523517	0.350330817	0.179196026	0.214623840
-2.42342342	0.124377966	0.156674846	0.212840790	0.352368598	0.181128895	0.216742444
-2.41641642	0.126188758	0.158556232	0.215180449	0.354401959	0.183081835	0.218879848
-2.40940941	0.128025335	0.160459171	0.217542601	0.356430578	0.185055006	0.221036137
-2.40240240	0.129888020	0.162383859	0.219927349	0.358454127	0.187048566	0.223211395
-2.39539540	0.131777139	0.164330490	0.222334795	0.360472278	0.189062670	0.225405701
-2.38838839	0.133693018	0.166299260	0.224765034	0.362484698	0.191097477	0.227619135
-2.38138138	0.135635988	0.168290362	0.227218160	0.364491049	0.193153142	0.229851771
-2.37437437	0.137606380	0.170303990	0.229694262	0.366490993	0.195229820	0.232103683
-2.36736737	0.139604526	0.172340340	0.232193427	0.368484186	0.197327665	0.234374941
-2.36036036	0.141630763	0.174399604	0.234715735	0.370470284	0.199446830	0.236665611
-2.35335335	0.143685426	0.176481975	0.237261264	0.372448936	0.201587467	0.238975757
-2.34634635	0.145768855	0.178587645	0.239830086	0.374419791	0.203749726	0.241305440
-2.33933934	0.147881390	0.180716806	0.242422271	0.376382495	0.205933756	0.243654718
-2.33233233	0.150023371	0.182869648	0.245037881	0.378336689	0.208139705	0.246023643
-2.32532533	0.152195141	0.185046361	0.247676975	0.380282013	0.210367720	0.248412268
-2.31831832	0.154397045	0.187247133	0.250339606	0.382218104	0.212617944	0.250820637
-2.31131131	0.156629428	0.189472151	0.253025823	0.384144595	0.214890521	0.253248793
-2.30430430	0.158892636	0.191721602	0.255735668	0.386061120	0.217185591	0.255696776
-2.29729730	0.161187015	0.193995669	0.258469178	0.387967307	0.219503293	0.258164620
-2.29029029	0.163512914	0.196294537	0.261226383	0.389862782	0.221843765	0.260652354
-2.28328328	0.165870680	0.198618387	0.264007310	0.391747171	0.224207139	0.263160006
-2.27627628	0.168260662	0.200967397	0.266811976	0.393620095	0.226593549	0.265687595
-2.26926927	0.170683210	0.203341746	0.269640392	0.395481175	0.229003123	0.268235138
-2.26226226	0.173138671	0.205741610	0.272492565	0.397330028	0.231435989	0.270802646
-2.25525526	0.175627396	0.208167161	0.275368493	0.399166273	0.233892271	0.273390126
-2.24824825	0.178149733	0.210618571	0.278268166	0.400989522	0.236372089	0.275997579
-2.24124124	0.180706030	0.213096009	0.281191568	0.402799388	0.238875561	0.278625001
-2.23423423	0.183296634	0.215599639	0.284138674	0.404595484	0.241402803	0.281272381
-2.22722723	0.185921894	0.218129626	0.287109454	0.406377417	0.243953924	0.283939704
-2.22022022	0.188582154	0.220686129	0.290103865	0.408144798	0.246529034	0.286626948
-2.21321321	0.191277759	0.223269305	0.293121860	0.409897233	0.249128236	0.289334085
-2.20620621	0.194009052	0.225879308	0.296163382	0.411634327	0.251751629	0.292061080
-2.19919920	0.196776375	0.228516288	0.299228363	0.413355686	0.254399310	0.294807894
-2.19219219	0.199580067	0.231180391	0.302316728	0.415060914	0.257071370	0.297574478
-2.18518519	0.202420465	0.233871760	0.305428393	0.416749614	0.259767896	0.300360779
-2.17817818	0.205297905	0.236590533	0.308563262	0.418421388	0.262488970	0.303166734
-2.17117117	0.208212717	0.239336844	0.311721231	0.420075839	0.265234670	0.305992274
-2.16416416	0.211165232	0.242110823	0.314902184	0.421712568	0.268005068	0.308837324
-2.15715716	0.214155775	0.244912595	0.318105997	0.423331177	0.270800231	0.311701799
-2.15015015	0.217184668	0.247742280	0.321332532	0.424931267	0.273620221	0.314585606
-2.14314314	0.220252228	0.250599994	0.324581641	0.426512440	0.276465093	0.317488646
-2.13613614	0.223358771	0.253485844	0.327853167	0.428074296	0.279334898	0.320410809
-2.12912913	0.226504605	0.256399936	0.331146937	0.429616439	0.282229678	0.323351977
-2.12212212	0.229690033	0.259342367	0.334462769	0.431138469	0.285149472	0.326312025
-2.11511512	0.232915357	0.262313231	0.337800468	0.432639990	0.288094310	0.329290817
-2.10810811	0.236180867	0.265312611	0.341159826	0.434120605	0.291064215	0.332288208
-2.10110110	0.239486852	0.268340588	0.344540621	0.435579920	0.294059204	0.335304043
-2.09409409	0.242833592	0.271397234	0.347942619	0.437017540	0.297079287	0.338338158
-2.08708709	0.246221361	0.274482613	0.351365574	0.438433070	0.300124463	0.341390378
-2.08008008	0.249650425	0.277596784	0.354809222	0.439826121	0.303194728	0.344460519
-2.07307307	0.253121043	0.280739797	0.358273288	0.441196301	0.306290065	0.347548385
-2.06606607	0.256633466	0.283911694	0.361757481	0.442543221	0.309410452	0.350653769
-2.05905906	0.260187934	0.287112509	0.365261496	0.443866496	0.312555857	0.353776455
-2.05205205	0.263784680	0.290342266	0.368785012	0.445165740	0.315726237	0.356916212
-2.04504505	0.267423928	0.293600983	0.372327693	0.446440571	0.318921543	0.360072801
-2.03803804	0.271105889	0.296888666	0.375889186	0.447690609	0.322141713	0.363245969
-2.03103103	0.274830766	0.300205314	0.379469123	0.448915475	0.325386679	0.366435451
-2.02402402	0.278598750	0.303550913	0.383067118	0.450114795	0.328656357	0.369640969
-2.01701702	0.282410018	0.306925443	0.386682770	0.451288198	0.331950658	0.372862235
-2.01001001	0.286264739	0.310328869	0.390315659	0.452435313	0.335269478	0.376098944
-2.00300300	0.290163064	0.313761149	0.393965349	0.453555774	0.338612704	0.379350780
-1.99599600	0.294105134	0.317222227	0.397631384	0.454649220	0.341980209	0.382617413
-1.98898899	0.298091075	0.320712036	0.401313292	0.455715291	0.345371857	0.385898499
-1.98198198	0.302120997	0.324230500	0.405010581	0.456753633	0.348787497	0.389193680
-1.97497497	0.306194996	0.327777526	0.408722740	0.457763892	0.352226965	0.392502584
-1.96796797	0.310313151	0.331353011	0.412449239	0.458745723	0.355690087	0.395824821
-1.96096096	0.314475524	0.334956838	0.416189529	0.459698782	0.359176672	0.399159991
-1.95395395	0.318682161	0.338588879	0.419943040	0.460622731	0.362686517	0.402507675
-1.94694695	0.322933087	0.342248988	0.423709183	0.461517235	0.366219405	0.405867439
-1.93993994	0.327228311	0.345937008	0.427487346	0.462381965	0.369775101	0.409238835
-1.93293293	0.331567820	0.349652766	0.431276899	0.463216596	0.373353359	0.412621395
-1.92592593	0.335951581	0.353396073	0.435077190	0.464020810	0.376953916	0.416014638
-1.91891892	0.340379541	0.357166727	0.438887543	0.464794291	0.380576493	0.419418065
-1.91191191	0.344851623	0.360964508	0.442707264	0.465536733	0.384220793	0.422831159
-1.90490490	0.349367728	0.364789180	0.446535634	0.466247831	0.387886505	0.426253387
-1.89789790	0.353927734	0.368640490	0.450371912	0.466927289	0.391573300	0.429684196
-1.89089089	0.358531494	0.372518168	0.454215336	0.467574815	0.395280829	0.433123019
-1.88388388	0.363178834	0.376421927	0.458065120	0.468190124	0.399008729	0.436569266
-1.87687688	0.367869555	0.380351461	0.461920452	0.468772938	0.402756616	0.440022331
-1.86986987	0.372603431	0.384306446	0.465780502	0.469322983	0.406524086	0.443481590
-1.86286286	0.377380208	0.388286537	0.469644411	0.469839995	0.410310718	0.446946398
-1.85585586	0.382199602	0.392291371	0.473511299	0.470323715	0.414116070	0.450416092
-1.84884885	0.387061300	0.396320566	0.477380260	0.470773890	0.417939679	0.453889987
-1.84184184	0.391964957	0.400373718	0.481250366	0.471190276	0.421781063	0.457367382
-1.83483483	0.396910196	0.404450401	0.485120662	0.471572635	0.425639718	0.460847551
-1.82782783	0.401896608	0.408550170	0.488990168	0.471920737	0.429515117	0.464329752
-1.82082082	0.406923751	0.412672556	0.492857881	0.472234358	0.433406713	0.467813220
-1.81381381	0.411991146	0.416817070	0.496722771	0.472513286	0.437313933	0.471297170
-1.80680681	0.417098279	0.420983196	0.500583783	0.472757311	0.441236186	0.474780794
-1.79979980	0.422244599	0.425170399	0.504439837	0.472966235	0.445172852	0.478263265
-1.79279279	0.427429518	0.429378118	0.508289827	0.473139868	0.449123291	0.481743733
-1.78578579	0.432652407	0.433605767	0.512132622	0.473278026	0.453086836	0.485221327
-1.77877878	0.437912599	0.437852737	0.515967064	0.473380536	0.457062796	0.488695153
-1.77177177	0.443209386	0.442118391	0.519791970	0.473447231	0.461050454	0.492164296
-1.76476476	0.448542015	0.446402069	0.523606131	0.473477954	0.465049069	0.495627819
-1.75775776	0.453909694	0.450703083	0.527408312	0.473472558	0.469057870	0.499084760
-1.75075075	0.459311583	0.455020719	0.531197253	0.473430903	0.473076062	0.502534136
-1.74374374	0.464746799	0.459354235	0.534971668	0.473352858	0.477102822	0.505974943
-1.73673674	0.470214412	0.463702861	0.538730243	0.473238303	0.481137298	0.509406150
-1.72972973	0.475713444	0.468065800	0.542471641	0.473087125	0.485178613	0.512826707
-1.72272272	0.481242870	0.472442225	0.546194499	0.472899222	0.489225857	0.516235539
-1.71571572	0.486801613	0.476831282	0.549897428	0.472674500	0.493278093	0.519631548
-1.70870871	0.492388549	0.481232084	0.553579013	0.472412876	0.497334356	0.523013612
-1.70170170	0.498002499	0.485643718	0.557237818	0.472114276	0.501393649	0.526380588
-1.69469469	0.503642234	0.490065237	0.560872376	0.471778636	0.505454944	0.529731308
-1.68768769	0.509306469	0.494495665	0.564481201	0.471405901	0.509517185	0.533064580
-1.68068068	0.514993866	0.498933995	0.568062780	0.470996025	0.513579284	0.536379192
-1.67367367	0.520703032	0.503379186	0.571615577	0.470548976	0.517640119	0.539673905
-1.66666667	0.526432516	0.507830169	0.575138033	0.470064726	0.521698538	0.542947460
-1.65965966	0.532180809	0.512285838	0.578628565	0.469543263	0.525753359	0.546198572
-1.65265265	0.537946347	0.516745058	0.582085567	0.468984581	0.529803364	0.549425936
-1.64564565	0.543727503	0.521206659	0.585507414	0.468388686	0.533847304	0.552628224
-1.63863864	0.549522592	0.525669437	0.588892455	0.467755592	0.537883896	0.555804083
-1.63163163	0.555329868	0.530132155	0.592239022	0.467085328	0.541911825	0.558952140
-1.62462462	0.561147523	0.534593543	0.595545424	0.466377927	0.545929741	0.562070999
-1.61761762	0.566973686	0.539052296	0.598809952	0.465633437	0.549936262	0.565159242
-1.61061061	0.572806425	0.543507073	0.602030877	0.464851915	0.553929969	0.568215430
-1.60360360	0.578643742	0.547956501	0.605206453	0.464033428	0.557909412	0.571238104
-1.59659660	0.584483577	0.552399168	0.608334914	0.463178052	0.561873106	0.574225780
-1.58958959	0.590323803	0.556833632	0.611414481	0.462285875	0.565819529	0.577176959
-1.58258258	0.596162229	0.561258412	0.614443357	0.461356997	0.569747129	0.580090119
-1.57557558	0.601996599	0.565671993	0.617419730	0.460391523	0.573654315	0.582963717
-1.56856857	0.607824589	0.570072825	0.620341775	0.459389575	0.577539465	0.585796195
-1.56156156	0.613643810	0.574459320	0.623207656	0.458351279	0.581400921	0.588585973
-1.55455455	0.619451808	0.578829858	0.626015521	0.457276775	0.585236990	0.591331455
-1.54754755	0.625246059	0.583182781	0.628763513	0.456166213	0.589045946	0.594031027
-1.54054054	0.631023975	0.587516398	0.631449761	0.455019751	0.592826028	0.596683060
-1.53353353	0.636782901	0.591828979	0.634072387	0.453837560	0.596575442	0.599285906
-1.52652653	0.642520115	0.596118763	0.636629510	0.452619818	0.600292358	0.601837905
-1.51951952	0.648232828	0.600383950	0.639119237	0.451366715	0.603974916	0.604337381
-1.51251251	0.653918188	0.604622709	0.641539678	0.450078452	0.607621221	0.606782646
-1.50550551	0.659573274	0.608833171	0.643888934	0.448755236	0.611229345	0.609171997
-1.49849850	0.665195103	0.613013436	0.646165110	0.447397287	0.614797327	0.611503722
-1.49149149	0.670780625	0.617161567	0.648366308	0.446004835	0.618323178	0.613776098
-1.48448448	0.676326731	0.621275596	0.650490634	0.444578116	0.621804873	0.615987390
-1.47747748	0.681830243	0.625353521	0.652536196	0.443117380	0.625240360	0.618135857
-1.47047047	0.687287928	0.629393308	0.654501110	0.441622883	0.628627556	0.620219750
-1.46346346	0.692696489	0.633392889	0.656383497	0.440094892	0.631964347	0.622237314
-1.45645646	0.698052569	0.637350168	0.658181487	0.438533683	0.635248595	0.624186789
-1.44944945	0.703352757	0.641263017	0.659893222	0.436939540	0.638478130	0.626066410
-1.44244244	0.708593583	0.645129276	0.661516855	0.435312758	0.641650758	0.627874413
-1.43543544	0.713771523	0.648946758	0.663050556	0.433653639	0.644764259	0.629609030
-1.42842843	0.718883001	0.652713249	0.664492509	0.431962493	0.647816389	0.631268494
-1.42142142	0.723924392	0.656426505	0.665840919	0.430239642	0.650804879	0.632851042
-1.41441441	0.728892019	0.660084256	0.667094009	0.428485413	0.653727441	0.634354913
-1.40740741	0.733782163	0.663684208	0.668250026	0.426700143	0.656581763	0.635778351
-1.40040040	0.738591059	0.667224043	0.669307244	0.424884176	0.659365517	0.637119608
-1.39339339	0.743314902	0.670701417	0.670263960	0.423037864	0.662076355	0.638376944
-1.38638639	0.747949849	0.674113967	0.671118503	0.421161568	0.664711914	0.639548628
-1.37937938	0.752492022	0.677459308	0.671869233	0.419255656	0.667269815	0.640632943
-1.37237237	0.756937512	0.680735038	0.672514543	0.417320502	0.669747667	0.641628187
-1.36536537	0.761282381	0.683938735	0.673052863	0.415356490	0.672143069	0.642532669
-1.35835836	0.765522665	0.687067960	0.673482659	0.413364008	0.674453609	0.643344722
-1.35135135	0.769654380	0.690120263	0.673802442	0.411343453	0.676676870	0.644062693
-1.34434434	0.773673527	0.693093178	0.674010760	0.409295229	0.678810428	0.644684955
-1.33733734	0.777576088	0.695984229	0.674106212	0.407219744	0.680851857	0.645209903
-1.33033033	0.781358043	0.698790929	0.674087440	0.405117415	0.682798732	0.645635959
-1.32332332	0.785015362	0.701510787	0.673953139	0.402988664	0.684648627	0.645961571
-1.31631632	0.788544017	0.704141301	0.673702053	0.400833919	0.686399122	0.646185220
-1.30930931	0.791939985	0.706679971	0.673332985	0.398653613	0.688047803	0.646305417
-1.30230230	0.795199254	0.709124291	0.672844791	0.396448185	0.689592266	0.646320710
-1.29529530	0.798317824	0.711471758	0.672236387	0.394218080	0.691030120	0.646229683
-1.28828829	0.801291716	0.713719871	0.671506751	0.391963747	0.692358986	0.646030959
-1.28128128	0.804116979	0.715866134	0.670654925	0.389685641	0.693576506	0.645723203
-1.27427427	0.806789689	0.717908059	0.669680017	0.387384220	0.694680342	0.645305123
-1.26726727	0.809305961	0.719843166	0.668581201	0.385059948	0.695668177	0.644775476
-1.26026026	0.811661953	0.721668989	0.667357723	0.382713293	0.696537726	0.644133065
-1.25325325	0.813853870	0.723383076	0.666008900	0.380344726	0.697286729	0.643376746
-1.24624625	0.815877972	0.724982993	0.664534126	0.377954722	0.697912963	0.642505426
-1.23923924	0.817730580	0.726466325	0.662932868	0.375543761	0.698414241	0.641518069
-1.23223223	0.819408083	0.727830680	0.661204673	0.373112325	0.698788416	0.640413700
-1.22522523	0.820906941	0.729073691	0.659349167	0.370660899	0.699033384	0.639191399
-1.21821822	0.822223695	0.730193019	0.657366059	0.368189972	0.699147089	0.637850314
-1.21121121	0.823354974	0.731186357	0.655255140	0.365700034	0.699127525	0.636389654
-1.20420420	0.824297497	0.732051431	0.653016288	0.363191579	0.698972743	0.634808698
-1.19719720	0.825048084	0.732786003	0.650649464	0.360665103	0.698680848	0.633106795
-1.19019019	0.825603661	0.733387875	0.648154721	0.358121103	0.698250012	0.631283364
-1.18318318	0.825961267	0.733854891	0.645532199	0.355560079	0.697678468	0.629337899
-1.17617618	0.826118060	0.734184941	0.642782128	0.352982532	0.696964520	0.627269969
-1.16916917	0.826071323	0.734375963	0.639904831	0.350388965	0.696106547	0.625079225
-1.16216216	0.825818472	0.734425947	0.636900723	0.347779880	0.695103003	0.622765393
-1.15515516	0.825357062	0.734332935	0.633770310	0.345155783	0.693952422	0.620328285
-1.14814815	0.824684795	0.734095028	0.630514195	0.342517178	0.692653426	0.617767795
-1.14114114	0.823799520	0.733710387	0.627133073	0.339864572	0.691204722	0.615083903
-1.13413413	0.822699248	0.733177235	0.623627735	0.337198471	0.689605111	0.612276678
-1.12712713	0.821382151	0.732493862	0.619999066	0.334519381	0.687853488	0.609346276
-1.12012012	0.819846571	0.731658627	0.616248048	0.331827808	0.685948850	0.606292945
-1.11311311	0.818091027	0.730669960	0.612375756	0.329124258	0.683890296	0.603117023
-1.10610611	0.816114215	0.729526364	0.608383360	0.326409237	0.681677030	0.599818943
-1.09909910	0.813915020	0.728226422	0.604272126	0.323683249	0.679308368	0.596399230
-1.09209209	0.811492514	0.726768796	0.600043412	0.320946798	0.676783739	0.592858507
-1.08508509	0.808845968	0.725152229	0.595698670	0.318200387	0.674102688	0.589197490
-1.07807808	0.805974850	0.723375552	0.591239445	0.315444517	0.671264881	0.585416993
-1.07107107	0.802878833	0.721437680	0.586667370	0.312679690	0.668270105	0.581517927
-1.06406406	0.799557796	0.719337621	0.581984171	0.309906404	0.665118275	0.577501302
-1.05705706	0.796011830	0.717074473	0.577191662	0.307125156	0.661809431	0.573368223
-1.05005005	0.792241239	0.714647430	0.572291742	0.304336440	0.658343748	0.569119895
-1.04304304	0.788246543	0.712055783	0.567286398	0.301540751	0.654721530	0.564757619
-1.03603604	0.784028479	0.709298920	0.562177696	0.298738580	0.650943219	0.560282795
-1.02902903	0.779588007	0.706376330	0.556967787	0.295930414	0.647009394	0.555696920
-1.02202202	0.774926305	0.703287605	0.551658899	0.293116740	0.642920773	0.551001584
-1.01501502	0.770044775	0.700032439	0.546253335	0.290298042	0.638678213	0.546198476
-1.00800801	0.764945039	0.696610633	0.540753473	0.287474800	0.634282714	0.541289377
-1.00100100	0.759628944	0.693022094	0.535161761	0.284647493	0.629735419	0.536276162
-0.99399399	0.754098554	0.689266836	0.529480716	0.281816595	0.625037613	0.531160795
-0.98698699	0.748356157	0.685344983	0.523712918	0.278982578	0.620190726	0.525945333
-0.97997998	0.742404256	0.681256769	0.517861009	0.276145911	0.615196332	0.520631918
-0.97297297	0.736245572	0.677002536	0.511927689	0.273307059	0.610056146	0.515222778
-0.96596597	0.729883038	0.672582739	0.505915713	0.270466485	0.604772030	0.509720224
-0.95895896	0.723319796	0.667997945	0.499827886	0.267624646	0.599345985	0.504126648
-0.95195195	0.716559195	0.663248831	0.493667060	0.264781997	0.593780155	0.498444520
-0.94494494	0.709604784	0.658336186	0.487436131	0.261938990	0.588076822	0.492676383
-0.93793794	0.702460309	0.653260911	0.481138033	0.259096071	0.582238407	0.486824854
-0.93093093	0.695129707	0.648024019	0.474775735	0.256253685	0.576267465	0.480892614
-0.92392392	0.687617099	0.642626633	0.468352239	0.253412271	0.570166683	0.474882413
-0.91691692	0.679926785	0.637069987	0.461870571	0.250572265	0.563938881	0.468797059
-0.90990991	0.672063238	0.631355425	0.455333781	0.247734098	0.557587001	0.462639417
-0.90290290	0.664031092	0.625484399	0.448744936	0.244898198	0.551114110	0.456412403
-0.89589590	0.655835140	0.619458470	0.442107120	0.242064989	0.544523392	0.450118983
-0.88888889	0.647480323	0.613279307	0.435423422	0.239234889	0.537818146	0.443762165
-0.88188188	0.638971722	0.606948684	0.428696940	0.236408315	0.531001778	0.437344996
-0.87487487	0.630314548	0.600468478	0.421930770	0.233585676	0.524077800	0.430870558
-0.86786787	0.621514135	0.593840673	0.415128009	0.230767381	0.517049820	0.424341960
-0.86086086	0.612575929	0.587067352	0.408291742	0.227953832	0.509921538	0.417762335
-0.85385385	0.603505481	0.580150700	0.401425046	0.225145426	0.502696741	0.411134836
-0.84684685	0.594308433	0.573093001	0.394530980	0.222342559	0.495379295	0.404462627
-0.83983984	0.584990512	0.565896637	0.387612586	0.219545619	0.487973135	0.397748882
-0.83283283	0.575557519	0.558564087	0.380672881	0.216754993	0.480482266	0.390996777
-0.82582583	0.566015320	0.551097925	0.373714858	0.213971062	0.472910746	0.384209484
-0.81881882	0.556369834	0.543500818	0.366741479	0.211194203	0.465262685	0.377390167
-0.81181181	0.546627026	0.535775529	0.359755671	0.208424789	0.457542233	0.370541977
-0.80480480	0.536792896	0.527924910	0.352760329	0.205663190	0.449753575	0.363668046
-0.79779780	0.526873472	0.519951906	0.345758307	0.202909768	0.441900921	0.356771480
-0.79079079	0.516874797	0.511859554	0.338752418	0.200164886	0.433988496	0.349855356
-0.78378378	0.506802928	0.503650980	0.331745434	0.197428899	0.426020536	0.342922719
-0.77677678	0.496663919	0.495329404	0.324740081	0.194702161	0.418001274	0.335976570
-0.76976977	0.486463822	0.486898135	0.317739039	0.191985018	0.409934937	0.329019869
-0.76276276	0.476208675	0.478360577	0.310744942	0.189277816	0.401825731	0.322055526
-0.75575576	0.465904498	0.469720226	0.303760376	0.186580895	0.393677841	0.315086401
-0.74874875	0.455557291	0.460980676	0.296787879	0.183894592	0.385495416	0.308115294
-0.74174174	0.445173022	0.452145620	0.289829942	0.181219239	0.377282561	0.301144948
-0.73473473	0.434757634	0.443218853	0.282889011	0.178555166	0.369043337	0.294178042
-0.72772773	0.424317033	0.434204275	0.275967485	0.175902697	0.360781744	0.287217190
-0.72072072	0.413857096	0.425105897	0.269067720	0.173262155	0.352501723	0.280264940
-0.71371371	0.403383663	0.415927849	0.262192032	0.170633856	0.344207143	0.273323771
-0.70670671	0.392902545	0.406674380	0.255342701	0.168018116	0.335901801	0.266396094
-0.69969970	0.382419524	0.397349870	0.248521969	0.165415246	0.327589414	0.259484251
-0.69269269	0.371940356	0.387958839	0.241732053	0.162825553	0.319273617	0.252590517
-0.68568569	0.361470780	0.378505951	0.234975142	0.160249341	0.310957960	0.245717101
-0.67867868	0.351016523	0.368996031	0.228253407	0.157686911	0.302645908	0.238866152
-0.67167167	0.340583310	0.359434070	0.221569008	0.155138560	0.294340838	0.232039757
-0.66466466	0.330176873	0.349825241	0.214924097	0.152604583	0.286046043	0.225239954
-0.65765766	0.319802963	0.340174913	0.208320829	0.150085271	0.277764736	0.218468734
-0.65065065	0.309467367	0.330488662	0.201761371	0.147580912	0.269500054	0.211728047
-0.64364364	0.299175918	0.320772291	0.195247907	0.145091791	0.261255062	0.205019820
-0.63663664	0.288934514	0.311031842	0.188782654	0.142618189	0.253032770	0.198345959
-0.62962963	0.278749137	0.301273619	0.182367867	0.140160387	0.244836137	0.191708368
-0.62262262	0.268625872	0.291504199	0.176005851	0.137718660	0.236668095	0.185108962
-0.61561562	0.258570923	0.281730460	0.169698977	0.135293281	0.228531557	0.178549686
-0.60860861	0.248590642	0.271959594	0.163449687	0.132884521	0.220429447	0.172032530
-0.60160160	0.238691543	0.262199127	0.157260514	0.130492648	0.212364719	0.165559555
-0.59459459	0.228880332	0.252456944	0.151134088	0.128117925	0.204340390	0.159132914
-0.58758759	0.219163921	0.242741304	0.145073154	0.125760617	0.196359571	0.152754882
-0.58058058	0.209549458	0.233060862	0.139080583	0.123420981	0.188425505	0.146427880
-0.57357357	0.200044342	0.223424687	0.133159383	0.121099274	0.180541608	0.140154507
-0.56656657	0.190656246	0.213842277	0.127312717	0.118795751	0.172711517	0.133937578
-0.55955956	0.181393132	0.204323573	0.121543907	0.116510662	0.164939144	0.127780156
-0.55255255	0.172263268	0.194878976	0.115856453	0.114244257	0.157228727	0.121685589
-0.54554555	0.163275236	0.185519349	0.110254037	0.111996781	0.149584898	0.115657556
-0.53853854	0.154437941	0.176256026	0.104740534	0.109768477	0.142012744	0.109700102
-0.53153153	0.145760610	0.167100809	0.099320017	0.107559585	0.134517882	0.103817684
-0.52452452	0.137252784	0.158065959	0.093996761	0.105370343	0.127106530	0.098015211
-0.51751752	0.128924308	0.149164185	0.088775244	0.103200986	0.119785585	0.092298090
-0.51051051	0.120785307	0.140408618	0.083660148	0.101051745	0.112562703	0.086672262
-0.50350350	0.112846151	0.131812781	0.078656345	0.098922849	0.105446370	0.081144241
-0.49649650	0.105117413	0.123390542	0.073768893	0.096814525	0.098445984	0.075721145
-0.48948949	0.097609808	0.115156063	0.069003019	0.094726994	0.091571917	0.070410720
-0.48248248	0.090334130	0.107123728	0.064364092	0.092660477	0.084835577	0.065221358
-0.47547548	0.083301160	0.099308057	0.059857603	0.090615191	0.078249451	0.060162094
-0.46846847	0.076521566	0.091723613	0.055489124	0.088591347	0.071827126	0.055242598
-0.46146146	0.070005793	0.084384879	0.051264266	0.086589156	0.065583291	0.050473140
-0.45445445	0.063763923	0.077306130	0.047188632	0.084608824	0.059533694	0.045864531
-0.44744745	0.057805532	0.070501278	0.043267755	0.082650553	0.053695068	0.041428046
-0.44044044	0.052139527	0.063983704	0.039507033	0.080714542	0.048084991	0.037175299
-0.43343343	0.046773970	0.057766069	0.035911653	0.078800986	0.042721695	0.033118093
-0.42642643	0.041715893	0.051860118	0.032486503	0.076910075	0.037623794	0.029268227
-0.41941942	0.036971100	0.046276455	0.029236086	0.075041994	0.032809932	0.025637249
-0.41241241	0.032543976	0.041024320	0.026164420	0.073196928	0.028298337	0.022236175
-0.40540541	0.028437283	0.036111349	0.023274927	0.071375051	0.024106273	0.019075147
-0.39839840	0.024651976	0.031543339	0.020570334	0.069576537	0.020249397	0.016163050
-0.39139139	0.021187024	0.027324008	0.018052555	0.067801554	0.016741014	0.013507087
-0.38438438	0.018039260	0.023454775	0.015722582	0.066050263	0.013591244	0.011112323
-0.37737738	0.015203254	0.019934547	0.013580383	0.064322822	0.010806142	0.008981201
-0.37037037	0.012671232	0.016759548	0.011624798	0.062619381	0.008386784	0.007113081
-0.36336336	0.010433039	0.013923179	0.009853455	0.060940087	0.006328407	0.005503790
-0.35635636	0.008476163	0.011415933	0.008262702	0.059285078	0.004619663	0.004145270
-0.34934935	0.006785818	0.009225371	0.006847556	0.057654488	0.003242107	0.003025320
-0.34234234	0.005345105	0.007336180	0.005601682	0.056048442	0.002170038	0.002127534
-0.33533534	0.004135247	0.005730307	0.004517408	0.054467062	0.001370836	0.001431460
-0.32832833	0.003135899	0.004387196	0.003585770	0.052910460	0.000805939	0.000913060
-0.32132132	0.002325530	0.003284129	0.002796606	0.051378741	0.000432567	0.000545505
-0.31431431	0.001681878	0.002396660	0.002138688	0.049872002	0.000206220	0.000300339
-0.30730731	0.001182451	0.001699158	0.001599906	0.048390335	0.000083838	0.000148977
-0.30030030	0.000805064	0.001165428	0.001167490	0.046933822	0.000027266	0.000064440
-0.29329329	0.000528385	0.000769409	0.000828283	0.045502535	0.000006369	0.000023139
-0.28628629	0.000332460	0.000485892	0.000569040	0.044096540	0.000000873	0.000006374
-0.27927928	0.000199185	0.000291246	0.000376752	0.042715895	0.000000045	0.000001175
-0.27227227	0.000112682	0.000164079	0.000238980	0.041360645	0.000000000	0.000000111
-0.26526527	0.000059557	0.000085789	0.000144178	0.040030828	0.000000000	0.000000003
-0.25825826	0.000029015	0.000040943	0.000081977	0.038726474	0.000000000	0.000000000
-0.25125125	0.000012800	0.000017441	0.000043417	0.037447601	0.000000000	0.000000000
-0.24424424	0.000004994	0.000006429	0.000021095	0.036194216	0.000000000	0.000000000
-0.23723724	0.000001668	0.000001961	0.000009213	0.034966319	0.000000000	0.000000000
-0.23023023	0.000000456	0.000000463	0.000003518	0.033763896	0.000000000	0.000000000
-0.22322322	0.000000095	0.000000076	0.000001129	0.032586924	0.000000000	0.000000000
-0.21621622	0.000000014	0.000000007	0.000000287	0.031435370	0.000000000	0.000000000
-0.20920921	0.000000001	0.000000000	0.000000053	0.030309187	0.000000000	0.000000000
-0.20220220	0.000000000	0.000000000	0.000000006	0.029208319	0.000000000	0.000000000
-0.19519520	0.000000000	0.000000000	0.000000000	0.028132698	0.000000000	0.000000000
-0.18818819	0.000000000	0.000000000	0.000000000	0.027082244	0.000000000	0.000000000
-0.18118118	0.000000000	0.000000000	0.000000000	0.026056864	0.000000000	0.000000000
-0.17417417	0.000000000	0.000000000	0.000000000	0.025056456	0.000000000	0.000000000
-0.16716717	0.000000000	0.000000000	0.000000000	0.024080903	0.000000000	0.000000000
-0.16016016	0.000000000	0.000000000	0.000000000	0.023130077	0.000000000	0.000000000
-0.15315315	0.000000000	0.000000000	0.000000000	0.022203839	0.000000000	0.000000000
-0.14614615	0.000000000	0.000000000	0.000000000	0.021302035	0.000000000	0.000000000
-0.13913914	0.000000000	0.000000000	0.000000000	0.020424501	0.000000000	0.000000000
-0.13213213	0.000000000	0.000000000	0.000000000	0.019571060	0.000000000	0.000000000
-0.12512513	0.000000000	0.000000000	0.000000000	0.018741521	0.000000000	0.000000000
-0.11811812	0.000000000	0.000000000	0.000000000	0.017935684	0.000000000	0.000000000
-0.11111111	0.000000000	0.000000000	0.000000000	0.017153335	0.000000000	0.000000000
-0.10410410	0.000000000	0.000000000	0.000000000	0.016394246	0.000000000	0.000000000
-0.09709710	0.000000000	0.000000000	0.000000000	0.015658181	0.000000000	0.000000000
-0.09009009	0.000000000	0.000000000	0.000000000	0.014944888	0.000000000	0.000000000
-0.08308308	0.000000000	0.000000000	0.000000000	0.014254106	0.000000000	0.000000000
-0.07607608	0.000000000	0.000000000	0.000000000	0.013585562	0.000000000	0.000000000
-0.06906907	0.000000000	0.000000000	0.000000000	0.012938971	0.000000000	0.000000000
-0.06206206	0.000000000	0.000000000	0.000000000	0.012314037	0.000000000	0.000000000
-0.05505506	0.000000000	0.000000000	0.000000000	0.011710454	0.000000000	0.000000000
-0.04804805	0.000000000	0.000000000	0.000000000	0.011127903	0.000000000	0.000000000
-0.04104104	0.000000000	0.000000000	0.000000000	0.010566059	0.000000000	0.000000000
-0.03403403	0.000000000	0.000000000	0.000000000	0.010024582	0.000000000	0.000000000
-0.02702703	0.000000000	0.000000000	0.000000000	0.009503128	0.000000000	0.000000000
-0.02002002	0.000000000	0.000000000	0.000000000	0.009001338	0.000000000	0.000000000
-0.01301301	0.000000000	0.000000000	0.000000000	0.008518850	0.000000000	0.000000000
-0.00600601	0.000000000	0.000000000	0.000000000	0.008055289	0.000000000	0.000000000
0.00100100	0.000000000	0.000000000	0.000000000	0.007610276	0.000000000	0.000000000
0.00800801	0.000000000	0.000000000	0.000000000	0.007183421	0.000000000	0.000000000
0.01501502	0.000000000	0.000000000	0.000000000	0.006774331	0.000000000	0.000000000
0.02202202	0.000000000	0.000000000	0.000000000	0.006382603	0.000000000	0.000000000
0.02902903	0.000000000	0.000000000	0.000000000	0.006007832	0.000000000	0.000000000
0.03603604	0.000000000	0.000000000	0.000000000	0.005649604	0.000000000	0.000000000
0.04304304	0.000000000	0.000000000	0.000000000	0.005307503	0.000000000	0.000000000
0.05005005	0.000000000	0.000000000	0.000000000	0.004981109	0.000000000	0.000000000
0.05705706	0.000000000	0.000000000	0.000000000	0.004669997	0.000000000	0.000000000
0.06406406	0.000000000	0.000000000	0.000000000	0.004373741	0.000000000	0.000000000
0.07107107	0.000000000	0.000000000	0.000000000	0.004091910	0.000000000	0.000000000
0.07807808	0.000000000	0.000000000	0.000000000	0.003824075	0.000000000	0.000000000
0.08508509	0.000000000	0.000000000	0.000000000	0.003569804	0.000000000	0.000000000
0.09209209	0.000000000	0.000000000	0.000000000	0.003328664	0.000000000	0.000000000
0.09909910	0.000000000	0.000000000	0.000000000	0.003100225	0.000000000	0.000000000
0.10610611	0.000000000	0.000000000	0.000000000	0.002884055	0.000000000	0.000000000
0.11311311	0.000000000	0.000000000	0.000000000	0.002679725	0.000000000	0.000000000
0.12012012	0.000000000	0.000000000	0.000000000	0.002486809	0.000000000	0.000000000
0.12712713	0.000000000	0.000000000	0.000000000	0.002304882	0.000000000	0.000000000
0.13413413	0.000000000	0.000000000	0.000000000	0.002133525	0.000000000	0.000000000
0.14114114	0.000000000	0.000000000	0.000000000	0.001972319	0.000000000	0.000000000
0.14814815	0.000000000	0.000000000	0.000000000	0.001820854	0.000000000	0.000000000
0.15515516	0.000000000	0.000000000	0.000000000	0.001678722	0.000000000	0.000000000
0.16216216	0.000000000	0.000000000	0.000000000	0.001545523	0.000000000	0.000000000
0.16916917	0.000000000	0.000000000	0.000000000	0.001420860	0.000000000	0.000000000
0.17617618	0.000000000	0.000000000	0.000000000	0.001304347	0.000000000	0.000000000
0.18318318	0.000000000	0.000000000	0.000000000	0.001195602	0.000000000	0.000000000
0.19019019	0.000000000	0.000000000	0.000000000	0.001094252	0.000000000	0.000000000
0.19719720	0.000000000	0.000000000	0.000000000	0.000999931	0.000000000	0.000000000
0.20420420	0.000000000	0.000000000	0.000000000	0.000912283	0.000000000	0.000000000
0.21121121	0.000000000	0.000000000	0.000000000	0.000830960	0.000000000	0.000000000
0.21821822	0.000000000	0.000000000	0.000000000	0.000755622	0.000000000	0.000000000
0.22522523	0.000000000	0.000000000	0.000000000	0.000685941	0.000000000	0.000000000
0.23223223	0.000000000	0.000000000	0.000000000	0.000621598	0.000000000	0.000000000
0.23923924	0.000000000	0.000000000	0.000000000	0.000562282	0.000000000	0.000000000
0.24624625	0.000000000	0.000000000	0.000000000	0.000507694	0.000000000	0.000000000
0.25325325	0.000000000	0.000000000	0.000000000	0.000457546	0.000000000	0.000000000
0.26026026	0.000000000	0.000000000	0.000000000	0.000411559	0.000000000	0.000000000
0.26726727	0.000000000	0.000000000	0.000000000	0.000369465	0.000000000	0.000000000
0.27427427	0.000000000	0.000000000	0.000000000	0.000331007	0.000000000	0.000000000
0.28128128	0.000000000	0.000000000	0.000000000	0.000295939	0.000000000	0.000000000
0.28828829	0.000000000	0.000000000	0.000000000	0.000264026	0.000000000	0.000000000
0.29529530	0.000000000	0.000000000	0.000000000	0.000235043	0.000000000	0.000000000
0.30230230	0.000000000	0.000000000	0.000000000	0.000208774	0.000000000	0.000000000
0.30930931	0.000000000	0.000000000	0.000000000	0.000185018	0.000000000	0.000000000
0.31631632	0.000000000	0.000000000	0.000000000	0.000163580	0.000000000	0.000000000
0.32332332	0.000000000	0.000000000	0.000000000	0.000144278	0.000000000	0.000000000
0.33033033	0.000000000	0.000000000	0.000000000	0.000126939	0.000000000	0.000000000
0.33733734	0.000000000	0.000000000	0.000000000	0.000111401	0.000000000	0.000000000
0.34434434	0.000000000	0.000000000	0.000000000	0.000097510	0.000000000	0.000000000
0.35135135	0.000000000	0.000000000	0.000000000	0.000085122	0.000000000	0.000000000
0.35835836	0.000000000	0.000000000	0.000000000	0.000074104	0.000000000	0.000000000
0.36536537	0.000000000	0.000000000	0.000000000	0.000064329	0.000000000	0.000000000
0.37237237	0.000000000	0.000000000	0.000000000	0.000055682	0.000000000	0.000000000
0.37937938	0.000000000	0.000000000	0.000000000	0.000048052	0.000000000	0.000000000
0.38638639	0.000000000	0.000000000	0.000000000	0.000041341	0.000000000	0.000000000
0.39339339	0.000000000	0.000000000	0.000000000	0.000035454	0.000000000	0.000000000
0.40040040	0.000000000	0.000000000	0.000000000	0.000030306	0.000000000	0.000000000
0.40740741	0.000000000	0.000000000	0.000000000	0.000025819	0.000000000	0.000000000
0.41441441	0.000000000	0.000000000	0.000000000	0.000021920	0.000000000	0.000000000
0.42142142	0.000000000	0.000000000	0.000000000	0.000018544	0.000000000	0.000000000
0.42842843	0.000000000	0.000000000	0.000000000	0.000015630	0.000000000	0.000000000
0.43543544	0.000000000	0.000000000	0.000000000	0.000013124	0.000000000	0.000000000
0.44244244	0.000000000	0.000000000	0.000000000	0.000010976	0.000000000	0.000000000
0.44944945	0.000000000	0.000000000	0.000000000	0.000009143	0.000000000	0.000000000
0.45645646	0.000000000	0.000000000	0.000000000	0.000007585	0.000000000	0.000000000
0.46346346	0.000000000	0.000000000	0.000000000	0.000006265	0.000000000	0.000000000
0.47047047	0.000000000	0.000000000	0.000000000	0.000005152	0.000000000	0.000000000
0.47747748	0.000000000	0.000000000	0.000000000	0.000004217	0.000000000	0.000000000
0.48448448	0.000000000	0.000000000	0.000000000	0.000003435	0.000000000	0.000000000
0.49149149	0.000000000	0.000000000	0.000000000	0.000002785	0.000000000	0.000000000
0.49849850	0.000000000	0.000000000	0.000000000	0.000002246	0.000000000	0.000000000
0.50550551	0.000000000	0.000000000	0.000000000	0.000001802	0.000000000	0.000000000
0.51251251	0.000000000	0.000000000	0.000000000	0.000001438	0.000000000	0.000000000
0.51951952	0.000000000	0.000000000	0.000000000	0.000001141	0.000000000	0.000000000
0.52652653	0.000000000	0.000000000	0.000000000	0.000000900	0.000000000	0.000000000
0.53353353	0.000000000	0.000000000	0.000000000	0.000000705	0.000000000	0.000000000
0.54054054	0.000000000	0.000000000	0.000000000	0.000000549	0.000000000	0.000000000
0.54754755	0.000000000	0.000000000	0.000000000	0.000000425	0.000000000	0.000000000
0.55455455	0.000000000	0.000000000	0.000000000	0.000000327	0.000000000	0.000000000
0.56156156	0.000000000	0.000000000	0.000000000	0.000000249	0.000000000	0.000000000
0.56856857	0.000000000	0.000000000	0.000000000	0.000000189	0.000000000	0.000000000
0.57557558	0.000000000	0.000000000	0.000000000	0.000000142	0.000000000	0.000000000
0.58258258	0.000000000	0.000000000	0.000000000	0.000000106	0.000000000	0.000000000
0.58958959	0.000000000	0.000000000	0.000000000	0.000000078	0.000000000	0.000000000
0.59659660	0.000000000	0.000000000	0.000000000	0.000000057	0.000000000	0.000000000
0.60360360	0.000000000	0.000000000	0.000000000	0.000000042	0.000000000	0.000000000
0.61061061	0.000000000	0.000000000	0.000000000	0.000000030	0.000000000	0.000000000
0.61761762	0.000000000	0.000000000	0.000000000	0.000000021	0.000000000	0.000000000
0.62462462	0.000000000	0.000000000	0.000000000	0.000000015	0.000000000	0.000000000
0.63163163	0.000000000	0.000000000	0.000000000	0.000000010	0.000000000	0.000000000
0.63863864	0.000000000	0.000000000	0.000000000	0.000000007	0.000000000	0.000000000
0.64564565	0.000000000	0.000000000	0.000000000	0.000000005	0.000000000	0.000000000
0.65265265	0.000000000	0.000000000	0.000000000	0.000000003	0.000000000	0.000000000
0.65965966	0.000000000	0.000000000	0.000000000	0.000000002	0.000000000	0.000000000
0.66666667	0.000000000	0.000000000	0.000000000	0.000000001	0.000000000	0.000000000
0.67367367	0.000000000	0.000000000	0.000000000	0.000000001	0.000000000	0.000000000
0.68068068	0.000000000	0.000000000	0.000000000	0.000000001	0.000000000	0.000000000
0.68768769	0.000000000	0.000000000	0.000000000	0.000000000	0.000000000	0.000000000
0.69469469	0.000000000	0.000000000	0.000000000	0.000000000	0.000000000	0.000000000
0.70170170	0.000000000	0.000000000	0.000000000	0.000000000	0.000000000	0.000000000
0.70870871	0.000000000	0.000000000	0.000000000	0.000000000	0.000000000	0.000000000
0.71571572	0.000000000	0.000000000	0.000000000	0.000000000	0.000000000	0.000000000
0.72272272	0.000000000	0.000000000	0.000000000	0.000000000	0.000000000	0.000000000
0.72972973	0.000000000	0.000000000	0.000000000	0.000000000	0.000000000	0.000000000
0.73673674	0.000000000	0.000000000	0.000000000	0.000000000	0.000000000	0.000000000
0.74374374	0.000000000	0.000000000	0.000000000	0.000000000	0.000000000	0.000000000
0.75075075	0.000000000	0.000000000	0.000000000	0.000000000	0.000000000	0.000000000
0.75775776	0.000000000	0.000000000	0.000000000	0.000000000	0.000000000	0.000000000
0.76476476	0.000000000	0.000000000	0.000000000	0.000000000	0.000000000	0.000000000
0.77177177	0.000000000	0.000000000	0.000000000	0.000000000	0.000000000	0.000000000
0.77877878	0.000000000	0.000000000	0.000000000	0.000000000	0.000000000	0.000000000
0.78578579	0.000000000	0.000000000	0.000000000	0.000000000	0.000000000	0.000000000
0.79279279	0.000000000	0.000000000	0.000000000	0.000000000	0.000000000	0.000000000
0.79979980	0.000000000	0.000000000	0.000000000	0.000000000	0.000000000	0.000000000
0.80680681	0.000000000	0.000000000	0.000000000	0.000000000	0.000000000	0.000000000
0.81381381	0.000000000	0.000000000	0.000000000	0.000000000	0.000000000	0.000000000
0.82082082	0.000000000	0.000000000	0.000000000	0.000000000	0.000000000	0.000000000
0.82782783	0.000000000	0.000000000	0.000000000	0.000000000	0.000000000	0.000000000
0.83483483	0.000000000	0.000000000	0.000000000	0.000000000	0.000000000	0.000000000
0.84184184	0.000000000	0.000000000	0.000000000	0.000000000	0.000000000	0.000000000
0.84884885	0.000000000	0.000000000	0.000000000	0.000000000	0.000000000	0.000000000
0.85585586	0.000000000	0.000000000	0.000000000	0.000000000	0.000000000	0.000000000
0.86286286	0.000000000	0.000000000	0.000000000	0.000000000	0.000000000	0.000000000
0.86986987	0.000000000	0.000000000	0.000000000	0.000000000	0.000000000	0.000000000
0.87687688	0.000000000	0.000000000	0.000000000	0.000000000	0.000000000	0.000000000
0.88388388	0.000000000	0.000000000	0.000000000	0.000000000	0.000000000	0.000000000
0.89089089	0.000000000	0.000000000	0.000000000	0.000000000	0.000000000	0.000000000
0.89789790	0.000000000	0.000000000	0.000000000	0.000000000	0.000000000	0.000000000
0.90490490	0.000000000	0.000000000	0.000000000	0.000000000	0.000000000	0.000000000
0.91191191	0.000000000	0.000000000	0.000000000	0.000000000	0.000000000	0.000000000
0.91891892	0.000000000	0.000000000	0.000000000	0.000000000	0.000000000	0.000000000
0.92592593	0.000000000	0.000000000	0.000000000	0.000000000	0.000000000	0.000000000
0.93293293	0.000000000	0.000000000	0.000000000	0.000000000	0.000000000	0.000000000
0.93993994	0.000000000	0.000000000	0.000000000	0.000000000	0.000000000	0.000000000
0.94694695	0.000000000	0.000000000	0.000000000	0.000000000	0.000000000	0.000000000
0.95395395	0.000000000	0.000000000	0.000000000	0.000000000	0.000000000	0.000000000
0.96096096	0.000000000	0.000000000	0.000000000	0.000000000	0.000000000	0.000000000
0.96796797	0.000000000	0.000000000	0.000000000	0.000000000	0.000000000	0.000000000
0.97497497	0.000000000	0.000000000	0.000000000	0.000000000	0.000000000	0.000000000
0.98198198	0.000000000	0.000000000	0.000000000	0.000000000	0.000000000	0.000000000
0.98898899	0.000000000	0.000000000	0.000000000	0.000000000	0.000000000	0.000000000
0.99599600	0.000000000	0.000000000	0.000000000	0.000000000	0.000000000	0.000000000
1.00300300	0.000000000	0.000000000	0.000000000	0.000000000	0.000000000	0.000000000
1.01001001	0.000000000	0.000000000	0.000000000	0.000000000	0.000000000	0.000000000
1.01701702	0.000000000	0.000000000	0.000000000	0.000000000	0.000000000	0.000000000
1.02402402	0.000000000	0.000000000	0.000000000	0.000000000	0.000000000	0.000000000
1.03103103	0.000000000	0.000000000	0.000000000	0.000000000	0.000000000	0.000000000
1.03803804	0.000000000	0.000000000	0.000000000	0.000000000	0.000000000	0.000000000
1.04504505	0.000000000	0.000000000	0.000000000	0.000000000	0.000000000	0.000000000
1.05205205	0.000000000	0.000000000	0.000000000	0.000000000	0.000000000	0.000000000
1.05905906	0.000000000	0.000000000	0.000000000	0.000000000	0.000000000	0.000000000
1.06606607	0.000000000	0.000000000	0.000000000	0.000000000	0.000000000	0.000000000
1.07307307	0.000000000	0.000000000	0.000000000	0.000000000	0.000000000	0.000000000
1.08008008	0.000000000	0.000000000	0.000000000	0.000000000	0.000000000	0.000000000
1.08708709	0.000000000	0.000000000	0.000000000	0.000000000	0.000000000	0.000000000
1.09409409	0.000000000	0.000000000	0.000000000	0.000000000	0.000000000	0.000000000
1.10110110	0.000000000	0.000000000	0.000000000	0.000000000	0.000000000	0.000000000
1.10810811	0.000000000	0.000000000	0.000000000	0.000000000	0.000000000	0.000000000
1.11511512	0.000000000	0.000000000	0.000000000	0.000000000	0.000000000	0.000000000
1.12212212	0.000000000	0.000000000	0.000000000	0.000000000	0.000000000	0.000000000
1.12912913	0.000000000	0.000000000	0.000000000	0.000000000	0.000000000	0.000000000
1.13613614	0.000000000	0.000000000	0.000000000	0.000000000	0.000000000	0.000000000
1.14314314	0.000000000	0.000000000	0.000000000	0.000000000	0.000000000	0.000000000
1.15015015	0.000000000	0.000000000	0.000000000	0.000000000	0.000000000	0.000000000
1.15715716	0.000000000	0.000000000	0.000000000	0.000000000	0.000000000	0.000000000
1.16416416	0.000000000	0.000000000	0.000000000	0.000000000	0.000000000	0.000000000
1.17117117	0.000000000	0.000000000	0.000000000	0.000000000	0.000000000	0.000000000
1.17817818	0.000000000	0.000000000	0.000000000	0.000000000	0.000000000	0.000000000
1.18518519	0.000000000	0.000000000	0.000000000	0.000000000	0.000000000	0.000000000
1.19219219	0.000000000	0.000000000	0.000000000	0.000000000	0.000000000	0.000000000
1.19919920	0.000000000	0.000000000	0.000000000	0.000000000	0.000000000	0.000000000
1.20620621	0.000000000	0.000000000	0.000000000	0.000000000	0.000000000	0.000000000
1.21321321	0.000000000	0.000000000	0.000000000	0.000000000	0.000000000	0.000000000
1.22022022	0.000000000	0.000000000	0.000000000	0.000000000	0.000000000	0.000000000
1.22722723	0.000000000	0.000000000	0.000000000	0.000000000	0.000000000	0.000000000
1.23423423	0.000000000	0.000000000	0.000000000	0.000000000	0.000000000	0.000000000
1.24124124	0.000000000	0.000000000	0.000000000	0.000000000	0.000000000	0.000000000
1.24824825	0.000000000	0.000000000	0.000000000	0.000000000	0.000000000	0.000000000
1.25525526	0.000000000	0.000000000	0.000000000	0.000000000	0.000000000	0.000000000
1.26226226	0.000000000	0.000000000	0.000000000	0.000000000	0.000000000	0.000000000
1.26926927	0.000000000	0.000000000	0.000000000	0.000000000	0.000000000	0.000000000
1.27627628	0.000000000	0.000000000	0.000000000	0.000000000	0.000000000	0.000000000
1.28328328	0.000000000	0.000000000	0.000000000	0.000000000	0.000000000	0.000000000
1.29029029	0.000000000	0.000000000	0.000000000	0.000000000	0.000000000	0.000000000
1.29729730	0.000000000	0.000000000	0.000000000	0.000000000	0.000000000	0.000000000
1.30430430	0.000000000	0.000000000	0.000000000	0.000000000	0.000000000	0.000000000
1.31131131	0.000000000	0.000000000	0.000000000	0.000000000	0.000000000	0.000000000
1.31831832	0.000000000	0.000000000	0.000000000	0.000000000	0.000000000	0.000000000
1.32532533	0.000000000	0.000000000	0.000000000	0.000000000	0.000000000	0.000000000
1.33233233	0.000000000	0.000000000	0.000000000	0.000000000	0.000000000	0.000000000
1.33933934	0.000000000	0.000000000	0.000000000	0.000000000	0.000000000	0.000000000
1.34634635	0.000000000	0.000000000	0.000000000	0.000000000	0.000000000	0.000000000
1.35335335	0.000000000	0.000000000	0.000000000	0.000000000	0.000000000	0.000000000
1.36036036	0.000000000	0.000000000	0.000000000	0.000000000	0.000000000	0.000000000
1.36736737	0.000000000	0.000000000	0.000000000	0.000000000	0.000000000	0.000000000
1.37437437	0.000000000	0.000000000	0.000000000	0.000000000	0.000000000	0.000000000
1.38138138	0.000000000	0.000000000	0.000000000	0.000000000	0.000000000	0.000000000
1.38838839	0.000000000	0.000000000	0.000000000	0.000000000	0.000000000	0.000000000
1.39539540	0.000000000	0.000000000	0.000000000	0.000000000	0.000000000	0.000000000
1.40240240	0.000000000	0.000000000	0.000000000	0.000000000	0.000000000	0.000000000
1.40940941	0.000000000	0.000000000	0.000000000	0.000000000	0.000000000	0.000000000
1.41641642	0.000000000	0.000000000	0.000000000	0.000000000	0.000000000	0.000000000
1.42342342	0.000000000	0.000000000	0.000000000	0.000000000	0.000000000	0.000000000
1.43043043	0.000000000	0.000000000	0.000000000	0.000000000	0.000000000	0.000000000
1.43743744	0.000000000	0.000000000	0.000000000	0.000000000	0.000000000	0.000000000
1.44444444	0.000000000	0.000000000	0.000000000	0.000000000	0.000000000	0.000000000
1.45145145	0.000000000	0.000000000	0.000000000	0.000000000	0.000000000	0.000000000
1.45845846	0.000000000	0.000000000	0.000000000	0.000000000	0.000000000	0.000000000
1.46546547	0.000000000	0.000000000	0.000000000	0.000000000	0.000000000	0.000000000
1.47247247	0.000000000	0.000000000	0.000000000	0.000000000	0.000000000	0.000000000
1.47947948	0.000000000	0.000000000	0.000000000	0.000000000	0.000000000	0.000000000
1.48648649	0.000000000	0.000000000	0.000000000	0.000000000	0.000000000	0.000000000
1.49349349	0.000000000	0.000000000	0.000000000	0.000000000	0.000000000	0.000000000
1.50050050	0.000000000	0.000000000	0.000000000	0.000000000	0.000000000	0.000000000
1.50750751	0.000000000	0.000000000	0.000000000	0.000000000	0.000000000	0.000000000
1.51451451	0.000000000	0.000000000	0.000000000	0.000000000	0.000000000	0.000000000
1.52152152	0.000000000	0.000000000	0.000000000	0.000000000	0.000000000	0.000000000
1.52852853	0.000000000	0.000000000	0.000000000	0.000000000	0.000000000	0.000000000
1.53553554	0.000000000	0.000000000	0.000000000	0.000000000	0.000000000	0.000000000
1.54254254	0.000000000	0.000000000	0.000000000	0.000000000	0.000000000	0.000000000
1.54954955	0.000000000	0.000000000	0.000000000	0.000000000	0.000000000	0.000000000
1.55655656	0.000000000	0.000000000	0.000000000	0.000000000	0.000000000	0.000000000
1.56356356	0.000000000	0.000000000	0.000000000	0.000000000	0.000000000	0.000000000
1.57057057	0.000000000	0.000000000	0.000000000	0.000000000	0.000000000	0.000000000
1.57757758	0.000000000	0.000000000	0.000000000	0.000000000	0.000000000	0.000000000
1.58458458	0.000000000	0.000000000	0.000000000	0.000000000	0.000000000	0.000000000
1.59159159	0.000000000	0.000000000	0.000000000	0.000000000	0.000000000	0.000000000
1.59859860	0.000000000	0.000000000	0.000000000	0.000000000	0.000000000	0.000000000
1.60560561	0.000000000	0.000000000	0.000000000	0.000000000	0.000000000	0.000000000
1.61261261	0.000000000	0.000000000	0.000000000	0.000000000	0.000000000	0.000000000
1.61961962	0.000000000	0.000000000	0.000000000	0.000000000	0.000000000	0.000000000
1.62662663	0.000000000	0.000000000	0.000000000	0.000000000	0.000000000	0.000000000
1.63363363	0.000000000	0.000000000	0.000000000	0.000000000	0.000000000	0.000000000
1.64064064	0.000000000	0.000000000	0.000000000	0.000000000	0.000000000	0.000000000
1.64764765	0.000000000	0.000000000	0.000000000	0.000000000	0.000000000	0.000000000
1.65465465	0.000000000	0.000000000	0.000000000	0.000000000	0.000000000	0.000000000
1.66166166	0.000000000	0.000000000	0.000000000	0.000000000	0.000000000	0.000000000
1.66866867	0.000000000	0.000000000	0.000000000	0.000000000	0.000000000	0.000000000
1.67567568	0.000000000	0.000000000	0.000000000	0.000000000	0.000000000	0.000000000
1.68268268	0.000000000	0.000000000	0.000000000	0.000000000	0.000000000	0.000000000
1.68968969	0.000000000	0.000000000	0.000000000	0.000000000	0.000000000	0.000000000
1.69669670	0.000000000	0.000000000	0.000000000	0.000000000	0.000000000	0.000000000
1.70370370	0.000000000	0.000000000	0.000000000	0.000000000	0.000000000	0.000000000
1.71071071	0.000000000	0.000000000	0.000000000	0.000000000	0.000000000	0.000000000
1.71771772	0.000000000	0.000000000	0.000000000	0.000000000	0.000000000	0.000000000
1.72472472	0.000000000	0.000000000	0.000000000	0.000000000	0.000000000	0.000000000
1.73173173	0.000000000	0.000000000	0.000000000	0.000000000	0.000000000	0.000000000
1.73873874	0.000000000	0.000000000	0.000000000	0.000000000	0.000000000	0.000000000
1.74574575	0.000000000	0.000000000	0.000000000	0.000000000	0.000000000	0.000000000
1.75275275	0.000000000	0.000000000	0.000000000	0.000000000	0.000000000	0.000000000
1.75975976	0.000000000	0.000000000	0.000000000	0.000000000	0.000000000	0.000000000
1.76676677	0.000000000	0.000000000	0.000000000	0.000000000	0.000000000	0.000000000
1.77377377	0.000000000	0.000000000	0.000000000	0.000000000	0.000000000	0.000000000
1.78078078	0.000000000	0.000000000	0.000000000	0.000000000	0.000000000	0.000000000
1.78778779	0.000000000	0.000000000	0.000000000	0.000000000	0.000000000	0.000000000
1.79479479	0.000000000	0.000000000	0.000000000	0.000000000	0.000000000	0.000000000
1.80180180	0.000000000	0.000000000	0.000000000	0.000000000	0.000000000	0.000000000
1.80880881	0.000000000	0.000000000	0.000000000	0.000000000	0.000000000	0.000000000
1.81581582	0.000000000	0.000000000	0.000000000	0.000000000	0.000000000	0.000000000
1.82282282	0.000000000	0.000000000	0.000000000	0.000000000	0.000000000	0.000000000
1.82982983	0.000000000	0.000000000	0.000000000	0.000000000	0.000000000	0.000000000
1.83683684	0.000000000	0.000000000	0.000000000	0.000000000	0.000000000	0.000000000
1.84384384	0.000000000	0.000000000	0.000000000	0.000000000	0.000000000	0.000000000
1.85085085	0.000000000	0.000000000	0.000000000	0.000000000	0.000000000	0.000000000
1.85785786	0.000000000	0.000000000	0.000000000	0.000000000	0.000000000	0.000000000
1.86486486	0.000000000	0.000000000	0.000000000	0.000000000	0.000000000	0.000000000
1.87187187	0.000000000	0.000000000	0.000000000	0.000000000	0.000000000	0.000000000
1.87887888	0.000000000	0.000000000	0.000000000	0.000000000	0.000000000	0.000000000
1.88588589	0.000000000	0.000000000	0.000000000	0.000000000	0.000000000	0.000000000
1.89289289	0.000000000	0.000000000	0.000000000	0.000000000	0.000000000	0.000000000
1.89989990	0.000000000	0.000000000	0.000000000	0.000000000	0.000000000	0.000000000
1.90690691	0.000000000	0.000000000	0.000000000	0.000000000	0.000000000	0.000000000
1.91391391	0.000000000	0.000000000	0.000000000	0.000000000	0.000000000	0.000000000
1.92092092	0.000000000	0.000000000	0.000000000	0.000000000	0.000000000	0.000000000
1.92792793	0.000000000	0.000000000	0.000000000	0.000000000	0.000000000	0.000000000
1.93493493	0.000000000	0.000000000	0.000000000	0.000000000	0.000000000	0.000000000
1.94194194	0.000000000	0.000000000	0.000000000	0.000000000	0.000000000	0.000000000
1.94894895	0.000000000	0.000000000	0.000000000	0.000000000	0.000000000	0.000000000
1.95595596	0.000000000	0.000000000	0.000000000	0.000000000	0.000000000	0.000000000
1.96296296	0.000000000	0.000000000	0.000000000	0.000000000	0.000000000	0.000000000
1.96996997	0.000000000	0.000000000	0.000000000	0.000000000	0.000000000	0.000000000
1.97697698	0.000000000	0.000000000	0.000000000	0.000000000	0.000000000	0.000000000
1.98398398	0.000000000	0.000000000	0.000000000	0.000000000	0.000000000	0.000000000
1.99099099	0.000000000	0.000000000	0.000000000	0.000000000	0.000000000	0.000000000
1.99799800	0.000000000	0.000000000	0.000000000	0.000000000	0.000000000	0.000000000
2.00500501	0.000000000	0.000000000	0.000000000	0.000000000	0.000000000	0.000000000
2.01201201	0.000000000	0.000000000	0.000000000	0.000000000	0.000000000	0.000000000
2.01901902	0.000000000	0.000000000	0.000000000	0.000000000	0.000000000	0.000000000
2.02602603	0.000000000	0.000000000	0.000000000	0.000000000	0.000000000	0.000000000
2.03303303	0.000000000	0.000000000	0.000000000	0.000000000	0.000000000	0.000000000
2.04004004	0.000000000	0.000000000	0.000000000	0.000000000	0.000000000	0.000000000
2.04704705	0.000000000	0.000000000	0.000000000	0.000000000	0.000000000	0.000000000
2.05405405	0.000000000	0.000000000	0.000000000	0.000000000	0.000000000	0.000000000
2.06106106	0.000000000	0.000000000	0.000000000	0.000000000	0.000000000	0.000000000
2.06806807	0.000000000	0.000000000	0.000000000	0.000000000	0.000000000	0.000000000
2.07507508	0.000000000	0.000000000	0.000000000	0.000000000	0.000000000	0.000000000
2.08208208	0.000000000	0.000000000	0.000000000	0.000000000	0.000000000	0.000000000
2.08908909	0.000000000	0.000000000	0.000000000	0.000000000	0.000000000	0.000000000
2.09609610	0.000000000	0.000000000	0.000000000	0.000000000	0.000000000	0.000000000
2.10310310	0.000000000	0.000000000	0.000000000	0.000000000	0.000000000	0.000000000
2.11011011	0.000000000	0.000000000	0.000000000	0.000000000	0.000000000	0.000000000
2.11711712	0.000000000	0.000000000	0.000000000	0.000000000	0.000000000	0.000000000
2.12412412	0.000000000	0.000000000	0.000000000	0.000000000	0.000000000	0.000000000
2.13113113	0.000000000	0.000000000	0.000000000	0.000000000	0.000000000	0.000000000
2.13813814	0.000000000	0.000000000	0.000000000	0.000000000	0.000000000	0.000000000
2.14514515	0.000000000	0.000000000	0.000000000	0.000000000	0.000000000	0.000000000
2.15215215	0.000000000	0.000000000	0.000000000	0.000000000	0.000000000	0.000000000
2.15915916	0.000000000	0.000000000	0.000000000	0.000000000	0.000000000	0.000000000
2.16616617	0.000000000	0.000000000	0.000000000	0.000000000	0.000000000	0.000000000
2.17317317	0.000000000	0.000000000	0.000000000	0.000000000	0.000000000	0.000000000
2.18018018	0.000000000	0.000000000	0.000000000	0.000000000	0.000000000	0.000000000
2.18718719	0.000000000	0.000000000	0.000000000	0.000000000	0.000000000	0.000000000
2.19419419	0.000000000	0.000000000	0.000000000	0.000000000	0.000000000	0.000000000
2.20120120	0.000000000	0.000000000	0.000000000	0.000000000	0.000000000	0.000000000
2.20820821	0.000000000	0.000000000	0.000000000	0.000000000	0.000000000	0.000000000
2.21521522	0.000000000	0.000000000	0.000000000	0.000000000	0.000000000	0.000000000
2.22222222	0.000000000	0.000000000	0.000000000	0.000000000	0.000000000	0.000000000
2.22922923	0.000000000	0.000000000	0.000000000	0.000000000	0.000000000	0.000000000
2.23623624	0.000000000	0.000000000	0.000000000	0.000000000	0.000000000	0.000000000
2.24324324	0.000000000	0.000000000	0.000000000	0.000000000	0.000000000	0.000000000
2.25025025	0.000000000	0.000000000	0.000000000	0.000000000	0.000000000	0.000000000
2.25725726	0.000000000	0.000000000	0.000000000	0.000000000	0.000000000	0.000000000
2.26426426	0.000000000	0.000000000	0.000000000	0.000000000	0.000000000	0.000000000
2.27127127	0.000000000	0.000000000	0.000000000	0.000000000	0.000000000	0.000000000
2.27827828	0.000000000	0.000000000	0.000000000	0.000000000	0.000000000	0.000000000
2.28528529	0.000000000	0.000000000	0.000000000	0.000000000	0.000000000	0.000000000
2.29229229	0.000000000	0.000000000	0.000000000	0.000000000	0.000000000	0.000000000
2.29929930	0.000000000	0.000000000	0.000000000	0.000000000	0.000000000	0.000000000
2.30630631	0.000000000	0.000000000	0.000000000	0.000000000	0.000000000	0.000000000
2.31331331	0.000000000	0.000000000	0.000000000	0.000000000	0.000000000	0.000000000
2.32032032	0.000000000	0.000000000	0.000000000	0.000000000	0.000000000	0.000000000
2.32732733	0.000000000	0.000000000	0.000000000	0.000000000	0.000000000	0.000000000
2.33433433	0.000000000	0.000000000	0.000000000	0.000000000	0.000000000	0.000000000
2.34134134	0.000000000	0.000000000	0.000000000	0.000000000	0.000000000	0.000000000
2.34834835	0.000000000	0.000000000	0.000000000	0.000000000	0.000000000	0.000000000
2.35535536	0.000000000	0.000000000	0.000000000	0.000000000	0.000000000	0.000000000
2.36236236	0.000000000	0.000000000	0.000000000	0.000000000	0.000000000	0.000000000
2.36936937	0.000000000	0.000000000	0.000000000	0.000000000	0.000000000	0.000000000
2.37637638	0.000000000	0.000000000	0.000000000	0.000000000	0.000000000	0.000000000
2.38338338	0.000000000	0.000000000	0.000000000	0.000000000	0.000000000	0.000000000
2.39039039	0.000000000	0.000000000	0.000000000	0.000000000	0.000000000	0.000000000
2.39739740	0.000000000	0.000000000	0.000000000	0.000000000	0.000000000	0.000000000
2.40440440	0.000000000	0.000000000	0.000000000	0.000000000	0.000000000	0.000000000
2.41141141	0.000000000	0.000000000	0.000000000	0.000000000	0.000000000	0.000000000
2.41841842	0.000000000	0.000000000	0.000000000	0.000000000	0.000000000	0.000000000
2.42542543	0.000000000	0.000000000	0.000000000	0.000000000	0.000000000	0.000000000
2.43243243	0.000000000	0.000000000	0.000000000	0.000000000	0.000000000	0.000000000
2.43943944	0.000000000	0.000000000	0.000000000	0.000000000	0.000000000	0.000000000
2.44644645	0.000000000	0.000000000	0.000000000	0.000000000	0.000000000	0.000000000
2.45345345	0.000000000	0.000000000	0.000000000	0.000000000	0.000000000	0.000000000
2.46046046	0.000000000	0.000000000	0.000000000	0.000000000	0.000000000	0.000000000
2.46746747	0.000000000	0.000000000	0.000000000	0.000000000	0.000000000	0.000000000
2.47447447	0.000000000	0.000000000	0.000000000	0.000000000	0.000000000	0.000000000
2.48148148	0.000000000	0.000000000	0.000000000	0.000000000	0.000000000	0.000000000
2.48848849	0.000000000	0.000000000	0.000000000	0.000000000	0.000000000	0.000000000
2.49549550	0.000000000	0.000000000	0.000000000	0.000000000	0.000000000	0.000000000
2.50250250	0.000000000	0.000000000	0.000000000	0.000000000	0.000000000	0.000000000
2.50950951	0.000000000	0.000000000	0.000000000	0.000000000	0.000000000	0.000000000
2.51651652	0.000000000	0.000000000	0.000000000	0.000000000	0.000000000	0.000000000
2.52352352	0.000000000	0.000000000	0.000000000	0.000000000	0.000000000	0.000000000
2.53053053	0.000000000	0.000000000	0.000000000	0.000000000	0.000000000	0.000000000
2.53753754	0.000000000	0.000000000	0.000000000	0.000000000	0.000000000	0.000000000
2.54454454	0.000000000	0.000000000	0.000000000	0.000000000	0.000000000	0.000000000
2.55155155	0.000000000	0.000000000	0.000000000	0.000000000	0.000000000	0.000000000
2.55855856	0.000000000	0.000000000	0.000000000	0.000000000	0.000000000	0.000000000
2.56556557	0.000000000	0.000000000	0.000000000	0.000000000	0.000000000	0.000000000
2.57257257	0.000000000	0.000000000	0.000000000	0.000000000	0.000000000	0.000000000
2.57957958	0.000000000	0.000000000	0.000000000	0.000000000	0.000000000	0.000000000
2.58658659	0.000000000	0.000000000	0.000000000	0.000000000	0.000000000	0.000000000
2.59359359	0.000000000	0.000000000	0.000000000	0.000000000	0.000000000	0.000000000
2.60060060	0.000000000	0.000000000	0.000000000	0.000000000	0.000000000	0.000000000
2.60760761	0.000000000	0.000000000	0.000000000	0.000000000	0.000000000	0.000000000
2.61461461	0.000000000	0.000000000	0.000000000	0.000000000	0.000000000	0.000000000
2.62162162	0.000000000	0.000000000	0.000000000	0.000000000	0.000000000	0.000000000
2.62862863	0.000000000	0.000000000	0.000000000	0.000000000	0.000000000	0.000000000
2.63563564	0.000000000	0.000000000	0.000000000	0.000000000	0.000000000	0.000000000
2.64264264	0.000000000	0.000000000	0.000000000	0.000000000	0.000000000	0.000000000
2.64964965	0.000000000	0.000000000	0.000000000	0.000000000	0.000000000	0.000000000
2.65665666	0.000000000	0.000000000	0.000000000	0.000000000	0.000000000	0.000000000
2.66366366	0.000000000	0.000000000	0.000000000	0.000000000	0.000000000	0.000000000
2.67067067	0.000000000	0.000000000	0.000000000	0.000000000	0.000000000	0.000000000
2.67767768	0.000000000	0.000000000	0.000000000	0.000000000	0.000000000	0.000000000
2.68468468	0.000000000	0.000000000	0.000000000	0.000000000	0.000000000	0.000000000
2.69169169	0.000000000	0.000000000	0.000000000	0.000000000	0.000000000	0.000000000
2.69869870	0.000000000	0.000000000	0.000000000	0.000000000	0.000000000	0.000000000
2.70570571	0.000000000	0.000000000	0.000000000	0.000000000	0.000000000	0.000000000
2.71271271	0.000000000	0.000000000	0.000000000	0.000000000	0.000000000	0.000000000
2.71971972	0.000000000	0.000000000	0.000000000	0.000000000	0.000000000	0.000000000
2.72672673	0.000000000	0.000000000	0.000000000	0.000000000	0.000000000	0.000000000
2.73373373	0.000000000	0.000000000	0.000000000	0.000000000	0.000000000	0.000000000
2.74074074	0.000000000	0.000000000	0.000000000	0.000000000	0.000000000	0.000000000
2.74774775	0.000000000	0.000000000	0.000000000	0.000000000	0.000000000	0.000000000
2.75475475	0.000000000	0.000000000	0.000000000	0.000000000	0.000000000	0.000000000
2.76176176	0.000000000	0.000000000	0.000000000	0.000000000	0.000000000	0.000000000
2.76876877	0.000000000	0.000000000	0.000000000	0.000000000	0.000000000	0.000000000
2.77577578	0.000000000	0.000000000	0.000000000	0.000000000	0.000000000	0.000000000
2.78278278	0.000000000	0.000000000	0.000000000	0.000000000	0.000000000	0.000000000
2.78978979	0.000000000	0.000000000	0.000000000	0.000000000	0.000000000	0.000000000
2.79679680	0.000000000	0.000000000	0.000000000	0.000000000	0.000000000	0.000000000
2.80380380	0.000000000	0.000000000	0.000000000	0.000000000	0.000000000	0.000000000
2.81081081	0.000000000	0.000000000	0.000000000	0.000000000	0.000000000	0.000000000
2.81781782	0.000000000	0.000000000	0.000000000	0.000000000	0.000000000	0.000000000
2.82482482	0.000000000	0.000000000	0.000000000	0.000000000	0.000000000	0.000000000
2.83183183	0.000000000	0.000000000	0.000000000	0.000000000	0.000000000	0.000000000
2.83883884	0.000000000	0.000000000	0.000000000	0.000000000	0.000000000	0.000000000
2.84584585	0.000000000	0.000000000	0.000000000	0.000000000	0.000000000	0.000000000
2.85285285	0.000000000	0.000000000	0.000000000	0.000000000	0.000000000	0.000000000
2.85985986	0.000000000	0.000000000	0.000000000	0.000000000	0.000000000	0.000000000
2.86686687	0.000000000	0.000000000	0.000000000	0.000000000	0.000000000	0.000000000
2.87387387	0.000000000	0.000000000	0.000000000	0.000000000	0.000000000	0.000000000
2.88088088	0.000000000	0.000000000	0.000000000	0.000000000	0.000000000	0.000000000
2.88788789	0.000000000	0.000000000	0.000000000	0.000000000	0.000000000	0.000000000
2.89489489	0.000000000	0.000000000	0.000000000	0.000000000	0.000000000	0.000000000
2.90190190	0.000000000	0.000000000	0.000000000	0.000000000	0.000000000	0.000000000
2.90890891	0.000000000	0.000000000	0.000000000	0.000000000	0.000000000	0.000000000
2.91591592	0.000000000	0.000000000	0.000000000	0.000000000	0.000000000	0.000000000
2.92292292	0.000000000	0.000000000	0.000000000	0.000000000	0.000000000	0.000000000
2.92992993	0.000000000	0.000000000	0.000000000	0.000000000	0.000000000	0.000000000
2.93693694	0.000000000	0.000000000	0.000000000	0.000000000	0.000000000	0.000000000
2.94394394	0.000000000	0.000000000	0.000000000	0.000000000	0.000000000	0.000000000
2.95095095	0.000000000	0.000000000	0.000000000	0.000000000	0.000000000	0.000000000
2.95795796	0.000000000	0.000000000	0.000000000	0.000000000	0.000000000	0.000000000
2.96496496	0.000000000	0.000000000	0.000000000	0.000000000	0.000000000	0.000000000
2.97197197	0.000000000	0.000000000	0.000000000	0.000000000	0.000000000	0.000000000
2.97897898	0.000000000	0.000000000	0.000000000	0.000000000	0.000000000	0.000000000
2.98598599	0.000000000	0.000000000	0.000000000	0.000000000	0.000000000	0.000000000
2.99299299	0.000000000	0.000000000	0.000000000	0.000000000	0.000000000	0.000000000
3.00000000	0.000000000	0.000000000	0.000000000	0.000000000	0.000000000	0.000000000
