-4.00000000	0.005897491	0.013648698	0.018890826	0.041334711	0.020540023	0.025301737
-3.99299299	0.005971120	0.013789999	0.019080023	0.041758078	0.020726435	0.025523090
-3.98598599	0.006045727	0.013932873	0.019271248	0.042185623	0.020914695	0.025746553
-3.97897898	0.006121327	0.014077337	0.019464525	0.042617385	0.021104825	0.025972147
-3.97197197	0.006197934	0.014223411	0.019659876	0.043053401	0.021296842	0.026199893
-3.96496496	0.006275561	0.014371113	0.019857325	0.043493708	0.021490768	0.026429815
-3.95795796	0.006354224	0.014520463	0.020056895	0.043938345	0.021686623	0.026661933
-3.95095095	0.006433937	0.014671481	0.020258611	0.044387350	0.021884428	0.026896271
-3.94394394	0.006514714	0.014824185	0.020462497	0.044840762	0.022084203	0.027132851
-3.93693694	0.006596571	0.014978597	0.020668578	0.045298618	0.022285969	0.027371696
-3.92992993	0.006679523	0.015134736	0.020876878	0.045760959	0.022489749	0.027612829
-3.92292292	0.006763585	0.015292623	0.021087422	0.046227823	0.022695562	0.027856274
-3.91591592	0.006848774	0.015452279	0.021300237	0.046699250	0.022903432	0.028102054
-3.90890891	0.006935105	0.015613724	0.021515348	0.047175279	0.023113381	0.028350192
-3.90190190	0.007022594	0.015776981	0.021732780	0.047655951	0.023325430	0.028600714
-3.89489489	0.007111258	0.015942069	0.021952560	0.048141305	0.023539602	0.028853644
-3.88788789	0.007201113	0.016109012	0.022174716	0.048631382	0.023755920	0.029109006
-3.88088088	0.007292176	0.016277832	0.022399273	0.049126223	0.023974407	0.029366824
-3.87387387	0.007384465	0.016448550	0.022626259	0.049625868	0.024195086	0.029627126
-3.86686687	0.007477997	0.016621189	0.022855703	0.050130358	0.024417981	0.029889935
-3.85985986	0.007572789	0.016795773	0.023087630	0.050639736	0.024643116	0.030155277
-3.85285285	0.007668860	0.016972324	0.023322071	0.051154041	0.024870515	0.030423179
-3.84584585	0.007766228	0.017150866	0.023559053	0.051673317	0.025100202	0.030693667
-3.83883884	0.007864910	0.017331423	0.023798606	0.052197605	0.025332202	0.030966766
-3.83183183	0.007964927	0.017514018	0.024040758	0.052726947	0.025566540	0.031242505
-3.82482482	0.008066297	0.017698677	0.024285540	0.053261385	0.025803241	0.031520911
-3.81781782	0.008169038	0.017885423	0.024532981	0.053800964	0.026042331	0.031802009
-3.81081081	0.008273172	0.018074282	0.024783111	0.054345724	0.026283835	0.032085829
-3.80380380	0.008378718	0.018265279	0.025035962	0.054895709	0.026527780	0.032372398
-3.79679680	0.008485695	0.018458440	0.025291564	0.055450964	0.026774191	0.032661745
-3.78978979	0.008594125	0.018653790	0.025549948	0.056011530	0.027023097	0.032953898
-3.78278278	0.008704029	0.018851356	0.025811146	0.056577452	0.027274522	0.033248886
-3.77577578	0.008815427	0.019051165	0.026075191	0.057148774	0.027528496	0.033546737
-3.76876877	0.008928340	0.019253242	0.026342114	0.057725539	0.027785045	0.033847483
-3.76176176	0.009042791	0.019457617	0.026611949	0.058307793	0.028044197	0.034151152
-3.75475475	0.009158802	0.019664315	0.026884729	0.058895579	0.028305981	0.034457774
-3.74774775	0.009276395	0.019873365	0.027160487	0.059488943	0.028570425	0.034767380
-3.74074074	0.009395593	0.020084795	0.027439257	0.060087928	0.028837558	0.035080001
-3.73373373	0.009516419	0.020298634	0.027721075	0.060692581	0.029107409	0.035395667
-3.72672673	0.009638896	0.020514911	0.028005974	0.061302947	0.029380008	0.035714411
-3.71971972	0.009763048	0.020733655	0.028293989	0.061919070	0.029655384	0.036036263
-3.71271271	0.009888899	0.020954896	0.028585157	0.062540997	0.029933568	0.036361256
-3.70570571	0.010016474	0.021178663	0.028879513	0.063168773	0.030214590	0.036689423
-3.69869870	0.010145798	0.021404988	0.029177094	0.063802444	0.030498482	0.037020795
-3.69169169	0.010276896	0.021633901	0.029477936	0.064442057	0.030785273	0.037355407
-3.68468468	0.010409793	0.021865433	0.029782077	0.065087657	0.031074996	0.037693291
-3.67767768	0.010544515	0.022099616	0.030089555	0.065739291	0.031367684	0.038034481
-3.67067067	0.010681090	0.022336481	0.030400407	0.066397006	0.031663367	0.038379012
-3.66366366	0.010819543	0.022576062	0.030714672	0.067060847	0.031962079	0.038726918
-3.65665666	0.010959903	0.022818391	0.031032390	0.067730864	0.032263852	0.039078233
-3.64964965	0.011102195	0.023063501	0.031353599	0.068407101	0.032568721	0.039432993
-3.64264264	0.011246450	0.023311425	0.031678340	0.069089606	0.032876718	0.039791233
-3.63563564	0.011392694	0.023562199	0.032006652	0.069778427	0.033187879	0.040152990
-3.62862863	0.011540957	0.023815855	0.032338577	0.070473610	0.033502237	0.040518300
-3.62162162	0.011691268	0.024072429	0.032674156	0.071175204	0.033819827	0.040887199
-3.61461461	0.011843658	0.024331956	0.033013431	0.071883256	0.034140685	0.041259725
-3.60760761	0.011998155	0.024594473	0.033356444	0.072597813	0.034464846	0.041635914
-3.60060060	0.012154791	0.024860014	0.033703237	0.073318924	0.034792347	0.042015806
-3.59359359	0.012313597	0.025128618	0.034053855	0.074046636	0.035123224	0.042399437
-3.58658659	0.012474605	0.025400319	0.034408339	0.074780997	0.035457514	0.042786847
-3.57957958	0.012637846	0.025675158	0.034766736	0.075522055	0.035795253	0.043178075
-3.57257257	0.012803353	0.025953170	0.035129089	0.076269858	0.036136481	0.043573160
-3.56556557	0.012971160	0.026234396	0.035495444	0.077024455	0.036481235	0.043972142
-3.55855856	0.013141299	0.026518873	0.035865846	0.077785894	0.036829554	0.044375061
-3.55155155	0.013313805	0.026806641	0.036240342	0.078554222	0.037181476	0.044781959
-3.54454454	0.013488712	0.027097740	0.036618978	0.079329489	0.037537042	0.045192875
-3.53753754	0.013666055	0.027392210	0.037001802	0.080111742	0.037896290	0.045607852
-3.53053053	0.013845871	0.027690093	0.037388862	0.080901031	0.038259262	0.046026931
-3.52352352	0.014028195	0.027991429	0.037780205	0.081697402	0.038625998	0.046450155
-3.51651652	0.014213063	0.028296261	0.038175881	0.082500905	0.038996540	0.046877567
-3.50950951	0.014400514	0.028604631	0.038575939	0.083311589	0.039370928	0.047309210
-3.50250250	0.014590585	0.028916582	0.038980430	0.084129501	0.039749206	0.047745127
-3.49549550	0.014783314	0.029232158	0.039389403	0.084954690	0.040131416	0.048185363
-3.48848849	0.014978740	0.029551402	0.039802910	0.085787204	0.040517602	0.048629963
-3.48148148	0.015176904	0.029874359	0.040221003	0.086627092	0.040907805	0.049078970
-3.47447447	0.015377844	0.030201074	0.040643734	0.087474401	0.041302072	0.049532432
-3.46746747	0.015581602	0.030531592	0.041071156	0.088329181	0.041700446	0.049990393
-3.46046046	0.015788219	0.030865961	0.041503322	0.089191479	0.042102972	0.050452901
-3.45345345	0.015997738	0.031204227	0.041940287	0.090061342	0.042509696	0.050920002
-3.44644645	0.016210200	0.031546437	0.042382105	0.090938821	0.042920664	0.051391743
-3.43943944	0.016425650	0.031892638	0.042828830	0.091823961	0.043335923	0.051868172
-3.43243243	0.016644130	0.032242881	0.043280521	0.092716811	0.043755519	0.052349338
-3.42542543	0.016865687	0.032597213	0.043737231	0.093617419	0.044179501	0.052835290
-3.41841842	0.017090364	0.032955685	0.044199020	0.094525831	0.044607916	0.053326076
-3.41141141	0.017318208	0.033318346	0.044665944	0.095442096	0.045040814	0.053821747
-3.40440440	0.017549266	0.033685249	0.045138062	0.096366261	0.045478242	0.054322353
-3.39739740	0.017783585	0.034056443	0.045615433	0.097298373	0.045920252	0.054827944
-3.39039039	0.018021213	0.034431982	0.046098117	0.098238478	0.046366892	0.055338572
-3.38338338	0.018262199	0.034811919	0.046586174	0.099186623	0.046818215	0.055854289
-3.37637638	0.018506592	0.035196306	0.047079665	0.100142855	0.047274272	0.056375147
-3.36936937	0.018754443	0.035585199	0.047578651	0.101107221	0.047735114	0.056901199
-3.36236236	0.019005804	0.035978651	0.048083195	0.102079765	0.048200794	0.057432498
-3.35535536	0.019260724	0.036376719	0.048593360	0.103060534	0.048671365	0.057969098
-3.34834835	0.019519259	0.036779457	0.049109210	0.104049573	0.049146881	0.058511053
-3.34134134	0.019781460	0.037186924	0.049630809	0.105046928	0.049627396	0.059058419
-3.33433433	0.020047382	0.037599177	0.050158222	0.106052644	0.050112965	0.059611251
-3.32732733	0.020317080	0.038016274	0.050691515	0.107066765	0.050603644	0.060169605
-3.32032032	0.020590610	0.038438273	0.051230754	0.108089335	0.051099488	0.060733537
-3.31331331	0.020868028	0.038865235	0.051776006	0.109120399	0.051600554	0.061303105
-3.30630631	0.021149393	0.039297220	0.052327340	0.110160000	0.052106899	0.061878366
-3.29929930	0.021434763	0.039734288	0.052884823	0.111208182	0.052618582	0.062459379
-3.29229229	0.021724197	0.040176502	0.053448526	0.112264987	0.053135660	0.063046202
-3.28528529	0.022017755	0.040623924	0.054018518	0.113330457	0.053658193	0.063638895
-3.27827828	0.022315499	0.041076617	0.054594870	0.114404636	0.054186241	0.064237518
-3.27127127	0.022617490	0.041534646	0.055177655	0.115487564	0.054719864	0.064842130
-3.26426426	0.022923791	0.041998075	0.055766943	0.116579283	0.055259123	0.065452794
-3.25725726	0.023234467	0.042466970	0.056362808	0.117679833	0.055804080	0.066069571
-3.25025025	0.023549583	0.042941397	0.056965324	0.118789254	0.056354798	0.066692522
-3.24324324	0.023869204	0.043421423	0.057574565	0.119907587	0.056911338	0.067321712
-3.23623624	0.024193397	0.043907117	0.058190608	0.121034871	0.057473766	0.067957202
-3.22922923	0.024522230	0.044398546	0.058813527	0.122171143	0.058042145	0.068599059
-3.22222222	0.024855772	0.044895782	0.059443401	0.123316443	0.058616541	0.069247345
-3.21521522	0.025194093	0.045398893	0.060080306	0.124470807	0.059197019	0.069902126
-3.20820821	0.025537264	0.045907951	0.060724321	0.125634273	0.059783645	0.070563468
-3.20120120	0.025885357	0.046423029	0.061375526	0.126806876	0.060376488	0.071231437
-3.19419419	0.026238445	0.046944199	0.062034000	0.127988653	0.060975614	0.071906100
-3.18718719	0.026596603	0.047471535	0.062699825	0.129179637	0.061581092	0.072587526
-3.18018018	0.026959905	0.048005112	0.063373082	0.130379864	0.062192992	0.073275782
-3.17317317	0.027328429	0.048545005	0.064053854	0.131589367	0.062811383	0.073970937
-3.16616617	0.027702251	0.049091290	0.064742224	0.132808178	0.063436337	0.074673060
-3.15915916	0.028081452	0.049644045	0.065438277	0.134036330	0.064067924	0.075382223
-3.15215215	0.028466110	0.050203349	0.066142097	0.135273853	0.064706217	0.076098495
-3.14514515	0.028856307	0.050769279	0.066853771	0.136520779	0.065351289	0.076821947
-3.13813814	0.029252125	0.051341917	0.067573384	0.137777136	0.066003214	0.077552653
-3.13113113	0.029653648	0.051921342	0.068301026	0.139042954	0.066662065	0.078290684
-3.12412412	0.030060961	0.052507638	0.069036783	0.140318260	0.067327919	0.079036114
-3.11711712	0.030474150	0.053100886	0.069780746	0.141603081	0.068000851	0.079789017
-3.11011011	0.030893302	0.053701171	0.070533004	0.142897443	0.068680938	0.080549467
-3.10310310	0.031318506	0.054308578	0.071293649	0.144201371	0.069368257	0.081317540
-3.09609610	0.031749852	0.054923191	0.072062772	0.145514890	0.070062888	0.082093311
-3.08908909	0.032187432	0.055545098	0.072840467	0.146838021	0.070764907	0.082876858
-3.08208208	0.032631337	0.056174386	0.073626826	0.148170788	0.071474397	0.083668256
-3.07507508	0.033081663	0.056811144	0.074421944	0.149513211	0.072191437	0.084467585
-3.06806807	0.033538505	0.057455462	0.075225917	0.150865309	0.072916109	0.085274922
-3.06106106	0.034001959	0.058107430	0.076038841	0.152227103	0.073648496	0.086090347
-3.05405405	0.034472125	0.058767139	0.076860813	0.153598608	0.074388679	0.086913939
-3.04704705	0.034949101	0.059434684	0.077691931	0.154979842	0.075136744	0.087745779
-3.04004004	0.035432989	0.060110157	0.078532294	0.156370820	0.075892775	0.088585948
-3.03303303	0.035923891	0.060793653	0.079382002	0.157771556	0.076656857	0.089434528
-3.02602603	0.036421913	0.061485268	0.080241155	0.159182062	0.077429077	0.090291602
-3.01901902	0.036927160	0.062185099	0.081109855	0.160602349	0.078209523	0.091157251
-3.01201201	0.037439738	0.062893244	0.081988205	0.162032429	0.078998282	0.092031561
-3.00500501	0.037959758	0.063609802	0.082876307	0.163472309	0.079795443	0.092914615
-2.99799800	0.038487329	0.064334873	0.083774267	0.164921997	0.080601096	0.093806499
-2.99099099	0.039022563	0.065068558	0.084682189	0.166381499	0.081415332	0.094707298
-2.98398398	0.039565575	0.065810960	0.085600180	0.167850820	0.082238242	0.095617099
-2.97697698	0.040116480	0.066562181	0.086528346	0.169329961	0.083069918	0.096535989
-2.96996997	0.040675394	0.067322328	0.087466796	0.170818926	0.083910454	0.097464056
-2.96296296	0.041242438	0.068091504	0.088415638	0.172317712	0.084759944	0.098401387
-2.95595596	0.041817730	0.068869818	0.089374981	0.173826320	0.085618483	0.099348072
-2.94894895	0.042401393	0.069657376	0.090344937	0.175344746	0.086486166	0.100304201
-2.94194194	0.042993552	0.070454289	0.091325616	0.176872985	0.087363090	0.101269864
-2.93493493	0.043594331	0.071260665	0.092317132	0.178411030	0.088249354	0.102245152
-2.92792793	0.044203860	0.072076617	0.093319597	0.179958872	0.089145054	0.103230157
-2.92092092	0.044822266	0.072902258	0.094333126	0.181516503	0.090050292	0.104224970
-2.91391391	0.045449681	0.073737700	0.095357833	0.183083910	0.090965166	0.105229685
-2.90690691	0.046086240	0.074583059	0.096393835	0.184661079	0.091889778	0.106244396
-2.89989990	0.046732075	0.075438451	0.097441248	0.186247995	0.092824230	0.107269196
-2.89289289	0.047387325	0.076303993	0.098500189	0.187844641	0.093768625	0.108304180
-2.88588589	0.048052128	0.077179803	0.099570778	0.189450997	0.094723067	0.109349444
-2.87887888	0.048726626	0.078066001	0.100653133	0.191067042	0.095687661	0.110405084
-2.87187187	0.049410960	0.078962709	0.101747375	0.192692753	0.096662511	0.111471196
-2.86486486	0.050105276	0.079870047	0.102853626	0.194328104	0.097647725	0.112547878
-2.85785786	0.050809722	0.080788140	0.103972005	0.195973068	0.098643409	0.113635228
-2.85085085	0.051524444	0.081717111	0.105102638	0.197627616	0.099649673	0.114733343
-2.84384384	0.052249596	0.082657087	0.106245646	0.199291716	0.100666625	0.115842324
-2.83683684	0.052985330	0.083608195	0.107401154	0.200965335	0.101694376	0.116962270
-2.82982983	0.053731800	0.084570562	0.108569289	0.202648435	0.102733035	0.118093280
-2.82282282	0.054489166	0.085544318	0.109750174	0.204340979	0.103782716	0.119235456
-2.81581582	0.055257585	0.086529594	0.110943938	0.206042927	0.104843530	0.120388899
-2.80880881	0.056037221	0.087526521	0.112150707	0.207754236	0.105915592	0.121553711
-2.80180180	0.056828236	0.088535232	0.113370610	0.209474859	0.106999016	0.122729995
-2.79479479	0.057630798	0.089555863	0.114603777	0.211204751	0.108093917	0.123917852
-2.78778779	0.058445075	0.090588548	0.115850335	0.212943859	0.109200412	0.125117388
-2.78078078	0.059271237	0.091633424	0.117110418	0.214692133	0.110318617	0.126328704
-2.77377377	0.060109458	0.092690629	0.118384154	0.216449517	0.111448651	0.127551907
-2.76676677	0.060959913	0.093760303	0.119671676	0.218215953	0.112590632	0.128787101
-2.75975976	0.061822780	0.094842586	0.120973117	0.219991380	0.113744681	0.130034392
-2.75275275	0.062698239	0.095937620	0.122288610	0.221775737	0.114910917	0.131293884
-2.74574575	0.063586473	0.097045548	0.123618289	0.223568958	0.116089462	0.132565685
-2.73873874	0.064487667	0.098166514	0.124962287	0.225370973	0.117280438	0.133849901
-2.73173173	0.065402008	0.099300664	0.126320741	0.227181713	0.118483969	0.135146640
-2.72472472	0.066329687	0.100448144	0.127693785	0.229001103	0.119700178	0.136456008
-2.71771772	0.067270894	0.101609102	0.129081556	0.230829066	0.120929190	0.137778114
-2.71071071	0.068225827	0.102783688	0.130484190	0.232665524	0.122171130	0.139113066
-2.70370370	0.069194681	0.103972051	0.131901825	0.234510393	0.123426125	0.140460972
-2.69669670	0.070177657	0.105174344	0.133334598	0.236363589	0.124694302	0.141821942
-2.68968969	0.071174958	0.106390719	0.134782648	0.238225022	0.125975789	0.143196084
-2.68268268	0.072186789	0.107621329	0.136246112	0.240094603	0.127270713	0.144583508
-2.67567568	0.073213357	0.108866331	0.137725130	0.241972235	0.128579205	0.145984324
-2.66866867	0.074254873	0.110125880	0.139219841	0.243857822	0.129901395	0.147398641
-2.66166166	0.075311550	0.111400134	0.140730384	0.245751263	0.131237413	0.148826571
-2.65465465	0.076383604	0.112689252	0.142256900	0.247652454	0.132587391	0.150268222
-2.64764765	0.077471252	0.113993393	0.143799529	0.249561288	0.133951461	0.151723706
-2.64064064	0.078574717	0.115312718	0.145358410	0.251477654	0.135329756	0.153193134
-2.63363363	0.079694222	0.116647390	0.146933685	0.253401440	0.136722410	0.154676615
-2.62662663	0.080829993	0.117997571	0.148525494	0.255332528	0.138129556	0.156174261
-2.61961962	0.081982259	0.119363425	0.150133979	0.257270799	0.139551329	0.157686183
-2.61261261	0.083151254	0.120745119	0.151759280	0.259216127	0.140987865	0.159212492
-2.60560561	0.084337211	0.122142817	0.153401537	0.261168388	0.142439300	0.160753298
-2.59859860	0.085540367	0.123556688	0.155060893	0.263127449	0.143905769	0.162308712
-2.59159159	0.086760964	0.124986900	0.156737487	0.265093177	0.145387411	0.163878846
-2.58458458	0.087999245	0.126433622	0.158431462	0.267065435	0.146884362	0.165463809
-2.57757758	0.089255455	0.127897025	0.160142956	0.269044081	0.148396760	0.167063712
-2.57057057	0.090529843	0.129377280	0.161872111	0.271028971	0.149924745	0.168678666
-2.56356356	0.091822660	0.130874559	0.163619067	0.273019956	0.151468454	0.170308780
-2.55655656	0.093134162	0.132389035	0.165383964	0.275016886	0.153028026	0.171954164
-2.54954955	0.094464605	0.133920882	0.167166941	0.277019603	0.154603603	0.173614928
-2.54254254	0.095814249	0.135470275	0.168968137	0.279027949	0.156195322	0.175291182
-2.53553554	0.097183357	0.137037390	0.170787691	0.281041761	0.157803325	0.176983033
-2.52852853	0.098572196	0.138622402	0.172625741	0.283060872	0.159427752	0.178690589
-2.52152152	0.099981032	0.140225490	0.174482424	0.285085112	0.161068744	0.180413960
-2.51451451	0.101410139	0.141846831	0.176357877	0.287114305	0.162726442	0.182153252
-2.50750751	0.102859789	0.143486603	0.178252236	0.289148275	0.164400985	0.183908571
-2.50050050	0.104330261	0.145144986	0.180165637	0.291186839	0.166092517	0.185680025
-2.49349349	0.105821833	0.146822159	0.182098213	0.293229810	0.167801177	0.187467718
-2.48648649	0.107334788	0.148518303	0.184050097	0.295276999	0.169527107	0.189271754
-2.47947948	0.108869413	0.150233598	0.186021423	0.297328213	0.171270448	0.191092239
-2.47247247	0.110425994	0.151968226	0.188012321	0.299383253	0.173031342	0.192929274
-2.46546547	0.112004823	0.153722368	0.190022920	0.301441918	0.174809929	0.194782962
-2.45845846	0.113606193	0.155496206	0.192053351	0.303504001	0.176606349	0.196653403
-2.45145145	0.115230402	0.157289923	0.194103740	0.305569294	0.178420745	0.198540699
-2.44444444	0.116877747	0.159103701	0.196174213	0.307637583	0.180253255	0.200444948
-2.43743744	0.118548531	0.160937723	0.198264894	0.309708649	0.182104020	0.202366247
-2.43043043	0.120243057	0.162792172	0.200375906	0.311782271	0.183973179	0.204304693
-2.42342342	0.121961633	0.164667231	0.202507369	0.313858223	0.185860872	0.206260382
-2.41641642	0.123704569	0.166563083	0.204659404	0.315936275	0.187767237	0.208233407
-2.40940941	0.125472176	0.168479910	0.206832126	0.318016193	0.189692412	0.210223861
-2.40240240	0.127264768	0.170417896	0.209025651	0.320097739	0.191636535	0.212231834
-2.39539540	0.129082663	0.172377224	0.211240092	0.322180671	0.193599741	0.214257416
-2.38838839	0.130926181	0.174358075	0.213475559	0.324264741	0.195582168	0.216300694
-2.38138138	0.132795642	0.176360632	0.215732160	0.326349701	0.197583949	0.218361754
-2.37437437	0.134691370	0.178385076	0.218010002	0.328435295	0.199605220	0.220440679
-2.36736737	0.136613693	0.180431589	0.220309186	0.330521264	0.201646112	0.222537553
-2.36036036	0.138562938	0.182500350	0.222629815	0.332607347	0.203706759	0.224652454
-2.35335335	0.140539435	0.184591541	0.224971984	0.334693275	0.205787290	0.226785460
-2.34634635	0.142543518	0.186705340	0.227335788	0.336778779	0.207887835	0.228936647
-2.33933934	0.144575520	0.188841924	0.229721319	0.338863582	0.210008523	0.231106089
-2.33233233	0.146635779	0.191001472	0.232128664	0.340947407	0.212149479	0.233293855
-2.32532533	0.148724631	0.193184160	0.234557908	0.343029969	0.214310830	0.235500014
-2.31831832	0.150842418	0.195390163	0.237009132	0.345110983	0.216492699	0.237724632
-2.31131131	0.152989480	0.197619653	0.239482413	0.347190155	0.218695206	0.239967771
-2.30430430	0.155166160	0.199872805	0.241977825	0.349267192	0.220918473	0.242229492
-2.29729730	0.157372803	0.202149789	0.244495436	0.351341793	0.223162617	0.244509851
-2.29029029	0.159609755	0.204450773	0.247035313	0.353413656	0.225427755	0.246808902
-2.28328328	0.161877361	0.206775926	0.249597515	0.355482474	0.227713999	0.249126697
-2.27627628	0.164175971	0.209125414	0.252182099	0.357547935	0.230021461	0.251463282
-2.26926927	0.166505933	0.211499399	0.254789116	0.359609724	0.232350250	0.253818701
-2.26226226	0.168867597	0.213898043	0.257418614	0.361667522	0.234700473	0.256192995
-2.25525526	0.171261312	0.216321507	0.260070634	0.363721007	0.237072234	0.258586201
-2.24824825	0.173687430	0.218769946	0.262745212	0.365769851	0.239465633	0.260998350
-2.24124124	0.176146302	0.221243514	0.265442379	0.367813726	0.241880768	0.263429473
-2.23423423	0.178638280	0.223742365	0.268162161	0.369852296	0.244317735	0.265879593
-2.22722723	0.181163714	0.226266645	0.270904578	0.371885224	0.246776626	0.268348732
-2.22022022	0.183722956	0.228816501	0.273669642	0.373912168	0.249257528	0.270836905
-2.21321321	0.186316357	0.231392076	0.276457363	0.375932784	0.251760526	0.273344123
-2.20620621	0.188944268	0.233993508	0.279267739	0.377946723	0.254285703	0.275870394
-2.19919920	0.191607037	0.236620933	0.282100767	0.379953632	0.256833135	0.278415720
-2.19219219	0.194305014	0.239274483	0.284956433	0.381953157	0.259402896	0.280980096
-2.18518519	0.197038547	0.241954286	0.287834718	0.383944939	0.261995056	0.283563515
-2.17817818	0.199807982	0.244660466	0.290735596	0.385928615	0.264609679	0.286165964
-2.17117117	0.202613662	0.247393142	0.293659031	0.387903820	0.267246825	0.288787422
-2.16416416	0.205455932	0.250152430	0.296604983	0.389870185	0.269906552	0.291427866
-2.15715716	0.208335132	0.252938440	0.299573401	0.391827339	0.272588909	0.294087263
-2.15015015	0.211251600	0.255751276	0.302564226	0.393774906	0.275293943	0.296765579
-2.14314314	0.214205672	0.258591041	0.305577393	0.395712509	0.278021694	0.299462768
-2.13613614	0.217197681	0.261457828	0.308612826	0.397639768	0.280772198	0.302178783
-2.12912913	0.220227955	0.264351728	0.311670441	0.399556298	0.283545485	0.304913566
-2.12212212	0.223296822	0.267272823	0.314750143	0.401461713	0.286341579	0.307667055
-2.11511512	0.226404604	0.270221191	0.317851831	0.403355624	0.289160496	0.310439180
-2.10810811	0.229551618	0.273196904	0.320975391	0.405237640	0.292002250	0.313229863
-2.10110110	0.232738178	0.276200026	0.324120700	0.407107367	0.294866844	0.316039021
-2.09409409	0.235964592	0.279230615	0.327287626	0.408964408	0.297754278	0.318866561
-2.08708709	0.239231165	0.282288723	0.330476025	0.410808364	0.300664542	0.321712383
-2.08008008	0.242538193	0.285374392	0.333685742	0.412638835	0.303597621	0.324576379
-2.07307307	0.245885969	0.288487658	0.336916611	0.414455418	0.306553491	0.327458432
-2.06606607	0.249274777	0.291628549	0.340168456	0.416257707	0.309532122	0.330358419
-2.05905906	0.252704897	0.294797086	0.343441088	0.418045295	0.312533476	0.333276204
-2.05205205	0.256176599	0.297993279	0.346734306	0.419817774	0.315557504	0.336211647
-2.04504505	0.259690148	0.301217131	0.350047897	0.421574734	0.318604151	0.339164594
-2.03803804	0.263245798	0.304468635	0.353381634	0.423315762	0.321673354	0.342134885
-2.03103103	0.266843797	0.307747775	0.356735280	0.425040446	0.324765038	0.345122350
-2.02402402	0.270484381	0.311054526	0.360108582	0.426748370	0.327879123	0.348126808
-2.01701702	0.274167779	0.314388851	0.363501275	0.428439119	0.331015515	0.351148067
-2.01001001	0.277894209	0.317750704	0.366913079	0.430112275	0.334174112	0.354185927
-2.00300300	0.281663878	0.321140029	0.370343701	0.431767422	0.337354804	0.357240176
-1.99599600	0.285476982	0.324556757	0.373792833	0.433404140	0.340557467	0.360310591
-1.98898899	0.289333704	0.328000809	0.377260151	0.435022010	0.343781968	0.363396938
-1.98198198	0.293234217	0.331472093	0.380745319	0.436620613	0.347028162	0.366498972
-1.97497497	0.297178679	0.334970506	0.384247981	0.438199527	0.350295895	0.369616436
-1.96796797	0.301167235	0.338495931	0.387767769	0.439758334	0.353584999	0.372749061
-1.96096096	0.305200015	0.342048240	0.391304296	0.441296611	0.356895294	0.375896565
-1.95395395	0.309277137	0.345627291	0.394857162	0.442813939	0.360226588	0.379058656
-1.94694695	0.313398700	0.349232926	0.398425947	0.444309897	0.363578678	0.382235026
-1.93993994	0.317564787	0.352864977	0.402010214	0.445784066	0.366951345	0.385425355
-1.93293293	0.321775467	0.356523258	0.405609511	0.447236026	0.370344358	0.388629312
-1.92592593	0.326030789	0.360207569	0.409223366	0.448665359	0.373757474	0.391846549
-1.91891892	0.330330783	0.363917696	0.412851289	0.450071646	0.377190432	0.395076706
-1.91191191	0.334675461	0.367653408	0.416492773	0.451454470	0.380642960	0.398319409
-1.90490490	0.339064816	0.371414458	0.420147290	0.452813416	0.384114769	0.401574268
-1.89789790	0.343498817	0.375200581	0.423814294	0.454148069	0.387605556	0.404840879
-1.89089089	0.347977416	0.379011498	0.427493221	0.455458017	0.391115002	0.408118824
-1.88388388	0.352500538	0.382846909	0.431183483	0.456742848	0.394642772	0.411407668
-1.87687688	0.357068088	0.386706499	0.434884477	0.458002152	0.398188514	0.414706962
-1.86986987	0.361679945	0.390589933	0.438595576	0.459235523	0.401751861	0.418016239
-1.86286286	0.366335964	0.394496856	0.442316133	0.460442554	0.405332426	0.421335018
-1.85585586	0.371035974	0.398426897	0.446045480	0.461622843	0.408929807	0.424662800
-1.84884885	0.375779778	0.402379661	0.449782929	0.462775989	0.412543583	0.427999070
-1.84184184	0.380567148	0.406354736	0.453527767	0.463901595	0.416173315	0.431343295
-1.83483483	0.385397832	0.410351688	0.457279263	0.464999266	0.419818545	0.434694926
-1.82782783	0.390271545	0.414370061	0.461036660	0.466068610	0.423478795	0.438053395
-1.82082082	0.395187973	0.418409378	0.464799181	0.467109239	0.427153568	0.441418116
-1.81381381	0.400146768	0.422469139	0.468566026	0.468120767	0.430842348	0.444788487
-1.80680681	0.405147553	0.426548823	0.472336369	0.469102813	0.434544598	0.448163884
-1.79979980	0.410189914	0.430647884	0.476109363	0.470055000	0.438259759	0.451543667
-1.79279279	0.415273405	0.434765753	0.479884139	0.470976953	0.441987252	0.454927177
-1.78578579	0.420397541	0.438901836	0.483659800	0.471868304	0.445726475	0.458313733
-1.77877878	0.425561804	0.443055516	0.487435427	0.472728687	0.449476806	0.461702637
-1.77177177	0.430765635	0.447226149	0.491210078	0.473557741	0.453237599	0.465093171
-1.76476476	0.436008437	0.451413066	0.494982783	0.474355112	0.457008185	0.468484594
-1.75775776	0.441289573	0.455615573	0.498752551	0.475120447	0.460787872	0.471876149
-1.75075075	0.446608365	0.459832947	0.502518364	0.475853401	0.464575944	0.475267054
-1.74374374	0.451964093	0.464064439	0.506279178	0.476553634	0.468371661	0.478656510
-1.73673674	0.457355991	0.468309273	0.510033925	0.477220811	0.472174260	0.482043695
-1.72972973	0.462783252	0.472566644	0.513781513	0.477854601	0.475982949	0.485427766
-1.72272272	0.468245021	0.476835719	0.517520822	0.478454683	0.479796915	0.488807858
-1.71571572	0.473740396	0.481115636	0.521250707	0.479020737	0.483615316	0.492183085
-1.70870871	0.479268428	0.485405502	0.524969997	0.479552454	0.487437287	0.495552539
-1.70170170	0.484828119	0.489704396	0.528677498	0.480049528	0.491261932	0.498915289
-1.69469469	0.490418420	0.494011365	0.532371987	0.480511661	0.495088332	0.502270384
-1.68768769	0.496038230	0.498325427	0.536052216	0.480938561	0.498915540	0.505616848
-1.68068068	0.501686396	0.502645568	0.539716911	0.481329944	0.502742580	0.508953685
-1.67367367	0.507361712	0.506970741	0.543364774	0.481685533	0.506568448	0.512279873
-1.66666667	0.513062916	0.511299868	0.546994479	0.482005056	0.510392114	0.515594370
-1.65965966	0.518788691	0.515631840	0.550604677	0.482288252	0.514212516	0.518896111
-1.65265265	0.524537663	0.519965512	0.554193990	0.482534866	0.518028566	0.522184006
-1.64564565	0.530308399	0.524299709	0.557761017	0.482744650	0.521839146	0.525456944
-1.63863864	0.536099407	0.528633220	0.561304332	0.482917364	0.525643106	0.528713790
-1.63163163	0.541909137	0.532964801	0.564822482	0.483052778	0.529439270	0.531953387
-1.62462462	0.547735974	0.537293175	0.568313992	0.483150669	0.533226430	0.535174551
-1.61761762	0.553578245	0.541617030	0.571777360	0.483210821	0.537003347	0.538376081
-1.61061061	0.559434211	0.545935018	0.575211061	0.483233030	0.540768753	0.541556747
-1.60360360	0.565302069	0.550245758	0.578613547	0.483217098	0.544521348	0.544715300
-1.59659660	0.571179954	0.554547832	0.581983244	0.483162837	0.548259803	0.547850466
-1.58958959	0.577065932	0.558839789	0.585318556	0.483070067	0.551982757	0.550960949
-1.58258258	0.582958003	0.563120140	0.588617867	0.482938619	0.555688816	0.554045430
-1.57557558	0.588854103	0.567387362	0.591879535	0.482768331	0.559376558	0.557102568
-1.56856857	0.594752096	0.571639897	0.595101898	0.482559052	0.563044528	0.560130997
-1.56156156	0.600649779	0.575876149	0.598283273	0.482310641	0.566691240	0.563129333
-1.55455455	0.606544881	0.580094488	0.601421956	0.482022964	0.570315177	0.566096167
-1.54754755	0.612435059	0.584293249	0.604516225	0.481695901	0.573914789	0.569030069
-1.54054054	0.618317901	0.588470728	0.607564337	0.481329338	0.577488498	0.571929588
-1.53353353	0.624190926	0.592625189	0.610564531	0.480923174	0.581034693	0.574793252
-1.52652653	0.630051580	0.596754859	0.613515028	0.480477315	0.584551731	0.577619567
-1.51951952	0.635897238	0.600857929	0.616414035	0.479991680	0.588037940	0.580407021
-1.51251251	0.641725206	0.604932556	0.619259740	0.479466197	0.591491617	0.583154081
-1.50550551	0.647532717	0.608976862	0.622050317	0.478900805	0.594911028	0.585859194
-1.49849850	0.653316934	0.612988933	0.624783928	0.478295453	0.598294409	0.588520790
-1.49149149	0.659074948	0.616966823	0.627458719	0.477650100	0.601639967	0.591137278
-1.48448448	0.664803779	0.620908551	0.630072827	0.476964718	0.604945880	0.593707052
-1.47747748	0.670500379	0.624812103	0.632624377	0.476239287	0.608210296	0.596228488
-1.47047047	0.676161627	0.628675432	0.635111485	0.475473799	0.611431334	0.598699946
-1.46346346	0.681784336	0.632496459	0.637532260	0.474668256	0.614607089	0.601119769
-1.45645646	0.687365248	0.636273074	0.639884801	0.473822673	0.617735624	0.603486288
-1.44944945	0.692901038	0.640003134	0.642167204	0.472937074	0.620814978	0.605797816
-1.44244244	0.698388315	0.643684467	0.644377562	0.472011495	0.623843164	0.608052656
-1.43543544	0.703823623	0.647314874	0.646513962	0.471045981	0.626818170	0.610249099
-1.42842843	0.709203441	0.650892124	0.648574493	0.470040590	0.629737959	0.612385422
-1.42142142	0.714524184	0.654413960	0.650557243	0.468995391	0.632600471	0.614459895
-1.41441441	0.719782208	0.657878099	0.652460301	0.467910463	0.635403624	0.616470776
-1.40740741	0.724973810	0.661282232	0.654281763	0.466785897	0.638145315	0.618416318
-1.40040040	0.730095227	0.664624025	0.656019728	0.465621795	0.640823419	0.620294763
-1.39339339	0.735142643	0.667901123	0.657672303	0.464418269	0.643435793	0.622104351
-1.38638639	0.740112187	0.671111146	0.659237604	0.463175443	0.645980278	0.623843315
-1.37937938	0.744999940	0.674251698	0.660713758	0.461893452	0.648454695	0.625509889
-1.37237237	0.749801932	0.677320361	0.662098905	0.460572441	0.650856852	0.627102299
-1.36536537	0.754514149	0.680314701	0.663391201	0.459212567	0.653184544	0.628618777
-1.35835836	0.759132537	0.683232267	0.664588816	0.457813997	0.655435553	0.630057552
-1.35135135	0.763652999	0.686070594	0.665689942	0.456376911	0.657607649	0.631416857
-1.34434434	0.768071406	0.688827207	0.666692791	0.454901498	0.659698596	0.632694930
-1.33733734	0.772383594	0.691499617	0.667595598	0.453387957	0.661706148	0.633890015
-1.33033033	0.776585374	0.694085331	0.668396624	0.451836499	0.663628057	0.635000363
-1.32332332	0.780672530	0.696581844	0.669094158	0.450247346	0.665462070	0.636024233
-1.31631632	0.784640828	0.698986651	0.669686517	0.448620730	0.667205932	0.636959899
-1.30930931	0.788486017	0.701297242	0.670172053	0.446956892	0.668857391	0.637805645
-1.30230230	0.792203835	0.703511108	0.670549151	0.445256087	0.670414197	0.638559770
-1.29529530	0.795790014	0.705625743	0.670816233	0.443518576	0.671874104	0.639220593
-1.28828829	0.799240286	0.707638644	0.670971759	0.441744633	0.673234877	0.639786448
-1.28128128	0.802550384	0.709547315	0.671014234	0.439934542	0.674494287	0.640255692
-1.27427427	0.805716054	0.711349273	0.670942204	0.438088595	0.675650122	0.640626706
-1.26726727	0.808733054	0.713042041	0.670754262	0.436207096	0.676700181	0.640897893
-1.26026026	0.811597163	0.714623164	0.670449052	0.434290358	0.677642283	0.641067688
-1.25325325	0.814304189	0.716090199	0.670025266	0.432338703	0.678474269	0.641134551
-1.24624625	0.816849968	0.717440726	0.669481652	0.430352463	0.679194001	0.641096976
-1.23923924	0.819230380	0.718672348	0.668817014	0.428331979	0.679799367	0.640953493
-1.23223223	0.821441348	0.719782694	0.668030214	0.426277601	0.680288287	0.640702664
-1.22522523	0.823478845	0.720769423	0.667120173	0.424189690	0.680658712	0.640343094
-1.21821822	0.825338907	0.721630225	0.666085880	0.422068612	0.680908626	0.639873427
-1.21121121	0.827017632	0.722362826	0.664926384	0.419914746	0.681036056	0.639292351
-1.20420420	0.828511193	0.722964991	0.663640806	0.417728477	0.681039067	0.638598600
-1.19719720	0.829815841	0.723434527	0.662228336	0.415510198	0.680915771	0.637790957
-1.19019019	0.830927914	0.723769284	0.660688234	0.413260312	0.680664327	0.636868254
-1.18318318	0.831843844	0.723967162	0.659019839	0.410979229	0.680282947	0.635829379
-1.17617618	0.832560167	0.724026111	0.657222562	0.408667367	0.679769897	0.634673274
-1.16916917	0.833073524	0.723944137	0.655295896	0.406325151	0.679123502	0.633398938
-1.16216216	0.833380674	0.723719302	0.653239412	0.403953015	0.678342149	0.632005434
-1.15515516	0.833478500	0.723349733	0.651052766	0.401551399	0.677424290	0.630491885
-1.14814815	0.833364016	0.722833618	0.648735696	0.399120751	0.676368446	0.628857481
-1.14114114	0.833034373	0.722169213	0.646288028	0.396661525	0.675173212	0.627101479
-1.13413413	0.832486870	0.721354847	0.643709675	0.394174183	0.673837256	0.625223207
-1.12712713	0.831718957	0.720388923	0.641000637	0.391659192	0.672359327	0.623222064
-1.12012012	0.830728245	0.719269920	0.638161008	0.389117027	0.670738258	0.621097524
-1.11311311	0.829512514	0.717996399	0.635190972	0.386548167	0.668972966	0.618849140
-1.10610611	0.828069715	0.716567005	0.632090805	0.383953098	0.667062459	0.616476542
-1.09909910	0.826397982	0.714980469	0.628860880	0.381332314	0.665005839	0.613979440
-1.09209209	0.824495636	0.713235612	0.625501663	0.378686310	0.662802303	0.611357631
-1.08508509	0.822361192	0.711331350	0.622013716	0.376015590	0.660451148	0.608610993
-1.07807808	0.819993365	0.709266692	0.618397696	0.373320661	0.657951774	0.605739492
-1.07107107	0.817391075	0.707040745	0.614654360	0.370602037	0.655303687	0.602743185
-1.06406406	0.814553454	0.704652720	0.610784560	0.367860235	0.652506503	0.599622217
-1.05705706	0.811479850	0.702101928	0.606789245	0.365095776	0.649559947	0.596376825
-1.05005005	0.808169834	0.699387790	0.602669461	0.362309187	0.646463863	0.593007339
-1.04304304	0.804623201	0.696509831	0.598426354	0.359500999	0.643218208	0.589514184
-1.03603604	0.800839975	0.693467690	0.594061163	0.356671745	0.639823060	0.585897882
-1.02902903	0.796820416	0.690261114	0.589575224	0.353821964	0.636278622	0.582159049
-1.02202202	0.792565020	0.686889968	0.584969970	0.350952198	0.632585216	0.578298400
-1.01501502	0.788074521	0.683354231	0.580246926	0.348062990	0.628743295	0.574316749
-1.00800801	0.783349896	0.679653999	0.575407712	0.345154890	0.624753438	0.570215006
-1.00100100	0.778392365	0.675789486	0.570454040	0.342228448	0.620616352	0.565994185
-0.99399399	0.773203394	0.671761026	0.565387711	0.339284218	0.616332878	0.561655393
-0.98698699	0.767784690	0.667569073	0.560210615	0.336322756	0.611903986	0.557199842
-0.97997998	0.762138209	0.663214202	0.554924731	0.333344621	0.607330781	0.552628839
-0.97297297	0.756266150	0.658697109	0.549532119	0.330350373	0.602614501	0.547943791
-0.96596597	0.750170955	0.654018613	0.544034924	0.327340577	0.597756517	0.543146205
-0.95895896	0.743855308	0.649179651	0.538435370	0.324315796	0.592758334	0.538237683
-0.95195195	0.737322132	0.644181284	0.532735759	0.321276597	0.587621591	0.533219922
-0.94494494	0.730574586	0.639024693	0.526938466	0.318223549	0.582348060	0.528094717
-0.93793794	0.723616060	0.633711178	0.521045939	0.315157221	0.576939645	0.522863955
-0.93093093	0.716450174	0.628242159	0.515060693	0.312078184	0.571398381	0.517529614
-0.92392392	0.709080770	0.622619173	0.508985309	0.308987011	0.565726432	0.512093762
-0.91691692	0.701511906	0.616843873	0.502822427	0.305884273	0.559926090	0.506558554
-0.90990991	0.693747854	0.610918027	0.496574747	0.302770545	0.553999771	0.500926231
-0.90290290	0.685793087	0.604843516	0.490245021	0.299646401	0.547950016	0.495199115
-0.89589590	0.677652278	0.598622329	0.483836053	0.296512417	0.541779484	0.489379610
-0.88888889	0.669330286	0.592256566	0.477350690	0.293369168	0.535490951	0.483470191
-0.88188188	0.660832154	0.585748430	0.470791823	0.290217231	0.529087304	0.477473411
-0.87487487	0.652163092	0.579100229	0.464162378	0.287057182	0.522571542	0.471391888
-0.86786787	0.643328477	0.572314367	0.457465317	0.283889596	0.515946766	0.465228308
-0.86086086	0.634333835	0.565393348	0.450703628	0.280715052	0.509216177	0.458985416
-0.85385385	0.625184833	0.558339768	0.443880325	0.277534125	0.502383070	0.452666015
-0.84684685	0.615887273	0.551156312	0.436998442	0.274347392	0.495450829	0.446272958
-0.83983984	0.606447074	0.543845754	0.430061026	0.271155430	0.488422922	0.439809147
-0.83283283	0.596870265	0.536410947	0.423071138	0.267958813	0.481302891	0.433277527
-0.82582583	0.587162974	0.528854827	0.416031844	0.264758120	0.474094353	0.426681078
-0.81881882	0.577331415	0.521180404	0.408946214	0.261553924	0.466800984	0.420022813
-0.81181181	0.567381878	0.513390760	0.401817315	0.258346801	0.459426519	0.413305771
-0.80480480	0.557320715	0.505489045	0.394648208	0.255137325	0.451974742	0.406533013
-0.79779780	0.547154332	0.497478477	0.387441947	0.251926072	0.444449476	0.399707614
-0.79079079	0.536889178	0.489362334	0.380201570	0.248713614	0.436854581	0.392832659
-0.78378378	0.526531730	0.481143953	0.372930101	0.245500525	0.429193941	0.385911236
-0.77677678	0.516088488	0.472826729	0.365630542	0.242287378	0.421471458	0.378946430
-0.76976977	0.505565963	0.464414111	0.358305876	0.239074744	0.413691043	0.371941320
-0.76276276	0.494970668	0.455909600	0.350959058	0.235863194	0.405856607	0.364898970
-0.75575576	0.484309110	0.447316747	0.343593019	0.232653301	0.397972057	0.357822423
-0.74874875	0.473587782	0.438639156	0.336210660	0.229445633	0.390041280	0.350714699
-0.74174174	0.462813156	0.429880479	0.328814854	0.226240761	0.382068142	0.343578785
-0.73473473	0.451991680	0.421044419	0.321408442	0.223039254	0.374056478	0.336417634
-0.72772773	0.441129771	0.412134731	0.313994237	0.219841680	0.366010081	0.329234157
-0.72072072	0.430233813	0.403155224	0.306575024	0.216648608	0.357932698	0.322031219
-0.71371371	0.419310157	0.394109766	0.299153559	0.213460604	0.349828023	0.314811637
-0.70670671	0.408365120	0.385002285	0.291732571	0.210278235	0.341699689	0.307578173
-0.69969970	0.397404986	0.375836780	0.284314772	0.207102067	0.333551263	0.300333534
-0.69269269	0.386436012	0.366617322	0.276902850	0.203932667	0.325386241	0.293080367
-0.68568569	0.375464430	0.357348067	0.269499483	0.200770600	0.317208042	0.285821259
-0.67867868	0.364496461	0.348033265	0.262107341	0.197616430	0.309020008	0.278558735
-0.67167167	0.353538318	0.338677271	0.254729094	0.194470722	0.300825402	0.271295258
-0.66466466	0.342596224	0.329284559	0.247367419	0.191334040	0.292627403	0.264033235
-0.65765766	0.331676423	0.319859739	0.240025010	0.188206947	0.284429113	0.256775011
-0.65065065	0.320785198	0.310407573	0.232704588	0.185090006	0.276233556	0.249522880
-0.64364364	0.309928891	0.300932995	0.225408917	0.181983780	0.268043684	0.242279090
-0.63663664	0.299113927	0.291441132	0.218140810	0.178888832	0.259862386	0.235045846
-0.62962963	0.288346833	0.281937331	0.210903149	0.175805724	0.251692495	0.227825325
-0.62262262	0.277634271	0.272427182	0.203698899	0.172735016	0.243536805	0.220619683
-0.61561562	0.266983062	0.262916551	0.196531125	0.169677271	0.235398082	0.213431074
-0.60860861	0.256400221	0.253411604	0.189403014	0.166633049	0.227279089	0.206261662
-0.60160160	0.245892989	0.243918846	0.182317890	0.163602910	0.219182607	0.199113644
-0.59459459	0.235468864	0.234445154	0.175279237	0.160587416	0.211111464	0.191989272
-0.58758759	0.225135642	0.224997812	0.168290725	0.157587124	0.203068571	0.184890880
-0.58058058	0.214901451	0.215584551	0.161356229	0.154602595	0.195056954	0.177820915
-0.57357357	0.204774783	0.206213584	0.154479855	0.151634387	0.187079807	0.170781969
-0.56656657	0.194764536	0.196893651	0.147665964	0.148683057	0.179140536	0.163776823
-0.55955956	0.184880043	0.187634052	0.140919198	0.145749164	0.171242819	0.156808484
-0.55255255	0.175131100	0.178444688	0.134244506	0.142833263	0.163390672	0.149880237
-0.54554555	0.165527997	0.169336094	0.127647163	0.139935909	0.155588516	0.142995700
-0.53853854	0.156081536	0.160319475	0.121132800	0.137057658	0.147841260	0.136158877
-0.53153153	0.146803041	0.151406725	0.114707418	0.134199063	0.140154387	0.129374226
-0.52452452	0.137704365	0.142610458	0.108377412	0.131360675	0.132534044	0.122646723
-0.51751752	0.128797882	0.133944010	0.102149583	0.128543046	0.124987144	0.115981938
-0.51051051	0.120096463	0.125421446	0.096031145	0.125746725	0.117521473	0.109386104
-0.50350350	0.111613442	0.117057545	0.090029734	0.122972258	0.110145794	0.102866202
-0.49649650	0.103362558	0.108867776	0.084153403	0.120220192	0.102869962	0.096430033
-0.48948949	0.095357882	0.100868244	0.078410607	0.117491068	0.095705029	0.090086302
-0.48248248	0.087613715	0.093075630	0.072810182	0.114785427	0.088663352	0.083844684
-0.47547548	0.080144467	0.085507089	0.067361315	0.112103807	0.081758679	0.077715897
-0.46846847	0.072964501	0.078180132	0.062073487	0.109446743	0.075006227	0.071711754
-0.46146146	0.066087958	0.071112469	0.056956416	0.106814765	0.068422727	0.065845201
-0.45445445	0.059528547	0.064321821	0.052019973	0.104208400	0.062026437	0.060130333
-0.44744745	0.053299300	0.057825692	0.047274082	0.101628171	0.055837103	0.054582379
-0.44044044	0.047412313	0.051641104	0.042728598	0.099074598	0.049875854	0.049217643
-0.43343343	0.041878449	0.045784289	0.038393166	0.096548194	0.044165022	0.044053408
-0.42642643	0.036707025	0.040270346	0.034277056	0.094049467	0.038727859	0.039107759
-0.41941942	0.031905483	0.035112857	0.030388974	0.091578920	0.033588138	0.034399356
-0.41241241	0.027479051	0.030323472	0.026736858	0.089137048	0.028769621	0.029947101
-0.40540541	0.023430416	0.025911474	0.023327648	0.086724342	0.024295362	0.025769723
-0.39839840	0.019759402	0.021883322	0.020167042	0.084341282	0.020186856	0.021885247
-0.39139139	0.016462689	0.018242208	0.017259246	0.081988344	0.016463006	0.018310350
-0.38438438	0.013533581	0.014987620	0.014606715	0.079665992	0.013138933	0.015059604
-0.37737738	0.010961834	0.012114966	0.012209898	0.077374683	0.010224649	0.012144606
-0.37037037	0.008733589	0.009615262	0.010067008	0.075114865	0.007723647	0.009573026
-0.36336336	0.006831397	0.007474927	0.008173811	0.072886973	0.005631514	0.007347598
-0.35635636	0.005234388	0.005675722	0.006523469	0.070691433	0.003934684	0.005465130
-0.34934935	0.003918571	0.004194866	0.005106443	0.068528659	0.002609551	0.003915601
-0.34234234	0.002857295	0.003005368	0.003910478	0.066399053	0.001622163	0.002681496
-0.33533534	0.002021859	0.002076598	0.002920692	0.064303002	0.000928825	0.001737502
-0.32832833	0.001382270	0.001375114	0.002119779	0.062240883	0.000477880	0.001050783
-0.32132132	0.000908117	0.000865757	0.001488348	0.060213053	0.000212944	0.000582016
-0.31431431	0.000569530	0.000512957	0.001005405	0.058219860	0.000077571	0.000287357
-0.30730731	0.000338156	0.000282211	0.000648967	0.056261630	0.000020958	0.000121431
-0.30030030	0.000188094	0.000141600	0.000396804	0.054338677	0.000003501	0.000041175
-0.29329329	0.000096691	0.000063207	0.000227264	0.052451295	0.000000243	0.000010029
-0.28628629	0.000045118	0.000024225	0.000120135	0.050599760	0.000000002	0.000001419
-0.27927928	0.000018651	0.000007560	0.000057452	0.048784328	0.000000000	0.000000072
-0.27227227	0.000006603	0.000001766	0.000024175	0.047005238	0.000000000	0.000000000
-0.26526527	0.000001905	0.000000268	0.000008597	0.045262705	0.000000000	0.000000000
-0.25825826	0.000000416	0.000000020	0.000002431	0.043556924	0.000000000	0.000000000
-0.25125125	0.000000061	0.000000000	0.000000495	0.041888069	0.000000000	0.000000000
-0.24424424	0.000000005	0.000000000	0.000000061	0.040256290	0.000000000	0.000000000
-0.23723724	0.000000000	0.000000000	0.000000003	0.038661713	0.000000000	0.000000000
-0.23023023	0.000000000	0.000000000	0.000000000	0.037104439	0.000000000	0.000000000
-0.22322322	0.000000000	0.000000000	0.000000000	0.035584548	0.000000000	0.000000000
-0.21621622	0.000000000	0.000000000	0.000000000	0.034102089	0.000000000	0.000000000
-0.20920921	0.000000000	0.000000000	0.000000000	0.032657089	0.000000000	0.000000000
-0.20220220	0.000000000	0.000000000	0.000000000	0.031249547	0.000000000	0.000000000
-0.19519520	0.000000000	0.000000000	0.000000000	0.029879434	0.000000000	0.000000000
-0.18818819	0.000000000	0.000000000	0.000000000	0.028546694	0.000000000	0.000000000
-0.18118118	0.000000000	0.000000000	0.000000000	0.027251243	0.000000000	0.000000000
-0.17417417	0.000000000	0.000000000	0.000000000	0.025992967	0.000000000	0.000000000
-0.16716717	0.000000000	0.000000000	0.000000000	0.024771726	0.000000000	0.000000000
-0.16016016	0.000000000	0.000000000	0.000000000	0.023587348	0.000000000	0.000000000
-0.15315315	0.000000000	0.000000000	0.000000000	0.022439633	0.000000000	0.000000000
-0.14614615	0.000000000	0.000000000	0.000000000	0.021328351	0.000000000	0.000000000
-0.13913914	0.000000000	0.000000000	0.000000000	0.020253244	0.000000000	0.000000000
-0.13213213	0.000000000	0.000000000	0.000000000	0.019214021	0.000000000	0.000000000
-0.12512513	0.000000000	0.000000000	0.000000000	0.018210366	0.000000000	0.000000000
-0.11811812	0.000000000	0.000000000	0.000000000	0.017241930	0.000000000	0.000000000
-0.11111111	0.000000000	0.000000000	0.000000000	0.016308336	0.000000000	0.000000000
-0.10410410	0.000000000	0.000000000	0.000000000	0.015409179	0.000000000	0.000000000
-0.09709710	0.000000000	0.000000000	0.000000000	0.014544025	0.000000000	0.000000000
-0.09009009	0.000000000	0.000000000	0.000000000	0.013712412	0.000000000	0.000000000
-0.08308308	0.000000000	0.000000000	0.000000000	0.012913851	0.000000000	0.000000000
-0.07607608	0.000000000	0.000000000	0.000000000	0.012147826	0.000000000	0.000000000
-0.06906907	0.000000000	0.000000000	0.000000000	0.011413794	0.000000000	0.000000000
-0.06206206	0.000000000	0.000000000	0.000000000	0.010711189	0.000000000	0.000000000
-0.05505506	0.000000000	0.000000000	0.000000000	0.010039418	0.000000000	0.000000000
-0.04804805	0.000000000	0.000000000	0.000000000	0.009397869	0.000000000	0.000000000
-0.04104104	0.000000000	0.000000000	0.000000000	0.008785902	0.000000000	0.000000000
-0.03403403	0.000000000	0.000000000	0.000000000	0.008202862	0.000000000	0.000000000
-0.02702703	0.000000000	0.000000000	0.000000000	0.007648069	0.000000000	0.000000000
-0.02002002	0.000000000	0.000000000	0.000000000	0.007120827	0.000000000	0.000000000
-0.01301301	0.000000000	0.000000000	0.000000000	0.006620423	0.000000000	0.000000000
-0.00600601	0.000000000	0.000000000	0.000000000	0.006146128	0.000000000	0.000000000
0.00100100	0.000000000	0.000000000	0.000000000	0.005697199	0.000000000	0.000000000
0.00800801	0.000000000	0.000000000	0.000000000	0.005272879	0.000000000	0.000000000
0.01501502	0.000000000	0.000000000	0.000000000	0.004872402	0.000000000	0.000000000
0.02202202	0.000000000	0.000000000	0.000000000	0.004494991	0.000000000	0.000000000
0.02902903	0.000000000	0.000000000	0.000000000	0.004139862	0.000000000	0.000000000
0.03603604	0.000000000	0.000000000	0.000000000	0.003806225	0.000000000	0.000000000
0.04304304	0.000000000	0.000000000	0.000000000	0.003493287	0.000000000	0.000000000
0.05005005	0.000000000	0.000000000	0.000000000	0.003200250	0.000000000	0.000000000
0.05705706	0.000000000	0.000000000	0.000000000	0.002926318	0.000000000	0.000000000
0.06406406	0.000000000	0.000000000	0.000000000	0.002670695	0.000000000	0.000000000
0.07107107	0.000000000	0.000000000	0.000000000	0.002432589	0.000000000	0.000000000
0.07807808	0.000000000	0.000000000	0.000000000	0.002211210	0.000000000	0.000000000
0.08508509	0.000000000	0.000000000	0.000000000	0.002005777	0.000000000	0.000000000
0.09209209	0.000000000	0.000000000	0.000000000	0.001815517	0.000000000	0.000000000
0.09909910	0.000000000	0.000000000	0.000000000	0.001639666	0.000000000	0.000000000
0.10610611	0.000000000	0.000000000	0.000000000	0.001477472	0.000000000	0.000000000
0.11311311	0.000000000	0.000000000	0.000000000	0.001328196	0.000000000	0.000000000
0.12012012	0.000000000	0.000000000	0.000000000	0.001191113	0.000000000	0.000000000
0.12712713	0.000000000	0.000000000	0.000000000	0.001065515	0.000000000	0.000000000
0.13413413	0.000000000	0.000000000	0.000000000	0.000950710	0.000000000	0.000000000
0.14114114	0.000000000	0.000000000	0.000000000	0.000846026	0.000000000	0.000000000
0.14814815	0.000000000	0.000000000	0.000000000	0.000750809	0.000000000	0.000000000
0.15515516	0.000000000	0.000000000	0.000000000	0.000664428	0.000000000	0.000000000
0.16216216	0.000000000	0.000000000	0.000000000	0.000586270	0.000000000	0.000000000
0.16916917	0.000000000	0.000000000	0.000000000	0.000515750	0.000000000	0.000000000
0.17617618	0.000000000	0.000000000	0.000000000	0.000452300	0.000000000	0.000000000
0.18318318	0.000000000	0.000000000	0.000000000	0.000395381	0.000000000	0.000000000
0.19019019	0.000000000	0.000000000	0.000000000	0.000344476	0.000000000	0.000000000
0.19719720	0.000000000	0.000000000	0.000000000	0.000299093	0.000000000	0.000000000
0.20420420	0.000000000	0.000000000	0.000000000	0.000258764	0.000000000	0.000000000
0.21121121	0.000000000	0.000000000	0.000000000	0.000223048	0.000000000	0.000000000
0.21821822	0.000000000	0.000000000	0.000000000	0.000191528	0.000000000	0.000000000
0.22522523	0.000000000	0.000000000	0.000000000	0.000163811	0.000000000	0.000000000
0.23223223	0.000000000	0.000000000	0.000000000	0.000139531	0.000000000	0.000000000
0.23923924	0.000000000	0.000000000	0.000000000	0.000118343	0.000000000	0.000000000
0.24624625	0.000000000	0.000000000	0.000000000	0.000099930	0.000000000	0.000000000
0.25325325	0.000000000	0.000000000	0.000000000	0.000083994	0.000000000	0.000000000
0.26026026	0.000000000	0.000000000	0.000000000	0.000070263	0.000000000	0.000000000
0.26726727	0.000000000	0.000000000	0.000000000	0.000058486	0.000000000	0.000000000
0.27427427	0.000000000	0.000000000	0.000000000	0.000048431	0.000000000	0.000000000
0.28128128	0.000000000	0.000000000	0.000000000	0.000039890	0.000000000	0.000000000
0.28828829	0.000000000	0.000000000	0.000000000	0.000032672	0.000000000	0.000000000
0.29529530	0.000000000	0.000000000	0.000000000	0.000026604	0.000000000	0.000000000
0.30230230	0.000000000	0.000000000	0.000000000	0.000021531	0.000000000	0.000000000
0.30930931	0.000000000	0.000000000	0.000000000	0.000017315	0.000000000	0.000000000
0.31631632	0.000000000	0.000000000	0.000000000	0.000013832	0.000000000	0.000000000
0.32332332	0.000000000	0.000000000	0.000000000	0.000010974	0.000000000	0.000000000
0.33033033	0.000000000	0.000000000	0.000000000	0.000008643	0.000000000	0.000000000
0.33733734	0.000000000	0.000000000	0.000000000	0.000006755	0.000000000	0.000000000
0.34434434	0.000000000	0.000000000	0.000000000	0.000005238	0.000000000	0.000000000
0.35135135	0.000000000	0.000000000	0.000000000	0.000004028	0.000000000	0.000000000
0.35835836	0.000000000	0.000000000	0.000000000	0.000003070	0.000000000	0.000000000
0.36536537	0.000000000	0.000000000	0.000000000	0.000002319	0.000000000	0.000000000
0.37237237	0.000000000	0.000000000	0.000000000	0.000001734	0.000000000	0.000000000
0.37937938	0.000000000	0.000000000	0.000000000	0.000001284	0.000000000	0.000000000
0.38638639	0.000000000	0.000000000	0.000000000	0.000000940	0.000000000	0.000000000
0.39339339	0.000000000	0.000000000	0.000000000	0.000000681	0.000000000	0.000000000
0.40040040	0.000000000	0.000000000	0.000000000	0.000000487	0.000000000	0.000000000
0.40740741	0.000000000	0.000000000	0.000000000	0.000000344	0.000000000	0.000000000
0.41441441	0.000000000	0.000000000	0.000000000	0.000000240	0.000000000	0.000000000
0.42142142	0.000000000	0.000000000	0.000000000	0.000000165	0.000000000	0.000000000
0.42842843	0.000000000	0.000000000	0.000000000	0.000000112	0.000000000	0.000000000
0.43543544	0.000000000	0.000000000	0.000000000	0.000000074	0.000000000	0.000000000
0.44244244	0.000000000	0.000000000	0.000000000	0.000000049	0.000000000	0.000000000
0.44944945	0.000000000	0.000000000	0.000000000	0.000000031	0.000000000	0.000000000
0.45645646	0.000000000	0.000000000	0.000000000	0.000000020	0.000000000	0.000000000
0.46346346	0.000000000	0.000000000	0.000000000	0.000000012	0.000000000	0.000000000
0.47047047	0.000000000	0.000000000	0.000000000	0.000000007	0.000000000	0.000000000
0.47747748	0.000000000	0.000000000	0.000000000	0.000000004	0.000000000	0.000000000
0.48448448	0.000000000	0.000000000	0.000000000	0.000000002	0.000000000	0.000000000
0.49149149	0.000000000	0.000000000	0.000000000	0.000000001	0.000000000	0.000000000
0.49849850	0.000000000	0.000000000	0.000000000	0.000000001	0.000000000	0.000000000
0.50550551	0.000000000	0.000000000	0.000000000	0.000000000	0.000000000	0.000000000
0.51251251	0.000000000	0.000000000	0.000000000	0.000000000	0.000000000	0.000000000
0.51951952	0.000000000	0.000000000	0.000000000	0.000000000	0.000000000	0.000000000
0.52652653	0.000000000	0.000000000	0.000000000	0.000000000	0.000000000	0.000000000
0.53353353	0.000000000	0.000000000	0.000000000	0.000000000	0.000000000	0.000000000
0.54054054	0.000000000	0.000000000	0.000000000	0.000000000	0.000000000	0.000000000
0.54754755	0.000000000	0.000000000	0.000000000	0.000000000	0.000000000	0.000000000
0.55455455	0.000000000	0.000000000	0.000000000	0.000000000	0.000000000	0.000000000
0.56156156	0.000000000	0.000000000	0.000000000	0.000000000	0.000000000	0.000000000
0.56856857	0.000000000	0.000000000	0.000000000	0.000000000	0.000000000	0.000000000
0.57557558	0.000000000	0.000000000	0.000000000	0.000000000	0.000000000	0.000000000
0.58258258	0.000000000	0.000000000	0.000000000	0.000000000	0.000000000	0.000000000
0.58958959	0.000000000	0.000000000	0.000000000	0.000000000	0.000000000	0.000000000
0.59659660	0.000000000	0.000000000	0.000000000	0.000000000	0.000000000	0.000000000
0.60360360	0.000000000	0.000000000	0.000000000	0.000000000	0.000000000	0.000000000
0.61061061	0.000000000	0.000000000	0.000000000	0.000000000	0.000000000	0.000000000
0.61761762	0.000000000	0.000000000	0.000000000	0.000000000	0.000000000	0.000000000
0.62462462	0.000000000	0.000000000	0.000000000	0.000000000	0.000000000	0.000000000
0.63163163	0.000000000	0.000000000	0.000000000	0.000000000	0.000000000	0.000000000
0.63863864	0.000000000	0.000000000	0.000000000	0.000000000	0.000000000	0.000000000
0.64564565	0.000000000	0.000000000	0.000000000	0.000000000	0.000000000	0.000000000
0.65265265	0.000000000	0.000000000	0.000000000	0.000000000	0.000000000	0.000000000
0.65965966	0.000000000	0.000000000	0.000000000	0.000000000	0.000000000	0.000000000
0.66666667	0.000000000	0.000000000	0.000000000	0.000000000	0.000000000	0.000000000
0.67367367	0.000000000	0.000000000	0.000000000	0.000000000	0.000000000	0.000000000
0.68068068	0.000000000	0.000000000	0.000000000	0.000000000	0.000000000	0.000000000
0.68768769	0.000000000	0.000000000	0.000000000	0.000000000	0.000000000	0.000000000
0.69469469	0.000000000	0.000000000	0.000000000	0.000000000	0.000000000	0.000000000
0.70170170	0.000000000	0.000000000	0.000000000	0.000000000	0.000000000	0.000000000
0.70870871	0.000000000	0.000000000	0.000000000	0.000000000	0.000000000	0.000000000
0.71571572	0.000000000	0.000000000	0.000000000	0.000000000	0.000000000	0.000000000
0.72272272	0.000000000	0.000000000	0.000000000	0.000000000	0.000000000	0.000000000
0.72972973	0.000000000	0.000000000	0.000000000	0.000000000	0.000000000	0.000000000
0.73673674	0.000000000	0.000000000	0.000000000	0.000000000	0.000000000	0.000000000
0.74374374	0.000000000	0.000000000	0.000000000	0.000000000	0.000000000	0.000000000
0.75075075	0.000000000	0.000000000	0.000000000	0.000000000	0.000000000	0.000000000
0.75775776	0.000000000	0.000000000	0.000000000	0.000000000	0.000000000	0.000000000
0.76476476	0.000000000	0.000000000	0.000000000	0.000000000	0.000000000	0.000000000
0.77177177	0.000000000	0.000000000	0.000000000	0.000000000	0.000000000	0.000000000
0.77877878	0.000000000	0.000000000	0.000000000	0.000000000	0.000000000	0.000000000
0.78578579	0.000000000	0.000000000	0.000000000	0.000000000	0.000000000	0.000000000
0.79279279	0.000000000	0.000000000	0.000000000	0.000000000	0.000000000	0.000000000
0.79979980	0.000000000	0.000000000	0.000000000	0.000000000	0.000000000	0.000000000
0.80680681	0.000000000	0.000000000	0.000000000	0.000000000	0.000000000	0.000000000
0.81381381	0.000000000	0.000000000	0.000000000	0.000000000	0.000000000	0.000000000
0.82082082	0.000000000	0.000000000	0.000000000	0.000000000	0.000000000	0.000000000
0.82782783	0.000000000	0.000000000	0.000000000	0.000000000	0.000000000	0.000000000
0.83483483	0.000000000	0.000000000	0.000000000	0.000000000	0.000000000	0.000000000
0.84184184	0.000000000	0.000000000	0.000000000	0.000000000	0.000000000	0.000000000
0.84884885	0.000000000	0.000000000	0.000000000	0.000000000	0.000000000	0.000000000
0.85585586	0.000000000	0.000000000	0.000000000	0.000000000	0.000000000	0.000000000
0.86286286	0.000000000	0.000000000	0.000000000	0.000000000	0.000000000	0.000000000
0.86986987	0.000000000	0.000000000	0.000000000	0.000000000	0.000000000	0.000000000
0.87687688	0.000000000	0.000000000	0.000000000	0.000000000	0.000000000	0.000000000
0.88388388	0.000000000	0.000000000	0.000000000	0.000000000	0.000000000	0.000000000
0.89089089	0.000000000	0.000000000	0.000000000	0.000000000	0.000000000	0.000000000
0.89789790	0.000000000	0.000000000	0.000000000	0.000000000	0.000000000	0.000000000
0.90490490	0.000000000	0.000000000	0.000000000	0.000000000	0.000000000	0.000000000
0.91191191	0.000000000	0.000000000	0.000000000	0.000000000	0.000000000	0.000000000
0.91891892	0.000000000	0.000000000	0.000000000	0.000000000	0.000000000	0.000000000
0.92592593	0.000000000	0.000000000	0.000000000	0.000000000	0.000000000	0.000000000
0.93293293	0.000000000	0.000000000	0.000000000	0.000000000	0.000000000	0.000000000
0.93993994	0.000000000	0.000000000	0.000000000	0.000000000	0.000000000	0.000000000
0.94694695	0.000000000	0.000000000	0.000000000	0.000000000	0.000000000	0.000000000
0.95395395	0.000000000	0.000000000	0.000000000	0.000000000	0.000000000	0.000000000
0.96096096	0.000000000	0.000000000	0.000000000	0.000000000	0.000000000	0.000000000
0.96796797	0.000000000	0.000000000	0.000000000	0.000000000	0.000000000	0.000000000
0.97497497	0.000000000	0.000000000	0.000000000	0.000000000	0.000000000	0.000000000
0.98198198	0.000000000	0.000000000	0.000000000	0.000000000	0.000000000	0.000000000
0.98898899	0.000000000	0.000000000	0.000000000	0.000000000	0.000000000	0.000000000
0.99599600	0.000000000	0.000000000	0.000000000	0.000000000	0.000000000	0.000000000
1.00300300	0.000000000	0.000000000	0.000000000	0.000000000	0.000000000	0.000000000
1.01001001	0.000000000	0.000000000	0.000000000	0.000000000	0.000000000	0.000000000
1.01701702	0.000000000	0.000000000	0.000000000	0.000000000	0.000000000	0.000000000
1.02402402	0.000000000	0.000000000	0.000000000	0.000000000	0.000000000	0.000000000
1.03103103	0.000000000	0.000000000	0.000000000	0.000000000	0.000000000	0.000000000
1.03803804	0.000000000	0.000000000	0.000000000	0.000000000	0.000000000	0.000000000
1.04504505	0.000000000	0.000000000	0.000000000	0.000000000	0.000000000	0.000000000
1.05205205	0.000000000	0.000000000	0.000000000	0.000000000	0.000000000	0.000000000
1.05905906	0.000000000	0.000000000	0.000000000	0.000000000	0.000000000	0.000000000
1.06606607	0.000000000	0.000000000	0.000000000	0.000000000	0.000000000	0.000000000
1.07307307	0.000000000	0.000000000	0.000000000	0.000000000	0.000000000	0.000000000
1.08008008	0.000000000	0.000000000	0.000000000	0.000000000	0.000000000	0.000000000
1.08708709	0.000000000	0.000000000	0.000000000	0.000000000	0.000000000	0.000000000
1.09409409	0.000000000	0.000000000	0.000000000	0.000000000	0.000000000	0.000000000
1.10110110	0.000000000	0.000000000	0.000000000	0.000000000	0.000000000	0.000000000
1.10810811	0.000000000	0.000000000	0.000000000	0.000000000	0.000000000	0.000000000
1.11511512	0.000000000	0.000000000	0.000000000	0.000000000	0.000000000	0.000000000
1.12212212	0.000000000	0.000000000	0.000000000	0.000000000	0.000000000	0.000000000
1.12912913	0.000000000	0.000000000	0.000000000	0.000000000	0.000000000	0.000000000
1.13613614	0.000000000	0.000000000	0.000000000	0.000000000	0.000000000	0.000000000
1.14314314	0.000000000	0.000000000	0.000000000	0.000000000	0.000000000	0.000000000
1.15015015	0.000000000	0.000000000	0.000000000	0.000000000	0.000000000	0.000000000
1.15715716	0.000000000	0.000000000	0.000000000	0.000000000	0.000000000	0.000000000
1.16416416	0.000000000	0.000000000	0.000000000	0.000000000	0.000000000	0.000000000
1.17117117	0.000000000	0.000000000	0.000000000	0.000000000	0.000000000	0.000000000
1.17817818	0.000000000	0.000000000	0.000000000	0.000000000	0.000000000	0.000000000
1.18518519	0.000000000	0.000000000	0.000000000	0.000000000	0.000000000	0.000000000
1.19219219	0.000000000	0.000000000	0.000000000	0.000000000	0.000000000	0.000000000
1.19919920	0.000000000	0.000000000	0.000000000	0.000000000	0.000000000	0.000000000
1.20620621	0.000000000	0.000000000	0.000000000	0.000000000	0.000000000	0.000000000
1.21321321	0.000000000	0.000000000	0.000000000	0.000000000	0.000000000	0.000000000
1.22022022	0.000000000	0.000000000	0.000000000	0.000000000	0.000000000	0.000000000
1.22722723	0.000000000	0.000000000	0.000000000	0.000000000	0.000000000	0.000000000
1.23423423	0.000000000	0.000000000	0.000000000	0.000000000	0.000000000	0.000000000
1.24124124	0.000000000	0.000000000	0.000000000	0.000000000	0.000000000	0.000000000
1.24824825	0.000000000	0.000000000	0.000000000	0.000000000	0.000000000	0.000000000
1.25525526	0.000000000	0.000000000	0.000000000	0.000000000	0.000000000	0.000000000
1.26226226	0.000000000	0.000000000	0.000000000	0.000000000	0.000000000	0.000000000
1.26926927	0.000000000	0.000000000	0.000000000	0.000000000	0.000000000	0.000000000
1.27627628	0.000000000	0.000000000	0.000000000	0.000000000	0.000000000	0.000000000
1.28328328	0.000000000	0.000000000	0.000000000	0.000000000	0.000000000	0.000000000
1.29029029	0.000000000	0.000000000	0.000000000	0.000000000	0.000000000	0.000000000
1.29729730	0.000000000	0.000000000	0.000000000	0.000000000	0.000000000	0.000000000
1.30430430	0.000000000	0.000000000	0.000000000	0.000000000	0.000000000	0.000000000
1.31131131	0.000000000	0.000000000	0.000000000	0.000000000	0.000000000	0.000000000
1.31831832	0.000000000	0.000000000	0.000000000	0.000000000	0.000000000	0.000000000
1.32532533	0.000000000	0.000000000	0.000000000	0.000000000	0.000000000	0.000000000
1.33233233	0.000000000	0.000000000	0.000000000	0.000000000	0.000000000	0.000000000
1.33933934	0.000000000	0.000000000	0.000000000	0.000000000	0.000000000	0.000000000
1.34634635	0.000000000	0.000000000	0.000000000	0.000000000	0.000000000	0.000000000
1.35335335	0.000000000	0.000000000	0.000000000	0.000000000	0.000000000	0.000000000
1.36036036	0.000000000	0.000000000	0.000000000	0.000000000	0.000000000	0.000000000
1.36736737	0.000000000	0.000000000	0.000000000	0.000000000	0.000000000	0.000000000
1.37437437	0.000000000	0.000000000	0.000000000	0.000000000	0.000000000	0.000000000
1.38138138	0.000000000	0.000000000	0.000000000	0.000000000	0.000000000	0.000000000
1.38838839	0.000000000	0.000000000	0.000000000	0.000000000	0.000000000	0.000000000
1.39539540	0.000000000	0.000000000	0.000000000	0.000000000	0.000000000	0.000000000
1.40240240	0.000000000	0.000000000	0.000000000	0.000000000	0.000000000	0.000000000
1.40940941	0.000000000	0.000000000	0.000000000	0.000000000	0.000000000	0.000000000
1.41641642	0.000000000	0.000000000	0.000000000	0.000000000	0.000000000	0.000000000
1.42342342	0.000000000	0.000000000	0.000000000	0.000000000	0.000000000	0.000000000
1.43043043	0.000000000	0.000000000	0.000000000	0.000000000	0.000000000	0.000000000
1.43743744	0.000000000	0.000000000	0.000000000	0.000000000	0.000000000	0.000000000
1.44444444	0.000000000	0.000000000	0.000000000	0.000000000	0.000000000	0.000000000
1.45145145	0.000000000	0.000000000	0.000000000	0.000000000	0.000000000	0.000000000
1.45845846	0.000000000	0.000000000	0.000000000	0.000000000	0.000000000	0.000000000
1.46546547	0.000000000	0.000000000	0.000000000	0.000000000	0.000000000	0.000000000
1.47247247	0.000000000	0.000000000	0.000000000	0.000000000	0.000000000	0.000000000
1.47947948	0.000000000	0.000000000	0.000000000	0.000000000	0.000000000	0.000000000
1.48648649	0.000000000	0.000000000	0.000000000	0.000000000	0.000000000	0.000000000
1.49349349	0.000000000	0.000000000	0.000000000	0.000000000	0.000000000	0.000000000
1.50050050	0.000000000	0.000000000	0.000000000	0.000000000	0.000000000	0.000000000
1.50750751	0.000000000	0.000000000	0.000000000	0.000000000	0.000000000	0.000000000
1.51451451	0.000000000	0.000000000	0.000000000	0.000000000	0.000000000	0.000000000
1.52152152	0.000000000	0.000000000	0.000000000	0.000000000	0.000000000	0.000000000
1.52852853	0.000000000	0.000000000	0.000000000	0.000000000	0.000000000	0.000000000
1.53553554	0.000000000	0.000000000	0.000000000	0.000000000	0.000000000	0.000000000
1.54254254	0.000000000	0.000000000	0.000000000	0.000000000	0.000000000	0.000000000
1.54954955	0.000000000	0.000000000	0.000000000	0.000000000	0.000000000	0.000000000
1.55655656	0.000000000	0.000000000	0.000000000	0.000000000	0.000000000	0.000000000
1.56356356	0.000000000	0.000000000	0.000000000	0.000000000	0.000000000	0.000000000
1.57057057	0.000000000	0.000000000	0.000000000	0.000000000	0.000000000	0.000000000
1.57757758	0.000000000	0.000000000	0.000000000	0.000000000	0.000000000	0.000000000
1.58458458	0.000000000	0.000000000	0.000000000	0.000000000	0.000000000	0.000000000
1.59159159	0.000000000	0.000000000	0.000000000	0.000000000	0.000000000	0.000000000
1.59859860	0.000000000	0.000000000	0.000000000	0.000000000	0.000000000	0.000000000
1.60560561	0.000000000	0.000000000	0.000000000	0.000000000	0.000000000	0.000000000
1.61261261	0.000000000	0.000000000	0.000000000	0.000000000	0.000000000	0.000000000
1.61961962	0.000000000	0.000000000	0.000000000	0.000000000	0.000000000	0.000000000
1.62662663	0.000000000	0.000000000	0.000000000	0.000000000	0.000000000	0.000000000
1.63363363	0.000000000	0.000000000	0.000000000	0.000000000	0.000000000	0.000000000
1.64064064	0.000000000	0.000000000	0.000000000	0.000000000	0.000000000	0.000000000
1.64764765	0.000000000	0.000000000	0.000000000	0.000000000	0.000000000	0.000000000
1.65465465	0.000000000	0.000000000	0.000000000	0.000000000	0.000000000	0.000000000
1.66166166	0.000000000	0.000000000	0.000000000	0.000000000	0.000000000	0.000000000
1.66866867	0.000000000	0.000000000	0.000000000	0.000000000	0.000000000	0.000000000
1.67567568	0.000000000	0.000000000	0.000000000	0.000000000	0.000000000	0.000000000
1.68268268	0.000000000	0.000000000	0.000000000	0.000000000	0.000000000	0.000000000
1.68968969	0.000000000	0.000000000	0.000000000	0.000000000	0.000000000	0.000000000
1.69669670	0.000000000	0.000000000	0.000000000	0.000000000	0.000000000	0.000000000
1.70370370	0.000000000	0.000000000	0.000000000	0.000000000	0.000000000	0.000000000
1.71071071	0.000000000	0.000000000	0.000000000	0.000000000	0.000000000	0.000000000
1.71771772	0.000000000	0.000000000	0.000000000	0.000000000	0.000000000	0.000000000
1.72472472	0.000000000	0.000000000	0.000000000	0.000000000	0.000000000	0.000000000
1.73173173	0.000000000	0.000000000	0.000000000	0.000000000	0.000000000	0.000000000
1.73873874	0.000000000	0.000000000	0.000000000	0.000000000	0.000000000	0.000000000
1.74574575	0.000000000	0.000000000	0.000000000	0.000000000	0.000000000	0.000000000
1.75275275	0.000000000	0.000000000	0.000000000	0.000000000	0.000000000	0.000000000
1.75975976	0.000000000	0.000000000	0.000000000	0.000000000	0.000000000	0.000000000
1.76676677	0.000000000	0.000000000	0.000000000	0.000000000	0.000000000	0.000000000
1.77377377	0.000000000	0.000000000	0.000000000	0.000000000	0.000000000	0.000000000
1.78078078	0.000000000	0.000000000	0.000000000	0.000000000	0.000000000	0.000000000
1.78778779	0.000000000	0.000000000	0.000000000	0.000000000	0.000000000	0.000000000
1.79479479	0.000000000	0.000000000	0.000000000	0.000000000	0.000000000	0.000000000
1.80180180	0.000000000	0.000000000	0.000000000	0.000000000	0.000000000	0.000000000
1.80880881	0.000000000	0.000000000	0.000000000	0.000000000	0.000000000	0.000000000
1.81581582	0.000000000	0.000000000	0.000000000	0.000000000	0.000000000	0.000000000
1.82282282	0.000000000	0.000000000	0.000000000	0.000000000	0.000000000	0.000000000
1.82982983	0.000000000	0.000000000	0.000000000	0.000000000	0.000000000	0.000000000
1.83683684	0.000000000	0.000000000	0.000000000	0.000000000	0.000000000	0.000000000
1.84384384	0.000000000	0.000000000	0.000000000	0.000000000	0.000000000	0.000000000
1.85085085	0.000000000	0.000000000	0.000000000	0.000000000	0.000000000	0.000000000
1.85785786	0.000000000	0.000000000	0.000000000	0.000000000	0.000000000	0.000000000
1.86486486	0.000000000	0.000000000	0.000000000	0.000000000	0.000000000	0.000000000
1.87187187	0.000000000	0.000000000	0.000000000	0.000000000	0.000000000	0.000000000
1.87887888	0.000000000	0.000000000	0.000000000	0.000000000	0.000000000	0.000000000
1.88588589	0.000000000	0.000000000	0.000000000	0.000000000	0.000000000	0.000000000
1.89289289	0.000000000	0.000000000	0.000000000	0.000000000	0.000000000	0.000000000
1.89989990	0.000000000	0.000000000	0.000000000	0.000000000	0.000000000	0.000000000
1.90690691	0.000000000	0.000000000	0.000000000	0.000000000	0.000000000	0.000000000
1.91391391	0.000000000	0.000000000	0.000000000	0.000000000	0.000000000	0.000000000
1.92092092	0.000000000	0.000000000	0.000000000	0.000000000	0.000000000	0.000000000
1.92792793	0.000000000	0.000000000	0.000000000	0.000000000	0.000000000	0.000000000
1.93493493	0.000000000	0.000000000	0.000000000	0.000000000	0.000000000	0.000000000
1.94194194	0.000000000	0.000000000	0.000000000	0.000000000	0.000000000	0.000000000
1.94894895	0.000000000	0.000000000	0.000000000	0.000000000	0.000000000	0.000000000
1.95595596	0.000000000	0.000000000	0.000000000	0.000000000	0.000000000	0.000000000
1.96296296	0.000000000	0.000000000	0.000000000	0.000000000	0.000000000	0.000000000
1.96996997	0.000000000	0.000000000	0.000000000	0.000000000	0.000000000	0.000000000
1.97697698	0.000000000	0.000000000	0.000000000	0.000000000	0.000000000	0.000000000
1.98398398	0.000000000	0.000000000	0.000000000	0.000000000	0.000000000	0.000000000
1.99099099	0.000000000	0.000000000	0.000000000	0.000000000	0.000000000	0.000000000
1.99799800	0.000000000	0.000000000	0.000000000	0.000000000	0.000000000	0.000000000
2.00500501	0.000000000	0.000000000	0.000000000	0.000000000	0.000000000	0.000000000
2.01201201	0.000000000	0.000000000	0.000000000	0.000000000	0.000000000	0.000000000
2.01901902	0.000000000	0.000000000	0.000000000	0.000000000	0.000000000	0.000000000
2.02602603	0.000000000	0.000000000	0.000000000	0.000000000	0.000000000	0.000000000
2.03303303	0.000000000	0.000000000	0.000000000	0.000000000	0.000000000	0.000000000
2.04004004	0.000000000	0.000000000	0.000000000	0.000000000	0.000000000	0.000000000
2.04704705	0.000000000	0.000000000	0.000000000	0.000000000	0.000000000	0.000000000
2.05405405	0.000000000	0.000000000	0.000000000	0.000000000	0.000000000	0.000000000
2.06106106	0.000000000	0.000000000	0.000000000	0.000000000	0.000000000	0.000000000
2.06806807	0.000000000	0.000000000	0.000000000	0.000000000	0.000000000	0.000000000
2.07507508	0.000000000	0.000000000	0.000000000	0.000000000	0.000000000	0.000000000
2.08208208	0.000000000	0.000000000	0.000000000	0.000000000	0.000000000	0.000000000
2.08908909	0.000000000	0.000000000	0.000000000	0.000000000	0.000000000	0.000000000
2.09609610	0.000000000	0.000000000	0.000000000	0.000000000	0.000000000	0.000000000
2.10310310	0.000000000	0.000000000	0.000000000	0.000000000	0.000000000	0.000000000
2.11011011	0.000000000	0.000000000	0.000000000	0.000000000	0.000000000	0.000000000
2.11711712	0.000000000	0.000000000	0.000000000	0.000000000	0.000000000	0.000000000
2.12412412	0.000000000	0.000000000	0.000000000	0.000000000	0.000000000	0.000000000
2.13113113	0.000000000	0.000000000	0.000000000	0.000000000	0.000000000	0.000000000
2.13813814	0.000000000	0.000000000	0.000000000	0.000000000	0.000000000	0.000000000
2.14514515	0.000000000	0.000000000	0.000000000	0.000000000	0.000000000	0.000000000
2.15215215	0.000000000	0.000000000	0.000000000	0.000000000	0.000000000	0.000000000
2.15915916	0.000000000	0.000000000	0.000000000	0.000000000	0.000000000	0.000000000
2.16616617	0.000000000	0.000000000	0.000000000	0.000000000	0.000000000	0.000000000
2.17317317	0.000000000	0.000000000	0.000000000	0.000000000	0.000000000	0.000000000
2.18018018	0.000000000	0.000000000	0.000000000	0.000000000	0.000000000	0.000000000
2.18718719	0.000000000	0.000000000	0.000000000	0.000000000	0.000000000	0.000000000
2.19419419	0.000000000	0.000000000	0.000000000	0.000000000	0.000000000	0.000000000
2.20120120	0.000000000	0.000000000	0.000000000	0.000000000	0.000000000	0.000000000
2.20820821	0.000000000	0.000000000	0.000000000	0.000000000	0.000000000	0.000000000
2.21521522	0.000000000	0.000000000	0.000000000	0.000000000	0.000000000	0.000000000
2.22222222	0.000000000	0.000000000	0.000000000	0.000000000	0.000000000	0.000000000
2.22922923	0.000000000	0.000000000	0.000000000	0.000000000	0.000000000	0.000000000
2.23623624	0.000000000	0.000000000	0.000000000	0.000000000	0.000000000	0.000000000
2.24324324	0.000000000	0.000000000	0.000000000	0.000000000	0.000000000	0.000000000
2.25025025	0.000000000	0.000000000	0.000000000	0.000000000	0.000000000	0.000000000
2.25725726	0.000000000	0.000000000	0.000000000	0.000000000	0.000000000	0.000000000
2.26426426	0.000000000	0.000000000	0.000000000	0.000000000	0.000000000	0.000000000
2.27127127	0.000000000	0.000000000	0.000000000	0.000000000	0.000000000	0.000000000
2.27827828	0.000000000	0.000000000	0.000000000	0.000000000	0.000000000	0.000000000
2.28528529	0.000000000	0.000000000	0.000000000	0.000000000	0.000000000	0.000000000
2.29229229	0.000000000	0.000000000	0.000000000	0.000000000	0.000000000	0.000000000
2.29929930	0.000000000	0.000000000	0.000000000	0.000000000	0.000000000	0.000000000
2.30630631	0.000000000	0.000000000	0.000000000	0.000000000	0.000000000	0.000000000
2.31331331	0.000000000	0.000000000	0.000000000	0.000000000	0.000000000	0.000000000
2.32032032	0.000000000	0.000000000	0.000000000	0.000000000	0.000000000	0.000000000
2.32732733	0.000000000	0.000000000	0.000000000	0.000000000	0.000000000	0.000000000
2.33433433	0.000000000	0.000000000	0.000000000	0.000000000	0.000000000	0.000000000
2.34134134	0.000000000	0.000000000	0.000000000	0.000000000	0.000000000	0.000000000
2.34834835	0.000000000	0.000000000	0.000000000	0.000000000	0.000000000	0.000000000
2.35535536	0.000000000	0.000000000	0.000000000	0.000000000	0.000000000	0.000000000
2.36236236	0.000000000	0.000000000	0.000000000	0.000000000	0.000000000	0.000000000
2.36936937	0.000000000	0.000000000	0.000000000	0.000000000	0.000000000	0.000000000
2.37637638	0.000000000	0.000000000	0.000000000	0.000000000	0.000000000	0.000000000
2.38338338	0.000000000	0.000000000	0.000000000	0.000000000	0.000000000	0.000000000
2.39039039	0.000000000	0.000000000	0.000000000	0.000000000	0.000000000	0.000000000
2.39739740	0.000000000	0.000000000	0.000000000	0.000000000	0.000000000	0.000000000
2.40440440	0.000000000	0.000000000	0.000000000	0.000000000	0.000000000	0.000000000
2.41141141	0.000000000	0.000000000	0.000000000	0.000000000	0.000000000	0.000000000
2.41841842	0.000000000	0.000000000	0.000000000	0.000000000	0.000000000	0.000000000
2.42542543	0.000000000	0.000000000	0.000000000	0.000000000	0.000000000	0.000000000
2.43243243	0.000000000	0.000000000	0.000000000	0.000000000	0.000000000	0.000000000
2.43943944	0.000000000	0.000000000	0.000000000	0.000000000	0.000000000	0.000000000
2.44644645	0.000000000	0.000000000	0.000000000	0.000000000	0.000000000	0.000000000
2.45345345	0.000000000	0.000000000	0.000000000	0.000000000	0.000000000	0.000000000
2.46046046	0.000000000	0.000000000	0.000000000	0.000000000	0.000000000	0.000000000
2.46746747	0.000000000	0.000000000	0.000000000	0.000000000	0.000000000	0.000000000
2.47447447	0.000000000	0.000000000	0.000000000	0.000000000	0.000000000	0.000000000
2.48148148	0.000000000	0.000000000	0.000000000	0.000000000	0.000000000	0.000000000
2.48848849	0.000000000	0.000000000	0.000000000	0.000000000	0.000000000	0.000000000
2.49549550	0.000000000	0.000000000	0.000000000	0.000000000	0.000000000	0.000000000
2.50250250	0.000000000	0.000000000	0.000000000	0.000000000	0.000000000	0.000000000
2.50950951	0.000000000	0.000000000	0.000000000	0.000000000	0.000000000	0.000000000
2.51651652	0.000000000	0.000000000	0.000000000	0.000000000	0.000000000	0.000000000
2.52352352	0.000000000	0.000000000	0.000000000	0.000000000	0.000000000	0.000000000
2.53053053	0.000000000	0.000000000	0.000000000	0.000000000	0.000000000	0.000000000
2.53753754	0.000000000	0.000000000	0.000000000	0.000000000	0.000000000	0.000000000
2.54454454	0.000000000	0.000000000	0.000000000	0.000000000	0.000000000	0.000000000
2.55155155	0.000000000	0.000000000	0.000000000	0.000000000	0.000000000	0.000000000
2.55855856	0.000000000	0.000000000	0.000000000	0.000000000	0.000000000	0.000000000
2.56556557	0.000000000	0.000000000	0.000000000	0.000000000	0.000000000	0.000000000
2.57257257	0.000000000	0.000000000	0.000000000	0.000000000	0.000000000	0.000000000
2.57957958	0.000000000	0.000000000	0.000000000	0.000000000	0.000000000	0.000000000
2.58658659	0.000000000	0.000000000	0.000000000	0.000000000	0.000000000	0.000000000
2.59359359	0.000000000	0.000000000	0.000000000	0.000000000	0.000000000	0.000000000
2.60060060	0.000000000	0.000000000	0.000000000	0.000000000	0.000000000	0.000000000
2.60760761	0.000000000	0.000000000	0.000000000	0.000000000	0.000000000	0.000000000
2.61461461	0.000000000	0.000000000	0.000000000	0.000000000	0.000000000	0.000000000
2.62162162	0.000000000	0.000000000	0.000000000	0.000000000	0.000000000	0.000000000
2.62862863	0.000000000	0.000000000	0.000000000	0.000000000	0.000000000	0.000000000
2.63563564	0.000000000	0.000000000	0.000000000	0.000000000	0.000000000	0.000000000
2.64264264	0.000000000	0.000000000	0.000000000	0.000000000	0.000000000	0.000000000
2.64964965	0.000000000	0.000000000	0.000000000	0.000000000	0.000000000	0.000000000
2.65665666	0.000000000	0.000000000	0.000000000	0.000000000	0.000000000	0.000000000
2.66366366	0.000000000	0.000000000	0.000000000	0.000000000	0.000000000	0.000000000
2.67067067	0.000000000	0.000000000	0.000000000	0.000000000	0.000000000	0.000000000
2.67767768	0.000000000	0.000000000	0.000000000	0.000000000	0.000000000	0.000000000
2.68468468	0.000000000	0.000000000	0.000000000	0.000000000	0.000000000	0.000000000
2.69169169	0.000000000	0.000000000	0.000000000	0.000000000	0.000000000	0.000000000
2.69869870	0.000000000	0.000000000	0.000000000	0.000000000	0.000000000	0.000000000
2.70570571	0.000000000	0.000000000	0.000000000	0.000000000	0.000000000	0.000000000
2.71271271	0.000000000	0.000000000	0.000000000	0.000000000	0.000000000	0.000000000
2.71971972	0.000000000	0.000000000	0.000000000	0.000000000	0.000000000	0.000000000
2.72672673	0.000000000	0.000000000	0.000000000	0.000000000	0.000000000	0.000000000
2.73373373	0.000000000	0.000000000	0.000000000	0.000000000	0.000000000	0.000000000
2.74074074	0.000000000	0.000000000	0.000000000	0.000000000	0.000000000	0.000000000
2.74774775	0.000000000	0.000000000	0.000000000	0.000000000	0.000000000	0.000000000
2.75475475	0.000000000	0.000000000	0.000000000	0.000000000	0.000000000	0.000000000
2.76176176	0.000000000	0.000000000	0.000000000	0.000000000	0.000000000	0.000000000
2.76876877	0.000000000	0.000000000	0.000000000	0.000000000	0.000000000	0.000000000
2.77577578	0.000000000	0.000000000	0.000000000	0.000000000	0.000000000	0.000000000
2.78278278	0.000000000	0.000000000	0.000000000	0.000000000	0.000000000	0.000000000
2.78978979	0.000000000	0.000000000	0.000000000	0.000000000	0.000000000	0.000000000
2.79679680	0.000000000	0.000000000	0.000000000	0.000000000	0.000000000	0.000000000
2.80380380	0.000000000	0.000000000	0.000000000	0.000000000	0.000000000	0.000000000
2.81081081	0.000000000	0.000000000	0.000000000	0.000000000	0.000000000	0.000000000
2.81781782	0.000000000	0.000000000	0.000000000	0.000000000	0.000000000	0.000000000
2.82482482	0.000000000	0.000000000	0.000000000	0.000000000	0.000000000	0.000000000
2.83183183	0.000000000	0.000000000	0.000000000	0.000000000	0.000000000	0.000000000
2.83883884	0.000000000	0.000000000	0.000000000	0.000000000	0.000000000	0.000000000
2.84584585	0.000000000	0.000000000	0.000000000	0.000000000	0.000000000	0.000000000
2.85285285	0.000000000	0.000000000	0.000000000	0.000000000	0.000000000	0.000000000
2.85985986	0.000000000	0.000000000	0.000000000	0.000000000	0.000000000	0.000000000
2.86686687	0.000000000	0.000000000	0.000000000	0.000000000	0.000000000	0.000000000
2.87387387	0.000000000	0.000000000	0.000000000	0.000000000	0.000000000	0.000000000
2.88088088	0.000000000	0.000000000	0.000000000	0.000000000	0.000000000	0.000000000
2.88788789	0.000000000	0.000000000	0.000000000	0.000000000	0.000000000	0.000000000
2.89489489	0.000000000	0.000000000	0.000000000	0.000000000	0.000000000	0.000000000
2.90190190	0.000000000	0.000000000	0.000000000	0.000000000	0.000000000	0.000000000
2.90890891	0.000000000	0.000000000	0.000000000	0.000000000	0.000000000	0.000000000
2.91591592	0.000000000	0.000000000	0.000000000	0.000000000	0.000000000	0.000000000
2.92292292	0.000000000	0.000000000	0.000000000	0.000000000	0.000000000	0.000000000
2.92992993	0.000000000	0.000000000	0.000000000	0.000000000	0.000000000	0.000000000
2.93693694	0.000000000	0.000000000	0.000000000	0.000000000	0.000000000	0.000000000
2.94394394	0.000000000	0.000000000	0.000000000	0.000000000	0.000000000	0.000000000
2.95095095	0.000000000	0.000000000	0.000000000	0.000000000	0.000000000	0.000000000
2.95795796	0.000000000	0.000000000	0.000000000	0.000000000	0.000000000	0.000000000
2.96496496	0.000000000	0.000000000	0.000000000	0.000000000	0.000000000	0.000000000
2.97197197	0.000000000	0.000000000	0.000000000	0.000000000	0.000000000	0.000000000
2.97897898	0.000000000	0.000000000	0.000000000	0.000000000	0.000000000	0.000000000
2.98598599	0.000000000	0.000000000	0.000000000	0.000000000	0.000000000	0.000000000
2.99299299	0.000000000	0.000000000	0.000000000	0.000000000	0.000000000	0.000000000
3.00000000	0.000000000	0.000000000	0.000000000	0.000000000	0.000000000	0.000000000