-4.000000000	0.006439853	0.003274487	0.006418697	0.003704660	0.007351094	0.004358541
-3.992992993	0.006555340	0.003341892	0.006570703	0.003771585	0.007456562	0.004442887
-3.985985986	0.006672780	0.003410612	0.006726021	0.003839681	0.007563500	0.004528785
-3.978978979	0.006792201	0.003480669	0.006884714	0.003908968	0.007671925	0.004616261
-3.971971972	0.006913634	0.003552089	0.007046849	0.003979465	0.007781857	0.004705341
-3.964964965	0.007037112	0.003624896	0.007212491	0.004051194	0.007893318	0.004796054
-3.957957958	0.007162666	0.003699116	0.007381710	0.004124174	0.008006327	0.004888428
-3.950950951	0.007290328	0.003774773	0.007554573	0.004198427	0.008120905	0.004982491
-3.943943944	0.007420131	0.003851894	0.007731150	0.004273973	0.008237072	0.005078272
-3.936936937	0.007552108	0.003930505	0.007911513	0.004350836	0.008354851	0.005175800
-3.929929930	0.007686292	0.004010633	0.008095733	0.004429036	0.008474262	0.005275105
-3.922922923	0.007822718	0.004092306	0.008283885	0.004508595	0.008595327	0.005376217
-3.915915916	0.007961419	0.004175550	0.008476041	0.004589538	0.008718068	0.005479167
-3.908908909	0.008102431	0.004260394	0.008672279	0.004671886	0.008842507	0.005583986
-3.901901902	0.008245789	0.004346867	0.008872674	0.004755663	0.008968667	0.005690707
-3.894894895	0.008391530	0.004434998	0.009077306	0.004840893	0.009096571	0.005799360
-3.887887888	0.008539688	0.004524816	0.009286252	0.004927599	0.009226242	0.005909979
-3.880880881	0.008690303	0.004616351	0.009499593	0.005015808	0.009357702	0.006022597
-3.873873874	0.008843409	0.004709634	0.009717412	0.005105542	0.009490976	0.006137247
-3.866866867	0.008999047	0.004804695	0.009939790	0.005196829	0.009626088	0.006253964
-3.859859860	0.009157253	0.004901567	0.010166813	0.005289692	0.009763061	0.006372782
-3.852852853	0.009318066	0.005000281	0.010398565	0.005384159	0.009901921	0.006493737
-3.845845846	0.009481527	0.005100870	0.010635133	0.005480256	0.010042692	0.006616864
-3.838838839	0.009647675	0.005203366	0.010876605	0.005578010	0.010185400	0.006742200
-3.831831832	0.009816550	0.005307803	0.011123070	0.005677448	0.010330069	0.006869781
-3.824824825	0.009988193	0.005414216	0.011374620	0.005778599	0.010476726	0.006999645
-3.817817818	0.010162646	0.005522638	0.011631345	0.005881489	0.010625396	0.007131830
-3.810810811	0.010339951	0.005633105	0.011893339	0.005986148	0.010776107	0.007266374
-3.803803804	0.010520150	0.005745652	0.012160696	0.006092605	0.010928884	0.007403316
-3.796796797	0.010703287	0.005860317	0.012433513	0.006200889	0.011083755	0.007542697
-3.789789790	0.010889404	0.005977134	0.012711887	0.006311030	0.011240748	0.007684555
-3.782782783	0.011078547	0.006096143	0.012995916	0.006423059	0.011399889	0.007828933
-3.775775776	0.011270760	0.006217380	0.013285700	0.006537007	0.011561207	0.007975871
-3.768768769	0.011466089	0.006340885	0.013581341	0.006652905	0.011724731	0.008125412
-3.761761762	0.011664578	0.006466696	0.013882942	0.006770784	0.011890488	0.008277598
-3.754754755	0.011866276	0.006594853	0.014190606	0.006890678	0.012058509	0.008432473
-3.747747748	0.012071229	0.006725397	0.014504440	0.007012619	0.012228822	0.008590080
-3.740740741	0.012279484	0.006858368	0.014824550	0.007136639	0.012401458	0.008750464
-3.733733734	0.012491090	0.006993808	0.015151045	0.007262774	0.012576446	0.008913671
-3.726726727	0.012706096	0.007131759	0.015484035	0.007391058	0.012753817	0.009079745
-3.719719720	0.012924552	0.007272263	0.015823631	0.007521525	0.012933601	0.009248734
-3.712712713	0.013146507	0.007415365	0.016169946	0.007654210	0.013115831	0.009420685
-3.705705706	0.013372012	0.007561109	0.016523094	0.007789151	0.013300538	0.009595646
-3.698698699	0.013601119	0.007709539	0.016883192	0.007926382	0.013487753	0.009773665
-3.691691692	0.013833879	0.007860700	0.017250356	0.008065941	0.013677509	0.009954791
-3.684684685	0.014070345	0.008014639	0.017624706	0.008207867	0.013869838	0.010139075
-3.677677678	0.014310571	0.008171403	0.018006361	0.008352196	0.014064775	0.010326567
-3.670670671	0.014554610	0.008331038	0.018395443	0.008498967	0.014262352	0.010517318
-3.663663664	0.014802516	0.008493594	0.018792075	0.008648221	0.014462603	0.010711381
-3.656656657	0.015054346	0.008659119	0.019196383	0.008799996	0.014665563	0.010908808
-3.649649650	0.015310154	0.008827663	0.019608492	0.008954333	0.014871266	0.011109653
-3.642642643	0.015569998	0.008999275	0.020028530	0.009111274	0.015079747	0.011313969
-3.635635636	0.015833935	0.009174008	0.020456626	0.009270860	0.015291042	0.011521813
-3.628628629	0.016102022	0.009351913	0.020892912	0.009433133	0.015505188	0.011733240
-3.621621622	0.016374317	0.009533042	0.021337520	0.009598136	0.015722219	0.011948307
-3.614614615	0.016650881	0.009717449	0.021790583	0.009765912	0.015942174	0.012167070
-3.607607608	0.016931773	0.009905188	0.022252237	0.009936507	0.016165089	0.012389589
-3.600600601	0.017217054	0.010096314	0.022722619	0.010109965	0.016391001	0.012615921
-3.593593594	0.017506784	0.010290882	0.023201867	0.010286330	0.016619950	0.012846127
-3.586586587	0.017801027	0.010488948	0.023690121	0.010465651	0.016851973	0.013080267
-3.579579580	0.018099844	0.010690571	0.024187523	0.010647972	0.017087110	0.013318403
-3.572572573	0.018403299	0.010895807	0.024694215	0.010833343	0.017325400	0.013560596
-3.565565566	0.018711457	0.011104717	0.025210342	0.011021810	0.017566883	0.013806910
-3.558558559	0.019024381	0.011317358	0.025736051	0.011213424	0.017811598	0.014057408
-3.551551552	0.019342138	0.011533793	0.026271488	0.011408233	0.018059588	0.014312156
-3.544544545	0.019664794	0.011754082	0.026816804	0.011606288	0.018310892	0.014571219
-3.537537538	0.019992416	0.011978287	0.027372147	0.011807640	0.018565554	0.014834663
-3.530530531	0.020325071	0.012206472	0.027937671	0.012012341	0.018823614	0.015102555
-3.523523524	0.020662829	0.012438700	0.028513529	0.012220444	0.019085116	0.015374964
-3.516516517	0.021005758	0.012675036	0.029099876	0.012432001	0.019350103	0.015651959
-3.509509510	0.021353928	0.012915546	0.029696868	0.012647067	0.019618619	0.015933609
-3.502502503	0.021707411	0.013160296	0.030304663	0.012865697	0.019890707	0.016219986
-3.495495495	0.022066278	0.013409353	0.030923422	0.013087946	0.020166412	0.016511161
-3.488488488	0.022430600	0.013662787	0.031553304	0.013313871	0.020445780	0.016807207
-3.481481481	0.022800451	0.013920666	0.032194471	0.013543529	0.020728855	0.017108198
-3.474474474	0.023175905	0.014183060	0.032847089	0.013776978	0.021015685	0.017414208
-3.467467467	0.023557036	0.014450040	0.033511321	0.014014276	0.021306315	0.017725312
-3.460460460	0.023943920	0.014721680	0.034187334	0.014255484	0.021600793	0.018041587
-3.453453453	0.024336633	0.014998050	0.034875296	0.014500663	0.021899167	0.018363111
-3.446446446	0.024735251	0.015279226	0.035575376	0.014749872	0.022201484	0.018689962
-3.439439439	0.025139852	0.015565282	0.036287745	0.015003175	0.022507794	0.019022218
-3.432432432	0.025550515	0.015856294	0.037012574	0.015260635	0.022818145	0.019359961
-3.425425425	0.025967319	0.016152339	0.037750037	0.015522316	0.023132588	0.019703271
-3.418418418	0.026390344	0.016453494	0.038500308	0.015788281	0.023451172	0.020052232
-3.411411411	0.026819670	0.016759840	0.039263562	0.016058599	0.023773949	0.020406925
-3.404404404	0.027255380	0.017071454	0.040039977	0.016333334	0.024100970	0.020767436
-3.397397397	0.027697555	0.017388418	0.040829731	0.016612554	0.024432287	0.021133850
-3.390390390	0.028146279	0.017710815	0.041633002	0.016896329	0.024767953	0.021506252
-3.383383383	0.028601636	0.018038726	0.042449971	0.017184726	0.025108020	0.021884731
-3.376376376	0.029063710	0.018372235	0.043280820	0.017477818	0.025452543	0.022269375
-3.369369369	0.029532587	0.018711428	0.044125731	0.017775675	0.025801575	0.022660273
-3.362362362	0.030008353	0.019056391	0.044984888	0.018078369	0.026155172	0.023057515
-3.355355355	0.030491096	0.019407210	0.045858476	0.018385973	0.026513388	0.023461194
-3.348348348	0.030980903	0.019763973	0.046746679	0.018698563	0.026876280	0.023871401
-3.341341341	0.031477863	0.020126770	0.047649685	0.019016212	0.027243904	0.024288230
-3.334334334	0.031982066	0.020495690	0.048567682	0.019338998	0.027616317	0.024711777
-3.327327327	0.032493601	0.020870826	0.049500856	0.019666998	0.027993577	0.025142135
-3.320320320	0.033012561	0.021252269	0.050449398	0.020000289	0.028375743	0.025579404
-3.313313313	0.033539037	0.021640112	0.051413498	0.020338952	0.028762874	0.026023680
-3.306306306	0.034073121	0.022034450	0.052393346	0.020683067	0.029155028	0.026475062
-3.299299299	0.034614907	0.022435380	0.053389134	0.021032715	0.029552266	0.026933650
-3.292292292	0.035164490	0.022842997	0.054401053	0.021387978	0.029954649	0.027399547
-3.285285285	0.035721964	0.023257399	0.055429296	0.021748941	0.030362238	0.027872853
-3.278278278	0.036287425	0.023678685	0.056474057	0.022115687	0.030775096	0.028353672
-3.271271271	0.036860971	0.024106955	0.057535528	0.022488304	0.031193284	0.028842110
-3.264264264	0.037442697	0.024542311	0.058613905	0.022866876	0.031616867	0.029338271
-3.257257257	0.038032703	0.024984855	0.059709381	0.023251494	0.032045907	0.029842262
-3.250250250	0.038631088	0.025434689	0.060822152	0.023642245	0.032480470	0.030354191
-3.243243243	0.039237951	0.025891920	0.061952412	0.024039220	0.032920621	0.030874166
-3.236236236	0.039853392	0.026356651	0.063100357	0.024442511	0.033366425	0.031402299
-3.229229229	0.040477513	0.026828991	0.064266182	0.024852209	0.033817949	0.031938700
-3.222222222	0.041110417	0.027309047	0.065450083	0.025268409	0.034275261	0.032483482
-3.215215215	0.041752205	0.027796929	0.066652254	0.025691206	0.034738427	0.033036758
-3.208208208	0.042402981	0.028292745	0.067872892	0.026120696	0.035207517	0.033598642
-3.201201201	0.043062849	0.028796609	0.069112191	0.026556975	0.035682599	0.034169250
-3.194194194	0.043731915	0.029308633	0.070370347	0.027000144	0.036163743	0.034748700
-3.187187187	0.044410284	0.029828929	0.071647555	0.027450300	0.036651020	0.035337108
-3.180180180	0.045098063	0.030357614	0.072944009	0.027907546	0.037144501	0.035934595
-3.173173173	0.045795358	0.030894804	0.074259902	0.028371983	0.037644257	0.036541280
-3.166166166	0.046502277	0.031440614	0.075595428	0.028843715	0.038150361	0.037157285
-3.159159159	0.047218930	0.031995165	0.076950781	0.029322847	0.038662886	0.037782732
-3.152152152	0.047945425	0.032558575	0.078326151	0.029809484	0.039181906	0.038417745
-3.145145145	0.048681871	0.033130965	0.079721731	0.030303735	0.039707495	0.039062448
-3.138138138	0.049428380	0.033712457	0.081137711	0.030805706	0.040239728	0.039716968
-3.131131131	0.050185063	0.034303174	0.082574280	0.031315508	0.040778682	0.040381430
-3.124124124	0.050952031	0.034903240	0.084031626	0.031833253	0.041324433	0.041055965
-3.117117117	0.051729398	0.035512780	0.085509938	0.032359052	0.041877058	0.041740699
-3.110110110	0.052517275	0.036131921	0.087009400	0.032893020	0.042436635	0.042435765
-3.103103103	0.053315778	0.036760791	0.088530198	0.033435270	0.043003242	0.043141292
-3.096096096	0.054125019	0.037399517	0.090072514	0.033985921	0.043576960	0.043857414
-3.089089089	0.054945115	0.038048231	0.091636530	0.034545089	0.044157867	0.044584264
-3.082082082	0.055776180	0.038707063	0.093222426	0.035112893	0.044746046	0.045321976
-3.075075075	0.056618330	0.039376145	0.094830379	0.035689454	0.045341576	0.046070687
-3.068068068	0.057471682	0.040055611	0.096460567	0.036274894	0.045944541	0.046830533
-3.061061061	0.058336353	0.040745594	0.098113162	0.036869336	0.046555023	0.047601652
-3.054054054	0.059212461	0.041446231	0.099788338	0.037472903	0.047173106	0.048384182
-3.047047047	0.060100123	0.042157658	0.101486263	0.038085723	0.047798873	0.049178264
-3.040040040	0.060999459	0.042880012	0.103207104	0.038707922	0.048432411	0.049984038
-3.033033033	0.061910586	0.043613433	0.104951027	0.039339629	0.049073804	0.050801646
-3.026026026	0.062833625	0.044358060	0.106718194	0.039980974	0.049723139	0.051631232
-3.019019019	0.063768696	0.045114034	0.108508763	0.040632089	0.050380503	0.052472938
-3.012012012	0.064715918	0.045881497	0.110322892	0.041293106	0.051045984	0.053326910
-3.005005005	0.065675411	0.046660592	0.112160733	0.041964159	0.051719671	0.054193293
-2.997997998	0.066647298	0.047451463	0.114022436	0.042645384	0.052401651	0.055072235
-2.990990991	0.067631700	0.048254255	0.115908149	0.043336919	0.053092016	0.055963883
-2.983983984	0.068628737	0.049069115	0.117818015	0.044038901	0.053790857	0.056868385
-2.976976977	0.069638532	0.049896189	0.119752173	0.044751472	0.054498263	0.057785891
-2.969969970	0.070661207	0.050735625	0.121710760	0.045474771	0.055214328	0.058716551
-2.962962963	0.071696884	0.051587573	0.123693907	0.046208942	0.055939144	0.059660517
-2.955955956	0.072745685	0.052452181	0.125701743	0.046954128	0.056672804	0.060617940
-2.948948949	0.073807735	0.053329602	0.127734391	0.047710477	0.057415403	0.061588973
-2.941941942	0.074883154	0.054219987	0.129791970	0.048478133	0.058167036	0.062573769
-2.934934935	0.075972067	0.055123488	0.131874596	0.049257247	0.058927797	0.063572484
-2.927927928	0.077074597	0.056040259	0.133982379	0.050047968	0.059697783	0.064585272
-2.920920921	0.078190866	0.056970454	0.136115423	0.050850447	0.060477091	0.065612289
-2.913913914	0.079320999	0.057914229	0.138273830	0.051664837	0.061265819	0.066653692
-2.906906907	0.080465117	0.058871739	0.140457695	0.052491293	0.062064065	0.067709637
-2.899899900	0.081623345	0.059843142	0.142667107	0.053329969	0.062871927	0.068780282
-2.892892893	0.082795805	0.060828594	0.144902151	0.054181023	0.063689505	0.069865787
-2.885885886	0.083982620	0.061828254	0.147162905	0.055044613	0.064516900	0.070966309
-2.878878879	0.085183914	0.062842282	0.149449443	0.055920899	0.065354212	0.072082009
-2.871871872	0.086399809	0.063870836	0.151761830	0.056810042	0.066201543	0.073213045
-2.864864865	0.087630427	0.064914077	0.154100128	0.057712205	0.067058996	0.074359580
-2.857857858	0.088875892	0.065972165	0.156464391	0.058627552	0.067926672	0.075521774
-2.850850851	0.090136324	0.067045263	0.158854666	0.059556248	0.068804675	0.076699787
-2.843843844	0.091411846	0.068133533	0.161270994	0.060498460	0.069693111	0.077893783
-2.836836837	0.092702578	0.069237136	0.163713409	0.061454356	0.070592082	0.079103922
-2.829829830	0.094008642	0.070356236	0.166181938	0.062424106	0.071501695	0.080330368
-2.822822823	0.095330158	0.071490996	0.168676602	0.063407880	0.072422056	0.081573283
-2.815815816	0.096667247	0.072641580	0.171197410	0.064405850	0.073353272	0.082832829
-2.808808809	0.098020027	0.073808153	0.173744370	0.065418191	0.074295448	0.084109169
-2.801801802	0.099388617	0.074990879	0.176317476	0.066445076	0.075248694	0.085402468
-2.794794795	0.100773136	0.076189923	0.178916718	0.067486683	0.076213117	0.086712887
-2.787787788	0.102173701	0.077405450	0.181542075	0.068543187	0.077188827	0.088040589
-2.780780781	0.103590429	0.078637625	0.184193521	0.069614768	0.078175932	0.089385739
-2.773773774	0.105023435	0.079886614	0.186871018	0.070701605	0.079174543	0.090748499
-2.766766767	0.106472836	0.081152583	0.189574521	0.071803881	0.080184771	0.092129032
-2.759759760	0.107938745	0.082435697	0.192303977	0.072921776	0.081206726	0.093527500
-2.752752753	0.109421276	0.083736122	0.195059320	0.074055474	0.082240520	0.094944067
-2.745745746	0.110920542	0.085054024	0.197840479	0.075205160	0.083286264	0.096378894
-2.738738739	0.112436652	0.086389567	0.200647372	0.076371020	0.084344073	0.097832143
-2.731731732	0.113969719	0.087742919	0.203479906	0.077553240	0.085414057	0.099303975
-2.724724725	0.115519850	0.089114244	0.206337979	0.078752008	0.086496332	0.100794552
-2.717717718	0.117087154	0.090503706	0.209221479	0.079967514	0.087591010	0.102304034
-2.710710711	0.118671738	0.091911472	0.212130285	0.081199947	0.088698207	0.103832580
-2.703703704	0.120273706	0.093337704	0.215064264	0.082449498	0.089818036	0.105380350
-2.696696697	0.121893162	0.094782568	0.218023271	0.083716360	0.090950613	0.106947502
-2.689689690	0.123530209	0.096246227	0.221007154	0.085000725	0.092096054	0.108534193
-2.682682683	0.125184948	0.097728843	0.224015747	0.086302787	0.093254474	0.110140581
-2.675675676	0.126857477	0.099230578	0.227048873	0.087622740	0.094425990	0.111766820
-2.668668669	0.128547896	0.100751596	0.230106345	0.088960781	0.095610717	0.113413065
-2.661661662	0.130256298	0.102292056	0.233187965	0.090317105	0.096808774	0.115079470
-2.654654655	0.131982779	0.103852118	0.236293520	0.091691910	0.098020276	0.116766188
-2.647647648	0.133727431	0.105431942	0.239422789	0.093085393	0.099245341	0.118473368
-2.640640641	0.135490343	0.107031686	0.242575537	0.094497752	0.100484088	0.120201162
-2.633633634	0.137271605	0.108651507	0.245751517	0.095929188	0.101736633	0.121949716
-2.626626627	0.139071302	0.110291561	0.248950469	0.097379899	0.103003094	0.123719178
-2.619619620	0.140889518	0.111952003	0.252172123	0.098850085	0.104283591	0.125509693
-2.612612613	0.142726335	0.113632986	0.255416193	0.100339947	0.105578241	0.127321404
-2.605605606	0.144581832	0.115334664	0.258682383	0.101849687	0.106887162	0.129154453
-2.598598599	0.146456087	0.117057186	0.261970382	0.103379505	0.108210473	0.131008979
-2.591591592	0.148349175	0.118800702	0.265279868	0.104929603	0.109548293	0.132885120
-2.584584585	0.150261166	0.120565359	0.268610504	0.106500184	0.110900741	0.134783012
-2.577577578	0.152192130	0.122351304	0.271961941	0.108091449	0.112267934	0.136702787
-2.570570571	0.154142135	0.124158681	0.275333814	0.109703601	0.113649993	0.138644577
-2.563563564	0.156111243	0.125987631	0.278725749	0.111336842	0.115047034	0.140608511
-2.556556557	0.158099516	0.127838295	0.282137353	0.112991374	0.116459177	0.142594714
-2.549549550	0.160107012	0.129710811	0.285568223	0.114667400	0.117886541	0.144603311
-2.542542543	0.162133786	0.131605316	0.289017941	0.116365122	0.119329243	0.146634421
-2.535535536	0.164179889	0.133521943	0.292486074	0.118084741	0.120787401	0.148688163
-2.528528529	0.166245370	0.135460823	0.295972177	0.119826460	0.122261134	0.150764653
-2.521521522	0.168330274	0.137422084	0.299475789	0.121590479	0.123750559	0.152864001
-2.514514515	0.170434643	0.139405854	0.302996434	0.123376999	0.125255793	0.154986316
-2.507507508	0.172558514	0.141412256	0.306533625	0.125186222	0.126776954	0.157131704
-2.500500501	0.174701924	0.143441411	0.310086857	0.127018345	0.128314158	0.159300267
-2.493493493	0.176864902	0.145493435	0.313655613	0.128873569	0.129867521	0.161492103
-2.486486486	0.179047476	0.147568445	0.317239361	0.130752090	0.131437160	0.163707307
-2.479479479	0.181249668	0.149666551	0.320837552	0.132654108	0.133023189	0.165945970
-2.472472472	0.183471499	0.151787861	0.324449627	0.134579817	0.134625724	0.168208179
-2.465465465	0.185712982	0.153932482	0.328075009	0.136529413	0.136244879	0.170494016
-2.458458458	0.187974130	0.156100514	0.331713107	0.138503090	0.137880767	0.172803561
-2.451451451	0.190254949	0.158292054	0.335363316	0.140501040	0.139533502	0.175136887
-2.444444444	0.192555440	0.160507197	0.339025016	0.142523455	0.141203196	0.177494064
-2.437437437	0.194875602	0.162746033	0.342697573	0.144570525	0.142889960	0.179875158
-2.430430430	0.197215427	0.165008648	0.346380337	0.146642437	0.144593905	0.182280229
-2.423423423	0.199574905	0.167295124	0.350072646	0.148739378	0.146315142	0.184709332
-2.416416416	0.201954018	0.169605539	0.353773820	0.150861532	0.148053780	0.187162518
-2.409409409	0.204352746	0.171939965	0.357483169	0.153009082	0.149809926	0.189639832
-2.402402402	0.206771062	0.174298471	0.361199984	0.155182208	0.151583687	0.192141313
-2.395395395	0.209208935	0.176681122	0.364923546	0.157381088	0.153375170	0.194666997
-2.388388388	0.211666328	0.179087976	0.368653117	0.159605899	0.155184480	0.197216912
-2.381381381	0.214143199	0.181519088	0.372387951	0.161856813	0.157011721	0.199791081
-2.374374374	0.216639500	0.183974506	0.376127282	0.164134000	0.158856995	0.202389519
-2.367367367	0.219155180	0.186454275	0.379870334	0.166437629	0.160720403	0.205012240
-2.360360360	0.221690178	0.188958433	0.383616316	0.168767865	0.162602045	0.207659246
-2.353353353	0.224244430	0.191487013	0.387364424	0.171124869	0.164502021	0.210330535
-2.346346346	0.226817868	0.194040042	0.391113839	0.173508799	0.166420426	0.213026100
-2.339339339	0.229410413	0.196617541	0.394863730	0.175919811	0.168357358	0.215745924
-2.332332332	0.232021984	0.199219525	0.398613254	0.178358057	0.170312908	0.218489986
-2.325325325	0.234652492	0.201846005	0.402361554	0.180823683	0.172287171	0.221258256
-2.318318318	0.237301843	0.204496982	0.406107759	0.183316835	0.174280236	0.224050696
-2.311311311	0.239969935	0.207172454	0.409850987	0.185837651	0.176292192	0.226867264
-2.304304304	0.242656660	0.209872410	0.413590345	0.188386268	0.178323127	0.229707907
-2.297297297	0.245361905	0.212596833	0.417324925	0.190962817	0.180373124	0.232572566
-2.290290290	0.248085548	0.215345699	0.421053811	0.193567424	0.182442268	0.235461172
-2.283283283	0.250827460	0.218118978	0.424776072	0.196200211	0.184530638	0.238373652
-2.276276276	0.253587508	0.220916632	0.428490769	0.198861296	0.186638314	0.241309919
-2.269269269	0.256365549	0.223738614	0.432196949	0.201550789	0.188765371	0.244269883
-2.262262262	0.259161435	0.226584872	0.435893651	0.204268798	0.190911885	0.247253442
-2.255255255	0.261975008	0.229455346	0.439579904	0.207015423	0.193077926	0.250260487
-2.248248248	0.264806105	0.232349966	0.443254724	0.209790759	0.195263564	0.253290897
-2.241241241	0.267654555	0.235268655	0.446917122	0.212594895	0.197468865	0.256344546
-2.234234234	0.270520179	0.238211330	0.450566096	0.215427915	0.199693894	0.259421297
-2.227227227	0.273402791	0.241177897	0.454200638	0.218289895	0.201938711	0.262521001
-2.220220220	0.276302197	0.244168253	0.457819729	0.221180904	0.204203375	0.265643503
-2.213213213	0.279218194	0.247182289	0.461422345	0.224101007	0.206487941	0.268788637
-2.206206206	0.282150573	0.250219885	0.465007453	0.227050259	0.208792463	0.271956225
-2.199199199	0.285099115	0.253280913	0.468574012	0.230028709	0.211116988	0.275146082
-2.192192192	0.288063594	0.256365236	0.472120975	0.233036399	0.213461564	0.278358010
-2.185185185	0.291043775	0.259472707	0.475647291	0.236073361	0.215826232	0.281591802
-2.178178178	0.294039417	0.262603169	0.479151901	0.239139622	0.218211033	0.284847239
-2.171171171	0.297050267	0.265756457	0.482633741	0.242235199	0.220616002	0.288124093
-2.164164164	0.300076066	0.268932395	0.486091742	0.245360102	0.223041172	0.291422124
-2.157157157	0.303116545	0.272130798	0.489524831	0.248514329	0.225486572	0.294741079
-2.150150150	0.306171427	0.275351469	0.492931934	0.251697873	0.227952226	0.298080697
-2.143143143	0.309240427	0.278594202	0.496311969	0.254910716	0.230438154	0.301440703
-2.136136136	0.312323250	0.281858782	0.499663855	0.258152830	0.232944375	0.304820811
-2.129129129	0.315419592	0.285144981	0.502986508	0.261424177	0.235470901	0.308220724
-2.122122122	0.318529140	0.288452561	0.506278842	0.264724712	0.238017741	0.311640131
-2.115115115	0.321651573	0.291781273	0.509539771	0.268054375	0.240584898	0.315078711
-2.108108108	0.324786560	0.295130859	0.512768207	0.271413101	0.243172373	0.318536129
-2.101101101	0.327933761	0.298501046	0.515963064	0.274800808	0.245780161	0.322012039
-2.094094094	0.331092827	0.301891553	0.519123256	0.278217409	0.248408253	0.325506081
-2.087087087	0.334263398	0.305302087	0.522247699	0.281662800	0.251056634	0.329017884
-2.080080080	0.337445108	0.308732341	0.525335310	0.285136870	0.253725286	0.332547062
-2.073073073	0.340637579	0.312182000	0.528385011	0.288639494	0.256414184	0.336093217
-2.066066066	0.343840423	0.315650733	0.531395724	0.292170534	0.259123299	0.339655940
-2.059059059	0.347053244	0.319138201	0.534366378	0.295729841	0.261852597	0.343234804
-2.052052052	0.350275637	0.322644051	0.537295905	0.299317252	0.264602038	0.346829373
-2.045045045	0.353507185	0.326167917	0.540183242	0.302932593	0.267371577	0.350439196
-2.038038038	0.356747464	0.329709422	0.543027335	0.306575673	0.270161162	0.354063807
-2.031031031	0.359996038	0.333268175	0.545827132	0.310246292	0.272970738	0.357702729
-2.024024024	0.363252462	0.336843775	0.548581591	0.313944232	0.275800241	0.361355468
-2.017017017	0.366516283	0.340435806	0.551289679	0.317669262	0.278649603	0.365021519
-2.010010010	0.369787036	0.344043840	0.553950369	0.321421137	0.281518748	0.368700362
-2.003003003	0.373064248	0.347667436	0.556562646	0.325199598	0.284407598	0.372391462
-1.995995996	0.376347434	0.351306140	0.559125501	0.329004369	0.287316063	0.376094271
-1.988988989	0.379636102	0.354959486	0.561637941	0.332835158	0.290244050	0.379808227
-1.981981982	0.382929748	0.358626993	0.564098980	0.336691660	0.293191459	0.383532752
-1.974974975	0.386227859	0.362308168	0.566507645	0.340573553	0.296158182	0.387267255
-1.967967968	0.389529914	0.366002504	0.568862979	0.344480497	0.299144105	0.391011131
-1.960960961	0.392835378	0.369709481	0.571164034	0.348412136	0.302149107	0.394763759
-1.953953954	0.396143711	0.373428566	0.573409877	0.352368100	0.305173059	0.398524505
-1.946946947	0.399454361	0.377159213	0.575599593	0.356347997	0.308215825	0.402292721
-1.939939940	0.402766766	0.380900860	0.577732279	0.360351421	0.311277264	0.406067742
-1.932932933	0.406080356	0.384652934	0.579807049	0.364377947	0.314357222	0.409848891
-1.925925926	0.409394550	0.388414847	0.581823034	0.368427131	0.317455543	0.413635475
-1.918918919	0.412708758	0.392185999	0.583779383	0.372498514	0.320572059	0.417426786
-1.911911912	0.416022381	0.395965774	0.585675262	0.376591614	0.323706596	0.421222105
-1.904904905	0.419334810	0.399753544	0.587509856	0.380705933	0.326858972	0.425020694
-1.897897898	0.422645427	0.403548668	0.589282370	0.384840953	0.330028995	0.428821804
-1.890890891	0.425953605	0.407350489	0.590992029	0.388996136	0.333216467	0.432624668
-1.883883884	0.429258708	0.411158339	0.592638077	0.393170926	0.336421179	0.436428510
-1.876876877	0.432560090	0.414971534	0.594219781	0.397364744	0.339642915	0.440232535
-1.869869870	0.435857098	0.418789378	0.595736430	0.401576993	0.342881450	0.444035935
-1.862862863	0.439149067	0.422611162	0.597187334	0.405807056	0.346136549	0.447837890
-1.855855856	0.442435326	0.426436161	0.598571826	0.410054294	0.349407969	0.451637564
-1.848848849	0.445715196	0.430263640	0.599889264	0.414318047	0.352695457	0.455434108
-1.841841842	0.448987986	0.434092847	0.601139029	0.418597635	0.355998750	0.459226658
-1.834834835	0.452253000	0.437923020	0.602320527	0.422892355	0.359317578	0.463014338
-1.827827828	0.455509532	0.441753382	0.603433188	0.427201484	0.362651659	0.466796257
-1.820820821	0.458756870	0.445583143	0.604476470	0.431524275	0.366000702	0.470571514
-1.813813814	0.461994292	0.449411500	0.605449855	0.435859963	0.369364406	0.474339190
-1.806806807	0.465221068	0.453237639	0.606352852	0.440207756	0.372742459	0.478098357
-1.799799800	0.468436463	0.457060730	0.607184998	0.444566842	0.376134541	0.481848073
-1.792792793	0.471639733	0.460879933	0.607945856	0.448936388	0.379540320	0.485587383
-1.785785786	0.474830126	0.464694395	0.608635019	0.453315535	0.382959455	0.489315320
-1.778778779	0.478006884	0.468503250	0.609252107	0.457703404	0.386391591	0.493030906
-1.771771772	0.481169244	0.472305620	0.609796767	0.462099091	0.389836367	0.496733150
-1.764764765	0.484316434	0.476100616	0.610268679	0.466501671	0.393293408	0.500421049
-1.757757758	0.487447675	0.479887337	0.610667548	0.470910194	0.396762330	0.504093590
-1.750750751	0.490562185	0.483664869	0.610993112	0.475323688	0.400242735	0.507749750
-1.743743744	0.493659173	0.487432288	0.611245138	0.479741156	0.403734217	0.511388492
-1.736736737	0.496737845	0.491188660	0.611423422	0.484161580	0.407236357	0.515008772
-1.729729730	0.499797400	0.494933037	0.611527791	0.488583917	0.410748726	0.518609534
-1.722722723	0.502837032	0.498664464	0.611558104	0.493007101	0.414270882	0.522189715
-1.715715716	0.505855930	0.502381973	0.611514250	0.497430043	0.417802371	0.525748238
-1.708708709	0.508853280	0.506084587	0.611396148	0.501851629	0.421342730	0.529284023
-1.701701702	0.511828262	0.509771320	0.611203749	0.506270724	0.424891482	0.532795976
-1.694694695	0.514780053	0.513441175	0.610937037	0.510686167	0.428448137	0.536283000
-1.687687688	0.517707825	0.517093147	0.610596024	0.515096777	0.432012197	0.539743985
-1.680680681	0.520610748	0.520726221	0.610180757	0.519501345	0.435583147	0.543177819
-1.673673674	0.523487988	0.524339375	0.609691312	0.523898644	0.439160464	0.546583381
-1.666666667	0.526338708	0.527931579	0.609127797	0.528287422	0.442743610	0.549959542
-1.659659660	0.529162071	0.531501792	0.608490352	0.532666402	0.446332037	0.553305170
-1.652652653	0.531957235	0.535048970	0.607779149	0.537034288	0.449925182	0.556619126
-1.645645646	0.534723356	0.538572059	0.606994390	0.541389759	0.453522472	0.559900266
-1.638638639	0.537459592	0.542069999	0.606136310	0.545731473	0.457123319	0.563147445
-1.631631632	0.540165096	0.545541726	0.605205174	0.550058065	0.460727124	0.566359509
-1.624624625	0.542839023	0.548986166	0.604201279	0.554368151	0.464333276	0.569535305
-1.617617618	0.545480525	0.552402244	0.603124951	0.558660322	0.467941150	0.572673676
-1.610610611	0.548088758	0.555788877	0.601976550	0.562933149	0.471550109	0.575773462
-1.603603604	0.550662875	0.559144979	0.600756463	0.567185184	0.475159502	0.578833503
-1.596596597	0.553202031	0.562469460	0.599465111	0.571414956	0.478768667	0.581852637
-1.589589590	0.555705382	0.565761225	0.598102940	0.575620977	0.482376929	0.584829703
-1.582582583	0.558172085	0.569019178	0.596670432	0.579801737	0.485983598	0.587763539
-1.575575576	0.560601300	0.572242220	0.595168092	0.583955708	0.489587973	0.590652985
-1.568568569	0.562992190	0.575429248	0.593596459	0.588081343	0.493189341	0.593496883
-1.561561562	0.565343919	0.578579161	0.591956099	0.592177077	0.496786974	0.596294075
-1.554554555	0.567655654	0.581690854	0.590247604	0.596241328	0.500380133	0.599043410
-1.547547548	0.569926568	0.584763222	0.588471598	0.600272496	0.503968065	0.601743736
-1.540540541	0.572155836	0.587795162	0.586628730	0.604268966	0.507550006	0.604393910
-1.533533534	0.574342638	0.590785571	0.584719676	0.608229106	0.511125176	0.606992790
-1.526526527	0.576486159	0.593733345	0.582745138	0.612151270	0.514692785	0.609539242
-1.519519520	0.578585590	0.596637384	0.580705846	0.616033798	0.518252030	0.612032139
-1.512512513	0.580640126	0.599496590	0.578602553	0.619875015	0.521802095	0.614470359
-1.505505506	0.582648971	0.602309868	0.576436038	0.623673233	0.525342152	0.616852790
-1.498498498	0.584611333	0.605076127	0.574207106	0.627426754	0.528871359	0.619178328
-1.491491491	0.586526427	0.607794278	0.571916583	0.631133868	0.532388864	0.621445877
-1.484484484	0.588393478	0.610463240	0.569565318	0.634792853	0.535893802	0.623654354
-1.477477477	0.590211718	0.613081935	0.567154186	0.638401980	0.539385294	0.625802685
-1.470470470	0.591980386	0.615649291	0.564684079	0.641959511	0.542862452	0.627889808
-1.463463463	0.593698730	0.618164245	0.562155914	0.645463698	0.546324374	0.629914673
-1.456456456	0.595366010	0.620625738	0.559570627	0.648912790	0.549770147	0.631876245
-1.449449449	0.596981493	0.623032722	0.556929174	0.652305029	0.553198845	0.633773500
-1.442442442	0.598544457	0.625384155	0.554232530	0.655638651	0.556609534	0.635605432
-1.435435435	0.600054191	0.627679005	0.551481688	0.658911891	0.560001266	0.637371048
-1.428428428	0.601509994	0.629916250	0.548677658	0.662122981	0.563373081	0.639069372
-1.421421421	0.602911178	0.632094880	0.545821470	0.665270152	0.566724011	0.640699445
-1.414414414	0.604257066	0.634213892	0.542914167	0.668351633	0.570053076	0.642260327
-1.407407407	0.605546994	0.636272299	0.539956807	0.671365659	0.573359285	0.643751095
-1.400400400	0.606780310	0.638269123	0.536950466	0.674310462	0.576641637	0.645170845
-1.393393393	0.607956375	0.640203401	0.533896231	0.677184282	0.579899122	0.646518695
-1.386386386	0.609074565	0.642074184	0.530795202	0.679985363	0.583130718	0.647793782
-1.379379379	0.610134269	0.643880534	0.527648492	0.682711955	0.586335396	0.648995265
-1.372372372	0.611134891	0.645621532	0.524457226	0.685362315	0.589512116	0.650122325
-1.365365365	0.612075848	0.647296271	0.521222538	0.687934711	0.592659830	0.651174167
-1.358358358	0.612956576	0.648903863	0.517945573	0.690427421	0.595777481	0.652150018
-1.351351351	0.613776522	0.650443435	0.514627484	0.692838734	0.598864004	0.653049131
-1.344344344	0.614535153	0.651914131	0.511269434	0.695166954	0.601918325	0.653870784
-1.337337337	0.615231950	0.653315114	0.507872590	0.697410399	0.604939363	0.654614278
-1.330330330	0.615866411	0.654645564	0.504438128	0.699567404	0.607926030	0.655278945
-1.323323323	0.616438053	0.655904682	0.500967230	0.701636322	0.610877231	0.655864139
-1.316316316	0.616946408	0.657091688	0.497461081	0.703615525	0.613791862	0.656369245
-1.309309309	0.617391026	0.658205821	0.493920871	0.705503406	0.616668817	0.656793677
-1.302302302	0.617771476	0.659246342	0.490347793	0.707298382	0.619506981	0.657136874
-1.295295295	0.618087346	0.660212532	0.486743042	0.708998893	0.622305234	0.657398307
-1.288288288	0.618338241	0.661103696	0.483107816	0.710603404	0.625062452	0.657577478
-1.281281281	0.618523787	0.661919159	0.479443312	0.712110409	0.627777505	0.657673917
-1.274274274	0.618643626	0.662658269	0.475750728	0.713518431	0.630449261	0.657687187
-1.267267267	0.618697422	0.663320399	0.472031260	0.714826023	0.633076582	0.657616882
-1.260260260	0.618684859	0.663904944	0.468286105	0.716031769	0.635658328	0.657462627
-1.253253253	0.618605639	0.664411324	0.464516454	0.717134289	0.638193355	0.657224081
-1.246246246	0.618459486	0.664838984	0.460723498	0.718132238	0.640680519	0.656900935
-1.239239239	0.618246144	0.665187392	0.456908423	0.719024306	0.643118673	0.656492913
-1.232232232	0.617965377	0.665456043	0.453072410	0.719809226	0.645506667	0.655999774
-1.225225225	0.617616969	0.665644458	0.449216635	0.720485766	0.647843354	0.655421309
-1.218218218	0.617200727	0.665752183	0.445342267	0.721052740	0.650127583	0.654757346
-1.211211211	0.616716478	0.665778790	0.441450471	0.721509004	0.652358205	0.654007744
-1.204204204	0.616164069	0.665723880	0.437542400	0.721853458	0.654534072	0.653172400
-1.197197197	0.615543370	0.665587078	0.433619204	0.722085051	0.656654039	0.652251245
-1.190190190	0.614854271	0.665368039	0.429682020	0.722202777	0.658716959	0.651244245
-1.183183183	0.614096684	0.665066442	0.425731978	0.722205682	0.660721690	0.650151400
-1.176176176	0.613270542	0.664681998	0.421770197	0.722092863	0.662667094	0.648972748
-1.169169169	0.612375800	0.664214442	0.417797786	0.721863467	0.664552035	0.647708361
-1.162162162	0.611412434	0.663663538	0.413815840	0.721516699	0.666375382	0.646358347
-1.155155155	0.610380442	0.663029080	0.409825447	0.721051815	0.668136009	0.644922851
-1.148148148	0.609279842	0.662310886	0.405827678	0.720468130	0.669832795	0.643402050
-1.141141141	0.608110675	0.661508807	0.401823593	0.719765018	0.671464625	0.641796160
-1.134134134	0.606873001	0.660622718	0.397814238	0.718941910	0.673030392	0.640105432
-1.127127127	0.605566904	0.659652524	0.393800646	0.717998298	0.674528995	0.638330149
-1.120120120	0.604192487	0.658598159	0.389783835	0.716933737	0.675959342	0.636470634
-1.113113113	0.602749873	0.657459583	0.385764806	0.715747842	0.677320348	0.634527240
-1.106106106	0.601239208	0.656236785	0.381744548	0.714440293	0.678610938	0.632500360
-1.099099099	0.599660656	0.654929782	0.377724031	0.713010837	0.679830048	0.630390415
-1.092092092	0.598014403	0.653538619	0.373704210	0.711459283	0.680976622	0.628197866
-1.085085085	0.596300655	0.652063366	0.369686024	0.709785509	0.682049616	0.625923202
-1.078078078	0.594519636	0.650504123	0.365670393	0.707989459	0.683047999	0.623566951
-1.071071071	0.592671589	0.648861016	0.361658222	0.706071145	0.683970750	0.621129668
-1.064064064	0.590756780	0.647134195	0.357650395	0.704030650	0.684816861	0.618611944
-1.057057057	0.588775488	0.645323839	0.353647782	0.701868122	0.685585338	0.616014399
-1.050050050	0.586728015	0.643430152	0.349651230	0.699583783	0.686275200	0.613337687
-1.043043043	0.584614677	0.641453364	0.345661570	0.697177922	0.686885483	0.610582489
-1.036036036	0.582435811	0.639393726	0.341679614	0.694650901	0.687415233	0.607749517
-1.029029029	0.580191768	0.637251519	0.337706154	0.692003151	0.687863516	0.604839513
-1.022022022	0.577882916	0.635027043	0.333741963	0.689235173	0.688229410	0.601853245
-1.015015015	0.575509640	0.632720622	0.329787794	0.686347541	0.688512014	0.598791509
-1.008008008	0.573072339	0.630332604	0.325844380	0.683340898	0.688710439	0.595655129
-1.001001001	0.570571427	0.627863357	0.321912433	0.680215958	0.688823815	0.592444952
-0.993993994	0.568007333	0.625313271	0.317992648	0.676973507	0.688851291	0.589161850
-0.986986987	0.565380497	0.622682754	0.314085697	0.673614398	0.688792032	0.585806720
-0.979979980	0.562691375	0.619972235	0.310192231	0.670139554	0.688645220	0.582380478
-0.972972973	0.559940432	0.617182162	0.306312883	0.666549969	0.688410060	0.578884066
-0.965965966	0.557128145	0.614312997	0.302448262	0.662846702	0.688085770	0.575318441
-0.958958959	0.554255002	0.611365222	0.298598960	0.659030881	0.687671590	0.571684582
-0.951951952	0.551321499	0.608339331	0.294765545	0.655103699	0.687166780	0.567983485
-0.944944945	0.548328143	0.605235835	0.290948566	0.651066415	0.686570614	0.564216162
-0.937937938	0.545275446	0.602055257	0.287148551	0.646920350	0.685882391	0.560383638
-0.930930931	0.542163928	0.598798129	0.283366006	0.642666890	0.685101425	0.556486955
-0.923923924	0.538994116	0.595464997	0.279601416	0.638307479	0.684227049	0.552527164
-0.916916917	0.535766539	0.592056415	0.275855248	0.633843622	0.683258615	0.548505326
-0.909909910	0.532481730	0.588572942	0.272127945	0.629276879	0.682195493	0.544422513
-0.902902903	0.529140226	0.585015147	0.268419930	0.624608867	0.681037072	0.540279803
-0.895895896	0.525742564	0.581383601	0.264731605	0.619841256	0.679782754	0.536078278
-0.888888889	0.522289280	0.577678878	0.261063354	0.614975766	0.678431962	0.531819025
-0.881881882	0.518780911	0.573901553	0.257415537	0.610014165	0.676984132	0.527503131
-0.874874875	0.515217988	0.570052202	0.253788494	0.604958268	0.675438716	0.523131686
-0.867867868	0.511601041	0.566131395	0.250182546	0.599809930	0.673795178	0.518705773
-0.860860861	0.507930590	0.562139700	0.246597993	0.594571048	0.672052995	0.514226474
-0.853853854	0.504207152	0.558077677	0.243035115	0.589243554	0.670211655	0.509694862
-0.846846847	0.500431232	0.553945878	0.239494171	0.583829413	0.668270655	0.505112002
-0.839839840	0.496603324	0.549744843	0.235975402	0.578330620	0.666229499	0.500478948
-0.832832833	0.492723912	0.545475097	0.232479026	0.572749193	0.664087697	0.495796739
-0.825825826	0.488793462	0.541137150	0.229005244	0.567087172	0.661844761	0.491066398
-0.818818819	0.484812424	0.536731493	0.225554236	0.561346615	0.659500202	0.486288929
-0.811811812	0.480781232	0.532258594	0.222126165	0.555529588	0.657053529	0.481465313
-0.804804805	0.476700294	0.527718897	0.218721171	0.549638166	0.654504244	0.476596507
-0.797797798	0.472569998	0.523112816	0.215339377	0.543674423	0.651851839	0.471683439
-0.790790791	0.468390705	0.518440735	0.211980889	0.537640430	0.649095789	0.466727005
-0.783783784	0.464162745	0.513703002	0.208645789	0.531538245	0.646235553	0.461728067
-0.776776777	0.459886419	0.508899925	0.205334147	0.525369908	0.643270560	0.456687446
-0.769769770	0.455561990	0.504031770	0.202046008	0.519137433	0.640200210	0.451605922
-0.762762763	0.451189685	0.499098753	0.198781404	0.512842801	0.637023864	0.446484227
-0.755755756	0.446769689	0.494101040	0.195540346	0.506487951	0.633740837	0.441323041
-0.748748749	0.442302140	0.489038737	0.192322828	0.500074770	0.630350386	0.436122989
-0.741741742	0.437787126	0.483911888	0.189128826	0.493605083	0.626851706	0.430884632
-0.734734735	0.433224682	0.478720467	0.185958298	0.487080643	0.623243913	0.425608464
-0.727727728	0.428614783	0.473464374	0.182811186	0.480503115	0.619526032	0.420294909
-0.720720721	0.423957341	0.468143425	0.179687413	0.473874069	0.615696987	0.414944305
-0.713713714	0.419252197	0.462757347	0.176586885	0.467194955	0.611755577	0.409556909
-0.706706707	0.414499115	0.457305768	0.173509492	0.460467098	0.607700463	0.404132879
-0.699699700	0.409697780	0.451788209	0.170455106	0.453691668	0.603530143	0.398672271
-0.692692693	0.404847783	0.446204073	0.167423584	0.446869664	0.599242927	0.393175029
-0.685685686	0.399948620	0.440552638	0.164414763	0.440001891	0.594836909	0.387640971
-0.678678679	0.394999678	0.434833040	0.161428466	0.433088928	0.590309933	0.382069784
-0.671671672	0.390000228	0.429044260	0.158464500	0.426131099	0.585659550	0.376461006
-0.664664665	0.384949414	0.423185116	0.155522652	0.419128433	0.580882980	0.370814013
-0.657657658	0.379846241	0.417254237	0.152602697	0.412080626	0.575977049	0.365128004
-0.650650651	0.374689559	0.411250052	0.149704391	0.404986987	0.570938131	0.359401984
-0.643643644	0.369478053	0.405170767	0.146827473	0.397846378	0.565762071	0.353634739
-0.636636637	0.364210222	0.399014340	0.143971667	0.390657147	0.560444092	0.347824822
-0.629629630	0.358884359	0.392778457	0.141136682	0.383417042	0.554978689	0.341970516
-0.622622623	0.353498535	0.386460504	0.138322206	0.376123107	0.549359494	0.336069813
-0.615615616	0.348050570	0.380057526	0.135527916	0.368771563	0.543579117	0.330120374
-0.608608609	0.342538007	0.373566197	0.132753468	0.361357650	0.537628944	0.324119493
-0.601601602	0.336958078	0.366982766	0.129998502	0.353875442	0.531498892	0.318064049
-0.594594595	0.331307669	0.360303015	0.127262643	0.346317609	0.525177097	0.311950449
-0.587587588	0.325583279	0.353522186	0.124545497	0.338675115	0.518649520	0.305774569
-0.580580581	0.319780967	0.346634923	0.121846653	0.330936829	0.511899440	0.299531678
-0.573573574	0.313896295	0.339635177	0.119165682	0.323089026	0.504906791	0.293216344
-0.566566567	0.307924263	0.332516115	0.116502136	0.315114713	0.497647292	0.286822329
-0.559559560	0.301859225	0.325269996	0.113855550	0.306992733	0.490091271	0.280342458
-0.552552553	0.295694792	0.317888030	0.111225438	0.298696523	0.482202052	0.273768459
-0.545545546	0.289423722	0.310360206	0.108611296	0.290192385	0.473933698	0.267090768
-0.538538539	0.283037777	0.302675079	0.106012598	0.281436970	0.465227766	0.260298281
-0.531531532	0.276527550	0.294819508	0.103428797	0.272373564	0.456008506	0.253378047
-0.524524525	0.269882262	0.286778325	0.100859326	0.262926350	0.446175500	0.246314881
-0.517517518	0.263089499	0.278533930	0.098303591	0.252991195	0.435591907	0.239090852
-0.510510511	0.256134882	0.270065751	0.095760977	0.242420026	0.424064708	0.231684624
-0.503503504	0.249001654	0.261349562	0.093230844	0.230992519	0.411309287	0.224070572
-0.496496496	0.241670140	0.252356571	0.090712521	0.218360084	0.396880473	0.216217583
-0.489489489	0.234117045	0.243052199	0.088205313	0.203920842	0.380022219	0.208087390
-0.482482482	0.226314513	0.233394400	0.085708491	0.186486050	0.359281792	0.199632202
-0.475475475	0.218228855	0.223331297	0.083221295	0.163076653	0.331218745	0.190791218
-0.468468468	0.209818774	0.212797762	0.080742931	0.119971697	0.282862263	0.181485330
-0.461461461	0.201032839	0.201710295	0.078272565	0.000000000	0.000000000	0.171608718
-0.454454454	0.191805778	0.189959040	0.075809321	0.000000000	0.000000000	0.161014766
-0.447447447	0.182052812	0.177394715	0.073352282	0.000000000	0.000000000	0.149490845
-0.440440440	0.171660655	0.163805821	0.070900477	0.000000000	0.000000000	0.136708944
-0.433433433	0.160472369	0.148875541	0.068452884	0.000000000	0.000000000	0.122116304
-0.426426426	0.148260097	0.132090643	0.066008418	0.000000000	0.000000000	0.104643769
-0.419419419	0.134671205	0.112514811	0.063565930	0.000000000	0.000000000	0.081630671
-0.412412412	0.119107407	0.088049627	0.061124192	0.000000000	0.000000000	0.039138065
-0.405405405	0.100394853	0.051017301	0.058681894	0.000000000	0.000000000	0.000000000
-0.398398398	0.075506593	0.000000000	0.056237625	0.000000000	0.000000000	0.000000000
-0.391391391	0.023763603	0.000000000	0.053789867	0.000000000	0.000000000	0.000000000
-0.384384384	0.000000000	0.000000000	0.051336972	0.000000000	0.000000000	0.000000000
-0.377377377	0.000000000	0.000000000	0.048877143	0.000000000	0.000000000	0.000000000
-0.370370370	0.000000000	0.000000000	0.046408406	0.000000000	0.000000000	0.000000000
-0.363363363	0.000000000	0.000000000	0.043928579	0.000000000	0.000000000	0.000000000
-0.356356356	0.000000000	0.000000000	0.041435232	0.000000000	0.000000000	0.000000000
-0.349349349	0.000000000	0.000000000	0.038925625	0.000000000	0.000000000	0.000000000
-0.342342342	0.000000000	0.000000000	0.036396643	0.000000000	0.000000000	0.000000000
-0.335335335	0.000000000	0.000000000	0.033844700	0.000000000	0.000000000	0.000000000
-0.328328328	0.000000000	0.000000000	0.031265599	0.000000000	0.000000000	0.000000000
-0.321321321	0.000000000	0.000000000	0.028654353	0.000000000	0.000000000	0.000000000
-0.314314314	0.000000000	0.000000000	0.026004905	0.000000000	0.000000000	0.000000000
-0.307307307	0.000000000	0.000000000	0.023309717	0.000000000	0.000000000	0.000000000
-0.300300300	0.000000000	0.000000000	0.020559107	0.000000000	0.000000000	0.000000000
-0.293293293	0.000000000	0.000000000	0.017740129	0.000000000	0.000000000	0.000000000
-0.286286286	0.000000000	0.000000000	0.014834523	0.000000000	0.000000000	0.000000000
-0.279279279	0.000000000	0.000000000	0.011814509	0.000000000	0.000000000	0.000000000
-0.272272272	0.000000000	0.000000000	0.008632611	0.000000000	0.000000000	0.000000000
-0.265265265	0.000000000	0.000000000	0.005188926	0.000000000	0.000000000	0.000000000
-0.258258258	0.000000000	0.000000000	0.001109043	0.000000000	0.000000000	0.000000000
-0.251251251	0.000000000	0.000000000	0.000000000	0.000000000	0.000000000	0.000000000
-0.244244244	0.000000000	0.000000000	0.000000000	0.000000000	0.000000000	0.000000000
-0.237237237	0.000000000	0.000000000	0.000000000	0.000000000	0.000000000	0.000000000
-0.230230230	0.000000000	0.000000000	0.000000000	0.000000000	0.000000000	0.000000000
-0.223223223	0.000000000	0.000000000	0.000000000	0.000000000	0.000000000	0.000000000
-0.216216216	0.000000000	0.000000000	0.000000000	0.000000000	0.000000000	0.000000000
-0.209209209	0.000000000	0.000000000	0.000000000	0.000000000	0.000000000	0.000000000
-0.202202202	0.000000000	0.000000000	0.000000000	0.000000000	0.000000000	0.000000000
-0.195195195	0.000000000	0.000000000	0.000000000	0.000000000	0.000000000	0.000000000
-0.188188188	0.000000000	0.000000000	0.000000000	0.000000000	0.000000000	0.000000000
-0.181181181	0.000000000	0.000000000	0.000000000	0.000000000	0.000000000	0.000000000
-0.174174174	0.000000000	0.000000000	0.000000000	0.000000000	0.000000000	0.000000000
-0.167167167	0.000000000	0.000000000	0.000000000	0.000000000	0.000000000	0.000000000
-0.160160160	0.000000000	0.000000000	0.000000000	0.000000000	0.000000000	0.000000000
-0.153153153	0.000000000	0.000000000	0.000000000	0.000000000	0.000000000	0.000000000
-0.146146146	0.000000000	0.000000000	0.000000000	0.000000000	0.000000000	0.000000000
-0.139139139	0.000000000	0.000000000	0.000000000	0.000000000	0.000000000	0.000000000
-0.132132132	0.000000000	0.000000000	0.000000000	0.000000000	0.000000000	0.000000000
-0.125125125	0.000000000	0.000000000	0.000000000	0.000000000	0.000000000	0.000000000
-0.118118118	0.000000000	0.000000000	0.000000000	0.000000000	0.000000000	0.000000000
-0.111111111	0.000000000	0.000000000	0.000000000	0.000000000	0.000000000	0.000000000
-0.104104104	0.000000000	0.000000000	0.000000000	0.000000000	0.000000000	0.000000000
-0.097097097	0.000000000	0.000000000	0.000000000	0.000000000	0.000000000	0.000000000
-0.090090090	0.000000000	0.000000000	0.000000000	0.000000000	0.000000000	0.000000000
-0.083083083	0.000000000	0.000000000	0.000000000	0.000000000	0.000000000	0.000000000
-0.076076076	0.000000000	0.000000000	0.000000000	0.000000000	0.000000000	0.000000000
-0.069069069	0.000000000	0.000000000	0.000000000	0.000000000	0.000000000	0.000000000
-0.062062062	0.000000000	0.000000000	0.000000000	0.000000000	0.000000000	0.000000000
-0.055055055	0.000000000	0.000000000	0.000000000	0.000000000	0.000000000	0.000000000
-0.048048048	0.000000000	0.000000000	0.000000000	0.000000000	0.000000000	0.000000000
-0.041041041	0.000000000	0.000000000	0.000000000	0.000000000	0.000000000	0.000000000
-0.034034034	0.000000000	0.000000000	0.000000000	0.000000000	0.000000000	0.000000000
-0.027027027	0.000000000	0.000000000	0.000000000	0.000000000	0.000000000	0.000000000
-0.020020020	0.000000000	0.000000000	0.000000000	0.000000000	0.000000000	0.000000000
-0.013013013	0.000000000	0.000000000	0.000000000	0.000000000	0.000000000	0.000000000
-0.006006006	0.000000000	0.000000000	0.000000000	0.000000000	0.000000000	0.000000000
0.001001001	0.000000000	0.000000000	0.000000000	0.000000000	0.000000000	0.000000000
0.008008008	0.000000000	0.000000000	0.000000000	0.000000000	0.000000000	0.000000000
0.015015015	0.000000000	0.000000000	0.000000000	0.000000000	0.000000000	0.000000000
0.022022022	0.000000000	0.000000000	0.000000000	0.000000000	0.000000000	0.000000000
0.029029029	0.000000000	0.000000000	0.000000000	0.000000000	0.000000000	0.000000000
0.036036036	0.000000000	0.000000000	0.000000000	0.000000000	0.000000000	0.000000000
0.043043043	0.000000000	0.000000000	0.000000000	0.000000000	0.000000000	0.000000000
0.050050050	0.000000000	0.000000000	0.000000000	0.000000000	0.000000000	0.000000000
0.057057057	0.000000000	0.000000000	0.000000000	0.000000000	0.000000000	0.000000000
0.064064064	0.000000000	0.000000000	0.000000000	0.000000000	0.000000000	0.000000000
0.071071071	0.000000000	0.000000000	0.000000000	0.000000000	0.000000000	0.000000000
0.078078078	0.000000000	0.000000000	0.000000000	0.000000000	0.000000000	0.000000000
0.085085085	0.000000000	0.000000000	0.000000000	0.000000000	0.000000000	0.000000000
0.092092092	0.000000000	0.000000000	0.000000000	0.000000000	0.000000000	0.000000000
0.099099099	0.000000000	0.000000000	0.000000000	0.000000000	0.000000000	0.000000000
0.106106106	0.000000000	0.000000000	0.000000000	0.000000000	0.000000000	0.000000000
0.113113113	0.000000000	0.000000000	0.000000000	0.000000000	0.000000000	0.000000000
0.120120120	0.000000000	0.000000000	0.000000000	0.000000000	0.000000000	0.000000000
0.127127127	0.000000000	0.000000000	0.000000000	0.000000000	0.000000000	0.000000000
0.134134134	0.000000000	0.000000000	0.000000000	0.000000000	0.000000000	0.000000000
0.141141141	0.000000000	0.000000000	0.000000000	0.000000000	0.000000000	0.000000000
0.148148148	0.000000000	0.000000000	0.000000000	0.000000000	0.000000000	0.000000000
0.155155155	0.000000000	0.000000000	0.000000000	0.000000000	0.000000000	0.000000000
0.162162162	0.000000000	0.000000000	0.000000000	0.000000000	0.000000000	0.000000000
0.169169169	0.000000000	0.000000000	0.000000000	0.000000000	0.000000000	0.000000000
0.176176176	0.000000000	0.000000000	0.000000000	0.000000000	0.000000000	0.000000000
0.183183183	0.000000000	0.000000000	0.000000000	0.000000000	0.000000000	0.000000000
0.190190190	0.000000000	0.000000000	0.000000000	0.000000000	0.000000000	0.000000000
0.197197197	0.000000000	0.000000000	0.000000000	0.000000000	0.000000000	0.000000000
0.204204204	0.000000000	0.000000000	0.000000000	0.000000000	0.000000000	0.000000000
0.211211211	0.000000000	0.000000000	0.000000000	0.000000000	0.000000000	0.000000000
0.218218218	0.000000000	0.000000000	0.000000000	0.000000000	0.000000000	0.000000000
0.225225225	0.000000000	0.000000000	0.000000000	0.000000000	0.000000000	0.000000000
0.232232232	0.000000000	0.000000000	0.000000000	0.000000000	0.000000000	0.000000000
0.239239239	0.000000000	0.000000000	0.000000000	0.000000000	0.000000000	0.000000000
0.246246246	0.000000000	0.000000000	0.000000000	0.000000000	0.000000000	0.000000000
0.253253253	0.000000000	0.000000000	0.000000000	0.000000000	0.000000000	0.000000000
0.260260260	0.000000000	0.000000000	0.000000000	0.000000000	0.000000000	0.000000000
0.267267267	0.000000000	0.000000000	0.000000000	0.000000000	0.000000000	0.000000000
0.274274274	0.000000000	0.000000000	0.000000000	0.000000000	0.000000000	0.000000000
0.281281281	0.000000000	0.000000000	0.000000000	0.000000000	0.000000000	0.000000000
0.288288288	0.000000000	0.000000000	0.000000000	0.000000000	0.000000000	0.000000000
0.295295295	0.000000000	0.000000000	0.000000000	0.000000000	0.000000000	0.000000000
0.302302302	0.000000000	0.000000000	0.000000000	0.000000000	0.000000000	0.000000000
0.309309309	0.000000000	0.000000000	0.000000000	0.000000000	0.000000000	0.000000000
0.316316316	0.000000000	0.000000000	0.000000000	0.000000000	0.000000000	0.000000000
0.323323323	0.000000000	0.000000000	0.000000000	0.000000000	0.000000000	0.000000000
0.330330330	0.000000000	0.000000000	0.000000000	0.000000000	0.000000000	0.000000000
0.337337337	0.000000000	0.000000000	0.000000000	0.000000000	0.000000000	0.000000000
0.344344344	0.000000000	0.000000000	0.000000000	0.000000000	0.000000000	0.000000000
0.351351351	0.000000000	0.000000000	0.000000000	0.000000000	0.000000000	0.000000000
0.358358358	0.000000000	0.000000000	0.000000000	0.000000000	0.000000000	0.000000000
0.365365365	0.000000000	0.000000000	0.000000000	0.000000000	0.000000000	0.000000000
0.372372372	0.000000000	0.000000000	0.000000000	0.000000000	0.000000000	0.000000000
0.379379379	0.000000000	0.000000000	0.000000000	0.000000000	0.000000000	0.000000000
0.386386386	0.000000000	0.000000000	0.000000000	0.000000000	0.000000000	0.000000000
0.393393393	0.000000000	0.000000000	0.000000000	0.000000000	0.000000000	0.000000000
0.400400400	0.000000000	0.000000000	0.000000000	0.000000000	0.000000000	0.000000000
0.407407407	0.000000000	0.000000000	0.000000000	0.000000000	0.000000000	0.000000000
0.414414414	0.000000000	0.000000000	0.000000000	0.000000000	0.000000000	0.000000000
0.421421421	0.000000000	0.000000000	0.000000000	0.000000000	0.000000000	0.000000000
0.428428428	0.000000000	0.000000000	0.000000000	0.000000000	0.000000000	0.000000000
0.435435435	0.000000000	0.000000000	0.000000000	0.000000000	0.000000000	0.000000000
0.442442442	0.000000000	0.000000000	0.000000000	0.000000000	0.000000000	0.000000000
0.449449449	0.000000000	0.000000000	0.000000000	0.000000000	0.000000000	0.000000000
0.456456456	0.000000000	0.000000000	0.000000000	0.000000000	0.000000000	0.000000000
0.463463463	0.000000000	0.000000000	0.000000000	0.000000000	0.000000000	0.000000000
0.470470470	0.000000000	0.000000000	0.000000000	0.000000000	0.000000000	0.000000000
0.477477477	0.000000000	0.000000000	0.000000000	0.000000000	0.000000000	0.000000000
0.484484484	0.000000000	0.000000000	0.000000000	0.000000000	0.000000000	0.000000000
0.491491491	0.000000000	0.000000000	0.000000000	0.000000000	0.000000000	0.000000000
0.498498498	0.000000000	0.000000000	0.000000000	0.000000000	0.000000000	0.000000000
0.505505506	0.000000000	0.000000000	0.000000000	0.000000000	0.000000000	0.000000000
0.512512513	0.000000000	0.000000000	0.000000000	0.000000000	0.000000000	0.000000000
0.519519520	0.000000000	0.000000000	0.000000000	0.000000000	0.000000000	0.000000000
0.526526527	0.000000000	0.000000000	0.000000000	0.000000000	0.000000000	0.000000000
0.533533534	0.000000000	0.000000000	0.000000000	0.000000000	0.000000000	0.000000000
0.540540541	0.000000000	0.000000000	0.000000000	0.000000000	0.000000000	0.000000000
0.547547548	0.000000000	0.000000000	0.000000000	0.000000000	0.000000000	0.000000000
0.554554555	0.000000000	0.000000000	0.000000000	0.000000000	0.000000000	0.000000000
0.561561562	0.000000000	0.000000000	0.000000000	0.000000000	0.000000000	0.000000000
0.568568569	0.000000000	0.000000000	0.000000000	0.000000000	0.000000000	0.000000000
0.575575576	0.000000000	0.000000000	0.000000000	0.000000000	0.000000000	0.000000000
0.582582583	0.000000000	0.000000000	0.000000000	0.000000000	0.000000000	0.000000000
0.589589590	0.000000000	0.000000000	0.000000000	0.000000000	0.000000000	0.000000000
0.596596597	0.000000000	0.000000000	0.000000000	0.000000000	0.000000000	0.000000000
0.603603604	0.000000000	0.000000000	0.000000000	0.000000000	0.000000000	0.000000000
0.610610611	0.000000000	0.000000000	0.000000000	0.000000000	0.000000000	0.000000000
0.617617618	0.000000000	0.000000000	0.000000000	0.000000000	0.000000000	0.000000000
0.624624625	0.000000000	0.000000000	0.000000000	0.000000000	0.000000000	0.000000000
0.631631632	0.000000000	0.000000000	0.000000000	0.000000000	0.000000000	0.000000000
0.638638639	0.000000000	0.000000000	0.000000000	0.000000000	0.000000000	0.000000000
0.645645646	0.000000000	0.000000000	0.000000000	0.000000000	0.000000000	0.000000000
0.652652653	0.000000000	0.000000000	0.000000000	0.000000000	0.000000000	0.000000000
0.659659660	0.000000000	0.000000000	0.000000000	0.000000000	0.000000000	0.000000000
0.666666667	0.000000000	0.000000000	0.000000000	0.000000000	0.000000000	0.000000000
0.673673674	0.000000000	0.000000000	0.000000000	0.000000000	0.000000000	0.000000000
0.680680681	0.000000000	0.000000000	0.000000000	0.000000000	0.000000000	0.000000000
0.687687688	0.000000000	0.000000000	0.000000000	0.000000000	0.000000000	0.000000000
0.694694695	0.000000000	0.000000000	0.000000000	0.000000000	0.000000000	0.000000000
0.701701702	0.000000000	0.000000000	0.000000000	0.000000000	0.000000000	0.000000000
0.708708709	0.000000000	0.000000000	0.000000000	0.000000000	0.000000000	0.000000000
0.715715716	0.000000000	0.000000000	0.000000000	0.000000000	0.000000000	0.000000000
0.722722723	0.000000000	0.000000000	0.000000000	0.000000000	0.000000000	0.000000000
0.729729730	0.000000000	0.000000000	0.000000000	0.000000000	0.000000000	0.000000000
0.736736737	0.000000000	0.000000000	0.000000000	0.000000000	0.000000000	0.000000000
0.743743744	0.000000000	0.000000000	0.000000000	0.000000000	0.000000000	0.000000000
0.750750751	0.000000000	0.000000000	0.000000000	0.000000000	0.000000000	0.000000000
0.757757758	0.000000000	0.000000000	0.000000000	0.000000000	0.000000000	0.000000000
0.764764765	0.000000000	0.000000000	0.000000000	0.000000000	0.000000000	0.000000000
0.771771772	0.000000000	0.000000000	0.000000000	0.000000000	0.000000000	0.000000000
0.778778779	0.000000000	0.000000000	0.000000000	0.000000000	0.000000000	0.000000000
0.785785786	0.000000000	0.000000000	0.000000000	0.000000000	0.000000000	0.000000000
0.792792793	0.000000000	0.000000000	0.000000000	0.000000000	0.000000000	0.000000000
0.799799800	0.000000000	0.000000000	0.000000000	0.000000000	0.000000000	0.000000000
0.806806807	0.000000000	0.000000000	0.000000000	0.000000000	0.000000000	0.000000000
0.813813814	0.000000000	0.000000000	0.000000000	0.000000000	0.000000000	0.000000000
0.820820821	0.000000000	0.000000000	0.000000000	0.000000000	0.000000000	0.000000000
0.827827828	0.000000000	0.000000000	0.000000000	0.000000000	0.000000000	0.000000000
0.834834835	0.000000000	0.000000000	0.000000000	0.000000000	0.000000000	0.000000000
0.841841842	0.000000000	0.000000000	0.000000000	0.000000000	0.000000000	0.000000000
0.848848849	0.000000000	0.000000000	0.000000000	0.000000000	0.000000000	0.000000000
0.855855856	0.000000000	0.000000000	0.000000000	0.000000000	0.000000000	0.000000000
0.862862863	0.000000000	0.000000000	0.000000000	0.000000000	0.000000000	0.000000000
0.869869870	0.000000000	0.000000000	0.000000000	0.000000000	0.000000000	0.000000000
0.876876877	0.000000000	0.000000000	0.000000000	0.000000000	0.000000000	0.000000000
0.883883884	0.000000000	0.000000000	0.000000000	0.000000000	0.000000000	0.000000000
0.890890891	0.000000000	0.000000000	0.000000000	0.000000000	0.000000000	0.000000000
0.897897898	0.000000000	0.000000000	0.000000000	0.000000000	0.000000000	0.000000000
0.904904905	0.000000000	0.000000000	0.000000000	0.000000000	0.000000000	0.000000000
0.911911912	0.000000000	0.000000000	0.000000000	0.000000000	0.000000000	0.000000000
0.918918919	0.000000000	0.000000000	0.000000000	0.000000000	0.000000000	0.000000000
0.925925926	0.000000000	0.000000000	0.000000000	0.000000000	0.000000000	0.000000000
0.932932933	0.000000000	0.000000000	0.000000000	0.000000000	0.000000000	0.000000000
0.939939940	0.000000000	0.000000000	0.000000000	0.000000000	0.000000000	0.000000000
0.946946947	0.000000000	0.000000000	0.000000000	0.000000000	0.000000000	0.000000000
0.953953954	0.000000000	0.000000000	0.000000000	0.000000000	0.000000000	0.000000000
0.960960961	0.000000000	0.000000000	0.000000000	0.000000000	0.000000000	0.000000000
0.967967968	0.000000000	0.000000000	0.000000000	0.000000000	0.000000000	0.000000000
0.974974975	0.000000000	0.000000000	0.000000000	0.000000000	0.000000000	0.000000000
0.981981982	0.000000000	0.000000000	0.000000000	0.000000000	0.000000000	0.000000000
0.988988989	0.000000000	0.000000000	0.000000000	0.000000000	0.000000000	0.000000000
0.995995996	0.000000000	0.000000000	0.000000000	0.000000000	0.000000000	0.000000000
1.003003003	0.000000000	0.000000000	0.000000000	0.000000000	0.000000000	0.000000000
1.010010010	0.000000000	0.000000000	0.000000000	0.000000000	0.000000000	0.000000000
1.017017017	0.000000000	0.000000000	0.000000000	0.000000000	0.000000000	0.000000000
1.024024024	0.000000000	0.000000000	0.000000000	0.000000000	0.000000000	0.000000000
1.031031031	0.000000000	0.000000000	0.000000000	0.000000000	0.000000000	0.000000000
1.038038038	0.000000000	0.000000000	0.000000000	0.000000000	0.000000000	0.000000000
1.045045045	0.000000000	0.000000000	0.000000000	0.000000000	0.000000000	0.000000000
1.052052052	0.000000000	0.000000000	0.000000000	0.000000000	0.000000000	0.000000000
1.059059059	0.000000000	0.000000000	0.000000000	0.000000000	0.000000000	0.000000000
1.066066066	0.000000000	0.000000000	0.000000000	0.000000000	0.000000000	0.000000000
1.073073073	0.000000000	0.000000000	0.000000000	0.000000000	0.000000000	0.000000000
1.080080080	0.000000000	0.000000000	0.000000000	0.000000000	0.000000000	0.000000000
1.087087087	0.000000000	0.000000000	0.000000000	0.000000000	0.000000000	0.000000000
1.094094094	0.000000000	0.000000000	0.000000000	0.000000000	0.000000000	0.000000000
1.101101101	0.000000000	0.000000000	0.000000000	0.000000000	0.000000000	0.000000000
1.108108108	0.000000000	0.000000000	0.000000000	0.000000000	0.000000000	0.000000000
1.115115115	0.000000000	0.000000000	0.000000000	0.000000000	0.000000000	0.000000000
1.122122122	0.000000000	0.000000000	0.000000000	0.000000000	0.000000000	0.000000000
1.129129129	0.000000000	0.000000000	0.000000000	0.000000000	0.000000000	0.000000000
1.136136136	0.000000000	0.000000000	0.000000000	0.000000000	0.000000000	0.000000000
1.143143143	0.000000000	0.000000000	0.000000000	0.000000000	0.000000000	0.000000000
1.150150150	0.000000000	0.000000000	0.000000000	0.000000000	0.000000000	0.000000000
1.157157157	0.000000000	0.000000000	0.000000000	0.000000000	0.000000000	0.000000000
1.164164164	0.000000000	0.000000000	0.000000000	0.000000000	0.000000000	0.000000000
1.171171171	0.000000000	0.000000000	0.000000000	0.000000000	0.000000000	0.000000000
1.178178178	0.000000000	0.000000000	0.000000000	0.000000000	0.000000000	0.000000000
1.185185185	0.000000000	0.000000000	0.000000000	0.000000000	0.000000000	0.000000000
1.192192192	0.000000000	0.000000000	0.000000000	0.000000000	0.000000000	0.000000000
1.199199199	0.000000000	0.000000000	0.000000000	0.000000000	0.000000000	0.000000000
1.206206206	0.000000000	0.000000000	0.000000000	0.000000000	0.000000000	0.000000000
1.213213213	0.000000000	0.000000000	0.000000000	0.000000000	0.000000000	0.000000000
1.220220220	0.000000000	0.000000000	0.000000000	0.000000000	0.000000000	0.000000000
1.227227227	0.000000000	0.000000000	0.000000000	0.000000000	0.000000000	0.000000000
1.234234234	0.000000000	0.000000000	0.000000000	0.000000000	0.000000000	0.000000000
1.241241241	0.000000000	0.000000000	0.000000000	0.000000000	0.000000000	0.000000000
1.248248248	0.000000000	0.000000000	0.000000000	0.000000000	0.000000000	0.000000000
1.255255255	0.000000000	0.000000000	0.000000000	0.000000000	0.000000000	0.000000000
1.262262262	0.000000000	0.000000000	0.000000000	0.000000000	0.000000000	0.000000000
1.269269269	0.000000000	0.000000000	0.000000000	0.000000000	0.000000000	0.000000000
1.276276276	0.000000000	0.000000000	0.000000000	0.000000000	0.000000000	0.000000000
1.283283283	0.000000000	0.000000000	0.000000000	0.000000000	0.000000000	0.000000000
1.290290290	0.000000000	0.000000000	0.000000000	0.000000000	0.000000000	0.000000000
1.297297297	0.000000000	0.000000000	0.000000000	0.000000000	0.000000000	0.000000000
1.304304304	0.000000000	0.000000000	0.000000000	0.000000000	0.000000000	0.000000000
1.311311311	0.000000000	0.000000000	0.000000000	0.000000000	0.000000000	0.000000000
1.318318318	0.000000000	0.000000000	0.000000000	0.000000000	0.000000000	0.000000000
1.325325325	0.000000000	0.000000000	0.000000000	0.000000000	0.000000000	0.000000000
1.332332332	0.000000000	0.000000000	0.000000000	0.000000000	0.000000000	0.000000000
1.339339339	0.000000000	0.000000000	0.000000000	0.000000000	0.000000000	0.000000000
1.346346346	0.000000000	0.000000000	0.000000000	0.000000000	0.000000000	0.000000000
1.353353353	0.000000000	0.000000000	0.000000000	0.000000000	0.000000000	0.000000000
1.360360360	0.000000000	0.000000000	0.000000000	0.000000000	0.000000000	0.000000000
1.367367367	0.000000000	0.000000000	0.000000000	0.000000000	0.000000000	0.000000000
1.374374374	0.000000000	0.000000000	0.000000000	0.000000000	0.000000000	0.000000000
1.381381381	0.000000000	0.000000000	0.000000000	0.000000000	0.000000000	0.000000000
1.388388388	0.000000000	0.000000000	0.000000000	0.000000000	0.000000000	0.000000000
1.395395395	0.000000000	0.000000000	0.000000000	0.000000000	0.000000000	0.000000000
1.402402402	0.000000000	0.000000000	0.000000000	0.000000000	0.000000000	0.000000000
1.409409409	0.000000000	0.000000000	0.000000000	0.000000000	0.000000000	0.000000000
1.416416416	0.000000000	0.000000000	0.000000000	0.000000000	0.000000000	0.000000000
1.423423423	0.000000000	0.000000000	0.000000000	0.000000000	0.000000000	0.000000000
1.430430430	0.000000000	0.000000000	0.000000000	0.000000000	0.000000000	0.000000000
1.437437437	0.000000000	0.000000000	0.000000000	0.000000000	0.000000000	0.000000000
1.444444444	0.000000000	0.000000000	0.000000000	0.000000000	0.000000000	0.000000000
1.451451451	0.000000000	0.000000000	0.000000000	0.000000000	0.000000000	0.000000000
1.458458458	0.000000000	0.000000000	0.000000000	0.000000000	0.000000000	0.000000000
1.465465465	0.000000000	0.000000000	0.000000000	0.000000000	0.000000000	0.000000000
1.472472472	0.000000000	0.000000000	0.000000000	0.000000000	0.000000000	0.000000000
1.479479479	0.000000000	0.000000000	0.000000000	0.000000000	0.000000000	0.000000000
1.486486486	0.000000000	0.000000000	0.000000000	0.000000000	0.000000000	0.000000000
1.493493493	0.000000000	0.000000000	0.000000000	0.000000000	0.000000000	0.000000000
1.500500501	0.000000000	0.000000000	0.000000000	0.000000000	0.000000000	0.000000000
1.507507508	0.000000000	0.000000000	0.000000000	0.000000000	0.000000000	0.000000000
1.514514515	0.000000000	0.000000000	0.000000000	0.000000000	0.000000000	0.000000000
1.521521522	0.000000000	0.000000000	0.000000000	0.000000000	0.000000000	0.000000000
1.528528529	0.000000000	0.000000000	0.000000000	0.000000000	0.000000000	0.000000000
1.535535536	0.000000000	0.000000000	0.000000000	0.000000000	0.000000000	0.000000000
1.542542543	0.000000000	0.000000000	0.000000000	0.000000000	0.000000000	0.000000000
1.549549550	0.000000000	0.000000000	0.000000000	0.000000000	0.000000000	0.000000000
1.556556557	0.000000000	0.000000000	0.000000000	0.000000000	0.000000000	0.000000000
1.563563564	0.000000000	0.000000000	0.000000000	0.000000000	0.000000000	0.000000000
1.570570571	0.000000000	0.000000000	0.000000000	0.000000000	0.000000000	0.000000000
1.577577578	0.000000000	0.000000000	0.000000000	0.000000000	0.000000000	0.000000000
1.584584585	0.000000000	0.000000000	0.000000000	0.000000000	0.000000000	0.000000000
1.591591592	0.000000000	0.000000000	0.000000000	0.000000000	0.000000000	0.000000000
1.598598599	0.000000000	0.000000000	0.000000000	0.000000000	0.000000000	0.000000000
1.605605606	0.000000000	0.000000000	0.000000000	0.000000000	0.000000000	0.000000000
1.612612613	0.000000000	0.000000000	0.000000000	0.000000000	0.000000000	0.000000000
1.619619620	0.000000000	0.000000000	0.000000000	0.000000000	0.000000000	0.000000000
1.626626627	0.000000000	0.000000000	0.000000000	0.000000000	0.000000000	0.000000000
1.633633634	0.000000000	0.000000000	0.000000000	0.000000000	0.000000000	0.000000000
1.640640641	0.000000000	0.000000000	0.000000000	0.000000000	0.000000000	0.000000000
1.647647648	0.000000000	0.000000000	0.000000000	0.000000000	0.000000000	0.000000000
1.654654655	0.000000000	0.000000000	0.000000000	0.000000000	0.000000000	0.000000000
1.661661662	0.000000000	0.000000000	0.000000000	0.000000000	0.000000000	0.000000000
1.668668669	0.000000000	0.000000000	0.000000000	0.000000000	0.000000000	0.000000000
1.675675676	0.000000000	0.000000000	0.000000000	0.000000000	0.000000000	0.000000000
1.682682683	0.000000000	0.000000000	0.000000000	0.000000000	0.000000000	0.000000000
1.689689690	0.000000000	0.000000000	0.000000000	0.000000000	0.000000000	0.000000000
1.696696697	0.000000000	0.000000000	0.000000000	0.000000000	0.000000000	0.000000000
1.703703704	0.000000000	0.000000000	0.000000000	0.000000000	0.000000000	0.000000000
1.710710711	0.000000000	0.000000000	0.000000000	0.000000000	0.000000000	0.000000000
1.717717718	0.000000000	0.000000000	0.000000000	0.000000000	0.000000000	0.000000000
1.724724725	0.000000000	0.000000000	0.000000000	0.000000000	0.000000000	0.000000000
1.731731732	0.000000000	0.000000000	0.000000000	0.000000000	0.000000000	0.000000000
1.738738739	0.000000000	0.000000000	0.000000000	0.000000000	0.000000000	0.000000000
1.745745746	0.000000000	0.000000000	0.000000000	0.000000000	0.000000000	0.000000000
1.752752753	0.000000000	0.000000000	0.000000000	0.000000000	0.000000000	0.000000000
1.759759760	0.000000000	0.000000000	0.000000000	0.000000000	0.000000000	0.000000000
1.766766767	0.000000000	0.000000000	0.000000000	0.000000000	0.000000000	0.000000000
1.773773774	0.000000000	0.000000000	0.000000000	0.000000000	0.000000000	0.000000000
1.780780781	0.000000000	0.000000000	0.000000000	0.000000000	0.000000000	0.000000000
1.787787788	0.000000000	0.000000000	0.000000000	0.000000000	0.000000000	0.000000000
1.794794795	0.000000000	0.000000000	0.000000000	0.000000000	0.000000000	0.000000000
1.801801802	0.000000000	0.000000000	0.000000000	0.000000000	0.000000000	0.000000000
1.808808809	0.000000000	0.000000000	0.000000000	0.000000000	0.000000000	0.000000000
1.815815816	0.000000000	0.000000000	0.000000000	0.000000000	0.000000000	0.000000000
1.822822823	0.000000000	0.000000000	0.000000000	0.000000000	0.000000000	0.000000000
1.829829830	0.000000000	0.000000000	0.000000000	0.000000000	0.000000000	0.000000000
1.836836837	0.000000000	0.000000000	0.000000000	0.000000000	0.000000000	0.000000000
1.843843844	0.000000000	0.000000000	0.000000000	0.000000000	0.000000000	0.000000000
1.850850851	0.000000000	0.000000000	0.000000000	0.000000000	0.000000000	0.000000000
1.857857858	0.000000000	0.000000000	0.000000000	0.000000000	0.000000000	0.000000000
1.864864865	0.000000000	0.000000000	0.000000000	0.000000000	0.000000000	0.000000000
1.871871872	0.000000000	0.000000000	0.000000000	0.000000000	0.000000000	0.000000000
1.878878879	0.000000000	0.000000000	0.000000000	0.000000000	0.000000000	0.000000000
1.885885886	0.000000000	0.000000000	0.000000000	0.000000000	0.000000000	0.000000000
1.892892893	0.000000000	0.000000000	0.000000000	0.000000000	0.000000000	0.000000000
1.899899900	0.000000000	0.000000000	0.000000000	0.000000000	0.000000000	0.000000000
1.906906907	0.000000000	0.000000000	0.000000000	0.000000000	0.000000000	0.000000000
1.913913914	0.000000000	0.000000000	0.000000000	0.000000000	0.000000000	0.000000000
1.920920921	0.000000000	0.000000000	0.000000000	0.000000000	0.000000000	0.000000000
1.927927928	0.000000000	0.000000000	0.000000000	0.000000000	0.000000000	0.000000000
1.934934935	0.000000000	0.000000000	0.000000000	0.000000000	0.000000000	0.000000000
1.941941942	0.000000000	0.000000000	0.000000000	0.000000000	0.000000000	0.000000000
1.948948949	0.000000000	0.000000000	0.000000000	0.000000000	0.000000000	0.000000000
1.955955956	0.000000000	0.000000000	0.000000000	0.000000000	0.000000000	0.000000000
1.962962963	0.000000000	0.000000000	0.000000000	0.000000000	0.000000000	0.000000000
1.969969970	0.000000000	0.000000000	0.000000000	0.000000000	0.000000000	0.000000000
1.976976977	0.000000000	0.000000000	0.000000000	0.000000000	0.000000000	0.000000000
1.983983984	0.000000000	0.000000000	0.000000000	0.000000000	0.000000000	0.000000000
1.990990991	0.000000000	0.000000000	0.000000000	0.000000000	0.000000000	0.000000000
1.997997998	0.000000000	0.000000000	0.000000000	0.000000000	0.000000000	0.000000000
2.005005005	0.000000000	0.000000000	0.000000000	0.000000000	0.000000000	0.000000000
2.012012012	0.000000000	0.000000000	0.000000000	0.000000000	0.000000000	0.000000000
2.019019019	0.000000000	0.000000000	0.000000000	0.000000000	0.000000000	0.000000000
2.026026026	0.000000000	0.000000000	0.000000000	0.000000000	0.000000000	0.000000000
2.033033033	0.000000000	0.000000000	0.000000000	0.000000000	0.000000000	0.000000000
2.040040040	0.000000000	0.000000000	0.000000000	0.000000000	0.000000000	0.000000000
2.047047047	0.000000000	0.000000000	0.000000000	0.000000000	0.000000000	0.000000000
2.054054054	0.000000000	0.000000000	0.000000000	0.000000000	0.000000000	0.000000000
2.061061061	0.000000000	0.000000000	0.000000000	0.000000000	0.000000000	0.000000000
2.068068068	0.000000000	0.000000000	0.000000000	0.000000000	0.000000000	0.000000000
2.075075075	0.000000000	0.000000000	0.000000000	0.000000000	0.000000000	0.000000000
2.082082082	0.000000000	0.000000000	0.000000000	0.000000000	0.000000000	0.000000000
2.089089089	0.000000000	0.000000000	0.000000000	0.000000000	0.000000000	0.000000000
2.096096096	0.000000000	0.000000000	0.000000000	0.000000000	0.000000000	0.000000000
2.103103103	0.000000000	0.000000000	0.000000000	0.000000000	0.000000000	0.000000000
2.110110110	0.000000000	0.000000000	0.000000000	0.000000000	0.000000000	0.000000000
2.117117117	0.000000000	0.000000000	0.000000000	0.000000000	0.000000000	0.000000000
2.124124124	0.000000000	0.000000000	0.000000000	0.000000000	0.000000000	0.000000000
2.131131131	0.000000000	0.000000000	0.000000000	0.000000000	0.000000000	0.000000000
2.138138138	0.000000000	0.000000000	0.000000000	0.000000000	0.000000000	0.000000000
2.145145145	0.000000000	0.000000000	0.000000000	0.000000000	0.000000000	0.000000000
2.152152152	0.000000000	0.000000000	0.000000000	0.000000000	0.000000000	0.000000000
2.159159159	0.000000000	0.000000000	0.000000000	0.000000000	0.000000000	0.000000000
2.166166166	0.000000000	0.000000000	0.000000000	0.000000000	0.000000000	0.000000000
2.173173173	0.000000000	0.000000000	0.000000000	0.000000000	0.000000000	0.000000000
2.180180180	0.000000000	0.000000000	0.000000000	0.000000000	0.000000000	0.000000000
2.187187187	0.000000000	0.000000000	0.000000000	0.000000000	0.000000000	0.000000000
2.194194194	0.000000000	0.000000000	0.000000000	0.000000000	0.000000000	0.000000000
2.201201201	0.000000000	0.000000000	0.000000000	0.000000000	0.000000000	0.000000000
2.208208208	0.000000000	0.000000000	0.000000000	0.000000000	0.000000000	0.000000000
2.215215215	0.000000000	0.000000000	0.000000000	0.000000000	0.000000000	0.000000000
2.222222222	0.000000000	0.000000000	0.000000000	0.000000000	0.000000000	0.000000000
2.229229229	0.000000000	0.000000000	0.000000000	0.000000000	0.000000000	0.000000000
2.236236236	0.000000000	0.000000000	0.000000000	0.000000000	0.000000000	0.000000000
2.243243243	0.000000000	0.000000000	0.000000000	0.000000000	0.000000000	0.000000000
2.250250250	0.000000000	0.000000000	0.000000000	0.000000000	0.000000000	0.000000000
2.257257257	0.000000000	0.000000000	0.000000000	0.000000000	0.000000000	0.000000000
2.264264264	0.000000000	0.000000000	0.000000000	0.000000000	0.000000000	0.000000000
2.271271271	0.000000000	0.000000000	0.000000000	0.000000000	0.000000000	0.000000000
2.278278278	0.000000000	0.000000000	0.000000000	0.000000000	0.000000000	0.000000000
2.285285285	0.000000000	0.000000000	0.000000000	0.000000000	0.000000000	0.000000000
2.292292292	0.000000000	0.000000000	0.000000000	0.000000000	0.000000000	0.000000000
2.299299299	0.000000000	0.000000000	0.000000000	0.000000000	0.000000000	0.000000000
2.306306306	0.000000000	0.000000000	0.000000000	0.000000000	0.000000000	0.000000000
2.313313313	0.000000000	0.000000000	0.000000000	0.000000000	0.000000000	0.000000000
2.320320320	0.000000000	0.000000000	0.000000000	0.000000000	0.000000000	0.000000000
2.327327327	0.000000000	0.000000000	0.000000000	0.000000000	0.000000000	0.000000000
2.334334334	0.000000000	0.000000000	0.000000000	0.000000000	0.000000000	0.000000000
2.341341341	0.000000000	0.000000000	0.000000000	0.000000000	0.000000000	0.000000000
2.348348348	0.000000000	0.000000000	0.000000000	0.000000000	0.000000000	0.000000000
2.355355355	0.000000000	0.000000000	0.000000000	0.000000000	0.000000000	0.000000000
2.362362362	0.000000000	0.000000000	0.000000000	0.000000000	0.000000000	0.000000000
2.369369369	0.000000000	0.000000000	0.000000000	0.000000000	0.000000000	0.000000000
2.376376376	0.000000000	0.000000000	0.000000000	0.000000000	0.000000000	0.000000000
2.383383383	0.000000000	0.000000000	0.000000000	0.000000000	0.000000000	0.000000000
2.390390390	0.000000000	0.000000000	0.000000000	0.000000000	0.000000000	0.000000000
2.397397397	0.000000000	0.000000000	0.000000000	0.000000000	0.000000000	0.000000000
2.404404404	0.000000000	0.000000000	0.000000000	0.000000000	0.000000000	0.000000000
2.411411411	0.000000000	0.000000000	0.000000000	0.000000000	0.000000000	0.000000000
2.418418418	0.000000000	0.000000000	0.000000000	0.000000000	0.000000000	0.000000000
2.425425425	0.000000000	0.000000000	0.000000000	0.000000000	0.000000000	0.000000000
2.432432432	0.000000000	0.000000000	0.000000000	0.000000000	0.000000000	0.000000000
2.439439439	0.000000000	0.000000000	0.000000000	0.000000000	0.000000000	0.000000000
2.446446446	0.000000000	0.000000000	0.000000000	0.000000000	0.000000000	0.000000000
2.453453453	0.000000000	0.000000000	0.000000000	0.000000000	0.000000000	0.000000000
2.460460460	0.000000000	0.000000000	0.000000000	0.000000000	0.000000000	0.000000000
2.467467467	0.000000000	0.000000000	0.000000000	0.000000000	0.000000000	0.000000000
2.474474474	0.000000000	0.000000000	0.000000000	0.000000000	0.000000000	0.000000000
2.481481481	0.000000000	0.000000000	0.000000000	0.000000000	0.000000000	0.000000000
2.488488488	0.000000000	0.000000000	0.000000000	0.000000000	0.000000000	0.000000000
2.495495495	0.000000000	0.000000000	0.000000000	0.000000000	0.000000000	0.000000000
2.502502503	0.000000000	0.000000000	0.000000000	0.000000000	0.000000000	0.000000000
2.509509510	0.000000000	0.000000000	0.000000000	0.000000000	0.000000000	0.000000000
2.516516517	0.000000000	0.000000000	0.000000000	0.000000000	0.000000000	0.000000000
2.523523524	0.000000000	0.000000000	0.000000000	0.000000000	0.000000000	0.000000000
2.530530531	0.000000000	0.000000000	0.000000000	0.000000000	0.000000000	0.000000000
2.537537538	0.000000000	0.000000000	0.000000000	0.000000000	0.000000000	0.000000000
2.544544545	0.000000000	0.000000000	0.000000000	0.000000000	0.000000000	0.000000000
2.551551552	0.000000000	0.000000000	0.000000000	0.000000000	0.000000000	0.000000000
2.558558559	0.000000000	0.000000000	0.000000000	0.000000000	0.000000000	0.000000000
2.565565566	0.000000000	0.000000000	0.000000000	0.000000000	0.000000000	0.000000000
2.572572573	0.000000000	0.000000000	0.000000000	0.000000000	0.000000000	0.000000000
2.579579580	0.000000000	0.000000000	0.000000000	0.000000000	0.000000000	0.000000000
2.586586587	0.000000000	0.000000000	0.000000000	0.000000000	0.000000000	0.000000000
2.593593594	0.000000000	0.000000000	0.000000000	0.000000000	0.000000000	0.000000000
2.600600601	0.000000000	0.000000000	0.000000000	0.000000000	0.000000000	0.000000000
2.607607608	0.000000000	0.000000000	0.000000000	0.000000000	0.000000000	0.000000000
2.614614615	0.000000000	0.000000000	0.000000000	0.000000000	0.000000000	0.000000000
2.621621622	0.000000000	0.000000000	0.000000000	0.000000000	0.000000000	0.000000000
2.628628629	0.000000000	0.000000000	0.000000000	0.000000000	0.000000000	0.000000000
2.635635636	0.000000000	0.000000000	0.000000000	0.000000000	0.000000000	0.000000000
2.642642643	0.000000000	0.000000000	0.000000000	0.000000000	0.000000000	0.000000000
2.649649650	0.000000000	0.000000000	0.000000000	0.000000000	0.000000000	0.000000000
2.656656657	0.000000000	0.000000000	0.000000000	0.000000000	0.000000000	0.000000000
2.663663664	0.000000000	0.000000000	0.000000000	0.000000000	0.000000000	0.000000000
2.670670671	0.000000000	0.000000000	0.000000000	0.000000000	0.000000000	0.000000000
2.677677678	0.000000000	0.000000000	0.000000000	0.000000000	0.000000000	0.000000000
2.684684685	0.000000000	0.000000000	0.000000000	0.000000000	0.000000000	0.000000000
2.691691692	0.000000000	0.000000000	0.000000000	0.000000000	0.000000000	0.000000000
2.698698699	0.000000000	0.000000000	0.000000000	0.000000000	0.000000000	0.000000000
2.705705706	0.000000000	0.000000000	0.000000000	0.000000000	0.000000000	0.000000000
2.712712713	0.000000000	0.000000000	0.000000000	0.000000000	0.000000000	0.000000000
2.719719720	0.000000000	0.000000000	0.000000000	0.000000000	0.000000000	0.000000000
2.726726727	0.000000000	0.000000000	0.000000000	0.000000000	0.000000000	0.000000000
2.733733734	0.000000000	0.000000000	0.000000000	0.000000000	0.000000000	0.000000000
2.740740741	0.000000000	0.000000000	0.000000000	0.000000000	0.000000000	0.000000000
2.747747748	0.000000000	0.000000000	0.000000000	0.000000000	0.000000000	0.000000000
2.754754755	0.000000000	0.000000000	0.000000000	0.000000000	0.000000000	0.000000000
2.761761762	0.000000000	0.000000000	0.000000000	0.000000000	0.000000000	0.000000000
2.768768769	0.000000000	0.000000000	0.000000000	0.000000000	0.000000000	0.000000000
2.775775776	0.000000000	0.000000000	0.000000000	0.000000000	0.000000000	0.000000000
2.782782783	0.000000000	0.000000000	0.000000000	0.000000000	0.000000000	0.000000000
2.789789790	0.000000000	0.000000000	0.000000000	0.000000000	0.000000000	0.000000000
2.796796797	0.000000000	0.000000000	0.000000000	0.000000000	0.000000000	0.000000000
2.803803804	0.000000000	0.000000000	0.000000000	0.000000000	0.000000000	0.000000000
2.810810811	0.000000000	0.000000000	0.000000000	0.000000000	0.000000000	0.000000000
2.817817818	0.000000000	0.000000000	0.000000000	0.000000000	0.000000000	0.000000000
2.824824825	0.000000000	0.000000000	0.000000000	0.000000000	0.000000000	0.000000000
2.831831832	0.000000000	0.000000000	0.000000000	0.000000000	0.000000000	0.000000000
2.838838839	0.000000000	0.000000000	0.000000000	0.000000000	0.000000000	0.000000000
2.845845846	0.000000000	0.000000000	0.000000000	0.000000000	0.000000000	0.000000000
2.852852853	0.000000000	0.000000000	0.000000000	0.000000000	0.000000000	0.000000000
2.859859860	0.000000000	0.000000000	0.000000000	0.000000000	0.000000000	0.000000000
2.866866867	0.000000000	0.000000000	0.000000000	0.000000000	0.000000000	0.000000000
2.873873874	0.000000000	0.000000000	0.000000000	0.000000000	0.000000000	0.000000000
2.880880881	0.000000000	0.000000000	0.000000000	0.000000000	0.000000000	0.000000000
2.887887888	0.000000000	0.000000000	0.000000000	0.000000000	0.000000000	0.000000000
2.894894895	0.000000000	0.000000000	0.000000000	0.000000000	0.000000000	0.000000000
2.901901902	0.000000000	0.000000000	0.000000000	0.000000000	0.000000000	0.000000000
2.908908909	0.000000000	0.000000000	0.000000000	0.000000000	0.000000000	0.000000000
2.915915916	0.000000000	0.000000000	0.000000000	0.000000000	0.000000000	0.000000000
2.922922923	0.000000000	0.000000000	0.000000000	0.000000000	0.000000000	0.000000000
2.929929930	0.000000000	0.000000000	0.000000000	0.000000000	0.000000000	0.000000000
2.936936937	0.000000000	0.000000000	0.000000000	0.000000000	0.000000000	0.000000000
2.943943944	0.000000000	0.000000000	0.000000000	0.000000000	0.000000000	0.000000000
2.950950951	0.000000000	0.000000000	0.000000000	0.000000000	0.000000000	0.000000000
2.957957958	0.000000000	0.000000000	0.000000000	0.000000000	0.000000000	0.000000000
2.964964965	0.000000000	0.000000000	0.000000000	0.000000000	0.000000000	0.000000000
2.971971972	0.000000000	0.000000000	0.000000000	0.000000000	0.000000000	0.000000000
2.978978979	0.000000000	0.000000000	0.000000000	0.000000000	0.000000000	0.000000000
2.985985986	0.000000000	0.000000000	0.000000000	0.000000000	0.000000000	0.000000000
2.992992993	0.000000000	0.000000000	0.000000000	0.000000000	0.000000000	0.000000000
3.000000000	0.000000000	0.000000000	0.000000000	0.000000000	0.000000000	0.000000000
